tmc,tstamp,speed,cvalue
129-04128,2021-03-15 00:00:00,66.80,100.00
129-04128,2021-03-15 00:10:00,66.69,100.00
129-04128,2021-03-15 00:20:00,67.79,100.00
129-04128,2021-03-15 00:30:00,67.90,100.00
129-04128,2021-03-15 00:40:00,63.00,100.00
129-04128,2021-03-15 00:50:00,61.96,100.00
129-04128,2021-03-15 01:00:00,58.64,95.00
129-04128,2021-03-15 01:10:00,62.80,100.00
129-04128,2021-03-15 01:20:00,64.70,100.00
129-04128,2021-03-15 01:30:00,62.44,100.00
129-04128,2021-03-15 01:40:00,55.92,96.00
129-04128,2021-03-15 01:50:00,68.65,100.00
129-04128,2021-03-15 02:00:00,67.47,100.00
129-04128,2021-03-15 02:10:00,60.93,100.00
129-04128,2021-03-15 02:20:00,56.09,100.00
129-04128,2021-03-15 02:30:00,51.50,96.00
129-04128,2021-03-15 02:40:00,65.37,100.00
129-04128,2021-03-15 02:50:00,68.79,100.00
129-04128,2021-03-15 03:00:00,66.80,100.00
129-04128,2021-03-15 03:10:00,62.36,100.00
129-04128,2021-03-15 03:20:00,62.59,100.00
129-04128,2021-03-15 03:30:00,61.27,100.00
129-04128,2021-03-15 03:40:00,66.19,100.00
129-04128,2021-03-15 03:50:00,66.17,100.00
129-04128,2021-03-15 04:00:00,67.19,100.00
129-04128,2021-03-15 04:10:00,70.61,100.00
129-04128,2021-03-15 04:20:00,70.56,100.00
129-04128,2021-03-15 04:30:00,69.92,100.00
129-04128,2021-03-15 04:40:00,72.39,100.00
129-04128,2021-03-15 04:50:00,68.97,100.00
129-04128,2021-03-15 05:00:00,69.41,100.00
129-04128,2021-03-15 05:10:00,68.46,100.00
129-04128,2021-03-15 05:20:00,68.07,100.00
129-04128,2021-03-15 05:30:00,65.74,98.00
129-04128,2021-03-15 05:40:00,67.63,95.00
129-04128,2021-03-15 05:50:00,64.88,92.00
129-04128,2021-03-15 06:00:00,65.08,91.00
129-04128,2021-03-15 06:10:00,61.05,90.00
129-04128,2021-03-15 06:20:00,57.72,90.00
129-04128,2021-03-15 06:30:00,59.62,90.00
129-04128,2021-03-15 06:40:00,61.25,90.00
129-04128,2021-03-15 06:50:00,61.45,90.00
129-04128,2021-03-15 07:00:00,65.16,90.00
129-04128,2021-03-15 07:10:00,62.85,90.00
129-04128,2021-03-15 07:20:00,63.71,90.00
129-04128,2021-03-15 07:30:00,61.75,90.00
129-04128,2021-03-15 07:40:00,60.38,90.00
129-04128,2021-03-15 07:50:00,61.58,90.00
129-04128,2021-03-15 08:00:00,61.32,90.00
129-04128,2021-03-15 08:10:00,62.41,90.00
129-04128,2021-03-15 08:20:00,61.28,90.00
129-04128,2021-03-15 08:30:00,65.82,90.00
129-04128,2021-03-15 08:40:00,65.27,90.00
129-04128,2021-03-15 08:50:00,63.45,90.00
129-04128,2021-03-15 09:00:00,64.49,90.00
129-04128,2021-03-15 09:10:00,63.92,90.00
129-04128,2021-03-15 09:20:00,65.32,90.00
129-04128,2021-03-15 09:30:00,61.84,92.00
129-04128,2021-03-15 09:40:00,62.96,93.00
129-04128,2021-03-15 09:50:00,62.67,100.00
129-04128,2021-03-15 10:00:00,64.56,100.00
129-04128,2021-03-15 10:10:00,57.42,100.00
129-04128,2021-03-15 10:20:00,64.94,100.00
129-04128,2021-03-15 10:30:00,62.76,100.00
129-04128,2021-03-15 10:40:00,60.43,100.00
129-04128,2021-03-15 10:50:00,63.64,100.00
129-04128,2021-03-15 11:00:00,63.81,100.00
129-04128,2021-03-15 11:10:00,64.77,100.00
129-04128,2021-03-15 11:20:00,66.37,100.00
129-04128,2021-03-15 11:30:00,60.76,100.00
129-04128,2021-03-15 11:40:00,65.44,100.00
129-04128,2021-03-15 11:50:00,63.65,100.00
129-04128,2021-03-15 12:00:00,65.32,100.00
129-04128,2021-03-15 12:10:00,64.70,100.00
129-04128,2021-03-15 12:20:00,62.73,100.00
129-04128,2021-03-15 12:30:00,64.55,100.00
129-04128,2021-03-15 12:40:00,64.43,100.00
129-04128,2021-03-15 12:50:00,64.98,100.00
129-04128,2021-03-15 13:00:00,63.41,100.00
129-04128,2021-03-15 13:10:00,65.42,100.00
129-04128,2021-03-15 13:20:00,63.94,100.00
129-04128,2021-03-15 13:30:00,60.88,100.00
129-04128,2021-03-15 13:40:00,62.11,100.00
129-04128,2021-03-15 13:50:00,64.54,100.00
129-04128,2021-03-15 14:00:00,64.15,100.00
129-04128,2021-03-15 14:10:00,64.41,100.00
129-04128,2021-03-15 14:20:00,66.27,100.00
129-04128,2021-03-15 14:30:00,64.29,100.00
129-04128,2021-03-15 14:40:00,64.09,100.00
129-04128,2021-03-15 14:50:00,68.28,100.00
129-04128,2021-03-15 15:00:00,63.97,100.00
129-04128,2021-03-15 15:10:00,65.14,100.00
129-04128,2021-03-15 15:20:00,62.66,100.00
129-04128,2021-03-15 15:30:00,66.34,100.00
129-04128,2021-03-15 15:40:00,63.31,100.00
129-04128,2021-03-15 15:50:00,59.61,100.00
129-04128,2021-03-15 16:00:00,66.08,100.00
129-04128,2021-03-15 16:10:00,65.15,100.00
129-04128,2021-03-15 16:20:00,62.65,100.00
129-04128,2021-03-15 16:30:00,64.37,100.00
129-04128,2021-03-15 16:40:00,63.99,100.00
129-04128,2021-03-15 16:50:00,68.35,100.00
129-04128,2021-03-15 17:00:00,66.87,100.00
129-04128,2021-03-15 17:10:00,65.27,100.00
129-04128,2021-03-15 17:20:00,63.99,100.00
129-04128,2021-03-15 17:30:00,65.16,100.00
129-04128,2021-03-15 17:40:00,65.67,100.00
129-04128,2021-03-15 17:50:00,60.22,100.00
129-04128,2021-03-15 18:00:00,68.08,100.00
129-04128,2021-03-15 18:10:00,64.44,100.00
129-04128,2021-03-15 18:20:00,66.17,100.00
129-04128,2021-03-15 18:30:00,64.68,100.00
129-04128,2021-03-15 18:40:00,66.58,100.00
129-04128,2021-03-15 18:50:00,68.26,100.00
129-04128,2021-03-15 19:00:00,63.84,100.00
129-04128,2021-03-15 19:10:00,63.67,100.00
129-04128,2021-03-15 19:20:00,65.83,100.00
129-04128,2021-03-15 19:30:00,65.92,100.00
129-04128,2021-03-15 19:40:00,63.03,100.00
129-04128,2021-03-15 19:50:00,64.37,100.00
129-04128,2021-03-15 20:00:00,60.83,100.00
129-04128,2021-03-15 20:10:00,66.59,100.00
129-04128,2021-03-15 20:20:00,65.63,100.00
129-04128,2021-03-15 20:30:00,66.01,100.00
129-04128,2021-03-15 20:40:00,66.68,100.00
129-04128,2021-03-15 20:50:00,66.84,100.00
129-04128,2021-03-15 21:00:00,64.35,100.00
129-04128,2021-03-15 21:10:00,64.73,100.00
129-04128,2021-03-15 21:20:00,64.81,100.00
129-04128,2021-03-15 21:30:00,62.54,100.00
129-04128,2021-03-15 21:40:00,61.17,100.00
129-04128,2021-03-15 21:50:00,65.36,100.00
129-04128,2021-03-15 22:00:00,67.30,100.00
129-04128,2021-03-15 22:10:00,67.78,100.00
129-04128,2021-03-15 22:20:00,67.09,100.00
129-04128,2021-03-15 22:30:00,68.16,100.00
129-04128,2021-03-15 22:40:00,65.06,100.00
129-04128,2021-03-15 22:50:00,61.61,100.00
129-04128,2021-03-15 23:00:00,64.82,100.00
129-04128,2021-03-15 23:10:00,68.14,100.00
129-04128,2021-03-15 23:20:00,67.99,100.00
129-04128,2021-03-15 23:30:00,63.97,100.00
129-04128,2021-03-15 23:40:00,63.59,100.00
129-04128,2021-03-15 23:50:00,66.07,100.00
129-04129,2021-03-15 00:00:00,60.97,100.00
129-04129,2021-03-15 00:10:00,63.19,100.00
129-04129,2021-03-15 00:20:00,61.89,100.00
129-04129,2021-03-15 00:30:00,67.19,100.00
129-04129,2021-03-15 00:40:00,63.00,100.00
129-04129,2021-03-15 00:50:00,61.22,100.00
129-04129,2021-03-15 01:00:00,60.63,98.00
129-04129,2021-03-15 01:10:00,62.05,100.00
129-04129,2021-03-15 01:20:00,62.00,100.00
129-04129,2021-03-15 01:30:00,59.57,100.00
129-04129,2021-03-15 01:40:00,54.99,92.00
129-04129,2021-03-15 01:50:00,66.42,98.00
129-04129,2021-03-15 02:00:00,67.99,100.00
129-04129,2021-03-15 02:10:00,62.18,100.00
129-04129,2021-03-15 02:20:00,58.59,100.00
129-04129,2021-03-15 02:30:00,58.98,100.00
129-04129,2021-03-15 02:40:00,67.60,100.00
129-04129,2021-03-15 02:50:00,70.80,100.00
129-04129,2021-03-15 03:00:00,67.29,100.00
129-04129,2021-03-15 03:10:00,67.09,100.00
129-04129,2021-03-15 03:20:00,66.99,100.00
129-04129,2021-03-15 03:30:00,65.57,100.00
129-04129,2021-03-15 03:40:00,69.00,100.00
129-04129,2021-03-15 03:50:00,64.78,100.00
129-04129,2021-03-15 04:00:00,70.39,100.00
129-04129,2021-03-15 04:10:00,71.40,100.00
129-04129,2021-03-15 04:20:00,71.10,100.00
129-04129,2021-03-15 04:30:00,70.97,100.00
129-04129,2021-03-15 04:40:00,72.75,100.00
129-04129,2021-03-15 04:50:00,70.29,100.00
129-04129,2021-03-15 05:00:00,70.17,100.00
129-04129,2021-03-15 05:10:00,67.17,100.00
129-04129,2021-03-15 05:20:00,67.83,100.00
129-04129,2021-03-15 05:30:00,67.25,100.00
129-04129,2021-03-15 05:40:00,67.13,98.00
129-04129,2021-03-15 05:50:00,66.32,96.00
129-04129,2021-03-15 06:00:00,63.99,92.00
129-04129,2021-03-15 06:10:00,61.76,92.00
129-04129,2021-03-15 06:20:00,59.23,91.00
129-04129,2021-03-15 06:30:00,60.19,90.00
129-04129,2021-03-15 06:40:00,65.43,90.00
129-04129,2021-03-15 06:50:00,64.91,90.00
129-04129,2021-03-15 07:00:00,66.05,90.00
129-04129,2021-03-15 07:10:00,63.99,90.00
129-04129,2021-03-15 07:20:00,62.35,90.00
129-04129,2021-03-15 07:30:00,61.15,90.00
129-04129,2021-03-15 07:40:00,60.72,90.00
129-04129,2021-03-15 07:50:00,64.26,90.00
129-04129,2021-03-15 08:00:00,64.50,90.00
129-04129,2021-03-15 08:10:00,60.86,90.00
129-04129,2021-03-15 08:20:00,60.64,90.00
129-04129,2021-03-15 08:30:00,68.74,90.00
129-04129,2021-03-15 08:40:00,67.03,90.00
129-04129,2021-03-15 08:50:00,65.75,90.00
129-04129,2021-03-15 09:00:00,65.64,90.00
129-04129,2021-03-15 09:10:00,65.40,90.00
129-04129,2021-03-15 09:20:00,65.23,91.00
129-04129,2021-03-15 09:30:00,62.69,98.00
129-04129,2021-03-15 09:40:00,64.98,100.00
129-04129,2021-03-15 09:50:00,65.51,100.00
129-04129,2021-03-15 10:00:00,65.45,100.00
129-04129,2021-03-15 10:10:00,63.00,100.00
129-04129,2021-03-15 10:20:00,65.89,100.00
129-04129,2021-03-15 10:30:00,62.04,100.00
129-04129,2021-03-15 10:40:00,63.98,100.00
129-04129,2021-03-15 10:50:00,66.08,100.00
129-04129,2021-03-15 11:00:00,62.81,100.00
129-04129,2021-03-15 11:10:00,65.11,100.00
129-04129,2021-03-15 11:20:00,64.43,100.00
129-04129,2021-03-15 11:30:00,57.71,100.00
129-04129,2021-03-15 11:40:00,64.46,100.00
129-04129,2021-03-15 11:50:00,64.43,100.00
129-04129,2021-03-15 12:00:00,65.15,100.00
129-04129,2021-03-15 12:10:00,67.23,100.00
129-04129,2021-03-15 12:20:00,65.96,100.00
129-04129,2021-03-15 12:30:00,65.96,100.00
129-04129,2021-03-15 12:40:00,69.72,100.00
129-04129,2021-03-15 12:50:00,68.60,100.00
129-04129,2021-03-15 13:00:00,65.49,100.00
129-04129,2021-03-15 13:10:00,66.28,100.00
129-04129,2021-03-15 13:20:00,67.27,100.00
129-04129,2021-03-15 13:30:00,64.22,100.00
129-04129,2021-03-15 13:40:00,64.94,100.00
129-04129,2021-03-15 13:50:00,65.06,100.00
129-04129,2021-03-15 14:00:00,68.28,100.00
129-04129,2021-03-15 14:10:00,63.98,100.00
129-04129,2021-03-15 14:20:00,67.77,100.00
129-04129,2021-03-15 14:30:00,65.05,100.00
129-04129,2021-03-15 14:40:00,64.16,100.00
129-04129,2021-03-15 14:50:00,66.36,100.00
129-04129,2021-03-15 15:00:00,67.61,100.00
129-04129,2021-03-15 15:10:00,63.80,100.00
129-04129,2021-03-15 15:20:00,61.24,100.00
129-04129,2021-03-15 15:30:00,64.56,100.00
129-04129,2021-03-15 15:40:00,61.42,100.00
129-04129,2021-03-15 15:50:00,57.18,100.00
129-04129,2021-03-15 16:00:00,67.33,100.00
129-04129,2021-03-15 16:10:00,64.55,100.00
129-04129,2021-03-15 16:20:00,58.89,100.00
129-04129,2021-03-15 16:30:00,66.28,100.00
129-04129,2021-03-15 16:40:00,59.07,100.00
129-04129,2021-03-15 16:50:00,67.26,100.00
129-04129,2021-03-15 17:00:00,63.27,100.00
129-04129,2021-03-15 17:10:00,66.03,100.00
129-04129,2021-03-15 17:20:00,66.13,100.00
129-04129,2021-03-15 17:30:00,66.93,100.00
129-04129,2021-03-15 17:40:00,67.78,100.00
129-04129,2021-03-15 17:50:00,68.44,100.00
129-04129,2021-03-15 18:00:00,68.51,100.00
129-04129,2021-03-15 18:10:00,65.77,100.00
129-04129,2021-03-15 18:20:00,67.28,100.00
129-04129,2021-03-15 18:30:00,64.80,100.00
129-04129,2021-03-15 18:40:00,67.92,100.00
129-04129,2021-03-15 18:50:00,69.46,100.00
129-04129,2021-03-15 19:00:00,67.80,100.00
129-04129,2021-03-15 19:10:00,69.24,100.00
129-04129,2021-03-15 19:20:00,67.05,100.00
129-04129,2021-03-15 19:30:00,66.44,100.00
129-04129,2021-03-15 19:40:00,63.24,100.00
129-04129,2021-03-15 19:50:00,67.26,100.00
129-04129,2021-03-15 20:00:00,62.22,100.00
129-04129,2021-03-15 20:10:00,67.54,100.00
129-04129,2021-03-15 20:20:00,66.51,100.00
129-04129,2021-03-15 20:30:00,68.86,100.00
129-04129,2021-03-15 20:40:00,68.68,100.00
129-04129,2021-03-15 20:50:00,69.07,100.00
129-04129,2021-03-15 21:00:00,68.08,100.00
129-04129,2021-03-15 21:10:00,66.60,100.00
129-04129,2021-03-15 21:20:00,64.12,100.00
129-04129,2021-03-15 21:30:00,63.61,100.00
129-04129,2021-03-15 21:40:00,59.37,100.00
129-04129,2021-03-15 21:50:00,66.97,100.00
129-04129,2021-03-15 22:00:00,69.48,100.00
129-04129,2021-03-15 22:10:00,65.25,100.00
129-04129,2021-03-15 22:20:00,64.77,100.00
129-04129,2021-03-15 22:30:00,70.28,100.00
129-04129,2021-03-15 22:40:00,66.84,100.00
129-04129,2021-03-15 22:50:00,65.04,100.00
129-04129,2021-03-15 23:00:00,67.35,100.00
129-04129,2021-03-15 23:10:00,67.23,100.00
129-04129,2021-03-15 23:20:00,68.69,100.00
129-04129,2021-03-15 23:30:00,62.46,100.00
129-04129,2021-03-15 23:40:00,66.25,100.00
129-04129,2021-03-15 23:50:00,67.77,100.00
129-04126,2021-03-15 00:00:00,62.98,100.00
129-04126,2021-03-15 00:10:00,63.67,100.00
129-04126,2021-03-15 00:20:00,65.59,100.00
129-04126,2021-03-15 00:30:00,67.78,100.00
129-04126,2021-03-15 00:40:00,68.00,100.00
129-04126,2021-03-15 00:50:00,67.59,100.00
129-04126,2021-03-15 01:00:00,66.00,95.00
129-04126,2021-03-15 01:10:00,60.74,99.00
129-04126,2021-03-15 01:20:00,62.30,100.00
129-04126,2021-03-15 01:30:00,61.00,100.00
129-04126,2021-03-15 01:40:00,59.29,94.00
129-04126,2021-03-15 01:50:00,63.25,96.00
129-04126,2021-03-15 02:00:00,61.82,100.00
129-04126,2021-03-15 02:10:00,58.94,100.00
129-04126,2021-03-15 02:20:00,61.18,100.00
129-04126,2021-03-15 02:30:00,60.69,95.00
129-04126,2021-03-15 02:40:00,61.74,99.00
129-04126,2021-03-15 02:50:00,67.20,100.00
129-04126,2021-03-15 03:00:00,64.96,100.00
129-04126,2021-03-15 03:10:00,54.64,100.00
129-04126,2021-03-15 03:20:00,55.24,100.00
129-04126,2021-03-15 03:30:00,58.76,100.00
129-04126,2021-03-15 03:40:00,65.59,100.00
129-04126,2021-03-15 03:50:00,62.61,100.00
129-04126,2021-03-15 04:00:00,64.45,100.00
129-04126,2021-03-15 04:10:00,67.16,100.00
129-04126,2021-03-15 04:20:00,68.17,100.00
129-04126,2021-03-15 04:30:00,67.84,100.00
129-04126,2021-03-15 04:40:00,68.99,100.00
129-04126,2021-03-15 04:50:00,68.04,100.00
129-04126,2021-03-15 05:00:00,67.45,100.00
129-04126,2021-03-15 05:10:00,68.01,100.00
129-04126,2021-03-15 05:20:00,66.12,100.00
129-04126,2021-03-15 05:30:00,64.91,100.00
129-04126,2021-03-15 05:40:00,62.11,100.00
129-04126,2021-03-15 05:50:00,60.87,100.00
129-04126,2021-03-15 06:00:00,63.55,97.00
129-04126,2021-03-15 06:10:00,55.75,98.00
129-04126,2021-03-15 06:20:00,50.69,100.00
129-04126,2021-03-15 06:30:00,53.41,100.00
129-04126,2021-03-15 06:40:00,49.00,99.00
129-04126,2021-03-15 06:50:00,40.91,99.00
129-04126,2021-03-15 07:00:00,60.70,90.00
129-04126,2021-03-15 07:10:00,59.45,90.00
129-04126,2021-03-15 07:20:00,57.90,90.00
129-04126,2021-03-15 07:30:00,55.03,90.00
129-04126,2021-03-15 07:40:00,59.74,90.00
129-04126,2021-03-15 07:50:00,59.54,90.00
129-04126,2021-03-15 08:00:00,58.41,90.00
129-04126,2021-03-15 08:10:00,54.34,90.00
129-04126,2021-03-15 08:20:00,58.35,90.00
129-04126,2021-03-15 08:30:00,59.35,90.00
129-04126,2021-03-15 08:40:00,60.30,90.00
129-04126,2021-03-15 08:50:00,61.48,90.00
129-04126,2021-03-15 09:00:00,45.47,90.00
129-04126,2021-03-15 09:10:00,59.94,90.00
129-04126,2021-03-15 09:20:00,60.94,90.00
129-04126,2021-03-15 09:30:00,61.13,90.00
129-04126,2021-03-15 09:40:00,57.29,90.00
129-04126,2021-03-15 09:50:00,63.17,90.00
129-04126,2021-03-15 10:00:00,61.74,96.00
129-04126,2021-03-15 10:10:00,62.75,100.00
129-04126,2021-03-15 10:20:00,64.78,100.00
129-04126,2021-03-15 10:30:00,60.95,100.00
129-04126,2021-03-15 10:40:00,62.48,100.00
129-04126,2021-03-15 10:50:00,62.75,100.00
129-04126,2021-03-15 11:00:00,63.16,100.00
129-04126,2021-03-15 11:10:00,62.60,100.00
129-04126,2021-03-15 11:20:00,63.94,100.00
129-04126,2021-03-15 11:30:00,62.46,100.00
129-04126,2021-03-15 11:40:00,63.60,100.00
129-04126,2021-03-15 11:50:00,64.56,100.00
129-04126,2021-03-15 12:00:00,63.85,100.00
129-04126,2021-03-15 12:10:00,62.85,100.00
129-04126,2021-03-15 12:20:00,60.17,100.00
129-04126,2021-03-15 12:30:00,65.31,100.00
129-04126,2021-03-15 12:40:00,65.60,100.00
129-04126,2021-03-15 12:50:00,64.78,100.00
129-04126,2021-03-15 13:00:00,64.46,100.00
129-04126,2021-03-15 13:10:00,65.37,100.00
129-04126,2021-03-15 13:20:00,64.48,100.00
129-04126,2021-03-15 13:30:00,62.45,100.00
129-04126,2021-03-15 13:40:00,63.64,100.00
129-04126,2021-03-15 13:50:00,64.74,100.00
129-04126,2021-03-15 14:00:00,62.51,100.00
129-04126,2021-03-15 14:10:00,63.53,100.00
129-04126,2021-03-15 14:20:00,66.18,100.00
129-04126,2021-03-15 14:30:00,66.69,100.00
129-04126,2021-03-15 14:40:00,65.95,100.00
129-04126,2021-03-15 14:50:00,67.09,100.00
129-04126,2021-03-15 15:00:00,65.14,100.00
129-04126,2021-03-15 15:10:00,62.60,100.00
129-04126,2021-03-15 15:20:00,63.10,100.00
129-04126,2021-03-15 15:30:00,62.62,100.00
129-04126,2021-03-15 15:40:00,65.22,100.00
129-04126,2021-03-15 15:50:00,64.62,100.00
129-04126,2021-03-15 16:00:00,66.36,100.00
129-04126,2021-03-15 16:10:00,66.40,100.00
129-04126,2021-03-15 16:20:00,65.75,100.00
129-04126,2021-03-15 16:30:00,64.64,100.00
129-04126,2021-03-15 16:40:00,64.33,100.00
129-04126,2021-03-15 16:50:00,65.52,100.00
129-04126,2021-03-15 17:00:00,65.58,100.00
129-04126,2021-03-15 17:10:00,63.65,100.00
129-04126,2021-03-15 17:20:00,64.77,100.00
129-04126,2021-03-15 17:30:00,65.09,100.00
129-04126,2021-03-15 17:40:00,64.18,100.00
129-04126,2021-03-15 17:50:00,61.46,100.00
129-04126,2021-03-15 18:00:00,67.67,100.00
129-04126,2021-03-15 18:10:00,62.08,100.00
129-04126,2021-03-15 18:20:00,63.17,100.00
129-04126,2021-03-15 18:30:00,63.53,100.00
129-04126,2021-03-15 18:40:00,64.36,100.00
129-04126,2021-03-15 18:50:00,63.71,100.00
129-04126,2021-03-15 19:00:00,67.01,100.00
129-04126,2021-03-15 19:10:00,64.83,100.00
129-04126,2021-03-15 19:20:00,60.69,100.00
129-04126,2021-03-15 19:30:00,63.82,100.00
129-04126,2021-03-15 19:40:00,63.50,100.00
129-04126,2021-03-15 19:50:00,63.78,100.00
129-04126,2021-03-15 20:00:00,63.79,100.00
129-04126,2021-03-15 20:10:00,66.28,100.00
129-04126,2021-03-15 20:20:00,62.41,100.00
129-04126,2021-03-15 20:30:00,68.57,100.00
129-04126,2021-03-15 20:40:00,65.74,100.00
129-04126,2021-03-15 20:50:00,64.65,100.00
129-04126,2021-03-15 21:00:00,59.48,100.00
129-04126,2021-03-15 21:10:00,60.32,100.00
129-04126,2021-03-15 21:20:00,64.08,100.00
129-04126,2021-03-15 21:30:00,67.25,100.00
129-04126,2021-03-15 21:40:00,63.79,100.00
129-04126,2021-03-15 21:50:00,64.31,100.00
129-04126,2021-03-15 22:00:00,64.52,100.00
129-04126,2021-03-15 22:10:00,66.38,100.00
129-04126,2021-03-15 22:20:00,67.47,100.00
129-04126,2021-03-15 22:30:00,70.49,100.00
129-04126,2021-03-15 22:40:00,63.96,100.00
129-04126,2021-03-15 22:50:00,60.15,100.00
129-04126,2021-03-15 23:00:00,60.59,100.00
129-04126,2021-03-15 23:10:00,63.01,100.00
129-04126,2021-03-15 23:20:00,67.27,100.00
129-04126,2021-03-15 23:30:00,67.09,100.00
129-04126,2021-03-15 23:40:00,62.69,100.00
129-04126,2021-03-15 23:50:00,61.27,100.00
129-04127,2021-03-15 00:00:00,65.80,100.00
129-04127,2021-03-15 00:10:00,65.93,100.00
129-04127,2021-03-15 00:20:00,67.60,100.00
129-04127,2021-03-15 00:30:00,69.47,100.00
129-04127,2021-03-15 00:40:00,67.00,100.00
129-04127,2021-03-15 00:50:00,66.59,100.00
129-04127,2021-03-15 01:00:00,64.79,97.00
129-04127,2021-03-15 01:10:00,61.98,100.00
129-04127,2021-03-15 01:20:00,63.00,100.00
129-04127,2021-03-15 01:30:00,62.49,100.00
129-04127,2021-03-15 01:40:00,59.69,92.00
129-04127,2021-03-15 01:50:00,67.67,98.00
129-04127,2021-03-15 02:00:00,68.29,100.00
129-04127,2021-03-15 02:10:00,66.90,100.00
129-04127,2021-03-15 02:20:00,65.98,100.00
129-04127,2021-03-15 02:30:00,63.09,94.00
129-04127,2021-03-15 02:40:00,63.59,99.00
129-04127,2021-03-15 02:50:00,65.20,100.00
129-04127,2021-03-15 03:00:00,64.40,100.00
129-04127,2021-03-15 03:10:00,61.98,100.00
129-04127,2021-03-15 03:20:00,62.40,100.00
129-04127,2021-03-15 03:30:00,60.76,100.00
129-04127,2021-03-15 03:40:00,67.29,100.00
129-04127,2021-03-15 03:50:00,67.94,100.00
129-04127,2021-03-15 04:00:00,69.68,100.00
129-04127,2021-03-15 04:10:00,70.17,100.00
129-04127,2021-03-15 04:20:00,72.30,100.00
129-04127,2021-03-15 04:30:00,70.36,100.00
129-04127,2021-03-15 04:40:00,72.84,100.00
129-04127,2021-03-15 04:50:00,70.80,100.00
129-04127,2021-03-15 05:00:00,70.17,100.00
129-04127,2021-03-15 05:10:00,69.76,100.00
129-04127,2021-03-15 05:20:00,63.75,100.00
129-04127,2021-03-15 05:30:00,63.92,100.00
129-04127,2021-03-15 05:40:00,64.58,100.00
129-04127,2021-03-15 05:50:00,62.67,100.00
129-04127,2021-03-15 06:00:00,65.55,93.00
129-04127,2021-03-15 06:10:00,61.69,95.00
129-04127,2021-03-15 06:20:00,59.44,96.00
129-04127,2021-03-15 06:30:00,58.68,93.00
129-04127,2021-03-15 06:40:00,59.56,92.00
129-04127,2021-03-15 06:50:00,57.12,93.00
129-04127,2021-03-15 07:00:00,62.98,90.00
129-04127,2021-03-15 07:10:00,61.07,90.00
129-04127,2021-03-15 07:20:00,61.44,90.00
129-04127,2021-03-15 07:30:00,61.12,90.00
129-04127,2021-03-15 07:40:00,59.64,90.00
129-04127,2021-03-15 07:50:00,60.37,90.00
129-04127,2021-03-15 08:00:00,62.95,90.00
129-04127,2021-03-15 08:10:00,57.95,90.00
129-04127,2021-03-15 08:20:00,60.81,90.00
129-04127,2021-03-15 08:30:00,63.95,90.00
129-04127,2021-03-15 08:40:00,62.66,90.00
129-04127,2021-03-15 08:50:00,63.12,90.00
129-04127,2021-03-15 09:00:00,64.74,90.00
129-04127,2021-03-15 09:10:00,62.05,90.00
129-04127,2021-03-15 09:20:00,66.06,90.00
129-04127,2021-03-15 09:30:00,63.47,90.00
129-04127,2021-03-15 09:40:00,63.33,93.00
129-04127,2021-03-15 09:50:00,65.46,96.00
129-04127,2021-03-15 10:00:00,64.18,100.00
129-04127,2021-03-15 10:10:00,62.67,100.00
129-04127,2021-03-15 10:20:00,66.19,100.00
129-04127,2021-03-15 10:30:00,64.41,100.00
129-04127,2021-03-15 10:40:00,63.70,100.00
129-04127,2021-03-15 10:50:00,64.12,100.00
129-04127,2021-03-15 11:00:00,63.34,100.00
129-04127,2021-03-15 11:10:00,65.99,100.00
129-04127,2021-03-15 11:20:00,65.14,100.00
129-04127,2021-03-15 11:30:00,59.43,100.00
129-04127,2021-03-15 11:40:00,63.49,100.00
129-04127,2021-03-15 11:50:00,66.26,100.00
129-04127,2021-03-15 12:00:00,66.01,100.00
129-04127,2021-03-15 12:10:00,64.25,100.00
129-04127,2021-03-15 12:20:00,61.23,100.00
129-04127,2021-03-15 12:30:00,66.26,100.00
129-04127,2021-03-15 12:40:00,66.08,100.00
129-04127,2021-03-15 12:50:00,65.47,100.00
129-04127,2021-03-15 13:00:00,65.45,100.00
129-04127,2021-03-15 13:10:00,66.87,100.00
129-04127,2021-03-15 13:20:00,64.72,100.00
129-04127,2021-03-15 13:30:00,61.26,100.00
129-04127,2021-03-15 13:40:00,63.06,100.00
129-04127,2021-03-15 13:50:00,67.08,100.00
129-04127,2021-03-15 14:00:00,64.55,100.00
129-04127,2021-03-15 14:10:00,65.32,100.00
129-04127,2021-03-15 14:20:00,66.86,100.00
129-04127,2021-03-15 14:30:00,67.74,100.00
129-04127,2021-03-15 14:40:00,66.36,100.00
129-04127,2021-03-15 14:50:00,68.49,100.00
129-04127,2021-03-15 15:00:00,65.82,100.00
129-04127,2021-03-15 15:10:00,64.35,100.00
129-04127,2021-03-15 15:20:00,63.96,100.00
129-04127,2021-03-15 15:30:00,64.39,100.00
129-04127,2021-03-15 15:40:00,66.05,100.00
129-04127,2021-03-15 15:50:00,61.06,100.00
129-04127,2021-03-15 16:00:00,65.99,100.00
129-04127,2021-03-15 16:10:00,64.37,100.00
129-04127,2021-03-15 16:20:00,66.06,100.00
129-04127,2021-03-15 16:30:00,66.84,100.00
129-04127,2021-03-15 16:40:00,67.81,100.00
129-04127,2021-03-15 16:50:00,67.83,100.00
129-04127,2021-03-15 17:00:00,66.47,100.00
129-04127,2021-03-15 17:10:00,63.48,100.00
129-04127,2021-03-15 17:20:00,65.64,100.00
129-04127,2021-03-15 17:30:00,67.26,100.00
129-04127,2021-03-15 17:40:00,65.31,100.00
129-04127,2021-03-15 17:50:00,61.42,100.00
129-04127,2021-03-15 18:00:00,69.04,100.00
129-04127,2021-03-15 18:10:00,63.37,100.00
129-04127,2021-03-15 18:20:00,66.12,100.00
129-04127,2021-03-15 18:30:00,65.19,100.00
129-04127,2021-03-15 18:40:00,66.64,100.00
129-04127,2021-03-15 18:50:00,65.40,100.00
129-04127,2021-03-15 19:00:00,63.31,100.00
129-04127,2021-03-15 19:10:00,66.74,100.00
129-04127,2021-03-15 19:20:00,62.46,100.00
129-04127,2021-03-15 19:30:00,63.72,100.00
129-04127,2021-03-15 19:40:00,65.57,100.00
129-04127,2021-03-15 19:50:00,65.88,100.00
129-04127,2021-03-15 20:00:00,66.18,100.00
129-04127,2021-03-15 20:10:00,67.79,100.00
129-04127,2021-03-15 20:20:00,66.47,100.00
129-04127,2021-03-15 20:30:00,66.37,100.00
129-04127,2021-03-15 20:40:00,68.96,100.00
129-04127,2021-03-15 20:50:00,65.27,100.00
129-04127,2021-03-15 21:00:00,65.32,100.00
129-04127,2021-03-15 21:10:00,62.68,100.00
129-04127,2021-03-15 21:20:00,64.12,100.00
129-04127,2021-03-15 21:30:00,68.02,100.00
129-04127,2021-03-15 21:40:00,66.54,100.00
129-04127,2021-03-15 21:50:00,66.76,100.00
129-04127,2021-03-15 22:00:00,67.39,100.00
129-04127,2021-03-15 22:10:00,67.99,100.00
129-04127,2021-03-15 22:20:00,68.29,100.00
129-04127,2021-03-15 22:30:00,71.38,100.00
129-04127,2021-03-15 22:40:00,66.44,100.00
129-04127,2021-03-15 22:50:00,62.22,100.00
129-04127,2021-03-15 23:00:00,63.36,100.00
129-04127,2021-03-15 23:10:00,68.26,100.00
129-04127,2021-03-15 23:20:00,68.28,100.00
129-04127,2021-03-15 23:30:00,65.74,100.00
129-04127,2021-03-15 23:40:00,63.67,100.00
129-04127,2021-03-15 23:50:00,65.46,100.00
129-04124,2021-03-15 00:00:00,42.49,100.00
129-04124,2021-03-15 00:10:00,43.95,100.00
129-04124,2021-03-15 00:20:00,45.39,100.00
129-04124,2021-03-15 00:30:00,45.67,100.00
129-04124,2021-03-15 00:40:00,43.68,100.00
129-04124,2021-03-15 00:50:00,44.45,100.00
129-04124,2021-03-15 01:00:00,40.69,98.00
129-04124,2021-03-15 01:10:00,38.04,99.00
129-04124,2021-03-15 01:20:00,42.90,100.00
129-04124,2021-03-15 01:30:00,44.22,100.00
129-04124,2021-03-15 01:40:00,46.70,92.00
129-04124,2021-03-15 01:50:00,47.38,95.00
129-04124,2021-03-15 02:00:00,47.92,100.00
129-04124,2021-03-15 02:10:00,45.32,100.00
129-04124,2021-03-15 02:20:00,43.90,100.00
129-04124,2021-03-15 02:30:00,43.90,100.00
129-04124,2021-03-15 02:40:00,46.07,98.00
129-04124,2021-03-15 02:50:00,45.57,100.00
129-04124,2021-03-15 03:00:00,45.55,100.00
129-04124,2021-03-15 03:10:00,42.39,100.00
129-04124,2021-03-15 03:20:00,43.19,99.00
129-04124,2021-03-15 03:30:00,50.15,90.00
129-04124,2021-03-15 03:40:00,55.26,99.00
129-04124,2021-03-15 03:50:00,50.73,100.00
129-04124,2021-03-15 04:00:00,45.87,100.00
129-04124,2021-03-15 04:10:00,43.73,100.00
129-04124,2021-03-15 04:20:00,48.00,100.00
129-04124,2021-03-15 04:30:00,54.25,100.00
129-04124,2021-03-15 04:40:00,67.93,100.00
129-04124,2021-03-15 04:50:00,63.59,100.00
129-04124,2021-03-15 05:00:00,64.25,100.00
129-04124,2021-03-15 05:10:00,62.30,100.00
129-04124,2021-03-15 05:20:00,58.96,100.00
129-04124,2021-03-15 05:30:00,56.00,100.00
129-04124,2021-03-15 05:40:00,59.06,100.00
129-04124,2021-03-15 05:50:00,54.37,100.00
129-04124,2021-03-15 06:00:00,54.67,100.00
129-04124,2021-03-15 06:10:00,53.27,100.00
129-04124,2021-03-15 06:20:00,47.52,100.00
129-04124,2021-03-15 06:30:00,44.23,100.00
129-04124,2021-03-15 06:40:00,35.92,100.00
129-04124,2021-03-15 06:50:00,28.60,100.00
129-04124,2021-03-15 07:00:00,29.15,100.00
129-04124,2021-03-15 07:10:00,33.36,99.00
129-04124,2021-03-15 07:20:00,48.88,93.00
129-04124,2021-03-15 07:30:00,48.53,91.00
129-04124,2021-03-15 07:40:00,42.12,97.00
129-04124,2021-03-15 07:50:00,38.77,99.00
129-04124,2021-03-15 08:00:00,32.83,99.00
129-04124,2021-03-15 08:10:00,45.58,94.00
129-04124,2021-03-15 08:20:00,42.18,95.00
129-04124,2021-03-15 08:30:00,44.33,91.00
129-04124,2021-03-15 08:40:00,32.67,97.00
129-04124,2021-03-15 08:50:00,35.19,98.00
129-04124,2021-03-15 09:00:00,40.58,91.00
129-04124,2021-03-15 09:10:00,47.87,90.00
129-04124,2021-03-15 09:20:00,51.34,90.00
129-04124,2021-03-15 09:30:00,53.16,90.00
129-04124,2021-03-15 09:40:00,54.03,93.00
129-04124,2021-03-15 09:50:00,47.03,96.00
129-04124,2021-03-15 10:00:00,53.67,94.00
129-04124,2021-03-15 10:10:00,51.42,96.00
129-04124,2021-03-15 10:20:00,49.77,100.00
129-04124,2021-03-15 10:30:00,51.14,100.00
129-04124,2021-03-15 10:40:00,48.71,100.00
129-04124,2021-03-15 10:50:00,54.69,100.00
129-04124,2021-03-15 11:00:00,56.83,100.00
129-04124,2021-03-15 11:10:00,51.48,100.00
129-04124,2021-03-15 11:20:00,55.74,100.00
129-04124,2021-03-15 11:30:00,52.87,100.00
129-04124,2021-03-15 11:40:00,52.05,100.00
129-04124,2021-03-15 11:50:00,52.47,100.00
129-04124,2021-03-15 12:00:00,53.57,100.00
129-04124,2021-03-15 12:10:00,52.32,100.00
129-04124,2021-03-15 12:20:00,51.61,100.00
129-04124,2021-03-15 12:30:00,52.53,100.00
129-04124,2021-03-15 12:40:00,53.50,100.00
129-04124,2021-03-15 12:50:00,53.65,100.00
129-04124,2021-03-15 13:00:00,52.85,100.00
129-04124,2021-03-15 13:10:00,50.38,100.00
129-04124,2021-03-15 13:20:00,54.04,100.00
129-04124,2021-03-15 13:30:00,51.95,100.00
129-04124,2021-03-15 13:40:00,53.39,100.00
129-04124,2021-03-15 13:50:00,51.32,100.00
129-04124,2021-03-15 14:00:00,52.85,100.00
129-04124,2021-03-15 14:10:00,51.92,100.00
129-04124,2021-03-15 14:20:00,48.89,100.00
129-04124,2021-03-15 14:30:00,36.78,99.00
129-04124,2021-03-15 14:40:00,56.41,100.00
129-04124,2021-03-15 14:50:00,52.79,100.00
129-04124,2021-03-15 15:00:00,55.23,100.00
129-04124,2021-03-15 15:10:00,47.48,100.00
129-04124,2021-03-15 15:20:00,53.37,100.00
129-04124,2021-03-15 15:30:00,54.47,100.00
129-04124,2021-03-15 15:40:00,56.28,100.00
129-04124,2021-03-15 15:50:00,58.01,100.00
129-04124,2021-03-15 16:00:00,56.65,100.00
129-04124,2021-03-15 16:10:00,56.41,100.00
129-04124,2021-03-15 16:20:00,56.91,100.00
129-04124,2021-03-15 16:30:00,52.52,100.00
129-04124,2021-03-15 16:40:00,51.52,100.00
129-04124,2021-03-15 16:50:00,55.32,100.00
129-04124,2021-03-15 17:00:00,56.04,100.00
129-04124,2021-03-15 17:10:00,57.09,100.00
129-04124,2021-03-15 17:20:00,53.93,100.00
129-04124,2021-03-15 17:30:00,55.49,100.00
129-04124,2021-03-15 17:40:00,57.69,100.00
129-04124,2021-03-15 17:50:00,54.86,100.00
129-04124,2021-03-15 18:00:00,59.68,100.00
129-04124,2021-03-15 18:10:00,56.54,100.00
129-04124,2021-03-15 18:20:00,57.17,100.00
129-04124,2021-03-15 18:30:00,56.32,100.00
129-04124,2021-03-15 18:40:00,54.68,100.00
129-04124,2021-03-15 18:50:00,58.96,100.00
129-04124,2021-03-15 19:00:00,57.77,100.00
129-04124,2021-03-15 19:10:00,53.14,100.00
129-04124,2021-03-15 19:20:00,54.38,100.00
129-04124,2021-03-15 19:30:00,53.76,100.00
129-04124,2021-03-15 19:40:00,55.67,100.00
129-04124,2021-03-15 19:50:00,50.61,100.00
129-04124,2021-03-15 20:00:00,52.76,100.00
129-04124,2021-03-15 20:10:00,58.38,100.00
129-04124,2021-03-15 20:20:00,53.17,100.00
129-04124,2021-03-15 20:30:00,58.58,100.00
129-04124,2021-03-15 20:40:00,59.43,100.00
129-04124,2021-03-15 20:50:00,56.83,100.00
129-04124,2021-03-15 21:00:00,53.18,100.00
129-04124,2021-03-15 21:10:00,49.43,100.00
129-04124,2021-03-15 21:20:00,53.21,100.00
129-04124,2021-03-15 21:30:00,56.58,100.00
129-04124,2021-03-15 21:40:00,55.95,100.00
129-04124,2021-03-15 21:50:00,58.19,100.00
129-04124,2021-03-15 22:00:00,57.58,100.00
129-04124,2021-03-15 22:10:00,57.16,100.00
129-04124,2021-03-15 22:20:00,58.58,100.00
129-04124,2021-03-15 22:30:00,56.78,100.00
129-04124,2021-03-15 22:40:00,54.32,100.00
129-04124,2021-03-15 22:50:00,59.94,100.00
129-04124,2021-03-15 23:00:00,58.37,100.00
129-04124,2021-03-15 23:10:00,43.08,97.00
129-04124,2021-03-15 23:20:00,13.86,90.00
129-04124,2021-03-15 23:30:00,22.29,95.00
129-04124,2021-03-15 23:40:00,38.15,98.00
129-04124,2021-03-15 23:50:00,42.33,100.00
129-04125,2021-03-15 00:00:00,52.71,100.00
129-04125,2021-03-15 00:10:00,53.97,100.00
129-04125,2021-03-15 00:20:00,55.98,100.00
129-04125,2021-03-15 00:30:00,57.19,100.00
129-04125,2021-03-15 00:40:00,56.00,100.00
129-04125,2021-03-15 00:50:00,53.75,100.00
129-04125,2021-03-15 01:00:00,49.49,100.00
129-04125,2021-03-15 01:10:00,51.47,100.00
129-04125,2021-03-15 01:20:00,53.17,100.00
129-04125,2021-03-15 01:30:00,54.29,99.00
129-04125,2021-03-15 01:40:00,55.09,82.00
129-04125,2021-03-15 01:50:00,53.79,92.00
129-04125,2021-03-15 02:00:00,52.78,100.00
129-04125,2021-03-15 02:10:00,52.49,100.00
129-04125,2021-03-15 02:20:00,52.00,100.00
129-04125,2021-03-15 02:30:00,52.50,96.00
129-04125,2021-03-15 02:40:00,51.97,99.00
129-04125,2021-03-15 02:50:00,52.79,100.00
129-04125,2021-03-15 03:00:00,53.90,100.00
129-04125,2021-03-15 03:10:00,52.99,100.00
129-04125,2021-03-15 03:20:00,57.62,100.00
129-04125,2021-03-15 03:30:00,55.88,100.00
129-04125,2021-03-15 03:40:00,55.67,100.00
129-04125,2021-03-15 03:50:00,51.03,100.00
129-04125,2021-03-15 04:00:00,52.97,100.00
129-04125,2021-03-15 04:10:00,55.34,100.00
129-04125,2021-03-15 04:20:00,56.99,100.00
129-04125,2021-03-15 04:30:00,61.85,100.00
129-04125,2021-03-15 04:40:00,63.25,100.00
129-04125,2021-03-15 04:50:00,61.87,100.00
129-04125,2021-03-15 05:00:00,64.72,100.00
129-04125,2021-03-15 05:10:00,63.57,100.00
129-04125,2021-03-15 05:20:00,62.04,100.00
129-04125,2021-03-15 05:30:00,58.29,100.00
129-04125,2021-03-15 05:40:00,57.67,100.00
129-04125,2021-03-15 05:50:00,54.72,100.00
129-04125,2021-03-15 06:00:00,51.68,100.00
129-04125,2021-03-15 06:10:00,42.75,100.00
129-04125,2021-03-15 06:20:00,35.96,100.00
129-04125,2021-03-15 06:30:00,31.09,100.00
129-04125,2021-03-15 06:40:00,35.13,100.00
129-04125,2021-03-15 06:50:00,29.56,100.00
129-04125,2021-03-15 07:00:00,42.89,98.00
129-04125,2021-03-15 07:10:00,48.39,93.00
129-04125,2021-03-15 07:20:00,53.84,90.00
129-04125,2021-03-15 07:30:00,46.30,93.00
129-04125,2021-03-15 07:40:00,48.39,90.00
129-04125,2021-03-15 07:50:00,49.68,90.00
129-04125,2021-03-15 08:00:00,49.48,90.00
129-04125,2021-03-15 08:10:00,42.60,95.00
129-04125,2021-03-15 08:20:00,46.35,90.00
129-04125,2021-03-15 08:30:00,49.27,90.00
129-04125,2021-03-15 08:40:00,49.52,90.00
129-04125,2021-03-15 08:50:00,48.87,90.00
129-04125,2021-03-15 09:00:00,53.16,90.00
129-04125,2021-03-15 09:10:00,48.94,90.00
129-04125,2021-03-15 09:20:00,55.16,90.00
129-04125,2021-03-15 09:30:00,53.00,90.00
129-04125,2021-03-15 09:40:00,49.64,90.00
129-04125,2021-03-15 09:50:00,52.25,90.00
129-04125,2021-03-15 10:00:00,54.20,98.00
129-04125,2021-03-15 10:10:00,55.76,96.00
129-04125,2021-03-15 10:20:00,57.13,100.00
129-04125,2021-03-15 10:30:00,51.56,100.00
129-04125,2021-03-15 10:40:00,53.91,100.00
129-04125,2021-03-15 10:50:00,54.16,100.00
129-04125,2021-03-15 11:00:00,57.28,100.00
129-04125,2021-03-15 11:10:00,57.65,100.00
129-04125,2021-03-15 11:20:00,58.31,100.00
129-04125,2021-03-15 11:30:00,54.49,100.00
129-04125,2021-03-15 11:40:00,57.48,100.00
129-04125,2021-03-15 11:50:00,56.76,100.00
129-04125,2021-03-15 12:00:00,59.24,100.00
129-04125,2021-03-15 12:10:00,52.06,100.00
129-04125,2021-03-15 12:20:00,54.13,100.00
129-04125,2021-03-15 12:30:00,56.15,100.00
129-04125,2021-03-15 12:40:00,56.31,100.00
129-04125,2021-03-15 12:50:00,55.07,100.00
129-04125,2021-03-15 13:00:00,57.27,100.00
129-04125,2021-03-15 13:10:00,56.28,100.00
129-04125,2021-03-15 13:20:00,56.21,100.00
129-04125,2021-03-15 13:30:00,51.11,100.00
129-04125,2021-03-15 13:40:00,53.57,100.00
129-04125,2021-03-15 13:50:00,54.55,100.00
129-04125,2021-03-15 14:00:00,55.90,100.00
129-04125,2021-03-15 14:10:00,55.75,100.00
129-04125,2021-03-15 14:20:00,55.72,100.00
129-04125,2021-03-15 14:30:00,56.51,100.00
129-04125,2021-03-15 14:40:00,56.36,100.00
129-04125,2021-03-15 14:50:00,51.63,100.00
129-04125,2021-03-15 15:00:00,57.03,100.00
129-04125,2021-03-15 15:10:00,52.37,100.00
129-04125,2021-03-15 15:20:00,58.73,100.00
129-04125,2021-03-15 15:30:00,53.54,100.00
129-04125,2021-03-15 15:40:00,57.25,100.00
129-04125,2021-03-15 15:50:00,57.55,100.00
129-04125,2021-03-15 16:00:00,60.23,100.00
129-04125,2021-03-15 16:10:00,56.96,100.00
129-04125,2021-03-15 16:20:00,60.53,100.00
129-04125,2021-03-15 16:30:00,56.94,100.00
129-04125,2021-03-15 16:40:00,58.97,100.00
129-04125,2021-03-15 16:50:00,57.90,100.00
129-04125,2021-03-15 17:00:00,58.89,100.00
129-04125,2021-03-15 17:10:00,58.13,100.00
129-04125,2021-03-15 17:20:00,60.25,100.00
129-04125,2021-03-15 17:30:00,52.27,100.00
129-04125,2021-03-15 17:40:00,57.94,100.00
129-04125,2021-03-15 17:50:00,55.49,100.00
129-04125,2021-03-15 18:00:00,61.93,100.00
129-04125,2021-03-15 18:10:00,58.18,100.00
129-04125,2021-03-15 18:20:00,59.88,100.00
129-04125,2021-03-15 18:30:00,58.78,100.00
129-04125,2021-03-15 18:40:00,57.12,100.00
129-04125,2021-03-15 18:50:00,53.93,100.00
129-04125,2021-03-15 19:00:00,59.96,100.00
129-04125,2021-03-15 19:10:00,58.58,100.00
129-04125,2021-03-15 19:20:00,51.36,100.00
129-04125,2021-03-15 19:30:00,54.87,100.00
129-04125,2021-03-15 19:40:00,58.54,100.00
129-04125,2021-03-15 19:50:00,54.66,100.00
129-04125,2021-03-15 20:00:00,54.93,100.00
129-04125,2021-03-15 20:10:00,61.78,100.00
129-04125,2021-03-15 20:20:00,54.87,100.00
129-04125,2021-03-15 20:30:00,62.68,100.00
129-04125,2021-03-15 20:40:00,63.94,100.00
129-04125,2021-03-15 20:50:00,59.06,100.00
129-04125,2021-03-15 21:00:00,57.05,100.00
129-04125,2021-03-15 21:10:00,55.96,100.00
129-04125,2021-03-15 21:20:00,56.66,100.00
129-04125,2021-03-15 21:30:00,60.47,100.00
129-04125,2021-03-15 21:40:00,57.80,100.00
129-04125,2021-03-15 21:50:00,61.86,100.00
129-04125,2021-03-15 22:00:00,58.15,100.00
129-04125,2021-03-15 22:10:00,59.99,100.00
129-04125,2021-03-15 22:20:00,62.79,100.00
129-04125,2021-03-15 22:30:00,62.17,100.00
129-04125,2021-03-15 22:40:00,59.42,100.00
129-04125,2021-03-15 22:50:00,55.58,100.00
129-04125,2021-03-15 23:00:00,51.46,100.00
129-04125,2021-03-15 23:10:00,44.76,100.00
129-04125,2021-03-15 23:20:00,49.48,100.00
129-04125,2021-03-15 23:30:00,53.28,100.00
129-04125,2021-03-15 23:40:00,53.58,100.00
129-04125,2021-03-15 23:50:00,51.56,100.00
129-04122,2021-03-15 00:00:00,38.56,100.00
129-04122,2021-03-15 00:10:00,42.99,100.00
129-04122,2021-03-15 00:20:00,37.11,94.00
129-04122,2021-03-15 00:30:00,34.95,97.00
129-04122,2021-03-15 00:40:00,33.99,99.00
129-04122,2021-03-15 00:50:00,40.20,100.00
129-04122,2021-03-15 01:00:00,43.07,100.00
129-04122,2021-03-15 01:10:00,45.98,100.00
129-04122,2021-03-15 01:20:00,46.49,100.00
129-04122,2021-03-15 01:30:00,42.96,93.00
129-04122,2021-03-15 01:40:00,44.39,89.00
129-04122,2021-03-15 01:50:00,46.44,95.00
129-04122,2021-03-15 02:00:00,48.60,100.00
129-04122,2021-03-15 02:10:00,40.63,93.00
129-04122,2021-03-15 02:20:00,39.62,95.00
129-04122,2021-03-15 02:30:00,28.59,91.00
129-04122,2021-03-15 02:40:00,30.63,90.00
129-04122,2021-03-15 02:50:00,46.46,100.00
129-04122,2021-03-15 03:00:00,46.15,100.00
129-04122,2021-03-15 03:10:00,42.83,100.00
129-04122,2021-03-15 03:20:00,42.00,90.00
129-04122,2021-03-15 03:30:00,43.18,90.00
129-04122,2021-03-15 03:40:00,38.37,96.00
129-04122,2021-03-15 03:50:00,37.69,91.00
129-04122,2021-03-15 04:00:00,33.73,90.00
129-04122,2021-03-15 04:10:00,40.46,97.00
129-04122,2021-03-15 04:20:00,47.26,100.00
129-04122,2021-03-15 04:30:00,53.58,100.00
129-04122,2021-03-15 04:40:00,55.49,100.00
129-04122,2021-03-15 04:50:00,64.09,94.00
129-04122,2021-03-15 05:00:00,62.22,99.00
129-04122,2021-03-15 05:10:00,55.91,100.00
129-04122,2021-03-15 05:20:00,50.69,100.00
129-04122,2021-03-15 05:30:00,48.56,100.00
129-04122,2021-03-15 05:40:00,43.46,100.00
129-04122,2021-03-15 05:50:00,42.60,100.00
129-04122,2021-03-15 06:00:00,50.14,100.00
129-04122,2021-03-15 06:10:00,47.37,100.00
129-04122,2021-03-15 06:20:00,50.41,100.00
129-04122,2021-03-15 06:30:00,47.28,100.00
129-04122,2021-03-15 06:40:00,45.23,100.00
129-04122,2021-03-15 06:50:00,37.14,100.00
129-04122,2021-03-15 07:00:00,41.02,100.00
129-04122,2021-03-15 07:10:00,41.37,100.00
129-04122,2021-03-15 07:20:00,42.10,100.00
129-04122,2021-03-15 07:30:00,41.23,100.00
129-04122,2021-03-15 07:40:00,40.30,100.00
129-04122,2021-03-15 07:50:00,42.01,100.00
129-04122,2021-03-15 08:00:00,36.66,100.00
129-04122,2021-03-15 08:10:00,37.71,100.00
129-04122,2021-03-15 08:20:00,41.14,100.00
129-04122,2021-03-15 08:30:00,46.63,100.00
129-04122,2021-03-15 08:40:00,39.95,100.00
129-04122,2021-03-15 08:50:00,37.07,100.00
129-04122,2021-03-15 09:00:00,40.37,98.00
129-04122,2021-03-15 09:10:00,40.47,100.00
129-04122,2021-03-15 09:20:00,42.14,98.00
129-04122,2021-03-15 09:30:00,44.66,100.00
129-04122,2021-03-15 09:40:00,45.29,100.00
129-04122,2021-03-15 09:50:00,47.42,100.00
129-04122,2021-03-15 10:00:00,46.89,100.00
129-04122,2021-03-15 10:10:00,42.96,100.00
129-04122,2021-03-15 10:20:00,44.08,100.00
129-04122,2021-03-15 10:30:00,40.28,100.00
129-04122,2021-03-15 10:40:00,39.95,100.00
129-04122,2021-03-15 10:50:00,44.72,100.00
129-04122,2021-03-15 11:00:00,47.65,100.00
129-04122,2021-03-15 11:10:00,40.53,100.00
129-04122,2021-03-15 11:20:00,54.47,100.00
129-04122,2021-03-15 11:30:00,43.39,100.00
129-04122,2021-03-15 11:40:00,42.05,100.00
129-04122,2021-03-15 11:50:00,46.32,100.00
129-04122,2021-03-15 12:00:00,45.61,100.00
129-04122,2021-03-15 12:10:00,42.06,100.00
129-04122,2021-03-15 12:20:00,40.93,100.00
129-04122,2021-03-15 12:30:00,42.07,100.00
129-04122,2021-03-15 12:40:00,45.80,100.00
129-04122,2021-03-15 12:50:00,41.88,100.00
129-04122,2021-03-15 13:00:00,47.50,100.00
129-04122,2021-03-15 13:10:00,46.63,100.00
129-04122,2021-03-15 13:20:00,45.34,100.00
129-04122,2021-03-15 13:30:00,41.07,100.00
129-04122,2021-03-15 13:40:00,48.34,100.00
129-04122,2021-03-15 13:50:00,47.41,100.00
129-04122,2021-03-15 14:00:00,45.47,100.00
129-04122,2021-03-15 14:10:00,44.83,100.00
129-04122,2021-03-15 14:20:00,45.78,100.00
129-04122,2021-03-15 14:30:00,42.40,100.00
129-04122,2021-03-15 14:40:00,44.35,100.00
129-04122,2021-03-15 14:50:00,45.53,100.00
129-04122,2021-03-15 15:00:00,43.39,100.00
129-04122,2021-03-15 15:10:00,41.26,100.00
129-04122,2021-03-15 15:20:00,41.63,100.00
129-04122,2021-03-15 15:30:00,46.91,100.00
129-04122,2021-03-15 15:40:00,27.35,97.00
129-04122,2021-03-15 15:50:00,21.94,92.00
129-04122,2021-03-15 16:00:00,33.73,100.00
129-04122,2021-03-15 16:10:00,50.17,100.00
129-04122,2021-03-15 16:20:00,44.87,100.00
129-04122,2021-03-15 16:30:00,47.73,100.00
129-04122,2021-03-15 16:40:00,46.95,100.00
129-04122,2021-03-15 16:50:00,47.37,100.00
129-04122,2021-03-15 17:00:00,48.18,100.00
129-04122,2021-03-15 17:10:00,51.55,100.00
129-04122,2021-03-15 17:20:00,47.76,100.00
129-04122,2021-03-15 17:30:00,44.92,100.00
129-04122,2021-03-15 17:40:00,42.35,100.00
129-04122,2021-03-15 17:50:00,47.40,100.00
129-04122,2021-03-15 18:00:00,52.88,100.00
129-04122,2021-03-15 18:10:00,54.31,100.00
129-04122,2021-03-15 18:20:00,53.80,100.00
129-04122,2021-03-15 18:30:00,51.53,100.00
129-04122,2021-03-15 18:40:00,46.85,100.00
129-04122,2021-03-15 18:50:00,57.16,100.00
129-04122,2021-03-15 19:00:00,54.47,100.00
129-04122,2021-03-15 19:10:00,47.52,100.00
129-04122,2021-03-15 19:20:00,49.71,100.00
129-04122,2021-03-15 19:30:00,52.36,100.00
129-04122,2021-03-15 19:40:00,53.91,100.00
129-04122,2021-03-15 19:50:00,52.15,100.00
129-04122,2021-03-15 20:00:00,52.82,100.00
129-04122,2021-03-15 20:10:00,46.55,100.00
129-04122,2021-03-15 20:20:00,46.66,100.00
129-04122,2021-03-15 20:30:00,52.30,100.00
129-04122,2021-03-15 20:40:00,54.54,100.00
129-04122,2021-03-15 20:50:00,51.30,100.00
129-04122,2021-03-15 21:00:00,53.14,100.00
129-04122,2021-03-15 21:10:00,51.52,100.00
129-04122,2021-03-15 21:20:00,54.59,100.00
129-04122,2021-03-15 21:30:00,53.35,100.00
129-04122,2021-03-15 21:40:00,56.24,100.00
129-04122,2021-03-15 21:50:00,60.51,100.00
129-04122,2021-03-15 22:00:00,62.06,100.00
129-04122,2021-03-15 22:10:00,60.53,100.00
129-04122,2021-03-15 22:20:00,58.30,100.00
129-04122,2021-03-15 22:30:00,60.16,100.00
129-04122,2021-03-15 22:40:00,54.37,100.00
129-04122,2021-03-15 22:50:00,53.65,100.00
129-04122,2021-03-15 23:00:00,55.66,100.00
129-04122,2021-03-15 23:10:00,55.18,100.00
129-04122,2021-03-15 23:20:00,42.32,100.00
129-04122,2021-03-15 23:30:00,29.95,92.00
129-04122,2021-03-15 23:40:00,27.19,90.00
129-04122,2021-03-15 23:50:00,31.22,93.00
129-04123,2021-03-15 00:00:00,36.58,100.00
129-04123,2021-03-15 00:10:00,37.80,100.00
129-04123,2021-03-15 00:20:00,38.59,100.00
129-04123,2021-03-15 00:30:00,38.47,100.00
129-04123,2021-03-15 00:40:00,37.29,100.00
129-04123,2021-03-15 00:50:00,37.65,100.00
129-04123,2021-03-15 01:00:00,40.67,100.00
129-04123,2021-03-15 01:10:00,39.09,100.00
129-04123,2021-03-15 01:20:00,40.29,100.00
129-04123,2021-03-15 01:30:00,29.43,92.60
129-04123,2021-03-15 01:40:00,28.79,95.80
129-04123,2021-03-15 01:50:00,37.38,96.40
129-04123,2021-03-15 02:00:00,47.90,100.00
129-04123,2021-03-15 02:10:00,35.92,94.60
129-04123,2021-03-15 02:20:00,33.35,97.00
129-04123,2021-03-15 02:30:00,24.47,94.00
129-04123,2021-03-15 02:40:00,27.48,96.40
129-04123,2021-03-15 02:50:00,38.65,100.00
129-04123,2021-03-15 03:00:00,40.20,100.00
129-04123,2021-03-15 03:10:00,38.37,100.00
129-04123,2021-03-15 03:20:00,31.98,99.40
129-04123,2021-03-15 03:30:00,30.39,94.60
129-04123,2021-03-15 03:40:00,42.65,100.00
129-04123,2021-03-15 03:50:00,43.43,100.00
129-04123,2021-03-15 04:00:00,37.44,100.00
129-04123,2021-03-15 04:10:00,37.80,100.00
129-04123,2021-03-15 04:20:00,49.83,100.00
129-04123,2021-03-15 04:30:00,55.70,100.00
129-04123,2021-03-15 04:40:00,61.19,95.00
129-04123,2021-03-15 04:50:00,61.17,91.80
129-04123,2021-03-15 05:00:00,62.44,95.40
129-04123,2021-03-15 05:10:00,57.92,99.40
129-04123,2021-03-15 05:20:00,51.59,99.60
129-04123,2021-03-15 05:30:00,51.50,100.00
129-04123,2021-03-15 05:40:00,51.79,98.80
129-04123,2021-03-15 05:50:00,47.69,100.00
129-04123,2021-03-15 06:00:00,48.32,99.60
129-04123,2021-03-15 06:10:00,46.76,100.00
129-04123,2021-03-15 06:20:00,44.10,100.00
129-04123,2021-03-15 06:30:00,39.09,100.00
129-04123,2021-03-15 06:40:00,34.63,100.00
129-04123,2021-03-15 06:50:00,34.23,100.00
129-04123,2021-03-15 07:00:00,33.13,100.00
129-04123,2021-03-15 07:10:00,38.38,100.00
129-04123,2021-03-15 07:20:00,44.01,98.80
129-04123,2021-03-15 07:30:00,40.58,100.00
129-04123,2021-03-15 07:40:00,38.55,100.00
129-04123,2021-03-15 07:50:00,36.75,100.00
129-04123,2021-03-15 08:00:00,31.55,100.00
129-04123,2021-03-15 08:10:00,37.54,100.00
129-04123,2021-03-15 08:20:00,38.61,99.60
129-04123,2021-03-15 08:30:00,42.92,94.60
129-04123,2021-03-15 08:40:00,35.72,100.00
129-04123,2021-03-15 08:50:00,36.25,98.00
129-04123,2021-03-15 09:00:00,42.31,94.00
129-04123,2021-03-15 09:10:00,43.05,92.40
129-04123,2021-03-15 09:20:00,40.99,94.60
129-04123,2021-03-15 09:30:00,46.03,95.80
129-04123,2021-03-15 09:40:00,42.91,96.80
129-04123,2021-03-15 09:50:00,45.10,97.60
129-04123,2021-03-15 10:00:00,49.32,96.00
129-04123,2021-03-15 10:10:00,43.37,99.60
129-04123,2021-03-15 10:20:00,44.45,100.00
129-04123,2021-03-15 10:30:00,43.95,100.00
129-04123,2021-03-15 10:40:00,45.54,100.00
129-04123,2021-03-15 10:50:00,48.73,99.60
129-04123,2021-03-15 11:00:00,44.49,100.00
129-04123,2021-03-15 11:10:00,40.06,100.00
129-04123,2021-03-15 11:20:00,51.06,99.00
129-04123,2021-03-15 11:30:00,41.26,100.00
129-04123,2021-03-15 11:40:00,42.60,100.00
129-04123,2021-03-15 11:50:00,47.57,100.00
129-04123,2021-03-15 12:00:00,50.16,100.00
129-04123,2021-03-15 12:10:00,45.58,100.00
129-04123,2021-03-15 12:20:00,37.71,100.00
129-04123,2021-03-15 12:30:00,43.65,100.00
129-04123,2021-03-15 12:40:00,47.83,100.00
129-04123,2021-03-15 12:50:00,44.60,100.00
129-04123,2021-03-15 13:00:00,47.52,100.00
129-04123,2021-03-15 13:10:00,46.65,100.00
129-04123,2021-03-15 13:20:00,45.23,100.00
129-04123,2021-03-15 13:30:00,42.48,100.00
129-04123,2021-03-15 13:40:00,46.00,100.00
129-04123,2021-03-15 13:50:00,48.65,100.00
129-04123,2021-03-15 14:00:00,46.67,100.00
129-04123,2021-03-15 14:10:00,45.40,100.00
129-04123,2021-03-15 14:20:00,46.18,100.00
129-04123,2021-03-15 14:30:00,50.31,100.00
129-04123,2021-03-15 14:40:00,50.75,100.00
129-04123,2021-03-15 14:50:00,46.80,100.00
129-04123,2021-03-15 15:00:00,43.43,100.00
129-04123,2021-03-15 15:10:00,48.91,100.00
129-04123,2021-03-15 15:20:00,50.64,100.00
129-04123,2021-03-15 15:30:00,50.03,100.00
129-04123,2021-03-15 15:40:00,47.09,100.00
129-04123,2021-03-15 15:50:00,49.69,100.00
129-04123,2021-03-15 16:00:00,50.83,100.00
129-04123,2021-03-15 16:10:00,48.66,100.00
129-04123,2021-03-15 16:20:00,48.72,100.00
129-04123,2021-03-15 16:30:00,52.02,100.00
129-04123,2021-03-15 16:40:00,48.60,100.00
129-04123,2021-03-15 16:50:00,48.70,100.00
129-04123,2021-03-15 17:00:00,51.14,100.00
129-04123,2021-03-15 17:10:00,50.72,100.00
129-04123,2021-03-15 17:20:00,49.76,100.00
129-04123,2021-03-15 17:30:00,49.08,100.00
129-04123,2021-03-15 17:40:00,47.92,100.00
129-04123,2021-03-15 17:50:00,52.45,100.00
129-04123,2021-03-15 18:00:00,55.63,100.00
129-04123,2021-03-15 18:10:00,50.90,100.00
129-04123,2021-03-15 18:20:00,53.62,100.00
129-04123,2021-03-15 18:30:00,54.32,100.00
129-04123,2021-03-15 18:40:00,49.24,100.00
129-04123,2021-03-15 18:50:00,55.93,100.00
129-04123,2021-03-15 19:00:00,53.55,100.00
129-04123,2021-03-15 19:10:00,47.35,100.00
129-04123,2021-03-15 19:20:00,49.20,100.00
129-04123,2021-03-15 19:30:00,50.14,100.00
129-04123,2021-03-15 19:40:00,54.71,100.00
129-04123,2021-03-15 19:50:00,49.44,100.00
129-04123,2021-03-15 20:00:00,48.06,100.00
129-04123,2021-03-15 20:10:00,48.08,100.00
129-04123,2021-03-15 20:20:00,50.05,100.00
129-04123,2021-03-15 20:30:00,52.75,100.00
129-04123,2021-03-15 20:40:00,59.17,100.00
129-04123,2021-03-15 20:50:00,50.11,100.00
129-04123,2021-03-15 21:00:00,49.65,100.00
129-04123,2021-03-15 21:10:00,48.57,100.00
129-04123,2021-03-15 21:20:00,53.17,100.00
129-04123,2021-03-15 21:30:00,54.93,100.00
129-04123,2021-03-15 21:40:00,55.78,100.00
129-04123,2021-03-15 21:50:00,53.46,100.00
129-04123,2021-03-15 22:00:00,52.98,100.00
129-04123,2021-03-15 22:10:00,57.57,100.00
129-04123,2021-03-15 22:20:00,58.66,100.00
129-04123,2021-03-15 22:30:00,56.46,100.00
129-04123,2021-03-15 22:40:00,52.78,100.00
129-04123,2021-03-15 22:50:00,54.89,100.00
129-04123,2021-03-15 23:00:00,51.87,100.00
129-04123,2021-03-15 23:10:00,46.82,99.60
129-04123,2021-03-15 23:20:00,18.43,91.80
129-04123,2021-03-15 23:30:00,14.79,89.60
129-04123,2021-03-15 23:40:00,21.78,88.00
129-04123,2021-03-15 23:50:00,35.53,96.40
129-04120,2021-03-15 00:00:00,52.60,100.00
129-04120,2021-03-15 00:10:00,52.01,100.00
129-04120,2021-03-15 00:20:00,46.38,100.00
129-04120,2021-03-15 00:30:00,47.62,100.00
129-04120,2021-03-15 00:40:00,51.80,98.00
129-04120,2021-03-15 00:50:00,55.70,95.00
129-04120,2021-03-15 01:00:00,50.24,98.00
129-04120,2021-03-15 01:10:00,46.59,100.00
129-04120,2021-03-15 01:20:00,45.20,100.00
129-04120,2021-03-15 01:30:00,45.20,94.00
129-04120,2021-03-15 01:40:00,46.00,90.00
129-04120,2021-03-15 01:50:00,49.22,94.00
129-04120,2021-03-15 02:00:00,55.00,100.00
129-04120,2021-03-15 02:10:00,62.71,93.00
129-04120,2021-03-15 02:20:00,66.70,90.00
129-04120,2021-03-15 02:30:00,63.68,89.00
129-04120,2021-03-15 02:40:00,56.03,90.00
129-04120,2021-03-15 02:50:00,56.30,100.00
129-04120,2021-03-15 03:00:00,51.47,100.00
129-04120,2021-03-15 03:10:00,45.62,95.00
129-04120,2021-03-15 03:20:00,43.80,90.00
129-04120,2021-03-15 03:30:00,45.59,90.00
129-04120,2021-03-15 03:40:00,46.00,95.00
129-04120,2021-03-15 03:50:00,45.20,90.00
129-04120,2021-03-15 04:00:00,48.78,96.00
129-04120,2021-03-15 04:10:00,55.75,97.00
129-04120,2021-03-15 04:20:00,58.04,100.00
129-04120,2021-03-15 04:30:00,52.93,100.00
129-04120,2021-03-15 04:40:00,52.08,100.00
129-04120,2021-03-15 04:50:00,60.33,99.00
129-04120,2021-03-15 05:00:00,61.61,100.00
129-04120,2021-03-15 05:10:00,59.99,100.00
129-04120,2021-03-15 05:20:00,61.40,98.00
129-04120,2021-03-15 05:30:00,48.68,100.00
129-04120,2021-03-15 05:40:00,43.01,100.00
129-04120,2021-03-15 05:50:00,39.35,100.00
129-04120,2021-03-15 06:00:00,50.40,100.00
129-04120,2021-03-15 06:10:00,55.28,100.00
129-04120,2021-03-15 06:20:00,55.13,100.00
129-04120,2021-03-15 06:30:00,47.36,100.00
129-04120,2021-03-15 06:40:00,37.20,100.00
129-04120,2021-03-15 06:50:00,43.62,100.00
129-04120,2021-03-15 07:00:00,43.80,100.00
129-04120,2021-03-15 07:10:00,34.54,100.00
129-04120,2021-03-15 07:20:00,41.90,100.00
129-04120,2021-03-15 07:30:00,44.54,100.00
129-04120,2021-03-15 07:40:00,45.03,100.00
129-04120,2021-03-15 07:50:00,40.09,100.00
129-04120,2021-03-15 08:00:00,47.96,100.00
129-04120,2021-03-15 08:10:00,46.27,100.00
129-04120,2021-03-15 08:20:00,44.09,100.00
129-04120,2021-03-15 08:30:00,40.85,99.00
129-04120,2021-03-15 08:40:00,44.44,100.00
129-04120,2021-03-15 08:50:00,35.02,100.00
129-04120,2021-03-15 09:00:00,32.67,100.00
129-04120,2021-03-15 09:10:00,45.25,99.00
129-04120,2021-03-15 09:20:00,49.53,97.00
129-04120,2021-03-15 09:30:00,53.78,94.00
129-04120,2021-03-15 09:40:00,47.91,96.00
129-04120,2021-03-15 09:50:00,45.11,100.00
129-04120,2021-03-15 10:00:00,48.79,100.00
129-04120,2021-03-15 10:10:00,40.65,100.00
129-04120,2021-03-15 10:20:00,40.69,100.00
129-04120,2021-03-15 10:30:00,47.20,98.00
129-04120,2021-03-15 10:40:00,53.96,93.00
129-04120,2021-03-15 10:50:00,51.90,100.00
129-04120,2021-03-15 11:00:00,47.51,100.00
129-04120,2021-03-15 11:10:00,38.38,100.00
129-04120,2021-03-15 11:20:00,47.40,100.00
129-04120,2021-03-15 11:30:00,50.10,100.00
129-04120,2021-03-15 11:40:00,45.02,100.00
129-04120,2021-03-15 11:50:00,52.44,100.00
129-04120,2021-03-15 12:00:00,52.72,100.00
129-04120,2021-03-15 12:10:00,46.10,100.00
129-04120,2021-03-15 12:20:00,43.62,100.00
129-04120,2021-03-15 12:30:00,39.24,100.00
129-04120,2021-03-15 12:40:00,40.87,100.00
129-04120,2021-03-15 12:50:00,41.01,100.00
129-04120,2021-03-15 13:00:00,42.38,100.00
129-04120,2021-03-15 13:10:00,47.90,100.00
129-04120,2021-03-15 13:20:00,43.42,100.00
129-04120,2021-03-15 13:30:00,44.95,100.00
129-04120,2021-03-15 13:40:00,47.76,100.00
129-04120,2021-03-15 13:50:00,46.82,100.00
129-04120,2021-03-15 14:00:00,51.42,100.00
129-04120,2021-03-15 14:10:00,42.51,100.00
129-04120,2021-03-15 14:20:00,32.57,98.00
129-04120,2021-03-15 14:30:00,20.10,96.00
129-04120,2021-03-15 14:40:00,15.50,90.00
129-04120,2021-03-15 14:50:00,26.36,96.00
129-04120,2021-03-15 15:00:00,45.97,99.00
129-04120,2021-03-15 15:10:00,41.80,100.00
129-04120,2021-03-15 15:20:00,29.43,99.00
129-04120,2021-03-15 15:30:00,21.86,96.00
129-04120,2021-03-15 15:40:00,14.87,88.00
129-04120,2021-03-15 15:50:00,12.67,90.00
129-04120,2021-03-15 16:00:00,19.73,94.00
129-04120,2021-03-15 16:10:00,35.76,98.00
129-04120,2021-03-15 16:20:00,40.55,100.00
129-04120,2021-03-15 16:30:00,47.14,100.00
129-04120,2021-03-15 16:40:00,50.04,100.00
129-04120,2021-03-15 16:50:00,49.75,100.00
129-04120,2021-03-15 17:00:00,43.81,100.00
129-04120,2021-03-15 17:10:00,46.70,100.00
129-04120,2021-03-15 17:20:00,46.07,100.00
129-04120,2021-03-15 17:30:00,44.50,100.00
129-04120,2021-03-15 17:40:00,47.29,100.00
129-04120,2021-03-15 17:50:00,52.84,100.00
129-04120,2021-03-15 18:00:00,49.78,100.00
129-04120,2021-03-15 18:10:00,49.26,100.00
129-04120,2021-03-15 18:20:00,49.06,100.00
129-04120,2021-03-15 18:30:00,56.03,100.00
129-04120,2021-03-15 18:40:00,52.21,100.00
129-04120,2021-03-15 18:50:00,52.05,100.00
129-04120,2021-03-15 19:00:00,52.21,100.00
129-04120,2021-03-15 19:10:00,53.67,100.00
129-04120,2021-03-15 19:20:00,55.99,100.00
129-04120,2021-03-15 19:30:00,54.99,100.00
129-04120,2021-03-15 19:40:00,53.57,100.00
129-04120,2021-03-15 19:50:00,54.88,100.00
129-04120,2021-03-15 20:00:00,57.37,100.00
129-04120,2021-03-15 20:10:00,50.70,100.00
129-04120,2021-03-15 20:20:00,46.90,100.00
129-04120,2021-03-15 20:30:00,50.92,100.00
129-04120,2021-03-15 20:40:00,59.78,100.00
129-04120,2021-03-15 20:50:00,58.38,100.00
129-04120,2021-03-15 21:00:00,54.09,100.00
129-04120,2021-03-15 21:10:00,54.35,100.00
129-04120,2021-03-15 21:20:00,50.33,100.00
129-04120,2021-03-15 21:30:00,47.60,100.00
129-04120,2021-03-15 21:40:00,54.15,100.00
129-04120,2021-03-15 21:50:00,57.14,100.00
129-04120,2021-03-15 22:00:00,59.34,100.00
129-04120,2021-03-15 22:10:00,54.13,100.00
129-04120,2021-03-15 22:20:00,51.24,100.00
129-04120,2021-03-15 22:30:00,61.85,100.00
129-04120,2021-03-15 22:40:00,59.49,100.00
129-04120,2021-03-15 22:50:00,56.39,100.00
129-04120,2021-03-15 23:00:00,56.88,100.00
129-04120,2021-03-15 23:10:00,56.19,100.00
129-04120,2021-03-15 23:20:00,52.10,100.00
129-04120,2021-03-15 23:30:00,46.01,100.00
129-04120,2021-03-15 23:40:00,44.80,100.00
129-04120,2021-03-15 23:50:00,45.31,100.00
129-04121,2021-03-15 00:00:00,37.39,99.30
129-04121,2021-03-15 00:10:00,45.77,100.00
129-04121,2021-03-15 00:20:00,41.38,98.20
129-04121,2021-03-15 00:30:00,43.57,99.10
129-04121,2021-03-15 00:40:00,48.57,98.30
129-04121,2021-03-15 00:50:00,51.66,96.50
129-04121,2021-03-15 01:00:00,46.73,98.60
129-04121,2021-03-15 01:10:00,39.15,100.00
129-04121,2021-03-15 01:20:00,40.10,100.00
129-04121,2021-03-15 01:30:00,37.96,93.00
129-04121,2021-03-15 01:40:00,39.10,83.40
129-04121,2021-03-15 01:50:00,43.76,90.10
129-04121,2021-03-15 02:00:00,50.00,100.00
129-04121,2021-03-15 02:10:00,58.42,93.70
129-04121,2021-03-15 02:20:00,65.39,91.50
129-04121,2021-03-15 02:30:00,63.09,89.60
129-04121,2021-03-15 02:40:00,55.42,90.70
129-04121,2021-03-15 02:50:00,56.40,100.00
129-04121,2021-03-15 03:00:00,50.14,100.00
129-04121,2021-03-15 03:10:00,44.23,95.80
129-04121,2021-03-15 03:20:00,43.90,90.00
129-04121,2021-03-15 03:30:00,45.88,90.00
129-04121,2021-03-15 03:40:00,32.66,89.70
129-04121,2021-03-15 03:50:00,37.00,84.00
129-04121,2021-03-15 04:00:00,39.77,87.90
129-04121,2021-03-15 04:10:00,52.42,97.00
129-04121,2021-03-15 04:20:00,57.39,100.00
129-04121,2021-03-15 04:30:00,51.68,100.00
129-04121,2021-03-15 04:40:00,52.88,100.00
129-04121,2021-03-15 04:50:00,62.29,97.50
129-04121,2021-03-15 05:00:00,58.72,99.70
129-04121,2021-03-15 05:10:00,55.28,100.00
129-04121,2021-03-15 05:20:00,57.90,97.90
129-04121,2021-03-15 05:30:00,46.38,100.00
129-04121,2021-03-15 05:40:00,40.33,100.00
129-04121,2021-03-15 05:50:00,36.04,97.20
129-04121,2021-03-15 06:00:00,51.91,100.00
129-04121,2021-03-15 06:10:00,56.37,98.60
129-04121,2021-03-15 06:20:00,57.04,100.00
129-04121,2021-03-15 06:30:00,51.65,100.00
129-04121,2021-03-15 06:40:00,44.01,100.00
129-04121,2021-03-15 06:50:00,39.11,100.00
129-04121,2021-03-15 07:00:00,44.74,100.00
129-04121,2021-03-15 07:10:00,46.13,100.00
129-04121,2021-03-15 07:20:00,45.35,100.00
129-04121,2021-03-15 07:30:00,46.32,100.00
129-04121,2021-03-15 07:40:00,46.36,100.00
129-04121,2021-03-15 07:50:00,41.86,100.00
129-04121,2021-03-15 08:00:00,45.43,100.00
129-04121,2021-03-15 08:10:00,47.16,100.00
129-04121,2021-03-15 08:20:00,46.32,100.00
129-04121,2021-03-15 08:30:00,47.12,100.00
129-04121,2021-03-15 08:40:00,42.38,100.00
129-04121,2021-03-15 08:50:00,41.33,100.00
129-04121,2021-03-15 09:00:00,35.68,99.40
129-04121,2021-03-15 09:10:00,35.00,100.00
129-04121,2021-03-15 09:20:00,53.40,93.80
129-04121,2021-03-15 09:30:00,48.57,97.20
129-04121,2021-03-15 09:40:00,48.17,99.30
129-04121,2021-03-15 09:50:00,47.47,100.00
129-04121,2021-03-15 10:00:00,49.13,100.00
129-04121,2021-03-15 10:10:00,42.28,100.00
129-04121,2021-03-15 10:20:00,45.16,100.00
129-04121,2021-03-15 10:30:00,42.69,100.00
129-04121,2021-03-15 10:40:00,43.18,100.00
129-04121,2021-03-15 10:50:00,53.16,100.00
129-04121,2021-03-15 11:00:00,50.30,100.00
129-04121,2021-03-15 11:10:00,46.53,100.00
129-04121,2021-03-15 11:20:00,55.08,100.00
129-04121,2021-03-15 11:30:00,53.02,100.00
129-04121,2021-03-15 11:40:00,46.73,100.00
129-04121,2021-03-15 11:50:00,51.36,100.00
129-04121,2021-03-15 12:00:00,52.05,100.00
129-04121,2021-03-15 12:10:00,42.82,100.00
129-04121,2021-03-15 12:20:00,45.11,100.00
129-04121,2021-03-15 12:30:00,47.00,100.00
129-04121,2021-03-15 12:40:00,45.79,100.00
129-04121,2021-03-15 12:50:00,43.38,100.00
129-04121,2021-03-15 13:00:00,46.18,100.00
129-04121,2021-03-15 13:10:00,48.81,100.00
129-04121,2021-03-15 13:20:00,46.12,100.00
129-04121,2021-03-15 13:30:00,45.99,100.00
129-04121,2021-03-15 13:40:00,52.84,100.00
129-04121,2021-03-15 13:50:00,47.40,100.00
129-04121,2021-03-15 14:00:00,50.36,100.00
129-04121,2021-03-15 14:10:00,48.44,100.00
129-04121,2021-03-15 14:20:00,46.53,100.00
129-04121,2021-03-15 14:30:00,35.49,100.00
129-04121,2021-03-15 14:40:00,32.88,100.00
129-04121,2021-03-15 14:50:00,44.11,100.00
129-04121,2021-03-15 15:00:00,51.43,97.90
129-04121,2021-03-15 15:10:00,45.24,100.00
129-04121,2021-03-15 15:20:00,40.50,100.00
129-04121,2021-03-15 15:30:00,33.47,97.20
129-04121,2021-03-15 15:40:00,18.27,90.50
129-04121,2021-03-15 15:50:00,11.13,90.60
129-04121,2021-03-15 16:00:00,23.25,95.10
129-04121,2021-03-15 16:10:00,49.10,100.00
129-04121,2021-03-15 16:20:00,42.21,100.00
129-04121,2021-03-15 16:30:00,48.40,100.00
129-04121,2021-03-15 16:40:00,50.59,100.00
129-04121,2021-03-15 16:50:00,50.87,100.00
129-04121,2021-03-15 17:00:00,52.12,100.00
129-04121,2021-03-15 17:10:00,52.98,100.00
129-04121,2021-03-15 17:20:00,50.19,100.00
129-04121,2021-03-15 17:30:00,45.40,100.00
129-04121,2021-03-15 17:40:00,41.76,100.00
129-04121,2021-03-15 17:50:00,53.66,100.00
129-04121,2021-03-15 18:00:00,49.80,100.00
129-04121,2021-03-15 18:10:00,52.66,100.00
129-04121,2021-03-15 18:20:00,53.91,100.00
129-04121,2021-03-15 18:30:00,54.05,100.00
129-04121,2021-03-15 18:40:00,52.01,100.00
129-04121,2021-03-15 18:50:00,51.23,100.00
129-04121,2021-03-15 19:00:00,54.63,100.00
129-04121,2021-03-15 19:10:00,56.57,100.00
129-04121,2021-03-15 19:20:00,58.28,100.00
129-04121,2021-03-15 19:30:00,55.58,100.00
129-04121,2021-03-15 19:40:00,53.34,100.00
129-04121,2021-03-15 19:50:00,50.50,100.00
129-04121,2021-03-15 20:00:00,54.11,100.00
129-04121,2021-03-15 20:10:00,40.03,96.50
129-04121,2021-03-15 20:20:00,38.01,100.00
129-04121,2021-03-15 20:30:00,52.06,99.30
129-04121,2021-03-15 20:40:00,58.22,100.00
129-04121,2021-03-15 20:50:00,61.68,100.00
129-04121,2021-03-15 21:00:00,56.64,100.00
129-04121,2021-03-15 21:10:00,55.47,100.00
129-04121,2021-03-15 21:20:00,54.03,100.00
129-04121,2021-03-15 21:30:00,48.84,100.00
129-04121,2021-03-15 21:40:00,53.04,100.00
129-04121,2021-03-15 21:50:00,61.07,100.00
129-04121,2021-03-15 22:00:00,62.34,100.00
129-04121,2021-03-15 22:10:00,57.69,100.00
129-04121,2021-03-15 22:20:00,53.37,100.00
129-04121,2021-03-15 22:30:00,60.61,100.00
129-04121,2021-03-15 22:40:00,55.35,100.00
129-04121,2021-03-15 22:50:00,52.04,100.00
129-04121,2021-03-15 23:00:00,59.12,100.00
129-04121,2021-03-15 23:10:00,61.60,100.00
129-04121,2021-03-15 23:20:00,51.44,100.00
129-04121,2021-03-15 23:30:00,39.48,92.70
129-04121,2021-03-15 23:40:00,34.70,90.00
129-04121,2021-03-15 23:50:00,36.76,95.10
129N04109,2021-03-15 00:00:00,66.59,100.00
129N04109,2021-03-15 00:10:00,62.62,100.00
129N04109,2021-03-15 00:20:00,61.16,100.00
129N04109,2021-03-15 00:30:00,67.12,100.00
129N04109,2021-03-15 00:40:00,68.96,100.00
129N04109,2021-03-15 00:50:00,66.26,100.00
129N04109,2021-03-15 01:00:00,67.79,100.00
129N04109,2021-03-15 01:10:00,65.63,100.00
129N04109,2021-03-15 01:20:00,63.89,100.00
129N04109,2021-03-15 01:30:00,65.88,100.00
129N04109,2021-03-15 01:40:00,62.54,100.00
129N04109,2021-03-15 01:50:00,62.59,100.00
129N04109,2021-03-15 02:00:00,63.00,100.00
129N04109,2021-03-15 02:10:00,62.40,100.00
129N04109,2021-03-15 02:20:00,59.66,100.00
129N04109,2021-03-15 02:30:00,62.18,100.00
129N04109,2021-03-15 02:40:00,63.39,100.00
129N04109,2021-03-15 02:50:00,63.27,100.00
129N04109,2021-03-15 03:00:00,64.19,100.00
129N04109,2021-03-15 03:10:00,63.89,100.00
129N04109,2021-03-15 03:20:00,58.75,100.00
129N04109,2021-03-15 03:30:00,60.01,100.00
129N04109,2021-03-15 03:40:00,66.29,100.00
129N04109,2021-03-15 03:50:00,61.98,100.00
129N04109,2021-03-15 04:00:00,60.61,100.00
129N04109,2021-03-15 04:10:00,61.12,100.00
129N04109,2021-03-15 04:20:00,62.89,100.00
129N04109,2021-03-15 04:30:00,67.07,100.00
129N04109,2021-03-15 04:40:00,64.12,100.00
129N04109,2021-03-15 04:50:00,59.96,100.00
129N04109,2021-03-15 05:00:00,64.59,100.00
129N04109,2021-03-15 05:10:00,62.79,100.00
129N04109,2021-03-15 05:20:00,64.03,100.00
129N04109,2021-03-15 05:30:00,61.72,100.00
129N04109,2021-03-15 05:40:00,63.37,100.00
129N04109,2021-03-15 05:50:00,63.98,100.00
129N04109,2021-03-15 06:00:00,60.55,100.00
129N04109,2021-03-15 06:10:00,59.76,100.00
129N04109,2021-03-15 06:20:00,57.72,100.00
129N04109,2021-03-15 06:30:00,57.26,100.00
129N04109,2021-03-15 06:40:00,56.54,100.00
129N04109,2021-03-15 06:50:00,58.88,100.00
129N04109,2021-03-15 07:00:00,59.29,100.00
129N04109,2021-03-15 07:10:00,56.97,100.00
129N04109,2021-03-15 07:20:00,56.02,100.00
129N04109,2021-03-15 07:30:00,54.07,100.00
129N04109,2021-03-15 07:40:00,53.62,100.00
129N04109,2021-03-15 07:50:00,54.36,100.00
129N04109,2021-03-15 08:00:00,57.53,100.00
129N04109,2021-03-15 08:10:00,51.85,100.00
129N04109,2021-03-15 08:20:00,49.29,100.00
129N04109,2021-03-15 08:30:00,52.53,100.00
129N04109,2021-03-15 08:40:00,50.67,100.00
129N04109,2021-03-15 08:50:00,57.08,100.00
129N04109,2021-03-15 09:00:00,57.76,100.00
129N04109,2021-03-15 09:10:00,57.61,100.00
129N04109,2021-03-15 09:20:00,60.22,100.00
129N04109,2021-03-15 09:30:00,55.96,100.00
129N04109,2021-03-15 09:40:00,56.72,100.00
129N04109,2021-03-15 09:50:00,59.21,100.00
129N04109,2021-03-15 10:00:00,56.90,100.00
129N04109,2021-03-15 10:10:00,57.75,100.00
129N04109,2021-03-15 10:20:00,53.06,100.00
129N04109,2021-03-15 10:30:00,55.22,100.00
129N04109,2021-03-15 10:40:00,54.78,100.00
129N04109,2021-03-15 10:50:00,54.43,100.00
129N04109,2021-03-15 11:00:00,57.35,100.00
129N04109,2021-03-15 11:10:00,59.94,100.00
129N04109,2021-03-15 11:20:00,60.68,100.00
129N04109,2021-03-15 11:30:00,63.08,100.00
129N04109,2021-03-15 11:40:00,57.12,100.00
129N04109,2021-03-15 11:50:00,61.05,100.00
129N04109,2021-03-15 12:00:00,59.76,100.00
129N04109,2021-03-15 12:10:00,59.37,100.00
129N04109,2021-03-15 12:20:00,61.82,100.00
129N04109,2021-03-15 12:30:00,61.48,100.00
129N04109,2021-03-15 12:40:00,58.63,100.00
129N04109,2021-03-15 12:50:00,57.54,100.00
129N04109,2021-03-15 13:00:00,57.47,100.00
129N04109,2021-03-15 13:10:00,60.99,100.00
129N04109,2021-03-15 13:20:00,61.32,100.00
129N04109,2021-03-15 13:30:00,56.91,100.00
129N04109,2021-03-15 13:40:00,56.71,100.00
129N04109,2021-03-15 13:50:00,53.93,100.00
129N04109,2021-03-15 14:00:00,54.45,100.00
129N04109,2021-03-15 14:10:00,53.07,100.00
129N04109,2021-03-15 14:20:00,48.10,100.00
129N04109,2021-03-15 14:30:00,20.56,93.00
129N04109,2021-03-15 14:40:00,13.35,90.00
129N04109,2021-03-15 14:50:00,13.34,90.00
129N04109,2021-03-15 15:00:00,13.53,90.00
129N04109,2021-03-15 15:10:00,18.32,90.00
129N04109,2021-03-15 15:20:00,21.07,92.00
129N04109,2021-03-15 15:30:00,45.32,100.00
129N04109,2021-03-15 15:40:00,47.49,100.00
129N04109,2021-03-15 15:50:00,44.96,100.00
129N04109,2021-03-15 16:00:00,49.54,100.00
129N04109,2021-03-15 16:10:00,26.06,100.00
129N04109,2021-03-15 16:20:00,22.00,100.00
129N04109,2021-03-15 16:30:00,47.04,100.00
129N04109,2021-03-15 16:40:00,49.83,100.00
129N04109,2021-03-15 16:50:00,51.81,100.00
129N04109,2021-03-15 17:00:00,53.47,100.00
129N04109,2021-03-15 17:10:00,56.15,100.00
129N04109,2021-03-15 17:20:00,53.42,98.00
129N04109,2021-03-15 17:30:00,33.83,98.00
129N04109,2021-03-15 17:40:00,15.85,93.00
129N04109,2021-03-15 17:50:00,17.38,96.00
129N04109,2021-03-15 18:00:00,25.91,98.00
129N04109,2021-03-15 18:10:00,52.29,100.00
129N04109,2021-03-15 18:20:00,54.28,100.00
129N04109,2021-03-15 18:30:00,58.94,100.00
129N04109,2021-03-15 18:40:00,60.64,100.00
129N04109,2021-03-15 18:50:00,60.91,100.00
129N04109,2021-03-15 19:00:00,61.22,100.00
129N04109,2021-03-15 19:10:00,60.86,100.00
129N04109,2021-03-15 19:20:00,58.37,100.00
129N04109,2021-03-15 19:30:00,62.17,100.00
129N04109,2021-03-15 19:40:00,60.57,100.00
129N04109,2021-03-15 19:50:00,62.96,100.00
129N04109,2021-03-15 20:00:00,62.54,100.00
129N04109,2021-03-15 20:10:00,68.15,100.00
129N04109,2021-03-15 20:20:00,63.34,100.00
129N04109,2021-03-15 20:30:00,63.88,100.00
129N04109,2021-03-15 20:40:00,65.57,100.00
129N04109,2021-03-15 20:50:00,62.04,100.00
129N04109,2021-03-15 21:00:00,64.21,100.00
129N04109,2021-03-15 21:10:00,65.02,100.00
129N04109,2021-03-15 21:20:00,62.79,100.00
129N04109,2021-03-15 21:30:00,59.48,100.00
129N04109,2021-03-15 21:40:00,60.50,100.00
129N04109,2021-03-15 21:50:00,61.74,100.00
129N04109,2021-03-15 22:00:00,65.06,100.00
129N04109,2021-03-15 22:10:00,66.26,100.00
129N04109,2021-03-15 22:20:00,67.30,100.00
129N04109,2021-03-15 22:30:00,64.34,100.00
129N04109,2021-03-15 22:40:00,63.49,100.00
129N04109,2021-03-15 22:50:00,63.49,100.00
129N04109,2021-03-15 23:00:00,64.46,100.00
129N04109,2021-03-15 23:10:00,67.96,100.00
129N04109,2021-03-15 23:20:00,66.27,100.00
129N04109,2021-03-15 23:30:00,65.80,100.00
129N04109,2021-03-15 23:40:00,63.56,100.00
129N04109,2021-03-15 23:50:00,65.18,100.00
129N04117,2021-03-15 00:00:00,57.00,90.00
129N04117,2021-03-15 00:10:00,53.07,100.00
129N04117,2021-03-15 00:20:00,53.26,100.00
129N04117,2021-03-15 00:30:00,53.08,97.00
129N04117,2021-03-15 00:40:00,53.44,95.00
129N04117,2021-03-15 00:50:00,56.70,92.00
129N04117,2021-03-15 01:00:00,50.78,98.00
129N04117,2021-03-15 01:10:00,47.37,100.00
129N04117,2021-03-15 01:20:00,45.39,100.00
129N04117,2021-03-15 01:30:00,45.00,95.00
129N04117,2021-03-15 01:40:00,45.90,90.00
129N04117,2021-03-15 01:50:00,18.71,90.00
129N04117,2021-03-15 02:00:00,15.58,84.00
129N04117,2021-03-15 02:10:00,19.53,80.00
129N04117,2021-03-15 02:20:00,44.38,89.00
129N04117,2021-03-15 02:30:00,48.30,90.00
129N04117,2021-03-15 02:40:00,43.60,94.00
129N04117,2021-03-15 02:50:00,42.70,100.00
129N04117,2021-03-15 03:00:00,42.00,100.00
129N04117,2021-03-15 03:10:00,44.36,95.00
129N04117,2021-03-15 03:20:00,47.00,90.00
129N04117,2021-03-15 03:30:00,45.19,90.00
129N04117,2021-03-15 03:40:00,41.91,97.00
129N04117,2021-03-15 03:50:00,41.10,90.00
129N04117,2021-03-15 04:00:00,46.18,96.00
129N04117,2021-03-15 04:10:00,54.93,96.00
129N04117,2021-03-15 04:20:00,58.79,100.00
129N04117,2021-03-15 04:30:00,58.50,100.00
129N04117,2021-03-15 04:40:00,43.23,99.00
129N04117,2021-03-15 04:50:00,57.86,100.00
129N04117,2021-03-15 05:00:00,66.70,100.00
129N04117,2021-03-15 05:10:00,66.30,100.00
129N04117,2021-03-15 05:20:00,62.09,100.00
129N04117,2021-03-15 05:30:00,57.95,100.00
129N04117,2021-03-15 05:40:00,56.47,100.00
129N04117,2021-03-15 05:50:00,54.79,98.00
129N04117,2021-03-15 06:00:00,56.51,100.00
129N04117,2021-03-15 06:10:00,50.78,100.00
129N04117,2021-03-15 06:20:00,42.74,100.00
129N04117,2021-03-15 06:30:00,38.69,100.00
129N04117,2021-03-15 06:40:00,42.88,100.00
129N04117,2021-03-15 06:50:00,50.31,100.00
129N04117,2021-03-15 07:00:00,47.10,100.00
129N04117,2021-03-15 07:10:00,47.39,100.00
129N04117,2021-03-15 07:20:00,47.19,100.00
129N04117,2021-03-15 07:30:00,44.57,100.00
129N04117,2021-03-15 07:40:00,46.57,100.00
129N04117,2021-03-15 07:50:00,45.47,100.00
129N04117,2021-03-15 08:00:00,52.25,100.00
129N04117,2021-03-15 08:10:00,47.87,100.00
129N04117,2021-03-15 08:20:00,47.48,100.00
129N04117,2021-03-15 08:30:00,42.87,100.00
129N04117,2021-03-15 08:40:00,47.09,100.00
129N04117,2021-03-15 08:50:00,44.75,100.00
129N04117,2021-03-15 09:00:00,41.41,100.00
129N04117,2021-03-15 09:10:00,46.81,100.00
129N04117,2021-03-15 09:20:00,47.21,100.00
129N04117,2021-03-15 09:30:00,53.34,98.00
129N04117,2021-03-15 09:40:00,41.15,99.00
129N04117,2021-03-15 09:50:00,41.46,100.00
129N04117,2021-03-15 10:00:00,52.27,100.00
129N04117,2021-03-15 10:10:00,53.78,100.00
129N04117,2021-03-15 10:20:00,49.98,100.00
129N04117,2021-03-15 10:30:00,42.19,100.00
129N04117,2021-03-15 10:40:00,35.69,100.00
129N04117,2021-03-15 10:50:00,41.19,100.00
129N04117,2021-03-15 11:00:00,53.57,100.00
129N04117,2021-03-15 11:10:00,52.38,100.00
129N04117,2021-03-15 11:20:00,47.37,100.00
129N04117,2021-03-15 11:30:00,47.37,100.00
129N04117,2021-03-15 11:40:00,34.06,100.00
129N04117,2021-03-15 11:50:00,43.60,100.00
129N04117,2021-03-15 12:00:00,51.57,100.00
129N04117,2021-03-15 12:10:00,48.14,100.00
129N04117,2021-03-15 12:20:00,45.45,100.00
129N04117,2021-03-15 12:30:00,37.51,100.00
129N04117,2021-03-15 12:40:00,43.84,100.00
129N04117,2021-03-15 12:50:00,50.12,100.00
129N04117,2021-03-15 13:00:00,53.65,100.00
129N04117,2021-03-15 13:10:00,47.71,100.00
129N04117,2021-03-15 13:20:00,48.21,100.00
129N04117,2021-03-15 13:30:00,36.89,100.00
129N04117,2021-03-15 13:40:00,47.98,100.00
129N04117,2021-03-15 13:50:00,46.23,100.00
129N04117,2021-03-15 14:00:00,43.00,100.00
129N04117,2021-03-15 14:10:00,35.83,100.00
129N04117,2021-03-15 14:20:00,26.36,100.00
129N04117,2021-03-15 14:30:00,11.74,94.00
129N04117,2021-03-15 14:40:00,9.28,90.00
129N04117,2021-03-15 14:50:00,13.95,96.00
129N04117,2021-03-15 15:00:00,21.97,100.00
129N04117,2021-03-15 15:10:00,20.59,100.00
129N04117,2021-03-15 15:20:00,13.62,100.00
129N04117,2021-03-15 15:30:00,13.00,100.00
129N04117,2021-03-15 15:40:00,15.96,100.00
129N04117,2021-03-15 15:50:00,16.93,100.00
129N04117,2021-03-15 16:00:00,21.55,100.00
129N04117,2021-03-15 16:10:00,21.83,100.00
129N04117,2021-03-15 16:20:00,19.63,100.00
129N04117,2021-03-15 16:30:00,13.46,100.00
129N04117,2021-03-15 16:40:00,17.91,94.00
129N04117,2021-03-15 16:50:00,26.95,94.00
129N04117,2021-03-15 17:00:00,37.12,87.00
129N04117,2021-03-15 17:10:00,38.03,87.00
129N04117,2021-03-15 17:20:00,36.56,87.00
129N04117,2021-03-15 17:30:00,40.85,86.00
129N04117,2021-03-15 17:40:00,50.29,77.00
129N04117,2021-03-15 17:50:00,52.50,89.00
129N04117,2021-03-15 18:00:00,48.37,90.00
129N04117,2021-03-15 18:10:00,54.16,90.00
129N04117,2021-03-15 18:20:00,46.14,90.00
129N04117,2021-03-15 18:30:00,48.92,90.00
129N04117,2021-03-15 18:40:00,50.27,91.00
129N04117,2021-03-15 18:50:00,48.80,100.00
129N04117,2021-03-15 19:00:00,49.34,100.00
129N04117,2021-03-15 19:10:00,49.68,100.00
129N04117,2021-03-15 19:20:00,49.30,100.00
129N04117,2021-03-15 19:30:00,49.39,100.00
129N04117,2021-03-15 19:40:00,51.34,100.00
129N04117,2021-03-15 19:50:00,51.95,100.00
129N04117,2021-03-15 20:00:00,49.27,100.00
129N04117,2021-03-15 20:10:00,55.32,100.00
129N04117,2021-03-15 20:20:00,55.19,100.00
129N04117,2021-03-15 20:30:00,56.20,100.00
129N04117,2021-03-15 20:40:00,57.89,100.00
129N04117,2021-03-15 20:50:00,56.27,100.00
129N04117,2021-03-15 21:00:00,55.33,100.00
129N04117,2021-03-15 21:10:00,55.67,100.00
129N04117,2021-03-15 21:20:00,55.39,100.00
129N04117,2021-03-15 21:30:00,55.00,100.00
129N04117,2021-03-15 21:40:00,53.97,100.00
129N04117,2021-03-15 21:50:00,45.90,100.00
129N04117,2021-03-15 22:00:00,39.59,100.00
129N04117,2021-03-15 22:10:00,49.01,100.00
129N04117,2021-03-15 22:20:00,55.73,100.00
129N04117,2021-03-15 22:30:00,63.88,100.00
129N04117,2021-03-15 22:40:00,48.58,100.00
129N04117,2021-03-15 22:50:00,50.02,100.00
129N04117,2021-03-15 23:00:00,54.16,100.00
129N04117,2021-03-15 23:10:00,52.90,100.00
129N04117,2021-03-15 23:20:00,52.38,100.00
129N04117,2021-03-15 23:30:00,52.50,100.00
129N04117,2021-03-15 23:40:00,52.19,100.00
129N04117,2021-03-15 23:50:00,44.49,100.00
129N04116,2021-03-15 00:00:00,54.87,100.00
129N04116,2021-03-15 00:10:00,54.80,100.00
129N04116,2021-03-15 00:20:00,52.58,100.00
129N04116,2021-03-15 00:30:00,58.95,96.00
129N04116,2021-03-15 00:40:00,60.80,94.00
129N04116,2021-03-15 00:50:00,50.48,100.00
129N04116,2021-03-15 01:00:00,48.06,100.00
129N04116,2021-03-15 01:10:00,50.45,100.00
129N04116,2021-03-15 01:20:00,51.37,100.00
129N04116,2021-03-15 01:30:00,51.80,95.00
129N04116,2021-03-15 01:40:00,50.10,90.00
129N04116,2021-03-15 01:50:00,54.64,100.00
129N04116,2021-03-15 02:00:00,60.00,100.00
129N04116,2021-03-15 02:10:00,53.29,100.00
129N04116,2021-03-15 02:20:00,50.98,100.00
129N04116,2021-03-15 02:30:00,50.60,100.00
129N04116,2021-03-15 02:40:00,52.92,100.00
129N04116,2021-03-15 02:50:00,56.89,100.00
129N04116,2021-03-15 03:00:00,56.60,100.00
129N04116,2021-03-15 03:10:00,53.66,96.00
129N04116,2021-03-15 03:20:00,52.00,90.00
129N04116,2021-03-15 03:30:00,45.00,96.00
129N04116,2021-03-15 03:40:00,38.06,98.00
129N04116,2021-03-15 03:50:00,43.88,100.00
129N04116,2021-03-15 04:00:00,47.47,100.00
129N04116,2021-03-15 04:10:00,54.93,100.00
129N04116,2021-03-15 04:20:00,55.46,100.00
129N04116,2021-03-15 04:30:00,58.00,100.00
129N04116,2021-03-15 04:40:00,57.87,100.00
129N04116,2021-03-15 04:50:00,60.63,100.00
129N04116,2021-03-15 05:00:00,63.50,100.00
129N04116,2021-03-15 05:10:00,61.75,100.00
129N04116,2021-03-15 05:20:00,59.87,100.00
129N04116,2021-03-15 05:30:00,56.66,100.00
129N04116,2021-03-15 05:40:00,54.79,100.00
129N04116,2021-03-15 05:50:00,55.48,100.00
129N04116,2021-03-15 06:00:00,52.73,100.00
129N04116,2021-03-15 06:10:00,54.17,100.00
129N04116,2021-03-15 06:20:00,44.16,100.00
129N04116,2021-03-15 06:30:00,49.79,100.00
129N04116,2021-03-15 06:40:00,48.88,100.00
129N04116,2021-03-15 06:50:00,50.16,100.00
129N04116,2021-03-15 07:00:00,49.14,100.00
129N04116,2021-03-15 07:10:00,53.38,100.00
129N04116,2021-03-15 07:20:00,50.17,100.00
129N04116,2021-03-15 07:30:00,44.94,100.00
129N04116,2021-03-15 07:40:00,44.53,100.00
129N04116,2021-03-15 07:50:00,48.35,100.00
129N04116,2021-03-15 08:00:00,50.06,100.00
129N04116,2021-03-15 08:10:00,48.43,100.00
129N04116,2021-03-15 08:20:00,44.24,100.00
129N04116,2021-03-15 08:30:00,48.85,100.00
129N04116,2021-03-15 08:40:00,53.23,100.00
129N04116,2021-03-15 08:50:00,52.65,100.00
129N04116,2021-03-15 09:00:00,49.27,100.00
129N04116,2021-03-15 09:10:00,48.49,98.00
129N04116,2021-03-15 09:20:00,56.34,94.00
129N04116,2021-03-15 09:30:00,49.62,100.00
129N04116,2021-03-15 09:40:00,40.01,100.00
129N04116,2021-03-15 09:50:00,46.44,100.00
129N04116,2021-03-15 10:00:00,44.66,100.00
129N04116,2021-03-15 10:10:00,52.79,100.00
129N04116,2021-03-15 10:20:00,51.27,100.00
129N04116,2021-03-15 10:30:00,47.50,100.00
129N04116,2021-03-15 10:40:00,44.87,100.00
129N04116,2021-03-15 10:50:00,51.73,100.00
129N04116,2021-03-15 11:00:00,51.95,100.00
129N04116,2021-03-15 11:10:00,49.78,100.00
129N04116,2021-03-15 11:20:00,51.75,100.00
129N04116,2021-03-15 11:30:00,43.04,100.00
129N04116,2021-03-15 11:40:00,48.39,100.00
129N04116,2021-03-15 11:50:00,49.84,100.00
129N04116,2021-03-15 12:00:00,46.76,100.00
129N04116,2021-03-15 12:10:00,44.09,100.00
129N04116,2021-03-15 12:20:00,45.81,100.00
129N04116,2021-03-15 12:30:00,48.46,100.00
129N04116,2021-03-15 12:40:00,46.35,100.00
129N04116,2021-03-15 12:50:00,48.18,100.00
129N04116,2021-03-15 13:00:00,46.94,100.00
129N04116,2021-03-15 13:10:00,45.92,100.00
129N04116,2021-03-15 13:20:00,55.18,100.00
129N04116,2021-03-15 13:30:00,44.27,100.00
129N04116,2021-03-15 13:40:00,45.75,100.00
129N04116,2021-03-15 13:50:00,45.58,100.00
129N04116,2021-03-15 14:00:00,48.34,92.00
129N04116,2021-03-15 14:10:00,19.45,100.00
129N04116,2021-03-15 14:20:00,10.13,100.00
129N04116,2021-03-15 14:30:00,8.31,100.00
129N04116,2021-03-15 14:40:00,8.52,100.00
129N04116,2021-03-15 14:50:00,8.45,100.00
129N04116,2021-03-15 15:00:00,6.54,100.00
129N04116,2021-03-15 15:10:00,6.00,100.00
129N04116,2021-03-15 15:20:00,6.36,100.00
129N04116,2021-03-15 15:30:00,6.52,100.00
129N04116,2021-03-15 15:40:00,5.77,100.00
129N04116,2021-03-15 15:50:00,6.67,100.00
129N04116,2021-03-15 16:00:00,8.69,100.00
129N04116,2021-03-15 16:10:00,7.94,100.00
129N04116,2021-03-15 16:20:00,8.22,100.00
129N04116,2021-03-15 16:30:00,7.67,100.00
129N04116,2021-03-15 16:40:00,6.89,100.00
129N04116,2021-03-15 16:50:00,8.61,100.00
129N04116,2021-03-15 17:00:00,14.89,100.00
129N04116,2021-03-15 17:10:00,38.23,90.00
129N04116,2021-03-15 17:20:00,18.42,96.00
129N04116,2021-03-15 17:30:00,11.58,100.00
129N04116,2021-03-15 17:40:00,29.70,92.00
129N04116,2021-03-15 17:50:00,48.33,90.00
129N04116,2021-03-15 18:00:00,46.03,90.00
129N04116,2021-03-15 18:10:00,52.44,90.00
129N04116,2021-03-15 18:20:00,51.01,90.00
129N04116,2021-03-15 18:30:00,52.35,90.00
129N04116,2021-03-15 18:40:00,52.72,90.00
129N04116,2021-03-15 18:50:00,55.56,90.00
129N04116,2021-03-15 19:00:00,53.30,92.00
129N04116,2021-03-15 19:10:00,47.13,100.00
129N04116,2021-03-15 19:20:00,50.60,100.00
129N04116,2021-03-15 19:30:00,57.18,100.00
129N04116,2021-03-15 19:40:00,51.46,100.00
129N04116,2021-03-15 19:50:00,52.41,100.00
129N04116,2021-03-15 20:00:00,47.19,100.00
129N04116,2021-03-15 20:10:00,58.45,100.00
129N04116,2021-03-15 20:20:00,57.13,100.00
129N04116,2021-03-15 20:30:00,52.38,100.00
129N04116,2021-03-15 20:40:00,55.83,100.00
129N04116,2021-03-15 20:50:00,59.08,100.00
129N04116,2021-03-15 21:00:00,56.29,100.00
129N04116,2021-03-15 21:10:00,53.41,100.00
129N04116,2021-03-15 21:20:00,54.10,100.00
129N04116,2021-03-15 21:30:00,57.98,100.00
129N04116,2021-03-15 21:40:00,58.63,100.00
129N04116,2021-03-15 21:50:00,45.72,100.00
129N04116,2021-03-15 22:00:00,55.03,100.00
129N04116,2021-03-15 22:10:00,55.76,100.00
129N04116,2021-03-15 22:20:00,57.82,100.00
129N04116,2021-03-15 22:30:00,57.97,100.00
129N04116,2021-03-15 22:40:00,57.48,100.00
129N04116,2021-03-15 22:50:00,58.08,100.00
129N04116,2021-03-15 23:00:00,53.92,100.00
129N04116,2021-03-15 23:10:00,43.59,100.00
129N04116,2021-03-15 23:20:00,52.57,100.00
129N04116,2021-03-15 23:30:00,53.57,100.00
129N04116,2021-03-15 23:40:00,53.18,100.00
129N04116,2021-03-15 23:50:00,51.37,100.00
129N04119,2021-03-15 00:00:00,47.00,90.00
129N04119,2021-03-15 00:10:00,52.14,100.00
129N04119,2021-03-15 00:20:00,54.40,100.00
129N04119,2021-03-15 00:30:00,53.29,97.00
129N04119,2021-03-15 00:40:00,52.63,95.00
129N04119,2021-03-15 00:50:00,56.20,92.00
129N04119,2021-03-15 01:00:00,50.78,98.00
129N04119,2021-03-15 01:10:00,46.83,100.00
129N04119,2021-03-15 01:20:00,44.70,100.00
129N04119,2021-03-15 01:30:00,44.49,95.00
129N04119,2021-03-15 01:40:00,45.00,90.00
129N04119,2021-03-15 01:50:00,37.89,90.00
129N04119,2021-03-15 02:00:00,41.00,84.00
129N04119,2021-03-15 02:10:00,43.16,80.00
129N04119,2021-03-15 02:20:00,49.90,89.00
129N04119,2021-03-15 02:30:00,48.98,90.00
129N04119,2021-03-15 02:40:00,43.28,94.00
129N04119,2021-03-15 02:50:00,42.00,100.00
129N04119,2021-03-15 03:00:00,42.00,100.00
129N04119,2021-03-15 03:10:00,44.36,95.00
129N04119,2021-03-15 03:20:00,47.00,90.00
129N04119,2021-03-15 03:30:00,45.19,90.00
129N04119,2021-03-15 03:40:00,46.00,97.00
129N04119,2021-03-15 03:50:00,45.39,90.00
129N04119,2021-03-15 04:00:00,48.69,96.00
129N04119,2021-03-15 04:10:00,54.93,96.00
129N04119,2021-03-15 04:20:00,58.79,100.00
129N04119,2021-03-15 04:30:00,41.08,100.00
129N04119,2021-03-15 04:40:00,36.85,99.00
129N04119,2021-03-15 04:50:00,50.18,100.00
129N04119,2021-03-15 05:00:00,67.79,100.00
129N04119,2021-03-15 05:10:00,68.40,100.00
129N04119,2021-03-15 05:20:00,62.90,100.00
129N04119,2021-03-15 05:30:00,58.25,100.00
129N04119,2021-03-15 05:40:00,48.46,100.00
129N04119,2021-03-15 05:50:00,41.55,98.00
129N04119,2021-03-15 06:00:00,43.82,100.00
129N04119,2021-03-15 06:10:00,51.82,100.00
129N04119,2021-03-15 06:20:00,46.74,100.00
129N04119,2021-03-15 06:30:00,37.29,100.00
129N04119,2021-03-15 06:40:00,43.20,100.00
129N04119,2021-03-15 06:50:00,46.26,100.00
129N04119,2021-03-15 07:00:00,43.81,100.00
129N04119,2021-03-15 07:10:00,43.30,100.00
129N04119,2021-03-15 07:20:00,45.80,100.00
129N04119,2021-03-15 07:30:00,49.65,100.00
129N04119,2021-03-15 07:40:00,34.60,100.00
129N04119,2021-03-15 07:50:00,39.81,100.00
129N04119,2021-03-15 08:00:00,50.18,100.00
129N04119,2021-03-15 08:10:00,48.83,100.00
129N04119,2021-03-15 08:20:00,46.02,100.00
129N04119,2021-03-15 08:30:00,44.75,100.00
129N04119,2021-03-15 08:40:00,46.61,100.00
129N04119,2021-03-15 08:50:00,43.49,100.00
129N04119,2021-03-15 09:00:00,49.02,100.00
129N04119,2021-03-15 09:10:00,50.61,100.00
129N04119,2021-03-15 09:20:00,42.58,100.00
129N04119,2021-03-15 09:30:00,53.16,98.00
129N04119,2021-03-15 09:40:00,47.01,99.00
129N04119,2021-03-15 09:50:00,43.42,100.00
129N04119,2021-03-15 10:00:00,48.35,100.00
129N04119,2021-03-15 10:10:00,55.06,100.00
129N04119,2021-03-15 10:20:00,53.57,100.00
129N04119,2021-03-15 10:30:00,48.55,100.00
129N04119,2021-03-15 10:40:00,43.06,100.00
129N04119,2021-03-15 10:50:00,48.93,100.00
129N04119,2021-03-15 11:00:00,48.58,100.00
129N04119,2021-03-15 11:10:00,51.49,100.00
129N04119,2021-03-15 11:20:00,49.79,100.00
129N04119,2021-03-15 11:30:00,40.86,100.00
129N04119,2021-03-15 11:40:00,38.40,100.00
129N04119,2021-03-15 11:50:00,47.15,100.00
129N04119,2021-03-15 12:00:00,48.59,100.00
129N04119,2021-03-15 12:10:00,46.29,100.00
129N04119,2021-03-15 12:20:00,45.34,100.00
129N04119,2021-03-15 12:30:00,39.39,100.00
129N04119,2021-03-15 12:40:00,45.64,100.00
129N04119,2021-03-15 12:50:00,42.69,100.00
129N04119,2021-03-15 13:00:00,53.92,100.00
129N04119,2021-03-15 13:10:00,47.87,100.00
129N04119,2021-03-15 13:20:00,43.24,100.00
129N04119,2021-03-15 13:30:00,39.35,100.00
129N04119,2021-03-15 13:40:00,48.40,100.00
129N04119,2021-03-15 13:50:00,44.01,100.00
129N04119,2021-03-15 14:00:00,50.00,100.00
129N04119,2021-03-15 14:10:00,43.92,100.00
129N04119,2021-03-15 14:20:00,30.33,100.00
129N04119,2021-03-15 14:30:00,16.26,94.00
129N04119,2021-03-15 14:40:00,9.78,90.00
129N04119,2021-03-15 14:50:00,13.15,96.00
129N04119,2021-03-15 15:00:00,20.59,100.00
129N04119,2021-03-15 15:10:00,19.93,100.00
129N04119,2021-03-15 15:20:00,14.27,100.00
129N04119,2021-03-15 15:30:00,14.00,100.00
129N04119,2021-03-15 15:40:00,10.31,100.00
129N04119,2021-03-15 15:50:00,13.14,100.00
129N04119,2021-03-15 16:00:00,11.76,100.00
129N04119,2021-03-15 16:10:00,23.37,100.00
129N04119,2021-03-15 16:20:00,22.70,100.00
129N04119,2021-03-15 16:30:00,19.59,100.00
129N04119,2021-03-15 16:40:00,21.91,94.00
129N04119,2021-03-15 16:50:00,27.02,94.00
129N04119,2021-03-15 17:00:00,43.89,87.00
129N04119,2021-03-15 17:10:00,43.62,87.00
129N04119,2021-03-15 17:20:00,40.39,87.00
129N04119,2021-03-15 17:30:00,43.06,86.00
129N04119,2021-03-15 17:40:00,53.56,77.00
129N04119,2021-03-15 17:50:00,53.51,89.00
129N04119,2021-03-15 18:00:00,53.62,90.00
129N04119,2021-03-15 18:10:00,54.70,90.00
129N04119,2021-03-15 18:20:00,45.42,90.00
129N04119,2021-03-15 18:30:00,48.12,90.00
129N04119,2021-03-15 18:40:00,52.85,91.00
129N04119,2021-03-15 18:50:00,41.58,100.00
129N04119,2021-03-15 19:00:00,46.86,100.00
129N04119,2021-03-15 19:10:00,48.07,100.00
129N04119,2021-03-15 19:20:00,51.12,100.00
129N04119,2021-03-15 19:30:00,44.19,100.00
129N04119,2021-03-15 19:40:00,50.27,100.00
129N04119,2021-03-15 19:50:00,51.56,100.00
129N04119,2021-03-15 20:00:00,51.85,100.00
129N04119,2021-03-15 20:10:00,56.08,100.00
129N04119,2021-03-15 20:20:00,55.19,100.00
129N04119,2021-03-15 20:30:00,55.99,100.00
129N04119,2021-03-15 20:40:00,57.69,100.00
129N04119,2021-03-15 20:50:00,55.89,100.00
129N04119,2021-03-15 21:00:00,54.23,100.00
129N04119,2021-03-15 21:10:00,54.87,100.00
129N04119,2021-03-15 21:20:00,54.88,100.00
129N04119,2021-03-15 21:30:00,53.50,100.00
129N04119,2021-03-15 21:40:00,54.33,100.00
129N04119,2021-03-15 21:50:00,48.41,100.00
129N04119,2021-03-15 22:00:00,44.58,100.00
129N04119,2021-03-15 22:10:00,54.00,100.00
129N04119,2021-03-15 22:20:00,56.88,100.00
129N04119,2021-03-15 22:30:00,63.77,100.00
129N04119,2021-03-15 22:40:00,54.46,100.00
129N04119,2021-03-15 22:50:00,46.47,100.00
129N04119,2021-03-15 23:00:00,45.33,100.00
129N04119,2021-03-15 23:10:00,53.45,100.00
129N04119,2021-03-15 23:20:00,54.37,100.00
129N04119,2021-03-15 23:30:00,53.37,100.00
129N04119,2021-03-15 23:40:00,51.78,100.00
129N04119,2021-03-15 23:50:00,44.86,100.00
129N04113,2021-03-15 00:00:00,65.33,100.00
129N04113,2021-03-15 00:10:00,65.05,100.00
129N04113,2021-03-15 00:20:00,61.88,100.00
129N04113,2021-03-15 00:30:00,66.90,100.00
129N04113,2021-03-15 00:40:00,63.39,100.00
129N04113,2021-03-15 00:50:00,62.19,100.00
129N04113,2021-03-15 01:00:00,63.58,100.00
129N04113,2021-03-15 01:10:00,59.27,100.00
129N04113,2021-03-15 01:20:00,63.54,100.00
129N04113,2021-03-15 01:30:00,68.47,100.00
129N04113,2021-03-15 01:40:00,65.47,100.00
129N04113,2021-03-15 01:50:00,64.59,100.00
129N04113,2021-03-15 02:00:00,65.00,100.00
129N04113,2021-03-15 02:10:00,60.87,100.00
129N04113,2021-03-15 02:20:00,60.47,100.00
129N04113,2021-03-15 02:30:00,64.18,100.00
129N04113,2021-03-15 02:40:00,64.00,100.00
129N04113,2021-03-15 02:50:00,62.94,100.00
129N04113,2021-03-15 03:00:00,63.00,100.00
129N04113,2021-03-15 03:10:00,61.37,100.00
129N04113,2021-03-15 03:20:00,59.14,100.00
129N04113,2021-03-15 03:30:00,67.02,100.00
129N04113,2021-03-15 03:40:00,65.04,100.00
129N04113,2021-03-15 03:50:00,62.19,100.00
129N04113,2021-03-15 04:00:00,63.91,100.00
129N04113,2021-03-15 04:10:00,67.37,100.00
129N04113,2021-03-15 04:20:00,65.16,100.00
129N04113,2021-03-15 04:30:00,69.34,100.00
129N04113,2021-03-15 04:40:00,66.27,100.00
129N04113,2021-03-15 04:50:00,64.28,100.00
129N04113,2021-03-15 05:00:00,64.96,100.00
129N04113,2021-03-15 05:10:00,64.01,100.00
129N04113,2021-03-15 05:20:00,62.86,100.00
129N04113,2021-03-15 05:30:00,63.63,100.00
129N04113,2021-03-15 05:40:00,63.77,100.00
129N04113,2021-03-15 05:50:00,65.15,100.00
129N04113,2021-03-15 06:00:00,59.23,100.00
129N04113,2021-03-15 06:10:00,62.41,100.00
129N04113,2021-03-15 06:20:00,61.68,100.00
129N04113,2021-03-15 06:30:00,58.63,100.00
129N04113,2021-03-15 06:40:00,56.15,100.00
129N04113,2021-03-15 06:50:00,62.01,100.00
129N04113,2021-03-15 07:00:00,60.03,100.00
129N04113,2021-03-15 07:10:00,59.87,100.00
129N04113,2021-03-15 07:20:00,58.46,100.00
129N04113,2021-03-15 07:30:00,55.61,100.00
129N04113,2021-03-15 07:40:00,50.45,100.00
129N04113,2021-03-15 07:50:00,41.59,98.00
129N04113,2021-03-15 08:00:00,25.09,90.00
129N04113,2021-03-15 08:10:00,36.41,95.00
129N04113,2021-03-15 08:20:00,42.38,97.00
129N04113,2021-03-15 08:30:00,56.39,100.00
129N04113,2021-03-15 08:40:00,54.84,100.00
129N04113,2021-03-15 08:50:00,59.53,100.00
129N04113,2021-03-15 09:00:00,61.93,100.00
129N04113,2021-03-15 09:10:00,57.88,100.00
129N04113,2021-03-15 09:20:00,58.54,100.00
129N04113,2021-03-15 09:30:00,59.20,100.00
129N04113,2021-03-15 09:40:00,56.24,100.00
129N04113,2021-03-15 09:50:00,61.93,100.00
129N04113,2021-03-15 10:00:00,57.99,100.00
129N04113,2021-03-15 10:10:00,56.42,100.00
129N04113,2021-03-15 10:20:00,56.74,100.00
129N04113,2021-03-15 10:30:00,58.07,100.00
129N04113,2021-03-15 10:40:00,52.46,100.00
129N04113,2021-03-15 10:50:00,52.22,100.00
129N04113,2021-03-15 11:00:00,52.14,100.00
129N04113,2021-03-15 11:10:00,50.48,100.00
129N04113,2021-03-15 11:20:00,46.32,100.00
129N04113,2021-03-15 11:30:00,36.74,97.00
129N04113,2021-03-15 11:40:00,46.42,100.00
129N04113,2021-03-15 11:50:00,60.20,100.00
129N04113,2021-03-15 12:00:00,58.24,100.00
129N04113,2021-03-15 12:10:00,58.16,100.00
129N04113,2021-03-15 12:20:00,58.29,100.00
129N04113,2021-03-15 12:30:00,55.82,100.00
129N04113,2021-03-15 12:40:00,57.99,100.00
129N04113,2021-03-15 12:50:00,60.52,100.00
129N04113,2021-03-15 13:00:00,55.31,100.00
129N04113,2021-03-15 13:10:00,59.90,100.00
129N04113,2021-03-15 13:20:00,59.14,100.00
129N04113,2021-03-15 13:30:00,53.88,100.00
129N04113,2021-03-15 13:40:00,49.93,100.00
129N04113,2021-03-15 13:50:00,35.59,100.00
129N04113,2021-03-15 14:00:00,41.07,100.00
129N04113,2021-03-15 14:10:00,32.47,100.00
129N04113,2021-03-15 14:20:00,23.26,100.00
129N04113,2021-03-15 14:30:00,24.29,100.00
129N04113,2021-03-15 14:40:00,17.11,100.00
129N04113,2021-03-15 14:50:00,8.59,90.00
129N04113,2021-03-15 15:00:00,8.81,94.00
129N04113,2021-03-15 15:10:00,12.03,97.00
129N04113,2021-03-15 15:20:00,10.88,90.00
129N04113,2021-03-15 15:30:00,13.48,94.00
129N04113,2021-03-15 15:40:00,26.32,100.00
129N04113,2021-03-15 15:50:00,40.88,100.00
129N04113,2021-03-15 16:00:00,30.20,100.00
129N04113,2021-03-15 16:10:00,31.65,100.00
129N04113,2021-03-15 16:20:00,17.09,96.00
129N04113,2021-03-15 16:30:00,11.17,90.00
129N04113,2021-03-15 16:40:00,19.55,98.00
129N04113,2021-03-15 16:50:00,35.62,100.00
129N04113,2021-03-15 17:00:00,36.23,100.00
129N04113,2021-03-15 17:10:00,41.53,100.00
129N04113,2021-03-15 17:20:00,40.93,100.00
129N04113,2021-03-15 17:30:00,40.77,100.00
129N04113,2021-03-15 17:40:00,42.58,100.00
129N04113,2021-03-15 17:50:00,34.05,100.00
129N04113,2021-03-15 18:00:00,17.37,92.00
129N04113,2021-03-15 18:10:00,27.09,98.00
129N04113,2021-03-15 18:20:00,60.26,93.00
129N04113,2021-03-15 18:30:00,60.54,96.00
129N04113,2021-03-15 18:40:00,60.10,96.00
129N04113,2021-03-15 18:50:00,60.67,99.00
129N04113,2021-03-15 19:00:00,61.44,100.00
129N04113,2021-03-15 19:10:00,59.37,100.00
129N04113,2021-03-15 19:20:00,58.56,100.00
129N04113,2021-03-15 19:30:00,59.25,100.00
129N04113,2021-03-15 19:40:00,63.66,100.00
129N04113,2021-03-15 19:50:00,58.70,100.00
129N04113,2021-03-15 20:00:00,61.02,100.00
129N04113,2021-03-15 20:10:00,62.10,100.00
129N04113,2021-03-15 20:20:00,64.43,100.00
129N04113,2021-03-15 20:30:00,64.58,100.00
129N04113,2021-03-15 20:40:00,62.01,100.00
129N04113,2021-03-15 20:50:00,62.22,100.00
129N04113,2021-03-15 21:00:00,62.41,100.00
129N04113,2021-03-15 21:10:00,67.18,100.00
129N04113,2021-03-15 21:20:00,59.51,100.00
129N04113,2021-03-15 21:30:00,62.08,100.00
129N04113,2021-03-15 21:40:00,60.47,100.00
129N04113,2021-03-15 21:50:00,64.06,100.00
129N04113,2021-03-15 22:00:00,66.28,100.00
129N04113,2021-03-15 22:10:00,63.86,100.00
129N04113,2021-03-15 22:20:00,64.47,100.00
129N04113,2021-03-15 22:30:00,64.22,100.00
129N04113,2021-03-15 22:40:00,64.16,100.00
129N04113,2021-03-15 22:50:00,65.66,100.00
129N04113,2021-03-15 23:00:00,65.40,100.00
129N04113,2021-03-15 23:10:00,64.31,100.00
129N04113,2021-03-15 23:20:00,62.26,100.00
129N04113,2021-03-15 23:30:00,63.94,100.00
129N04113,2021-03-15 23:40:00,62.55,100.00
129N04113,2021-03-15 23:50:00,65.39,100.00
129N04112,2021-03-15 00:00:00,65.07,100.00
129N04112,2021-03-15 00:10:00,65.85,100.00
129N04112,2021-03-15 00:20:00,65.59,100.00
129N04112,2021-03-15 00:30:00,69.15,100.00
129N04112,2021-03-15 00:40:00,67.22,100.00
129N04112,2021-03-15 00:50:00,66.55,100.00
129N04112,2021-03-15 01:00:00,66.19,100.00
129N04112,2021-03-15 01:10:00,64.66,100.00
129N04112,2021-03-15 01:20:00,64.25,100.00
129N04112,2021-03-15 01:30:00,69.00,100.00
129N04112,2021-03-15 01:40:00,65.27,100.00
129N04112,2021-03-15 01:50:00,65.15,100.00
129N04112,2021-03-15 02:00:00,67.00,100.00
129N04112,2021-03-15 02:10:00,62.78,100.00
129N04112,2021-03-15 02:20:00,61.18,100.00
129N04112,2021-03-15 02:30:00,65.75,100.00
129N04112,2021-03-15 02:40:00,65.96,100.00
129N04112,2021-03-15 02:50:00,65.17,100.00
129N04112,2021-03-15 03:00:00,66.39,100.00
129N04112,2021-03-15 03:10:00,65.59,100.00
129N04112,2021-03-15 03:20:00,60.66,100.00
129N04112,2021-03-15 03:30:00,58.79,100.00
129N04112,2021-03-15 03:40:00,54.27,100.00
129N04112,2021-03-15 03:50:00,58.97,100.00
129N04112,2021-03-15 04:00:00,58.75,100.00
129N04112,2021-03-15 04:10:00,61.05,100.00
129N04112,2021-03-15 04:20:00,61.57,100.00
129N04112,2021-03-15 04:30:00,66.77,100.00
129N04112,2021-03-15 04:40:00,63.97,100.00
129N04112,2021-03-15 04:50:00,62.97,100.00
129N04112,2021-03-15 05:00:00,65.19,100.00
129N04112,2021-03-15 05:10:00,67.00,100.00
129N04112,2021-03-15 05:20:00,63.59,100.00
129N04112,2021-03-15 05:30:00,64.12,100.00
129N04112,2021-03-15 05:40:00,62.46,100.00
129N04112,2021-03-15 05:50:00,63.86,100.00
129N04112,2021-03-15 06:00:00,60.00,100.00
129N04112,2021-03-15 06:10:00,61.07,100.00
129N04112,2021-03-15 06:20:00,61.58,100.00
129N04112,2021-03-15 06:30:00,56.10,100.00
129N04112,2021-03-15 06:40:00,57.15,100.00
129N04112,2021-03-15 06:50:00,59.14,100.00
129N04112,2021-03-15 07:00:00,59.47,100.00
129N04112,2021-03-15 07:10:00,55.44,100.00
129N04112,2021-03-15 07:20:00,53.87,100.00
129N04112,2021-03-15 07:30:00,50.79,100.00
129N04112,2021-03-15 07:40:00,28.42,94.00
129N04112,2021-03-15 07:50:00,23.75,90.00
129N04112,2021-03-15 08:00:00,23.61,90.00
129N04112,2021-03-15 08:10:00,22.62,90.00
129N04112,2021-03-15 08:20:00,25.92,90.00
129N04112,2021-03-15 08:30:00,31.01,90.00
129N04112,2021-03-15 08:40:00,37.61,100.00
129N04112,2021-03-15 08:50:00,56.49,100.00
129N04112,2021-03-15 09:00:00,57.53,100.00
129N04112,2021-03-15 09:10:00,55.88,100.00
129N04112,2021-03-15 09:20:00,57.67,100.00
129N04112,2021-03-15 09:30:00,59.22,100.00
129N04112,2021-03-15 09:40:00,55.64,100.00
129N04112,2021-03-15 09:50:00,58.14,100.00
129N04112,2021-03-15 10:00:00,53.71,100.00
129N04112,2021-03-15 10:10:00,54.37,100.00
129N04112,2021-03-15 10:20:00,51.34,100.00
129N04112,2021-03-15 10:30:00,49.79,100.00
129N04112,2021-03-15 10:40:00,42.95,100.00
129N04112,2021-03-15 10:50:00,23.76,100.00
129N04112,2021-03-15 11:00:00,21.73,93.00
129N04112,2021-03-15 11:10:00,25.89,96.00
129N04112,2021-03-15 11:20:00,47.26,96.00
129N04112,2021-03-15 11:30:00,53.97,100.00
129N04112,2021-03-15 11:40:00,55.57,100.00
129N04112,2021-03-15 11:50:00,62.73,100.00
129N04112,2021-03-15 12:00:00,61.18,100.00
129N04112,2021-03-15 12:10:00,62.00,100.00
129N04112,2021-03-15 12:20:00,59.86,100.00
129N04112,2021-03-15 12:30:00,60.17,100.00
129N04112,2021-03-15 12:40:00,60.06,100.00
129N04112,2021-03-15 12:50:00,60.51,100.00
129N04112,2021-03-15 13:00:00,59.38,100.00
129N04112,2021-03-15 13:10:00,62.20,100.00
129N04112,2021-03-15 13:20:00,61.29,100.00
129N04112,2021-03-15 13:30:00,58.02,100.00
129N04112,2021-03-15 13:40:00,44.94,100.00
129N04112,2021-03-15 13:50:00,36.96,100.00
129N04112,2021-03-15 14:00:00,31.47,100.00
129N04112,2021-03-15 14:10:00,28.59,100.00
129N04112,2021-03-15 14:20:00,23.84,100.00
129N04112,2021-03-15 14:30:00,23.88,100.00
129N04112,2021-03-15 14:40:00,11.60,95.00
129N04112,2021-03-15 14:50:00,11.23,91.00
129N04112,2021-03-15 15:00:00,13.27,91.00
129N04112,2021-03-15 15:10:00,17.10,90.00
129N04112,2021-03-15 15:20:00,15.73,90.00
129N04112,2021-03-15 15:30:00,20.95,94.00
129N04112,2021-03-15 15:40:00,26.34,100.00
129N04112,2021-03-15 15:50:00,30.82,100.00
129N04112,2021-03-15 16:00:00,29.79,99.00
129N04112,2021-03-15 16:10:00,27.19,100.00
129N04112,2021-03-15 16:20:00,22.44,91.00
129N04112,2021-03-15 16:30:00,19.03,91.00
129N04112,2021-03-15 16:40:00,33.48,100.00
129N04112,2021-03-15 16:50:00,31.39,100.00
129N04112,2021-03-15 17:00:00,44.82,100.00
129N04112,2021-03-15 17:10:00,53.44,100.00
129N04112,2021-03-15 17:20:00,57.52,100.00
129N04112,2021-03-15 17:30:00,53.93,100.00
129N04112,2021-03-15 17:40:00,32.04,100.00
129N04112,2021-03-15 17:50:00,16.97,94.00
129N04112,2021-03-15 18:00:00,15.48,90.00
129N04112,2021-03-15 18:10:00,20.04,92.00
129N04112,2021-03-15 18:20:00,27.71,100.00
129N04112,2021-03-15 18:30:00,55.75,100.00
129N04112,2021-03-15 18:40:00,60.88,100.00
129N04112,2021-03-15 18:50:00,60.45,100.00
129N04112,2021-03-15 19:00:00,62.00,100.00
129N04112,2021-03-15 19:10:00,59.92,100.00
129N04112,2021-03-15 19:20:00,57.39,100.00
129N04112,2021-03-15 19:30:00,62.00,100.00
129N04112,2021-03-15 19:40:00,62.01,100.00
129N04112,2021-03-15 19:50:00,61.88,100.00
129N04112,2021-03-15 20:00:00,63.63,100.00
129N04112,2021-03-15 20:10:00,66.09,100.00
129N04112,2021-03-15 20:20:00,63.01,100.00
129N04112,2021-03-15 20:30:00,65.62,100.00
129N04112,2021-03-15 20:40:00,63.97,100.00
129N04112,2021-03-15 20:50:00,64.73,100.00
129N04112,2021-03-15 21:00:00,62.24,100.00
129N04112,2021-03-15 21:10:00,64.05,100.00
129N04112,2021-03-15 21:20:00,61.05,100.00
129N04112,2021-03-15 21:30:00,63.14,100.00
129N04112,2021-03-15 21:40:00,61.82,100.00
129N04112,2021-03-15 21:50:00,63.32,100.00
129N04112,2021-03-15 22:00:00,67.38,100.00
129N04112,2021-03-15 22:10:00,64.71,100.00
129N04112,2021-03-15 22:20:00,64.97,100.00
129N04112,2021-03-15 22:30:00,63.25,100.00
129N04112,2021-03-15 22:40:00,64.13,100.00
129N04112,2021-03-15 22:50:00,63.42,100.00
129N04112,2021-03-15 23:00:00,66.19,100.00
129N04112,2021-03-15 23:10:00,67.49,100.00
129N04112,2021-03-15 23:20:00,64.57,100.00
129N04112,2021-03-15 23:30:00,64.40,100.00
129N04112,2021-03-15 23:40:00,65.17,100.00
129N04112,2021-03-15 23:50:00,64.73,100.00
129N04115,2021-03-15 00:00:00,57.92,100.00
129N04115,2021-03-15 00:10:00,58.05,100.00
129N04115,2021-03-15 00:20:00,58.16,100.00
129N04115,2021-03-15 00:30:00,60.39,100.00
129N04115,2021-03-15 00:40:00,54.31,100.00
129N04115,2021-03-15 00:50:00,51.36,100.00
129N04115,2021-03-15 01:00:00,53.93,100.00
129N04115,2021-03-15 01:10:00,52.35,100.00
129N04115,2021-03-15 01:20:00,51.30,100.00
129N04115,2021-03-15 01:30:00,51.38,100.00
129N04115,2021-03-15 01:40:00,52.30,100.00
129N04115,2021-03-15 01:50:00,54.65,100.00
129N04115,2021-03-15 02:00:00,52.79,100.00
129N04115,2021-03-15 02:10:00,52.37,100.00
129N04115,2021-03-15 02:20:00,55.15,100.00
129N04115,2021-03-15 02:30:00,56.57,100.00
129N04115,2021-03-15 02:40:00,60.55,100.00
129N04115,2021-03-15 02:50:00,60.19,100.00
129N04115,2021-03-15 03:00:00,62.60,100.00
129N04115,2021-03-15 03:10:00,59.22,100.00
129N04115,2021-03-15 03:20:00,57.24,100.00
129N04115,2021-03-15 03:30:00,60.50,100.00
129N04115,2021-03-15 03:40:00,56.56,100.00
129N04115,2021-03-15 03:50:00,56.39,100.00
129N04115,2021-03-15 04:00:00,57.79,100.00
129N04115,2021-03-15 04:10:00,59.87,100.00
129N04115,2021-03-15 04:20:00,61.71,100.00
129N04115,2021-03-15 04:30:00,61.07,100.00
129N04115,2021-03-15 04:40:00,56.38,100.00
129N04115,2021-03-15 04:50:00,57.52,100.00
129N04115,2021-03-15 05:00:00,55.82,100.00
129N04115,2021-03-15 05:10:00,52.97,100.00
129N04115,2021-03-15 05:20:00,63.78,100.00
129N04115,2021-03-15 05:30:00,64.48,100.00
129N04115,2021-03-15 05:40:00,59.86,100.00
129N04115,2021-03-15 05:50:00,57.30,100.00
129N04115,2021-03-15 06:00:00,55.67,100.00
129N04115,2021-03-15 06:10:00,59.66,100.00
129N04115,2021-03-15 06:20:00,60.00,100.00
129N04115,2021-03-15 06:30:00,55.07,100.00
129N04115,2021-03-15 06:40:00,52.51,100.00
129N04115,2021-03-15 06:50:00,55.75,100.00
129N04115,2021-03-15 07:00:00,55.47,100.00
129N04115,2021-03-15 07:10:00,57.85,100.00
129N04115,2021-03-15 07:20:00,51.51,100.00
129N04115,2021-03-15 07:30:00,55.95,100.00
129N04115,2021-03-15 07:40:00,53.95,100.00
129N04115,2021-03-15 07:50:00,53.57,100.00
129N04115,2021-03-15 08:00:00,52.83,100.00
129N04115,2021-03-15 08:10:00,54.61,100.00
129N04115,2021-03-15 08:20:00,54.76,100.00
129N04115,2021-03-15 08:30:00,56.40,100.00
129N04115,2021-03-15 08:40:00,52.04,100.00
129N04115,2021-03-15 08:50:00,52.34,100.00
129N04115,2021-03-15 09:00:00,55.63,100.00
129N04115,2021-03-15 09:10:00,55.15,100.00
129N04115,2021-03-15 09:20:00,57.14,100.00
129N04115,2021-03-15 09:30:00,51.76,100.00
129N04115,2021-03-15 09:40:00,54.15,100.00
129N04115,2021-03-15 09:50:00,53.52,100.00
129N04115,2021-03-15 10:00:00,55.77,100.00
129N04115,2021-03-15 10:10:00,54.84,100.00
129N04115,2021-03-15 10:20:00,54.77,100.00
129N04115,2021-03-15 10:30:00,52.90,100.00
129N04115,2021-03-15 10:40:00,52.91,100.00
129N04115,2021-03-15 10:50:00,55.76,100.00
129N04115,2021-03-15 11:00:00,52.25,100.00
129N04115,2021-03-15 11:10:00,55.10,100.00
129N04115,2021-03-15 11:20:00,55.32,100.00
129N04115,2021-03-15 11:30:00,49.57,100.00
129N04115,2021-03-15 11:40:00,50.38,100.00
129N04115,2021-03-15 11:50:00,54.92,100.00
129N04115,2021-03-15 12:00:00,51.95,100.00
129N04115,2021-03-15 12:10:00,52.75,100.00
129N04115,2021-03-15 12:20:00,52.70,100.00
129N04115,2021-03-15 12:30:00,53.36,100.00
129N04115,2021-03-15 12:40:00,54.19,100.00
129N04115,2021-03-15 12:50:00,50.33,100.00
129N04115,2021-03-15 13:00:00,52.82,100.00
129N04115,2021-03-15 13:10:00,57.42,100.00
129N04115,2021-03-15 13:20:00,55.99,100.00
129N04115,2021-03-15 13:30:00,51.18,100.00
129N04115,2021-03-15 13:40:00,48.72,100.00
129N04115,2021-03-15 13:50:00,48.13,100.00
129N04115,2021-03-15 14:00:00,20.96,100.00
129N04115,2021-03-15 14:10:00,15.82,100.00
129N04115,2021-03-15 14:20:00,14.74,100.00
129N04115,2021-03-15 14:30:00,13.67,100.00
129N04115,2021-03-15 14:40:00,11.34,100.00
129N04115,2021-03-15 14:50:00,8.44,100.00
129N04115,2021-03-15 15:00:00,8.75,100.00
129N04115,2021-03-15 15:10:00,7.18,100.00
129N04115,2021-03-15 15:20:00,6.96,100.00
129N04115,2021-03-15 15:30:00,7.44,100.00
129N04115,2021-03-15 15:40:00,8.81,100.00
129N04115,2021-03-15 15:50:00,12.12,100.00
129N04115,2021-03-15 16:00:00,16.23,100.00
129N04115,2021-03-15 16:10:00,12.94,100.00
129N04115,2021-03-15 16:20:00,16.10,100.00
129N04115,2021-03-15 16:30:00,9.27,100.00
129N04115,2021-03-15 16:40:00,12.77,100.00
129N04115,2021-03-15 16:50:00,13.72,100.00
129N04115,2021-03-15 17:00:00,15.14,100.00
129N04115,2021-03-15 17:10:00,12.98,100.00
129N04115,2021-03-15 17:20:00,16.61,100.00
129N04115,2021-03-15 17:30:00,15.51,100.00
129N04115,2021-03-15 17:40:00,18.05,100.00
129N04115,2021-03-15 17:50:00,33.89,93.00
129N04115,2021-03-15 18:00:00,50.55,90.00
129N04115,2021-03-15 18:10:00,57.00,90.00
129N04115,2021-03-15 18:20:00,56.04,90.00
129N04115,2021-03-15 18:30:00,54.70,90.00
129N04115,2021-03-15 18:40:00,57.80,90.00
129N04115,2021-03-15 18:50:00,58.43,90.00
129N04115,2021-03-15 19:00:00,57.74,92.00
129N04115,2021-03-15 19:10:00,54.82,94.00
129N04115,2021-03-15 19:20:00,58.13,94.00
129N04115,2021-03-15 19:30:00,57.38,100.00
129N04115,2021-03-15 19:40:00,57.36,100.00
129N04115,2021-03-15 19:50:00,54.28,100.00
129N04115,2021-03-15 20:00:00,56.31,100.00
129N04115,2021-03-15 20:10:00,59.81,100.00
129N04115,2021-03-15 20:20:00,60.89,100.00
129N04115,2021-03-15 20:30:00,59.30,100.00
129N04115,2021-03-15 20:40:00,61.43,100.00
129N04115,2021-03-15 20:50:00,61.77,100.00
129N04115,2021-03-15 21:00:00,56.17,100.00
129N04115,2021-03-15 21:10:00,62.59,100.00
129N04115,2021-03-15 21:20:00,52.19,100.00
129N04115,2021-03-15 21:30:00,54.70,100.00
129N04115,2021-03-15 21:40:00,55.42,100.00
129N04115,2021-03-15 21:50:00,56.99,100.00
129N04115,2021-03-15 22:00:00,62.44,100.00
129N04115,2021-03-15 22:10:00,58.19,100.00
129N04115,2021-03-15 22:20:00,60.49,100.00
129N04115,2021-03-15 22:30:00,58.37,100.00
129N04115,2021-03-15 22:40:00,60.83,100.00
129N04115,2021-03-15 22:50:00,61.04,100.00
129N04115,2021-03-15 23:00:00,56.59,100.00
129N04115,2021-03-15 23:10:00,61.75,100.00
129N04115,2021-03-15 23:20:00,58.52,100.00
129N04115,2021-03-15 23:30:00,49.07,100.00
129N04115,2021-03-15 23:40:00,52.71,100.00
129N04115,2021-03-15 23:50:00,51.98,100.00
129N04114,2021-03-15 00:00:00,60.98,100.00
129N04114,2021-03-15 00:10:00,59.54,100.00
129N04114,2021-03-15 00:20:00,60.93,100.00
129N04114,2021-03-15 00:30:00,65.66,100.00
129N04114,2021-03-15 00:40:00,60.00,100.00
129N04114,2021-03-15 00:50:00,54.49,100.00
129N04114,2021-03-15 01:00:00,58.89,100.00
129N04114,2021-03-15 01:10:00,59.45,100.00
129N04114,2021-03-15 01:20:00,55.77,100.00
129N04114,2021-03-15 01:30:00,57.50,100.00
129N04114,2021-03-15 01:40:00,57.39,100.00
129N04114,2021-03-15 01:50:00,61.35,100.00
129N04114,2021-03-15 02:00:00,62.08,100.00
129N04114,2021-03-15 02:10:00,59.76,100.00
129N04114,2021-03-15 02:20:00,59.08,100.00
129N04114,2021-03-15 02:30:00,62.28,100.00
129N04114,2021-03-15 02:40:00,63.87,100.00
129N04114,2021-03-15 02:50:00,63.48,100.00
129N04114,2021-03-15 03:00:00,65.00,100.00
129N04114,2021-03-15 03:10:00,60.82,100.00
129N04114,2021-03-15 03:20:00,57.75,100.00
129N04114,2021-03-15 03:30:00,65.83,100.00
129N04114,2021-03-15 03:40:00,60.94,100.00
129N04114,2021-03-15 03:50:00,56.39,100.00
129N04114,2021-03-15 04:00:00,62.47,100.00
129N04114,2021-03-15 04:10:00,64.63,100.00
129N04114,2021-03-15 04:20:00,63.26,100.00
129N04114,2021-03-15 04:30:00,64.95,100.00
129N04114,2021-03-15 04:40:00,62.86,100.00
129N04114,2021-03-15 04:50:00,60.02,100.00
129N04114,2021-03-15 05:00:00,62.46,100.00
129N04114,2021-03-15 05:10:00,59.25,100.00
129N04114,2021-03-15 05:20:00,62.82,100.00
129N04114,2021-03-15 05:30:00,64.61,100.00
129N04114,2021-03-15 05:40:00,61.18,100.00
129N04114,2021-03-15 05:50:00,61.71,100.00
129N04114,2021-03-15 06:00:00,57.12,100.00
129N04114,2021-03-15 06:10:00,60.05,100.00
129N04114,2021-03-15 06:20:00,61.91,100.00
129N04114,2021-03-15 06:30:00,58.34,100.00
129N04114,2021-03-15 06:40:00,54.71,100.00
129N04114,2021-03-15 06:50:00,55.96,100.00
129N04114,2021-03-15 07:00:00,57.23,100.00
129N04114,2021-03-15 07:10:00,59.86,100.00
129N04114,2021-03-15 07:20:00,53.66,100.00
129N04114,2021-03-15 07:30:00,55.40,100.00
129N04114,2021-03-15 07:40:00,53.36,100.00
129N04114,2021-03-15 07:50:00,53.95,100.00
129N04114,2021-03-15 08:00:00,53.78,100.00
129N04114,2021-03-15 08:10:00,54.53,100.00
129N04114,2021-03-15 08:20:00,56.84,100.00
129N04114,2021-03-15 08:30:00,57.30,100.00
129N04114,2021-03-15 08:40:00,54.21,100.00
129N04114,2021-03-15 08:50:00,55.79,100.00
129N04114,2021-03-15 09:00:00,58.57,100.00
129N04114,2021-03-15 09:10:00,55.60,100.00
129N04114,2021-03-15 09:20:00,56.62,100.00
129N04114,2021-03-15 09:30:00,55.18,100.00
129N04114,2021-03-15 09:40:00,56.24,100.00
129N04114,2021-03-15 09:50:00,59.36,100.00
129N04114,2021-03-15 10:00:00,57.29,100.00
129N04114,2021-03-15 10:10:00,56.72,100.00
129N04114,2021-03-15 10:20:00,56.40,100.00
129N04114,2021-03-15 10:30:00,56.46,100.00
129N04114,2021-03-15 10:40:00,54.91,100.00
129N04114,2021-03-15 10:50:00,57.11,100.00
129N04114,2021-03-15 11:00:00,53.66,100.00
129N04114,2021-03-15 11:10:00,57.41,100.00
129N04114,2021-03-15 11:20:00,53.23,100.00
129N04114,2021-03-15 11:30:00,51.92,100.00
129N04114,2021-03-15 11:40:00,52.07,100.00
129N04114,2021-03-15 11:50:00,57.70,100.00
129N04114,2021-03-15 12:00:00,54.15,100.00
129N04114,2021-03-15 12:10:00,57.32,100.00
129N04114,2021-03-15 12:20:00,54.19,100.00
129N04114,2021-03-15 12:30:00,53.37,100.00
129N04114,2021-03-15 12:40:00,57.37,100.00
129N04114,2021-03-15 12:50:00,56.57,100.00
129N04114,2021-03-15 13:00:00,54.63,100.00
129N04114,2021-03-15 13:10:00,61.10,100.00
129N04114,2021-03-15 13:20:00,58.50,100.00
129N04114,2021-03-15 13:30:00,54.13,100.00
129N04114,2021-03-15 13:40:00,48.69,100.00
129N04114,2021-03-15 13:50:00,36.74,100.00
129N04114,2021-03-15 14:00:00,27.13,100.00
129N04114,2021-03-15 14:10:00,25.83,100.00
129N04114,2021-03-15 14:20:00,19.68,100.00
129N04114,2021-03-15 14:30:00,18.73,100.00
129N04114,2021-03-15 14:40:00,18.59,100.00
129N04114,2021-03-15 14:50:00,9.27,100.00
129N04114,2021-03-15 15:00:00,9.25,100.00
129N04114,2021-03-15 15:10:00,9.56,100.00
129N04114,2021-03-15 15:20:00,8.69,100.00
129N04114,2021-03-15 15:30:00,10.52,100.00
129N04114,2021-03-15 15:40:00,15.54,100.00
129N04114,2021-03-15 15:50:00,23.77,100.00
129N04114,2021-03-15 16:00:00,21.34,100.00
129N04114,2021-03-15 16:10:00,20.45,100.00
129N04114,2021-03-15 16:20:00,18.63,100.00
129N04114,2021-03-15 16:30:00,11.13,100.00
129N04114,2021-03-15 16:40:00,14.61,100.00
129N04114,2021-03-15 16:50:00,22.15,100.00
129N04114,2021-03-15 17:00:00,20.43,100.00
129N04114,2021-03-15 17:10:00,23.88,100.00
129N04114,2021-03-15 17:20:00,21.44,100.00
129N04114,2021-03-15 17:30:00,23.10,100.00
129N04114,2021-03-15 17:40:00,23.73,100.00
129N04114,2021-03-15 17:50:00,25.81,100.00
129N04114,2021-03-15 18:00:00,29.64,92.00
129N04114,2021-03-15 18:10:00,52.70,90.00
129N04114,2021-03-15 18:20:00,56.96,90.00
129N04114,2021-03-15 18:30:00,56.12,90.00
129N04114,2021-03-15 18:40:00,58.01,90.00
129N04114,2021-03-15 18:50:00,59.82,90.00
129N04114,2021-03-15 19:00:00,58.70,92.00
129N04114,2021-03-15 19:10:00,56.32,92.00
129N04114,2021-03-15 19:20:00,57.21,99.00
129N04114,2021-03-15 19:30:00,58.17,100.00
129N04114,2021-03-15 19:40:00,58.70,100.00
129N04114,2021-03-15 19:50:00,58.11,100.00
129N04114,2021-03-15 20:00:00,57.93,100.00
129N04114,2021-03-15 20:10:00,61.90,100.00
129N04114,2021-03-15 20:20:00,63.72,100.00
129N04114,2021-03-15 20:30:00,61.47,100.00
129N04114,2021-03-15 20:40:00,61.45,100.00
129N04114,2021-03-15 20:50:00,62.98,100.00
129N04114,2021-03-15 21:00:00,60.24,100.00
129N04114,2021-03-15 21:10:00,63.84,100.00
129N04114,2021-03-15 21:20:00,54.57,100.00
129N04114,2021-03-15 21:30:00,61.23,100.00
129N04114,2021-03-15 21:40:00,58.81,100.00
129N04114,2021-03-15 21:50:00,60.00,100.00
129N04114,2021-03-15 22:00:00,61.09,100.00
129N04114,2021-03-15 22:10:00,61.47,100.00
129N04114,2021-03-15 22:20:00,65.92,100.00
129N04114,2021-03-15 22:30:00,61.07,100.00
129N04114,2021-03-15 22:40:00,63.08,100.00
129N04114,2021-03-15 22:50:00,63.60,100.00
129N04114,2021-03-15 23:00:00,60.37,100.00
129N04114,2021-03-15 23:10:00,63.76,100.00
129N04114,2021-03-15 23:20:00,60.86,100.00
129N04114,2021-03-15 23:30:00,59.14,100.00
129N04114,2021-03-15 23:40:00,57.58,100.00
129N04114,2021-03-15 23:50:00,60.34,100.00
129N04111,2021-03-15 00:00:00,67.17,100.00
129N04111,2021-03-15 00:10:00,65.59,100.00
129N04111,2021-03-15 00:20:00,66.38,100.00
129N04111,2021-03-15 00:30:00,69.24,100.00
129N04111,2021-03-15 00:40:00,68.12,100.00
129N04111,2021-03-15 00:50:00,65.79,100.00
129N04111,2021-03-15 01:00:00,65.05,100.00
129N04111,2021-03-15 01:10:00,65.68,100.00
129N04111,2021-03-15 01:20:00,64.69,100.00
129N04111,2021-03-15 01:30:00,66.69,100.00
129N04111,2021-03-15 01:40:00,64.84,100.00
129N04111,2021-03-15 01:50:00,63.17,100.00
129N04111,2021-03-15 02:00:00,65.87,100.00
129N04111,2021-03-15 02:10:00,64.54,100.00
129N04111,2021-03-15 02:20:00,61.78,100.00
129N04111,2021-03-15 02:30:00,64.67,100.00
129N04111,2021-03-15 02:40:00,65.30,100.00
129N04111,2021-03-15 02:50:00,64.97,100.00
129N04111,2021-03-15 03:00:00,68.16,100.00
129N04111,2021-03-15 03:10:00,66.85,100.00
129N04111,2021-03-15 03:20:00,58.81,100.00
129N04111,2021-03-15 03:30:00,55.90,100.00
129N04111,2021-03-15 03:40:00,55.83,100.00
129N04111,2021-03-15 03:50:00,60.76,100.00
129N04111,2021-03-15 04:00:00,61.18,100.00
129N04111,2021-03-15 04:10:00,62.11,100.00
129N04111,2021-03-15 04:20:00,60.35,100.00
129N04111,2021-03-15 04:30:00,66.39,100.00
129N04111,2021-03-15 04:40:00,64.66,100.00
129N04111,2021-03-15 04:50:00,62.30,100.00
129N04111,2021-03-15 05:00:00,65.48,100.00
129N04111,2021-03-15 05:10:00,66.39,100.00
129N04111,2021-03-15 05:20:00,63.08,100.00
129N04111,2021-03-15 05:30:00,64.35,100.00
129N04111,2021-03-15 05:40:00,62.54,100.00
129N04111,2021-03-15 05:50:00,63.53,100.00
129N04111,2021-03-15 06:00:00,59.15,100.00
129N04111,2021-03-15 06:10:00,62.53,100.00
129N04111,2021-03-15 06:20:00,62.04,100.00
129N04111,2021-03-15 06:30:00,56.72,100.00
129N04111,2021-03-15 06:40:00,58.36,100.00
129N04111,2021-03-15 06:50:00,58.24,100.00
129N04111,2021-03-15 07:00:00,57.29,100.00
129N04111,2021-03-15 07:10:00,56.75,100.00
129N04111,2021-03-15 07:20:00,54.39,100.00
129N04111,2021-03-15 07:30:00,54.94,100.00
129N04111,2021-03-15 07:40:00,37.37,100.00
129N04111,2021-03-15 07:50:00,33.91,100.00
129N04111,2021-03-15 08:00:00,34.29,100.00
129N04111,2021-03-15 08:10:00,34.80,100.00
129N04111,2021-03-15 08:20:00,37.63,100.00
129N04111,2021-03-15 08:30:00,40.92,100.00
129N04111,2021-03-15 08:40:00,41.66,100.00
129N04111,2021-03-15 08:50:00,54.94,100.00
129N04111,2021-03-15 09:00:00,56.24,100.00
129N04111,2021-03-15 09:10:00,58.42,100.00
129N04111,2021-03-15 09:20:00,58.49,100.00
129N04111,2021-03-15 09:30:00,59.47,100.00
129N04111,2021-03-15 09:40:00,54.95,100.00
129N04111,2021-03-15 09:50:00,59.85,100.00
129N04111,2021-03-15 10:00:00,54.55,100.00
129N04111,2021-03-15 10:10:00,56.62,100.00
129N04111,2021-03-15 10:20:00,53.08,100.00
129N04111,2021-03-15 10:30:00,52.93,100.00
129N04111,2021-03-15 10:40:00,46.55,100.00
129N04111,2021-03-15 10:50:00,35.22,100.00
129N04111,2021-03-15 11:00:00,35.65,100.00
129N04111,2021-03-15 11:10:00,39.23,100.00
129N04111,2021-03-15 11:20:00,54.76,100.00
129N04111,2021-03-15 11:30:00,59.52,100.00
129N04111,2021-03-15 11:40:00,56.28,100.00
129N04111,2021-03-15 11:50:00,60.95,100.00
129N04111,2021-03-15 12:00:00,61.44,100.00
129N04111,2021-03-15 12:10:00,59.77,100.00
129N04111,2021-03-15 12:20:00,60.26,100.00
129N04111,2021-03-15 12:30:00,59.30,100.00
129N04111,2021-03-15 12:40:00,60.04,100.00
129N04111,2021-03-15 12:50:00,60.94,100.00
129N04111,2021-03-15 13:00:00,58.80,100.00
129N04111,2021-03-15 13:10:00,60.91,100.00
129N04111,2021-03-15 13:20:00,59.95,100.00
129N04111,2021-03-15 13:30:00,57.49,100.00
129N04111,2021-03-15 13:40:00,52.01,100.00
129N04111,2021-03-15 13:50:00,43.32,100.00
129N04111,2021-03-15 14:00:00,39.44,100.00
129N04111,2021-03-15 14:10:00,36.88,100.00
129N04111,2021-03-15 14:20:00,35.84,100.00
129N04111,2021-03-15 14:30:00,32.44,99.00
129N04111,2021-03-15 14:40:00,14.68,90.00
129N04111,2021-03-15 14:50:00,12.39,90.00
129N04111,2021-03-15 15:00:00,17.00,90.00
129N04111,2021-03-15 15:10:00,19.58,90.00
129N04111,2021-03-15 15:20:00,18.59,92.00
129N04111,2021-03-15 15:30:00,33.15,99.00
129N04111,2021-03-15 15:40:00,38.38,100.00
129N04111,2021-03-15 15:50:00,38.33,100.00
129N04111,2021-03-15 16:00:00,39.31,100.00
129N04111,2021-03-15 16:10:00,31.69,96.00
129N04111,2021-03-15 16:20:00,19.43,90.00
129N04111,2021-03-15 16:30:00,24.75,95.00
129N04111,2021-03-15 16:40:00,39.78,100.00
129N04111,2021-03-15 16:50:00,39.91,100.00
129N04111,2021-03-15 17:00:00,43.38,100.00
129N04111,2021-03-15 17:10:00,53.29,100.00
129N04111,2021-03-15 17:20:00,58.26,100.00
129N04111,2021-03-15 17:30:00,54.16,100.00
129N04111,2021-03-15 17:40:00,23.73,95.00
129N04111,2021-03-15 17:50:00,17.26,93.00
129N04111,2021-03-15 18:00:00,17.53,93.00
129N04111,2021-03-15 18:10:00,36.94,100.00
129N04111,2021-03-15 18:20:00,38.27,100.00
129N04111,2021-03-15 18:30:00,54.72,100.00
129N04111,2021-03-15 18:40:00,61.46,100.00
129N04111,2021-03-15 18:50:00,60.94,100.00
129N04111,2021-03-15 19:00:00,61.86,100.00
129N04111,2021-03-15 19:10:00,60.52,100.00
129N04111,2021-03-15 19:20:00,57.87,100.00
129N04111,2021-03-15 19:30:00,61.45,100.00
129N04111,2021-03-15 19:40:00,62.08,100.00
129N04111,2021-03-15 19:50:00,62.85,100.00
129N04111,2021-03-15 20:00:00,64.58,100.00
129N04111,2021-03-15 20:10:00,66.73,100.00
129N04111,2021-03-15 20:20:00,64.06,100.00
129N04111,2021-03-15 20:30:00,62.94,100.00
129N04111,2021-03-15 20:40:00,63.00,100.00
129N04111,2021-03-15 20:50:00,63.11,100.00
129N04111,2021-03-15 21:00:00,64.77,100.00
129N04111,2021-03-15 21:10:00,64.75,100.00
129N04111,2021-03-15 21:20:00,62.35,100.00
129N04111,2021-03-15 21:30:00,60.60,100.00
129N04111,2021-03-15 21:40:00,61.12,100.00
129N04111,2021-03-15 21:50:00,62.28,100.00
129N04111,2021-03-15 22:00:00,67.22,100.00
129N04111,2021-03-15 22:10:00,64.95,100.00
129N04111,2021-03-15 22:20:00,63.58,100.00
129N04111,2021-03-15 22:30:00,62.57,100.00
129N04111,2021-03-15 22:40:00,64.31,100.00
129N04111,2021-03-15 22:50:00,64.84,100.00
129N04111,2021-03-15 23:00:00,64.15,100.00
129N04111,2021-03-15 23:10:00,68.23,100.00
129N04111,2021-03-15 23:20:00,65.68,100.00
129N04111,2021-03-15 23:30:00,64.26,100.00
129N04111,2021-03-15 23:40:00,64.83,100.00
129N04111,2021-03-15 23:50:00,66.29,100.00
129N04110,2021-03-15 00:00:00,66.87,100.00
129N04110,2021-03-15 00:10:00,63.10,100.00
129N04110,2021-03-15 00:20:00,64.18,100.00
129N04110,2021-03-15 00:30:00,68.20,100.00
129N04110,2021-03-15 00:40:00,68.61,100.00
129N04110,2021-03-15 00:50:00,66.08,100.00
129N04110,2021-03-15 01:00:00,65.43,100.00
129N04110,2021-03-15 01:10:00,64.54,100.00
129N04110,2021-03-15 01:20:00,62.64,100.00
129N04110,2021-03-15 01:30:00,64.79,100.00
129N04110,2021-03-15 01:40:00,62.19,100.00
129N04110,2021-03-15 01:50:00,62.18,100.00
129N04110,2021-03-15 02:00:00,62.39,100.00
129N04110,2021-03-15 02:10:00,61.40,100.00
129N04110,2021-03-15 02:20:00,61.70,100.00
129N04110,2021-03-15 02:30:00,63.44,100.00
129N04110,2021-03-15 02:40:00,63.78,100.00
129N04110,2021-03-15 02:50:00,63.46,100.00
129N04110,2021-03-15 03:00:00,64.59,100.00
129N04110,2021-03-15 03:10:00,65.00,100.00
129N04110,2021-03-15 03:20:00,59.48,100.00
129N04110,2021-03-15 03:30:00,58.40,100.00
129N04110,2021-03-15 03:40:00,58.56,100.00
129N04110,2021-03-15 03:50:00,61.18,100.00
129N04110,2021-03-15 04:00:00,60.55,100.00
129N04110,2021-03-15 04:10:00,62.56,100.00
129N04110,2021-03-15 04:20:00,61.69,100.00
129N04110,2021-03-15 04:30:00,66.39,100.00
129N04110,2021-03-15 04:40:00,64.50,100.00
129N04110,2021-03-15 04:50:00,60.76,100.00
129N04110,2021-03-15 05:00:00,65.49,100.00
129N04110,2021-03-15 05:10:00,61.77,100.00
129N04110,2021-03-15 05:20:00,61.21,100.00
129N04110,2021-03-15 05:30:00,63.17,100.00
129N04110,2021-03-15 05:40:00,61.24,100.00
129N04110,2021-03-15 05:50:00,61.33,100.00
129N04110,2021-03-15 06:00:00,59.96,100.00
129N04110,2021-03-15 06:10:00,60.67,100.00
129N04110,2021-03-15 06:20:00,61.36,100.00
129N04110,2021-03-15 06:30:00,55.99,100.00
129N04110,2021-03-15 06:40:00,56.83,100.00
129N04110,2021-03-15 06:50:00,56.90,100.00
129N04110,2021-03-15 07:00:00,57.55,100.00
129N04110,2021-03-15 07:10:00,55.24,100.00
129N04110,2021-03-15 07:20:00,56.36,100.00
129N04110,2021-03-15 07:30:00,52.25,100.00
129N04110,2021-03-15 07:40:00,51.61,100.00
129N04110,2021-03-15 07:50:00,49.42,100.00
129N04110,2021-03-15 08:00:00,52.11,100.00
129N04110,2021-03-15 08:10:00,48.37,100.00
129N04110,2021-03-15 08:20:00,42.19,100.00
129N04110,2021-03-15 08:30:00,48.03,100.00
129N04110,2021-03-15 08:40:00,45.56,100.00
129N04110,2021-03-15 08:50:00,55.31,100.00
129N04110,2021-03-15 09:00:00,55.57,100.00
129N04110,2021-03-15 09:10:00,55.39,100.00
129N04110,2021-03-15 09:20:00,56.93,100.00
129N04110,2021-03-15 09:30:00,56.23,100.00
129N04110,2021-03-15 09:40:00,55.65,100.00
129N04110,2021-03-15 09:50:00,59.29,100.00
129N04110,2021-03-15 10:00:00,55.71,100.00
129N04110,2021-03-15 10:10:00,58.16,100.00
129N04110,2021-03-15 10:20:00,51.01,100.00
129N04110,2021-03-15 10:30:00,54.05,100.00
129N04110,2021-03-15 10:40:00,49.46,100.00
129N04110,2021-03-15 10:50:00,49.03,100.00
129N04110,2021-03-15 11:00:00,49.68,100.00
129N04110,2021-03-15 11:10:00,54.25,100.00
129N04110,2021-03-15 11:20:00,59.03,100.00
129N04110,2021-03-15 11:30:00,59.56,100.00
129N04110,2021-03-15 11:40:00,55.92,100.00
129N04110,2021-03-15 11:50:00,59.97,100.00
129N04110,2021-03-15 12:00:00,59.51,100.00
129N04110,2021-03-15 12:10:00,58.77,100.00
129N04110,2021-03-15 12:20:00,58.46,100.00
129N04110,2021-03-15 12:30:00,58.51,100.00
129N04110,2021-03-15 12:40:00,59.64,100.00
129N04110,2021-03-15 12:50:00,60.47,100.00
129N04110,2021-03-15 13:00:00,58.54,100.00
129N04110,2021-03-15 13:10:00,60.90,100.00
129N04110,2021-03-15 13:20:00,60.22,100.00
129N04110,2021-03-15 13:30:00,57.84,100.00
129N04110,2021-03-15 13:40:00,58.09,100.00
129N04110,2021-03-15 13:50:00,50.87,100.00
129N04110,2021-03-15 14:00:00,51.35,100.00
129N04110,2021-03-15 14:10:00,48.54,100.00
129N04110,2021-03-15 14:20:00,44.64,100.00
129N04110,2021-03-15 14:30:00,30.44,99.00
129N04110,2021-03-15 14:40:00,13.75,90.00
129N04110,2021-03-15 14:50:00,14.38,90.00
129N04110,2021-03-15 15:00:00,16.52,90.00
129N04110,2021-03-15 15:10:00,21.02,90.00
129N04110,2021-03-15 15:20:00,22.85,92.00
129N04110,2021-03-15 15:30:00,42.29,99.00
129N04110,2021-03-15 15:40:00,41.61,100.00
129N04110,2021-03-15 15:50:00,42.10,100.00
129N04110,2021-03-15 16:00:00,46.83,100.00
129N04110,2021-03-15 16:10:00,22.74,96.00
129N04110,2021-03-15 16:20:00,19.99,90.00
129N04110,2021-03-15 16:30:00,34.85,95.00
129N04110,2021-03-15 16:40:00,45.44,100.00
129N04110,2021-03-15 16:50:00,49.20,100.00
129N04110,2021-03-15 17:00:00,52.82,100.00
129N04110,2021-03-15 17:10:00,55.23,100.00
129N04110,2021-03-15 17:20:00,54.39,100.00
129N04110,2021-03-15 17:30:00,46.45,100.00
129N04110,2021-03-15 17:40:00,18.40,95.00
129N04110,2021-03-15 17:50:00,20.67,93.00
129N04110,2021-03-15 18:00:00,25.00,93.00
129N04110,2021-03-15 18:10:00,47.45,100.00
129N04110,2021-03-15 18:20:00,51.22,100.00
129N04110,2021-03-15 18:30:00,57.97,100.00
129N04110,2021-03-15 18:40:00,60.73,100.00
129N04110,2021-03-15 18:50:00,60.33,100.00
129N04110,2021-03-15 19:00:00,61.31,100.00
129N04110,2021-03-15 19:10:00,61.99,100.00
129N04110,2021-03-15 19:20:00,57.63,100.00
129N04110,2021-03-15 19:30:00,60.49,100.00
129N04110,2021-03-15 19:40:00,61.03,100.00
129N04110,2021-03-15 19:50:00,61.97,100.00
129N04110,2021-03-15 20:00:00,62.29,100.00
129N04110,2021-03-15 20:10:00,64.14,100.00
129N04110,2021-03-15 20:20:00,61.78,100.00
129N04110,2021-03-15 20:30:00,61.92,100.00
129N04110,2021-03-15 20:40:00,62.71,100.00
129N04110,2021-03-15 20:50:00,62.37,100.00
129N04110,2021-03-15 21:00:00,63.20,100.00
129N04110,2021-03-15 21:10:00,65.80,100.00
129N04110,2021-03-15 21:20:00,61.61,100.00
129N04110,2021-03-15 21:30:00,60.98,100.00
129N04110,2021-03-15 21:40:00,62.21,100.00
129N04110,2021-03-15 21:50:00,60.74,100.00
129N04110,2021-03-15 22:00:00,63.23,100.00
129N04110,2021-03-15 22:10:00,63.86,100.00
129N04110,2021-03-15 22:20:00,64.54,100.00
129N04110,2021-03-15 22:30:00,58.70,100.00
129N04110,2021-03-15 22:40:00,59.80,100.00
129N04110,2021-03-15 22:50:00,63.41,100.00
129N04110,2021-03-15 23:00:00,64.54,100.00
129N04110,2021-03-15 23:10:00,67.12,100.00
129N04110,2021-03-15 23:20:00,61.74,100.00
129N04110,2021-03-15 23:30:00,63.94,100.00
129N04110,2021-03-15 23:40:00,62.42,100.00
129N04110,2021-03-15 23:50:00,62.65,100.00
129-04119,2021-03-15 00:00:00,50.69,93.00
129-04119,2021-03-15 00:10:00,52.57,100.00
129-04119,2021-03-15 00:20:00,51.80,100.00
129-04119,2021-03-15 00:30:00,50.89,97.90
129-04119,2021-03-15 00:40:00,52.33,95.90
129-04119,2021-03-15 00:50:00,56.20,92.90
129-04119,2021-03-15 01:00:00,50.67,98.00
129-04119,2021-03-15 01:10:00,47.30,100.00
129-04119,2021-03-15 01:20:00,46.70,100.00
129-04119,2021-03-15 01:30:00,46.59,94.70
129-04119,2021-03-15 01:40:00,47.00,90.00
129-04119,2021-03-15 01:50:00,51.80,91.20
129-04119,2021-03-15 02:00:00,60.00,89.40
129-04119,2021-03-15 02:10:00,61.39,84.20
129-04119,2021-03-15 02:20:00,60.68,89.90
129-04119,2021-03-15 02:30:00,54.85,89.70
129-04119,2021-03-15 02:40:00,50.05,93.10
129-04119,2021-03-15 02:50:00,52.00,100.00
129-04119,2021-03-15 03:00:00,51.80,100.00
129-04119,2021-03-15 03:10:00,50.70,94.70
129-04119,2021-03-15 03:20:00,51.00,90.00
129-04119,2021-03-15 03:30:00,46.66,34.50
129-04119,2021-03-15 03:40:00,46.10,96.70
129-04119,2021-03-15 03:50:00,45.20,90.00
129-04119,2021-03-15 04:00:00,48.69,96.00
129-04119,2021-03-15 04:10:00,55.25,96.30
129-04119,2021-03-15 04:20:00,58.60,100.00
129-04119,2021-03-15 04:30:00,53.75,100.00
129-04119,2021-03-15 04:40:00,50.02,99.30
129-04119,2021-03-15 04:50:00,59.75,99.70
129-04119,2021-03-15 05:00:00,68.10,100.00
129-04119,2021-03-15 05:10:00,66.19,100.00
129-04119,2021-03-15 05:20:00,61.64,99.70
129-04119,2021-03-15 05:30:00,51.53,100.00
129-04119,2021-03-15 05:40:00,43.58,100.00
129-04119,2021-03-15 05:50:00,41.36,98.60
129-04119,2021-03-15 06:00:00,46.62,100.00
129-04119,2021-03-15 06:10:00,57.00,100.00
129-04119,2021-03-15 06:20:00,53.75,100.00
129-04119,2021-03-15 06:30:00,44.32,100.00
129-04119,2021-03-15 06:40:00,42.83,100.00
129-04119,2021-03-15 06:50:00,45.29,100.00
129-04119,2021-03-15 07:00:00,44.62,100.00
129-04119,2021-03-15 07:10:00,35.21,100.00
129-04119,2021-03-15 07:20:00,39.70,100.00
129-04119,2021-03-15 07:30:00,45.59,100.00
129-04119,2021-03-15 07:40:00,41.22,100.00
129-04119,2021-03-15 07:50:00,41.68,100.00
129-04119,2021-03-15 08:00:00,50.06,100.00
129-04119,2021-03-15 08:10:00,48.33,100.00
129-04119,2021-03-15 08:20:00,45.57,100.00
129-04119,2021-03-15 08:30:00,46.60,99.70
129-04119,2021-03-15 08:40:00,45.78,100.00
129-04119,2021-03-15 08:50:00,41.46,100.00
129-04119,2021-03-15 09:00:00,39.46,100.00
129-04119,2021-03-15 09:10:00,45.79,100.00
129-04119,2021-03-15 09:20:00,51.43,99.70
129-04119,2021-03-15 09:30:00,53.16,98.00
129-04119,2021-03-15 09:40:00,50.42,98.40
129-04119,2021-03-15 09:50:00,47.96,100.00
129-04119,2021-03-15 10:00:00,47.72,100.00
129-04119,2021-03-15 10:10:00,50.87,100.00
129-04119,2021-03-15 10:20:00,49.23,100.00
129-04119,2021-03-15 10:30:00,49.54,99.40
129-04119,2021-03-15 10:40:00,50.62,97.90
129-04119,2021-03-15 10:50:00,52.39,100.00
129-04119,2021-03-15 11:00:00,51.24,100.00
129-04119,2021-03-15 11:10:00,50.77,100.00
129-04119,2021-03-15 11:20:00,48.78,100.00
129-04119,2021-03-15 11:30:00,48.37,100.00
129-04119,2021-03-15 11:40:00,47.27,100.00
129-04119,2021-03-15 11:50:00,49.77,100.00
129-04119,2021-03-15 12:00:00,49.82,100.00
129-04119,2021-03-15 12:10:00,48.56,100.00
129-04119,2021-03-15 12:20:00,45.12,100.00
129-04119,2021-03-15 12:30:00,41.42,100.00
129-04119,2021-03-15 12:40:00,44.43,100.00
129-04119,2021-03-15 12:50:00,47.01,100.00
129-04119,2021-03-15 13:00:00,51.73,100.00
129-04119,2021-03-15 13:10:00,49.77,100.00
129-04119,2021-03-15 13:20:00,46.44,100.00
129-04119,2021-03-15 13:30:00,44.66,100.00
129-04119,2021-03-15 13:40:00,46.38,100.00
129-04119,2021-03-15 13:50:00,48.28,100.00
129-04119,2021-03-15 14:00:00,54.10,100.00
129-04119,2021-03-15 14:10:00,41.00,100.00
129-04119,2021-03-15 14:20:00,31.63,99.40
129-04119,2021-03-15 14:30:00,17.44,93.70
129-04119,2021-03-15 14:40:00,11.21,90.00
129-04119,2021-03-15 14:50:00,14.40,96.30
129-04119,2021-03-15 15:00:00,24.15,99.10
129-04119,2021-03-15 15:10:00,25.96,100.00
129-04119,2021-03-15 15:20:00,19.55,100.00
129-04119,2021-03-15 15:30:00,17.86,100.00
129-04119,2021-03-15 15:40:00,13.96,97.00
129-04119,2021-03-15 15:50:00,13.76,97.60
129-04119,2021-03-15 16:00:00,13.17,97.00
129-04119,2021-03-15 16:10:00,25.60,99.70
129-04119,2021-03-15 16:20:00,31.17,99.40
129-04119,2021-03-15 16:30:00,28.85,99.70
129-04119,2021-03-15 16:40:00,32.45,95.80
129-04119,2021-03-15 16:50:00,36.62,96.00
129-04119,2021-03-15 17:00:00,46.33,91.20
129-04119,2021-03-15 17:10:00,48.03,91.20
129-04119,2021-03-15 17:20:00,42.59,91.20
129-04119,2021-03-15 17:30:00,41.31,90.60
129-04119,2021-03-15 17:40:00,50.89,83.50
129-04119,2021-03-15 17:50:00,54.34,90.50
129-04119,2021-03-15 18:00:00,52.21,93.00
129-04119,2021-03-15 18:10:00,52.94,93.00
129-04119,2021-03-15 18:20:00,44.43,93.00
129-04119,2021-03-15 18:30:00,50.71,93.00
129-04119,2021-03-15 18:40:00,53.69,93.70
129-04119,2021-03-15 18:50:00,49.75,100.00
129-04119,2021-03-15 19:00:00,49.84,100.00
129-04119,2021-03-15 19:10:00,48.47,100.00
129-04119,2021-03-15 19:20:00,52.95,100.00
129-04119,2021-03-15 19:30:00,52.90,100.00
129-04119,2021-03-15 19:40:00,52.82,100.00
129-04119,2021-03-15 19:50:00,53.49,100.00
129-04119,2021-03-15 20:00:00,55.07,100.00
129-04119,2021-03-15 20:10:00,56.26,100.00
129-04119,2021-03-15 20:20:00,54.28,100.00
129-04119,2021-03-15 20:30:00,56.09,100.00
129-04119,2021-03-15 20:40:00,58.29,100.00
129-04119,2021-03-15 20:50:00,56.79,100.00
129-04119,2021-03-15 21:00:00,54.52,100.00
129-04119,2021-03-15 21:10:00,55.27,100.00
129-04119,2021-03-15 21:20:00,56.88,100.00
129-04119,2021-03-15 21:30:00,53.56,100.00
129-04119,2021-03-15 21:40:00,49.92,100.00
129-04119,2021-03-15 21:50:00,52.18,100.00
129-04119,2021-03-15 22:00:00,54.79,100.00
129-04119,2021-03-15 22:10:00,55.88,100.00
129-04119,2021-03-15 22:20:00,55.42,100.00
129-04119,2021-03-15 22:30:00,62.98,100.00
129-04119,2021-03-15 22:40:00,58.93,100.00
129-04119,2021-03-15 22:50:00,53.98,100.00
129-04119,2021-03-15 23:00:00,52.52,100.00
129-04119,2021-03-15 23:10:00,54.79,100.00
129-04119,2021-03-15 23:20:00,53.09,100.00
129-04119,2021-03-15 23:30:00,52.50,100.00
129-04119,2021-03-15 23:40:00,51.17,100.00
129-04119,2021-03-15 23:50:00,46.28,100.00
129-04139,2021-03-15 00:00:00,68.79,100.00
129-04139,2021-03-15 00:10:00,71.16,100.00
129-04139,2021-03-15 00:20:00,71.10,100.00
129-04139,2021-03-15 00:30:00,68.59,100.00
129-04139,2021-03-15 00:40:00,65.58,100.00
129-04139,2021-03-15 00:50:00,64.59,100.00
129-04139,2021-03-15 01:00:00,67.47,100.00
129-04139,2021-03-15 01:10:00,68.79,100.00
129-04139,2021-03-15 01:20:00,71.37,100.00
129-04139,2021-03-15 01:30:00,69.79,100.00
129-04139,2021-03-15 01:40:00,69.46,100.00
129-04139,2021-03-15 01:50:00,69.79,100.00
129-04139,2021-03-15 02:00:00,70.00,100.00
129-04139,2021-03-15 02:10:00,69.59,100.00
129-04139,2021-03-15 02:20:00,69.50,100.00
129-04139,2021-03-15 02:30:00,68.70,100.00
129-04139,2021-03-15 02:40:00,67.39,100.00
129-04139,2021-03-15 02:50:00,67.28,95.00
129-04139,2021-03-15 03:00:00,63.43,100.00
129-04139,2021-03-15 03:10:00,69.10,100.00
129-04139,2021-03-15 03:20:00,69.38,100.00
129-04139,2021-03-15 03:30:00,70.50,100.00
129-04139,2021-03-15 03:40:00,70.60,100.00
129-04139,2021-03-15 03:50:00,70.90,100.00
129-04139,2021-03-15 04:00:00,71.20,100.00
129-04139,2021-03-15 04:10:00,74.29,100.00
129-04139,2021-03-15 04:20:00,71.38,100.00
129-04139,2021-03-15 04:30:00,71.28,100.00
129-04139,2021-03-15 04:40:00,73.37,100.00
129-04139,2021-03-15 04:50:00,72.49,100.00
129-04139,2021-03-15 05:00:00,71.75,100.00
129-04139,2021-03-15 05:10:00,72.73,100.00
129-04139,2021-03-15 05:20:00,70.86,100.00
129-04139,2021-03-15 05:30:00,69.47,100.00
129-04139,2021-03-15 05:40:00,67.94,100.00
129-04139,2021-03-15 05:50:00,67.07,100.00
129-04139,2021-03-15 06:00:00,68.77,100.00
129-04139,2021-03-15 06:10:00,67.36,100.00
129-04139,2021-03-15 06:20:00,66.96,100.00
129-04139,2021-03-15 06:30:00,67.52,100.00
129-04139,2021-03-15 06:40:00,67.02,100.00
129-04139,2021-03-15 06:50:00,66.18,100.00
129-04139,2021-03-15 07:00:00,69.78,100.00
129-04139,2021-03-15 07:10:00,67.96,100.00
129-04139,2021-03-15 07:20:00,67.05,100.00
129-04139,2021-03-15 07:30:00,65.49,100.00
129-04139,2021-03-15 07:40:00,64.93,100.00
129-04139,2021-03-15 07:50:00,65.98,100.00
129-04139,2021-03-15 08:00:00,66.27,100.00
129-04139,2021-03-15 08:10:00,67.56,100.00
129-04139,2021-03-15 08:20:00,67.52,100.00
129-04139,2021-03-15 08:30:00,69.74,100.00
129-04139,2021-03-15 08:40:00,69.20,100.00
129-04139,2021-03-15 08:50:00,69.23,100.00
129-04139,2021-03-15 09:00:00,69.78,100.00
129-04139,2021-03-15 09:10:00,70.65,100.00
129-04139,2021-03-15 09:20:00,68.41,100.00
129-04139,2021-03-15 09:30:00,68.26,100.00
129-04139,2021-03-15 09:40:00,69.17,100.00
129-04139,2021-03-15 09:50:00,70.46,100.00
129-04139,2021-03-15 10:00:00,68.12,100.00
129-04139,2021-03-15 10:10:00,69.78,100.00
129-04139,2021-03-15 10:20:00,68.08,100.00
129-04139,2021-03-15 10:30:00,71.88,100.00
129-04139,2021-03-15 10:40:00,69.57,100.00
129-04139,2021-03-15 10:50:00,65.97,100.00
129-04139,2021-03-15 11:00:00,69.27,100.00
129-04139,2021-03-15 11:10:00,69.18,100.00
129-04139,2021-03-15 11:20:00,67.10,100.00
129-04139,2021-03-15 11:30:00,67.66,100.00
129-04139,2021-03-15 11:40:00,68.46,100.00
129-04139,2021-03-15 11:50:00,68.21,100.00
129-04139,2021-03-15 12:00:00,68.88,100.00
129-04139,2021-03-15 12:10:00,70.08,100.00
129-04139,2021-03-15 12:20:00,68.75,100.00
129-04139,2021-03-15 12:30:00,69.27,100.00
129-04139,2021-03-15 12:40:00,67.56,100.00
129-04139,2021-03-15 12:50:00,67.69,100.00
129-04139,2021-03-15 13:00:00,67.82,100.00
129-04139,2021-03-15 13:10:00,69.32,100.00
129-04139,2021-03-15 13:20:00,68.70,100.00
129-04139,2021-03-15 13:30:00,67.57,100.00
129-04139,2021-03-15 13:40:00,66.17,100.00
129-04139,2021-03-15 13:50:00,68.56,100.00
129-04139,2021-03-15 14:00:00,69.16,100.00
129-04139,2021-03-15 14:10:00,68.95,100.00
129-04139,2021-03-15 14:20:00,70.02,100.00
129-04139,2021-03-15 14:30:00,68.69,100.00
129-04139,2021-03-15 14:40:00,69.05,100.00
129-04139,2021-03-15 14:50:00,69.98,100.00
129-04139,2021-03-15 15:00:00,67.71,100.00
129-04139,2021-03-15 15:10:00,67.08,100.00
129-04139,2021-03-15 15:20:00,68.11,100.00
129-04139,2021-03-15 15:30:00,68.08,100.00
129-04139,2021-03-15 15:40:00,66.66,100.00
129-04139,2021-03-15 15:50:00,68.00,100.00
129-04139,2021-03-15 16:00:00,68.46,100.00
129-04139,2021-03-15 16:10:00,70.61,100.00
129-04139,2021-03-15 16:20:00,66.74,100.00
129-04139,2021-03-15 16:30:00,67.49,100.00
129-04139,2021-03-15 16:40:00,68.45,100.00
129-04139,2021-03-15 16:50:00,68.44,100.00
129-04139,2021-03-15 17:00:00,71.67,100.00
129-04139,2021-03-15 17:10:00,68.31,100.00
129-04139,2021-03-15 17:20:00,71.36,100.00
129-04139,2021-03-15 17:30:00,69.96,100.00
129-04139,2021-03-15 17:40:00,68.94,100.00
129-04139,2021-03-15 17:50:00,70.05,100.00
129-04139,2021-03-15 18:00:00,70.59,100.00
129-04139,2021-03-15 18:10:00,71.89,100.00
129-04139,2021-03-15 18:20:00,71.08,100.00
129-04139,2021-03-15 18:30:00,69.69,100.00
129-04139,2021-03-15 18:40:00,69.40,100.00
129-04139,2021-03-15 18:50:00,68.29,100.00
129-04139,2021-03-15 19:00:00,70.39,100.00
129-04139,2021-03-15 19:10:00,68.03,100.00
129-04139,2021-03-15 19:20:00,70.08,100.00
129-04139,2021-03-15 19:30:00,71.47,100.00
129-04139,2021-03-15 19:40:00,67.99,100.00
129-04139,2021-03-15 19:50:00,67.22,100.00
129-04139,2021-03-15 20:00:00,70.89,100.00
129-04139,2021-03-15 20:10:00,69.88,100.00
129-04139,2021-03-15 20:20:00,69.89,100.00
129-04139,2021-03-15 20:30:00,70.14,100.00
129-04139,2021-03-15 20:40:00,68.27,100.00
129-04139,2021-03-15 20:50:00,71.77,100.00
129-04139,2021-03-15 21:00:00,69.18,100.00
129-04139,2021-03-15 21:10:00,69.64,100.00
129-04139,2021-03-15 21:20:00,66.87,100.00
129-04139,2021-03-15 21:30:00,71.57,100.00
129-04139,2021-03-15 21:40:00,72.56,100.00
129-04139,2021-03-15 21:50:00,71.87,100.00
129-04139,2021-03-15 22:00:00,69.89,100.00
129-04139,2021-03-15 22:10:00,71.39,100.00
129-04139,2021-03-15 22:20:00,72.79,100.00
129-04139,2021-03-15 22:30:00,69.39,100.00
129-04139,2021-03-15 22:40:00,70.49,100.00
129-04139,2021-03-15 22:50:00,70.29,100.00
129-04139,2021-03-15 23:00:00,64.85,100.00
129-04139,2021-03-15 23:10:00,66.64,100.00
129-04139,2021-03-15 23:20:00,69.19,100.00
129-04139,2021-03-15 23:30:00,71.99,100.00
129-04139,2021-03-15 23:40:00,71.79,100.00
129-04139,2021-03-15 23:50:00,69.19,100.00
129-04137,2021-03-15 00:00:00,72.19,100.00
129-04137,2021-03-15 00:10:00,69.97,100.00
129-04137,2021-03-15 00:20:00,69.59,100.00
129-04137,2021-03-15 00:30:00,68.00,100.00
129-04137,2021-03-15 00:40:00,65.74,100.00
129-04137,2021-03-15 00:50:00,64.98,96.00
129-04137,2021-03-15 01:00:00,65.66,99.00
129-04137,2021-03-15 01:10:00,67.00,100.00
129-04137,2021-03-15 01:20:00,69.82,100.00
129-04137,2021-03-15 01:30:00,72.89,100.00
129-04137,2021-03-15 01:40:00,73.68,100.00
129-04137,2021-03-15 01:50:00,70.10,100.00
129-04137,2021-03-15 02:00:00,68.29,100.00
129-04137,2021-03-15 02:10:00,67.84,100.00
129-04137,2021-03-15 02:20:00,68.19,100.00
129-04137,2021-03-15 02:30:00,67.50,100.00
129-04137,2021-03-15 02:40:00,63.16,100.00
129-04137,2021-03-15 02:50:00,59.68,100.00
129-04137,2021-03-15 03:00:00,60.71,100.00
129-04137,2021-03-15 03:10:00,68.16,100.00
129-04137,2021-03-15 03:20:00,60.26,100.00
129-04137,2021-03-15 03:30:00,64.98,100.00
129-04137,2021-03-15 03:40:00,65.38,100.00
129-04137,2021-03-15 03:50:00,62.65,100.00
129-04137,2021-03-15 04:00:00,67.16,100.00
129-04137,2021-03-15 04:10:00,71.38,100.00
129-04137,2021-03-15 04:20:00,74.67,100.00
129-04137,2021-03-15 04:30:00,73.14,100.00
129-04137,2021-03-15 04:40:00,70.34,100.00
129-04137,2021-03-15 04:50:00,73.04,100.00
129-04137,2021-03-15 05:00:00,72.27,100.00
129-04137,2021-03-15 05:10:00,73.28,100.00
129-04137,2021-03-15 05:20:00,73.03,100.00
129-04137,2021-03-15 05:30:00,70.55,100.00
129-04137,2021-03-15 05:40:00,69.58,100.00
129-04137,2021-03-15 05:50:00,68.26,100.00
129-04137,2021-03-15 06:00:00,69.33,100.00
129-04137,2021-03-15 06:10:00,69.16,100.00
129-04137,2021-03-15 06:20:00,66.83,100.00
129-04137,2021-03-15 06:30:00,69.02,100.00
129-04137,2021-03-15 06:40:00,69.07,100.00
129-04137,2021-03-15 06:50:00,68.24,100.00
129-04137,2021-03-15 07:00:00,70.12,100.00
129-04137,2021-03-15 07:10:00,67.96,100.00
129-04137,2021-03-15 07:20:00,68.44,100.00
129-04137,2021-03-15 07:30:00,68.88,100.00
129-04137,2021-03-15 07:40:00,66.53,100.00
129-04137,2021-03-15 07:50:00,68.34,100.00
129-04137,2021-03-15 08:00:00,65.93,100.00
129-04137,2021-03-15 08:10:00,70.21,96.00
129-04137,2021-03-15 08:20:00,67.83,100.00
129-04137,2021-03-15 08:30:00,68.36,100.00
129-04137,2021-03-15 08:40:00,69.41,100.00
129-04137,2021-03-15 08:50:00,67.09,100.00
129-04137,2021-03-15 09:00:00,70.99,100.00
129-04137,2021-03-15 09:10:00,70.96,100.00
129-04137,2021-03-15 09:20:00,69.66,100.00
129-04137,2021-03-15 09:30:00,68.52,100.00
129-04137,2021-03-15 09:40:00,67.94,100.00
129-04137,2021-03-15 09:50:00,70.15,100.00
129-04137,2021-03-15 10:00:00,68.93,100.00
129-04137,2021-03-15 10:10:00,70.03,100.00
129-04137,2021-03-15 10:20:00,67.38,100.00
129-04137,2021-03-15 10:30:00,70.83,100.00
129-04137,2021-03-15 10:40:00,69.10,100.00
129-04137,2021-03-15 10:50:00,68.55,100.00
129-04137,2021-03-15 11:00:00,66.64,100.00
129-04137,2021-03-15 11:10:00,67.34,100.00
129-04137,2021-03-15 11:20:00,70.22,100.00
129-04137,2021-03-15 11:30:00,67.46,100.00
129-04137,2021-03-15 11:40:00,70.35,100.00
129-04137,2021-03-15 11:50:00,68.55,100.00
129-04137,2021-03-15 12:00:00,69.58,100.00
129-04137,2021-03-15 12:10:00,69.01,100.00
129-04137,2021-03-15 12:20:00,69.15,100.00
129-04137,2021-03-15 12:30:00,71.26,100.00
129-04137,2021-03-15 12:40:00,68.38,100.00
129-04137,2021-03-15 12:50:00,67.98,100.00
129-04137,2021-03-15 13:00:00,67.79,100.00
129-04137,2021-03-15 13:10:00,67.45,100.00
129-04137,2021-03-15 13:20:00,68.06,100.00
129-04137,2021-03-15 13:30:00,68.12,100.00
129-04137,2021-03-15 13:40:00,69.48,100.00
129-04137,2021-03-15 13:50:00,67.25,100.00
129-04137,2021-03-15 14:00:00,65.45,100.00
129-04137,2021-03-15 14:10:00,69.16,100.00
129-04137,2021-03-15 14:20:00,68.72,100.00
129-04137,2021-03-15 14:30:00,70.08,100.00
129-04137,2021-03-15 14:40:00,69.37,100.00
129-04137,2021-03-15 14:50:00,68.37,100.00
129-04137,2021-03-15 15:00:00,70.03,100.00
129-04137,2021-03-15 15:10:00,69.35,100.00
129-04137,2021-03-15 15:20:00,68.23,100.00
129-04137,2021-03-15 15:30:00,70.07,100.00
129-04137,2021-03-15 15:40:00,67.40,100.00
129-04137,2021-03-15 15:50:00,70.45,100.00
129-04137,2021-03-15 16:00:00,68.56,100.00
129-04137,2021-03-15 16:10:00,68.45,100.00
129-04137,2021-03-15 16:20:00,68.99,100.00
129-04137,2021-03-15 16:30:00,68.43,100.00
129-04137,2021-03-15 16:40:00,66.92,100.00
129-04137,2021-03-15 16:50:00,67.06,100.00
129-04137,2021-03-15 17:00:00,71.06,100.00
129-04137,2021-03-15 17:10:00,66.86,100.00
129-04137,2021-03-15 17:20:00,72.27,100.00
129-04137,2021-03-15 17:30:00,69.44,100.00
129-04137,2021-03-15 17:40:00,69.79,100.00
129-04137,2021-03-15 17:50:00,71.97,100.00
129-04137,2021-03-15 18:00:00,69.51,100.00
129-04137,2021-03-15 18:10:00,69.23,100.00
129-04137,2021-03-15 18:20:00,69.98,100.00
129-04137,2021-03-15 18:30:00,70.23,100.00
129-04137,2021-03-15 18:40:00,70.21,100.00
129-04137,2021-03-15 18:50:00,71.87,100.00
129-04137,2021-03-15 19:00:00,69.37,100.00
129-04137,2021-03-15 19:10:00,70.15,100.00
129-04137,2021-03-15 19:20:00,65.59,100.00
129-04137,2021-03-15 19:30:00,70.57,100.00
129-04137,2021-03-15 19:40:00,68.01,100.00
129-04137,2021-03-15 19:50:00,66.65,100.00
129-04137,2021-03-15 20:00:00,69.44,100.00
129-04137,2021-03-15 20:10:00,67.37,100.00
129-04137,2021-03-15 20:20:00,67.08,100.00
129-04137,2021-03-15 20:30:00,69.14,100.00
129-04137,2021-03-15 20:40:00,68.14,100.00
129-04137,2021-03-15 20:50:00,69.39,100.00
129-04137,2021-03-15 21:00:00,69.87,100.00
129-04137,2021-03-15 21:10:00,68.94,100.00
129-04137,2021-03-15 21:20:00,69.67,100.00
129-04137,2021-03-15 21:30:00,67.56,100.00
129-04137,2021-03-15 21:40:00,68.45,100.00
129-04137,2021-03-15 21:50:00,72.88,100.00
129-04137,2021-03-15 22:00:00,71.18,100.00
129-04137,2021-03-15 22:10:00,72.79,100.00
129-04137,2021-03-15 22:20:00,72.77,100.00
129-04137,2021-03-15 22:30:00,70.90,100.00
129-04137,2021-03-15 22:40:00,67.65,100.00
129-04137,2021-03-15 22:50:00,71.27,100.00
129-04137,2021-03-15 23:00:00,70.29,100.00
129-04137,2021-03-15 23:10:00,71.19,100.00
129-04137,2021-03-15 23:20:00,68.87,100.00
129-04137,2021-03-15 23:30:00,67.30,100.00
129-04137,2021-03-15 23:40:00,68.33,100.00
129-04137,2021-03-15 23:50:00,71.18,100.00
129-04138,2021-03-15 00:00:00,70.90,100.00
129-04138,2021-03-15 00:10:00,70.70,100.00
129-04138,2021-03-15 00:20:00,71.00,100.00
129-04138,2021-03-15 00:30:00,66.10,100.00
129-04138,2021-03-15 00:40:00,64.47,100.00
129-04138,2021-03-15 00:50:00,64.09,100.00
129-04138,2021-03-15 01:00:00,66.76,100.00
129-04138,2021-03-15 01:10:00,68.00,100.00
129-04138,2021-03-15 01:20:00,68.49,100.00
129-04138,2021-03-15 01:30:00,67.76,100.00
129-04138,2021-03-15 01:40:00,68.49,100.00
129-04138,2021-03-15 01:50:00,68.87,100.00
129-04138,2021-03-15 02:00:00,69.69,100.00
129-04138,2021-03-15 02:10:00,69.29,100.00
129-04138,2021-03-15 02:20:00,68.10,100.00
129-04138,2021-03-15 02:30:00,67.00,100.00
129-04138,2021-03-15 02:40:00,65.10,96.40
129-04138,2021-03-15 02:50:00,66.10,94.70
129-04138,2021-03-15 03:00:00,66.79,99.40
129-04138,2021-03-15 03:10:00,68.98,100.00
129-04138,2021-03-15 03:20:00,68.20,100.00
129-04138,2021-03-15 03:30:00,70.10,100.00
129-04138,2021-03-15 03:40:00,70.10,100.00
129-04138,2021-03-15 03:50:00,71.20,100.00
129-04138,2021-03-15 04:00:00,73.00,100.00
129-04138,2021-03-15 04:10:00,72.59,100.00
129-04138,2021-03-15 04:20:00,73.19,100.00
129-04138,2021-03-15 04:30:00,72.80,100.00
129-04138,2021-03-15 04:40:00,72.79,100.00
129-04138,2021-03-15 04:50:00,73.59,100.00
129-04138,2021-03-15 05:00:00,73.00,100.00
129-04138,2021-03-15 05:10:00,72.87,100.00
129-04138,2021-03-15 05:20:00,71.29,100.00
129-04138,2021-03-15 05:30:00,69.18,100.00
129-04138,2021-03-15 05:40:00,69.69,100.00
129-04138,2021-03-15 05:50:00,68.29,100.00
129-04138,2021-03-15 06:00:00,69.18,100.00
129-04138,2021-03-15 06:10:00,67.68,100.00
129-04138,2021-03-15 06:20:00,67.67,100.00
129-04138,2021-03-15 06:30:00,67.46,100.00
129-04138,2021-03-15 06:40:00,68.19,100.00
129-04138,2021-03-15 06:50:00,67.28,100.00
129-04138,2021-03-15 07:00:00,68.98,100.00
129-04138,2021-03-15 07:10:00,69.19,100.00
129-04138,2021-03-15 07:20:00,68.47,100.00
129-04138,2021-03-15 07:30:00,68.16,100.00
129-04138,2021-03-15 07:40:00,65.27,100.00
129-04138,2021-03-15 07:50:00,67.09,99.70
129-04138,2021-03-15 08:00:00,67.08,100.00
129-04138,2021-03-15 08:10:00,68.86,100.00
129-04138,2021-03-15 08:20:00,68.27,100.00
129-04138,2021-03-15 08:30:00,69.59,100.00
129-04138,2021-03-15 08:40:00,69.57,100.00
129-04138,2021-03-15 08:50:00,69.07,100.00
129-04138,2021-03-15 09:00:00,70.28,100.00
129-04138,2021-03-15 09:10:00,69.98,100.00
129-04138,2021-03-15 09:20:00,70.40,100.00
129-04138,2021-03-15 09:30:00,68.38,100.00
129-04138,2021-03-15 09:40:00,68.39,100.00
129-04138,2021-03-15 09:50:00,70.17,100.00
129-04138,2021-03-15 10:00:00,69.14,100.00
129-04138,2021-03-15 10:10:00,69.57,100.00
129-04138,2021-03-15 10:20:00,68.30,100.00
129-04138,2021-03-15 10:30:00,71.47,100.00
129-04138,2021-03-15 10:40:00,69.87,100.00
129-04138,2021-03-15 10:50:00,67.49,100.00
129-04138,2021-03-15 11:00:00,69.49,100.00
129-04138,2021-03-15 11:10:00,69.08,100.00
129-04138,2021-03-15 11:20:00,67.95,100.00
129-04138,2021-03-15 11:30:00,68.77,100.00
129-04138,2021-03-15 11:40:00,69.27,100.00
129-04138,2021-03-15 11:50:00,69.67,100.00
129-04138,2021-03-15 12:00:00,69.18,100.00
129-04138,2021-03-15 12:10:00,70.79,100.00
129-04138,2021-03-15 12:20:00,69.06,100.00
129-04138,2021-03-15 12:30:00,69.07,100.00
129-04138,2021-03-15 12:40:00,67.78,100.00
129-04138,2021-03-15 12:50:00,68.37,100.00
129-04138,2021-03-15 13:00:00,68.46,100.00
129-04138,2021-03-15 13:10:00,70.13,100.00
129-04138,2021-03-15 13:20:00,69.67,100.00
129-04138,2021-03-15 13:30:00,68.86,100.00
129-04138,2021-03-15 13:40:00,67.93,100.00
129-04138,2021-03-15 13:50:00,67.79,100.00
129-04138,2021-03-15 14:00:00,69.49,100.00
129-04138,2021-03-15 14:10:00,69.18,100.00
129-04138,2021-03-15 14:20:00,70.37,100.00
129-04138,2021-03-15 14:30:00,70.59,100.00
129-04138,2021-03-15 14:40:00,70.48,100.00
129-04138,2021-03-15 14:50:00,69.88,100.00
129-04138,2021-03-15 15:00:00,69.69,100.00
129-04138,2021-03-15 15:10:00,68.29,100.00
129-04138,2021-03-15 15:20:00,68.89,100.00
129-04138,2021-03-15 15:30:00,70.29,100.00
129-04138,2021-03-15 15:40:00,67.89,100.00
129-04138,2021-03-15 15:50:00,70.18,100.00
129-04138,2021-03-15 16:00:00,69.38,100.00
129-04138,2021-03-15 16:10:00,70.37,100.00
129-04138,2021-03-15 16:20:00,69.48,100.00
129-04138,2021-03-15 16:30:00,68.48,100.00
129-04138,2021-03-15 16:40:00,68.17,100.00
129-04138,2021-03-15 16:50:00,69.98,100.00
129-04138,2021-03-15 17:00:00,70.99,100.00
129-04138,2021-03-15 17:10:00,68.68,100.00
129-04138,2021-03-15 17:20:00,70.37,100.00
129-04138,2021-03-15 17:30:00,70.69,100.00
129-04138,2021-03-15 17:40:00,69.79,100.00
129-04138,2021-03-15 17:50:00,71.48,100.00
129-04138,2021-03-15 18:00:00,70.29,100.00
129-04138,2021-03-15 18:10:00,71.30,100.00
129-04138,2021-03-15 18:20:00,71.79,100.00
129-04138,2021-03-15 18:30:00,69.98,100.00
129-04138,2021-03-15 18:40:00,70.67,100.00
129-04138,2021-03-15 18:50:00,69.98,100.00
129-04138,2021-03-15 19:00:00,70.10,100.00
129-04138,2021-03-15 19:10:00,69.26,100.00
129-04138,2021-03-15 19:20:00,69.75,100.00
129-04138,2021-03-15 19:30:00,70.90,100.00
129-04138,2021-03-15 19:40:00,68.59,100.00
129-04138,2021-03-15 19:50:00,68.17,100.00
129-04138,2021-03-15 20:00:00,71.69,100.00
129-04138,2021-03-15 20:10:00,69.08,100.00
129-04138,2021-03-15 20:20:00,70.39,100.00
129-04138,2021-03-15 20:30:00,70.29,100.00
129-04138,2021-03-15 20:40:00,68.58,100.00
129-04138,2021-03-15 20:50:00,71.00,100.00
129-04138,2021-03-15 21:00:00,70.49,100.00
129-04138,2021-03-15 21:10:00,70.38,100.00
129-04138,2021-03-15 21:20:00,69.87,100.00
129-04138,2021-03-15 21:30:00,71.78,100.00
129-04138,2021-03-15 21:40:00,71.19,100.00
129-04138,2021-03-15 21:50:00,73.28,100.00
129-04138,2021-03-15 22:00:00,70.70,100.00
129-04138,2021-03-15 22:10:00,70.30,100.00
129-04138,2021-03-15 22:20:00,73.79,100.00
129-04138,2021-03-15 22:30:00,67.16,100.00
129-04138,2021-03-15 22:40:00,67.99,100.00
129-04138,2021-03-15 22:50:00,69.69,100.00
129-04138,2021-03-15 23:00:00,69.69,100.00
129-04138,2021-03-15 23:10:00,67.47,100.00
129-04138,2021-03-15 23:20:00,67.79,100.00
129-04138,2021-03-15 23:30:00,70.09,100.00
129-04138,2021-03-15 23:40:00,70.88,100.00
129-04138,2021-03-15 23:50:00,69.08,100.00
129-04135,2021-03-15 00:00:00,68.60,100.00
129-04135,2021-03-15 00:10:00,68.00,100.00
129-04135,2021-03-15 00:20:00,70.00,100.00
129-04135,2021-03-15 00:30:00,69.40,100.00
129-04135,2021-03-15 00:40:00,67.48,100.00
129-04135,2021-03-15 00:50:00,64.39,100.00
129-04135,2021-03-15 01:00:00,65.03,100.00
129-04135,2021-03-15 01:10:00,66.50,100.00
129-04135,2021-03-15 01:20:00,69.43,100.00
129-04135,2021-03-15 01:30:00,73.29,100.00
129-04135,2021-03-15 01:40:00,73.99,100.00
129-04135,2021-03-15 01:50:00,72.29,100.00
129-04135,2021-03-15 02:00:00,70.19,100.00
129-04135,2021-03-15 02:10:00,68.06,100.00
129-04135,2021-03-15 02:20:00,68.49,100.00
129-04135,2021-03-15 02:30:00,67.30,100.00
129-04135,2021-03-15 02:40:00,66.89,100.00
129-04135,2021-03-15 02:50:00,64.87,100.00
129-04135,2021-03-15 03:00:00,64.53,100.00
129-04135,2021-03-15 03:10:00,67.20,100.00
129-04135,2021-03-15 03:20:00,68.80,100.00
129-04135,2021-03-15 03:30:00,71.67,100.00
129-04135,2021-03-15 03:40:00,72.09,100.00
129-04135,2021-03-15 03:50:00,70.66,100.00
129-04135,2021-03-15 04:00:00,69.89,100.00
129-04135,2021-03-15 04:10:00,71.69,100.00
129-04135,2021-03-15 04:20:00,73.36,100.00
129-04135,2021-03-15 04:30:00,70.69,100.00
129-04135,2021-03-15 04:40:00,70.58,100.00
129-04135,2021-03-15 04:50:00,71.85,100.00
129-04135,2021-03-15 05:00:00,72.17,100.00
129-04135,2021-03-15 05:10:00,72.48,100.00
129-04135,2021-03-15 05:20:00,69.76,100.00
129-04135,2021-03-15 05:30:00,70.35,100.00
129-04135,2021-03-15 05:40:00,68.76,100.00
129-04135,2021-03-15 05:50:00,68.66,100.00
129-04135,2021-03-15 06:00:00,69.27,100.00
129-04135,2021-03-15 06:10:00,67.66,100.00
129-04135,2021-03-15 06:20:00,68.69,100.00
129-04135,2021-03-15 06:30:00,68.25,100.00
129-04135,2021-03-15 06:40:00,67.33,100.00
129-04135,2021-03-15 06:50:00,69.39,100.00
129-04135,2021-03-15 07:00:00,68.33,100.00
129-04135,2021-03-15 07:10:00,67.62,100.00
129-04135,2021-03-15 07:20:00,68.98,100.00
129-04135,2021-03-15 07:30:00,67.98,100.00
129-04135,2021-03-15 07:40:00,66.88,100.00
129-04135,2021-03-15 07:50:00,66.34,100.00
129-04135,2021-03-15 08:00:00,67.85,100.00
129-04135,2021-03-15 08:10:00,68.96,100.00
129-04135,2021-03-15 08:20:00,68.86,100.00
129-04135,2021-03-15 08:30:00,69.36,100.00
129-04135,2021-03-15 08:40:00,69.42,100.00
129-04135,2021-03-15 08:50:00,68.95,100.00
129-04135,2021-03-15 09:00:00,69.16,100.00
129-04135,2021-03-15 09:10:00,72.07,100.00
129-04135,2021-03-15 09:20:00,68.08,100.00
129-04135,2021-03-15 09:30:00,68.79,100.00
129-04135,2021-03-15 09:40:00,66.39,100.00
129-04135,2021-03-15 09:50:00,68.67,100.00
129-04135,2021-03-15 10:00:00,68.26,100.00
129-04135,2021-03-15 10:10:00,69.72,100.00
129-04135,2021-03-15 10:20:00,68.16,100.00
129-04135,2021-03-15 10:30:00,71.96,100.00
129-04135,2021-03-15 10:40:00,70.41,100.00
129-04135,2021-03-15 10:50:00,69.46,100.00
129-04135,2021-03-15 11:00:00,69.06,100.00
129-04135,2021-03-15 11:10:00,70.66,100.00
129-04135,2021-03-15 11:20:00,70.05,100.00
129-04135,2021-03-15 11:30:00,69.42,100.00
129-04135,2021-03-15 11:40:00,69.08,100.00
129-04135,2021-03-15 11:50:00,69.80,100.00
129-04135,2021-03-15 12:00:00,69.98,100.00
129-04135,2021-03-15 12:10:00,67.98,100.00
129-04135,2021-03-15 12:20:00,69.76,100.00
129-04135,2021-03-15 12:30:00,70.61,100.00
129-04135,2021-03-15 12:40:00,70.17,100.00
129-04135,2021-03-15 12:50:00,67.28,100.00
129-04135,2021-03-15 13:00:00,68.13,100.00
129-04135,2021-03-15 13:10:00,70.89,100.00
129-04135,2021-03-15 13:20:00,67.28,100.00
129-04135,2021-03-15 13:30:00,70.89,100.00
129-04135,2021-03-15 13:40:00,69.63,100.00
129-04135,2021-03-15 13:50:00,68.19,100.00
129-04135,2021-03-15 14:00:00,68.58,100.00
129-04135,2021-03-15 14:10:00,68.97,100.00
129-04135,2021-03-15 14:20:00,69.66,100.00
129-04135,2021-03-15 14:30:00,69.66,100.00
129-04135,2021-03-15 14:40:00,68.57,100.00
129-04135,2021-03-15 14:50:00,70.57,100.00
129-04135,2021-03-15 15:00:00,67.28,100.00
129-04135,2021-03-15 15:10:00,65.96,100.00
129-04135,2021-03-15 15:20:00,67.48,100.00
129-04135,2021-03-15 15:30:00,71.47,100.00
129-04135,2021-03-15 15:40:00,69.89,100.00
129-04135,2021-03-15 15:50:00,68.55,100.00
129-04135,2021-03-15 16:00:00,68.64,100.00
129-04135,2021-03-15 16:10:00,69.54,100.00
129-04135,2021-03-15 16:20:00,69.68,100.00
129-04135,2021-03-15 16:30:00,69.28,100.00
129-04135,2021-03-15 16:40:00,70.26,100.00
129-04135,2021-03-15 16:50:00,68.67,100.00
129-04135,2021-03-15 17:00:00,71.06,100.00
129-04135,2021-03-15 17:10:00,68.98,100.00
129-04135,2021-03-15 17:20:00,70.05,100.00
129-04135,2021-03-15 17:30:00,70.50,100.00
129-04135,2021-03-15 17:40:00,69.49,100.00
129-04135,2021-03-15 17:50:00,70.68,100.00
129-04135,2021-03-15 18:00:00,70.68,100.00
129-04135,2021-03-15 18:10:00,68.99,100.00
129-04135,2021-03-15 18:20:00,67.73,100.00
129-04135,2021-03-15 18:30:00,69.75,100.00
129-04135,2021-03-15 18:40:00,70.66,100.00
129-04135,2021-03-15 18:50:00,69.88,100.00
129-04135,2021-03-15 19:00:00,69.48,100.00
129-04135,2021-03-15 19:10:00,70.16,100.00
129-04135,2021-03-15 19:20:00,67.32,100.00
129-04135,2021-03-15 19:30:00,68.16,100.00
129-04135,2021-03-15 19:40:00,66.97,100.00
129-04135,2021-03-15 19:50:00,68.67,100.00
129-04135,2021-03-15 20:00:00,71.08,100.00
129-04135,2021-03-15 20:10:00,69.28,100.00
129-04135,2021-03-15 20:20:00,70.48,100.00
129-04135,2021-03-15 20:30:00,68.91,100.00
129-04135,2021-03-15 20:40:00,69.35,100.00
129-04135,2021-03-15 20:50:00,68.09,100.00
129-04135,2021-03-15 21:00:00,68.18,100.00
129-04135,2021-03-15 21:10:00,69.77,100.00
129-04135,2021-03-15 21:20:00,70.25,100.00
129-04135,2021-03-15 21:30:00,71.37,100.00
129-04135,2021-03-15 21:40:00,69.96,100.00
129-04135,2021-03-15 21:50:00,71.27,100.00
129-04135,2021-03-15 22:00:00,68.08,100.00
129-04135,2021-03-15 22:10:00,68.86,100.00
129-04135,2021-03-15 22:20:00,71.95,100.00
129-04135,2021-03-15 22:30:00,70.13,100.00
129-04135,2021-03-15 22:40:00,68.79,100.00
129-04135,2021-03-15 22:50:00,66.64,100.00
129-04135,2021-03-15 23:00:00,69.89,100.00
129-04135,2021-03-15 23:10:00,71.79,100.00
129-04135,2021-03-15 23:20:00,69.19,100.00
129-04135,2021-03-15 23:30:00,69.40,100.00
129-04135,2021-03-15 23:40:00,67.99,100.00
129-04135,2021-03-15 23:50:00,69.40,100.00
129-04136,2021-03-15 00:00:00,70.90,100.00
129-04136,2021-03-15 00:10:00,70.38,100.00
129-04136,2021-03-15 00:20:00,70.00,100.00
129-04136,2021-03-15 00:30:00,69.29,100.00
129-04136,2021-03-15 00:40:00,68.00,100.00
129-04136,2021-03-15 00:50:00,64.16,100.00
129-04136,2021-03-15 01:00:00,70.29,100.00
129-04136,2021-03-15 01:10:00,68.10,100.00
129-04136,2021-03-15 01:20:00,69.97,100.00
129-04136,2021-03-15 01:30:00,71.86,100.00
129-04136,2021-03-15 01:40:00,71.74,100.00
129-04136,2021-03-15 01:50:00,68.00,100.00
129-04136,2021-03-15 02:00:00,68.00,100.00
129-04136,2021-03-15 02:10:00,67.56,100.00
129-04136,2021-03-15 02:20:00,67.70,100.00
129-04136,2021-03-15 02:30:00,68.39,100.00
129-04136,2021-03-15 02:40:00,67.19,100.00
129-04136,2021-03-15 02:50:00,66.78,100.00
129-04136,2021-03-15 03:00:00,66.59,100.00
129-04136,2021-03-15 03:10:00,67.28,100.00
129-04136,2021-03-15 03:20:00,66.10,100.00
129-04136,2021-03-15 03:30:00,69.59,100.00
129-04136,2021-03-15 03:40:00,70.49,100.00
129-04136,2021-03-15 03:50:00,71.38,100.00
129-04136,2021-03-15 04:00:00,72.08,100.00
129-04136,2021-03-15 04:10:00,71.18,100.00
129-04136,2021-03-15 04:20:00,74.55,100.00
129-04136,2021-03-15 04:30:00,72.72,100.00
129-04136,2021-03-15 04:40:00,68.96,100.00
129-04136,2021-03-15 04:50:00,73.06,100.00
129-04136,2021-03-15 05:00:00,71.66,100.00
129-04136,2021-03-15 05:10:00,74.09,100.00
129-04136,2021-03-15 05:20:00,72.97,100.00
129-04136,2021-03-15 05:30:00,70.56,100.00
129-04136,2021-03-15 05:40:00,69.99,100.00
129-04136,2021-03-15 05:50:00,68.17,100.00
129-04136,2021-03-15 06:00:00,70.78,100.00
129-04136,2021-03-15 06:10:00,68.68,100.00
129-04136,2021-03-15 06:20:00,68.36,100.00
129-04136,2021-03-15 06:30:00,69.86,100.00
129-04136,2021-03-15 06:40:00,69.28,100.00
129-04136,2021-03-15 06:50:00,68.14,100.00
129-04136,2021-03-15 07:00:00,71.47,100.00
129-04136,2021-03-15 07:10:00,67.77,100.00
129-04136,2021-03-15 07:20:00,68.83,100.00
129-04136,2021-03-15 07:30:00,68.22,100.00
129-04136,2021-03-15 07:40:00,67.78,100.00
129-04136,2021-03-15 07:50:00,67.38,100.00
129-04136,2021-03-15 08:00:00,68.03,100.00
129-04136,2021-03-15 08:10:00,68.84,100.00
129-04136,2021-03-15 08:20:00,68.67,100.00
129-04136,2021-03-15 08:30:00,69.38,100.00
129-04136,2021-03-15 08:40:00,69.27,100.00
129-04136,2021-03-15 08:50:00,68.07,100.00
129-04136,2021-03-15 09:00:00,71.94,100.00
129-04136,2021-03-15 09:10:00,70.78,100.00
129-04136,2021-03-15 09:20:00,68.45,100.00
129-04136,2021-03-15 09:30:00,69.17,100.00
129-04136,2021-03-15 09:40:00,66.62,100.00
129-04136,2021-03-15 09:50:00,70.79,100.00
129-04136,2021-03-15 10:00:00,69.15,100.00
129-04136,2021-03-15 10:10:00,69.89,100.00
129-04136,2021-03-15 10:20:00,69.14,100.00
129-04136,2021-03-15 10:30:00,71.23,100.00
129-04136,2021-03-15 10:40:00,70.06,100.00
129-04136,2021-03-15 10:50:00,70.01,100.00
129-04136,2021-03-15 11:00:00,69.76,100.00
129-04136,2021-03-15 11:10:00,70.37,100.00
129-04136,2021-03-15 11:20:00,70.28,100.00
129-04136,2021-03-15 11:30:00,68.34,100.00
129-04136,2021-03-15 11:40:00,69.47,100.00
129-04136,2021-03-15 11:50:00,69.36,100.00
129-04136,2021-03-15 12:00:00,70.57,100.00
129-04136,2021-03-15 12:10:00,68.45,100.00
129-04136,2021-03-15 12:20:00,68.06,100.00
129-04136,2021-03-15 12:30:00,71.35,100.00
129-04136,2021-03-15 12:40:00,70.39,100.00
129-04136,2021-03-15 12:50:00,67.87,100.00
129-04136,2021-03-15 13:00:00,69.75,100.00
129-04136,2021-03-15 13:10:00,70.78,100.00
129-04136,2021-03-15 13:20:00,68.47,100.00
129-04136,2021-03-15 13:30:00,70.09,100.00
129-04136,2021-03-15 13:40:00,72.13,100.00
129-04136,2021-03-15 13:50:00,66.37,100.00
129-04136,2021-03-15 14:00:00,68.54,100.00
129-04136,2021-03-15 14:10:00,68.56,100.00
129-04136,2021-03-15 14:20:00,70.69,100.00
129-04136,2021-03-15 14:30:00,69.79,100.00
129-04136,2021-03-15 14:40:00,69.78,100.00
129-04136,2021-03-15 14:50:00,70.97,100.00
129-04136,2021-03-15 15:00:00,68.97,100.00
129-04136,2021-03-15 15:10:00,68.45,100.00
129-04136,2021-03-15 15:20:00,67.75,100.00
129-04136,2021-03-15 15:30:00,70.48,100.00
129-04136,2021-03-15 15:40:00,70.37,100.00
129-04136,2021-03-15 15:50:00,68.04,100.00
129-04136,2021-03-15 16:00:00,68.88,100.00
129-04136,2021-03-15 16:10:00,69.58,100.00
129-04136,2021-03-15 16:20:00,70.59,100.00
129-04136,2021-03-15 16:30:00,70.10,100.00
129-04136,2021-03-15 16:40:00,70.78,100.00
129-04136,2021-03-15 16:50:00,68.56,100.00
129-04136,2021-03-15 17:00:00,72.17,100.00
129-04136,2021-03-15 17:10:00,67.22,100.00
129-04136,2021-03-15 17:20:00,69.77,100.00
129-04136,2021-03-15 17:30:00,71.26,100.00
129-04136,2021-03-15 17:40:00,69.88,100.00
129-04136,2021-03-15 17:50:00,71.57,100.00
129-04136,2021-03-15 18:00:00,70.39,100.00
129-04136,2021-03-15 18:10:00,70.48,100.00
129-04136,2021-03-15 18:20:00,69.97,100.00
129-04136,2021-03-15 18:30:00,70.58,100.00
129-04136,2021-03-15 18:40:00,71.17,100.00
129-04136,2021-03-15 18:50:00,70.23,100.00
129-04136,2021-03-15 19:00:00,68.56,100.00
129-04136,2021-03-15 19:10:00,70.66,100.00
129-04136,2021-03-15 19:20:00,68.97,100.00
129-04136,2021-03-15 19:30:00,71.59,100.00
129-04136,2021-03-15 19:40:00,69.18,100.00
129-04136,2021-03-15 19:50:00,69.69,100.00
129-04136,2021-03-15 20:00:00,70.48,100.00
129-04136,2021-03-15 20:10:00,70.67,100.00
129-04136,2021-03-15 20:20:00,69.98,100.00
129-04136,2021-03-15 20:30:00,69.50,100.00
129-04136,2021-03-15 20:40:00,68.78,100.00
129-04136,2021-03-15 20:50:00,70.39,100.00
129-04136,2021-03-15 21:00:00,71.08,100.00
129-04136,2021-03-15 21:10:00,69.79,100.00
129-04136,2021-03-15 21:20:00,70.84,100.00
129-04136,2021-03-15 21:30:00,71.09,100.00
129-04136,2021-03-15 21:40:00,70.57,100.00
129-04136,2021-03-15 21:50:00,72.46,100.00
129-04136,2021-03-15 22:00:00,69.79,100.00
129-04136,2021-03-15 22:10:00,72.59,100.00
129-04136,2021-03-15 22:20:00,71.59,100.00
129-04136,2021-03-15 22:30:00,70.17,100.00
129-04136,2021-03-15 22:40:00,66.89,100.00
129-04136,2021-03-15 22:50:00,69.36,100.00
129-04136,2021-03-15 23:00:00,70.39,100.00
129-04136,2021-03-15 23:10:00,71.89,100.00
129-04136,2021-03-15 23:20:00,69.48,100.00
129-04136,2021-03-15 23:30:00,66.69,100.00
129-04136,2021-03-15 23:40:00,66.87,100.00
129-04136,2021-03-15 23:50:00,69.40,100.00
129-04133,2021-03-15 00:00:00,66.19,100.00
129-04133,2021-03-15 00:10:00,69.69,100.00
129-04133,2021-03-15 00:20:00,69.24,100.00
129-04133,2021-03-15 00:30:00,62.78,100.00
129-04133,2021-03-15 00:40:00,62.10,100.00
129-04133,2021-03-15 00:50:00,59.16,99.00
129-04133,2021-03-15 01:00:00,61.47,97.00
129-04133,2021-03-15 01:10:00,62.88,100.00
129-04133,2021-03-15 01:20:00,63.00,100.00
129-04133,2021-03-15 01:30:00,59.46,99.00
129-04133,2021-03-15 01:40:00,62.58,92.00
129-04133,2021-03-15 01:50:00,64.64,100.00
129-04133,2021-03-15 02:00:00,65.39,100.00
129-04133,2021-03-15 02:10:00,66.09,100.00
129-04133,2021-03-15 02:20:00,66.09,100.00
129-04133,2021-03-15 02:30:00,64.89,100.00
129-04133,2021-03-15 02:40:00,68.28,100.00
129-04133,2021-03-15 02:50:00,66.98,100.00
129-04133,2021-03-15 03:00:00,65.40,100.00
129-04133,2021-03-15 03:10:00,64.98,100.00
129-04133,2021-03-15 03:20:00,65.50,100.00
129-04133,2021-03-15 03:30:00,67.67,100.00
129-04133,2021-03-15 03:40:00,68.98,100.00
129-04133,2021-03-15 03:50:00,69.18,100.00
129-04133,2021-03-15 04:00:00,68.88,100.00
129-04133,2021-03-15 04:10:00,71.84,100.00
129-04133,2021-03-15 04:20:00,69.84,100.00
129-04133,2021-03-15 04:30:00,69.99,100.00
129-04133,2021-03-15 04:40:00,70.66,100.00
129-04133,2021-03-15 04:50:00,71.37,100.00
129-04133,2021-03-15 05:00:00,70.27,100.00
129-04133,2021-03-15 05:10:00,69.43,98.00
129-04133,2021-03-15 05:20:00,71.85,95.00
129-04133,2021-03-15 05:30:00,69.86,93.00
129-04133,2021-03-15 05:40:00,69.35,91.00
129-04133,2021-03-15 05:50:00,69.64,92.00
129-04133,2021-03-15 06:00:00,66.88,90.00
129-04133,2021-03-15 06:10:00,66.15,91.00
129-04133,2021-03-15 06:20:00,66.25,93.00
129-04133,2021-03-15 06:30:00,65.75,95.00
129-04133,2021-03-15 06:40:00,65.74,97.00
129-04133,2021-03-15 06:50:00,65.70,100.00
129-04133,2021-03-15 07:00:00,68.77,100.00
129-04133,2021-03-15 07:10:00,66.43,100.00
129-04133,2021-03-15 07:20:00,66.63,100.00
129-04133,2021-03-15 07:30:00,66.23,100.00
129-04133,2021-03-15 07:40:00,65.19,100.00
129-04133,2021-03-15 07:50:00,65.44,100.00
129-04133,2021-03-15 08:00:00,66.85,100.00
129-04133,2021-03-15 08:10:00,64.93,100.00
129-04133,2021-03-15 08:20:00,67.26,100.00
129-04133,2021-03-15 08:30:00,67.74,100.00
129-04133,2021-03-15 08:40:00,65.60,100.00
129-04133,2021-03-15 08:50:00,64.76,100.00
129-04133,2021-03-15 09:00:00,66.32,100.00
129-04133,2021-03-15 09:10:00,66.96,100.00
129-04133,2021-03-15 09:20:00,63.48,100.00
129-04133,2021-03-15 09:30:00,65.76,100.00
129-04133,2021-03-15 09:40:00,69.28,100.00
129-04133,2021-03-15 09:50:00,66.34,100.00
129-04133,2021-03-15 10:00:00,66.09,100.00
129-04133,2021-03-15 10:10:00,65.28,100.00
129-04133,2021-03-15 10:20:00,66.68,100.00
129-04133,2021-03-15 10:30:00,64.82,100.00
129-04133,2021-03-15 10:40:00,65.47,100.00
129-04133,2021-03-15 10:50:00,66.06,100.00
129-04133,2021-03-15 11:00:00,66.56,100.00
129-04133,2021-03-15 11:10:00,68.36,100.00
129-04133,2021-03-15 11:20:00,66.88,100.00
129-04133,2021-03-15 11:30:00,65.74,100.00
129-04133,2021-03-15 11:40:00,65.47,100.00
129-04133,2021-03-15 11:50:00,65.23,100.00
129-04133,2021-03-15 12:00:00,65.63,100.00
129-04133,2021-03-15 12:10:00,64.23,100.00
129-04133,2021-03-15 12:20:00,66.06,100.00
129-04133,2021-03-15 12:30:00,65.33,100.00
129-04133,2021-03-15 12:40:00,66.34,100.00
129-04133,2021-03-15 12:50:00,66.30,100.00
129-04133,2021-03-15 13:00:00,66.26,100.00
129-04133,2021-03-15 13:10:00,67.26,100.00
129-04133,2021-03-15 13:20:00,66.85,100.00
129-04133,2021-03-15 13:30:00,65.66,100.00
129-04133,2021-03-15 13:40:00,65.99,100.00
129-04133,2021-03-15 13:50:00,65.39,100.00
129-04133,2021-03-15 14:00:00,64.52,100.00
129-04133,2021-03-15 14:10:00,68.24,100.00
129-04133,2021-03-15 14:20:00,67.68,100.00
129-04133,2021-03-15 14:30:00,67.08,100.00
129-04133,2021-03-15 14:40:00,67.29,100.00
129-04133,2021-03-15 14:50:00,68.85,100.00
129-04133,2021-03-15 15:00:00,65.06,100.00
129-04133,2021-03-15 15:10:00,65.13,100.00
129-04133,2021-03-15 15:20:00,65.88,100.00
129-04133,2021-03-15 15:30:00,62.86,100.00
129-04133,2021-03-15 15:40:00,64.83,100.00
129-04133,2021-03-15 15:50:00,63.18,100.00
129-04133,2021-03-15 16:00:00,65.55,100.00
129-04133,2021-03-15 16:10:00,63.38,100.00
129-04133,2021-03-15 16:20:00,65.83,100.00
129-04133,2021-03-15 16:30:00,66.23,100.00
129-04133,2021-03-15 16:40:00,66.05,100.00
129-04133,2021-03-15 16:50:00,67.33,100.00
129-04133,2021-03-15 17:00:00,65.46,100.00
129-04133,2021-03-15 17:10:00,66.07,100.00
129-04133,2021-03-15 17:20:00,67.56,100.00
129-04133,2021-03-15 17:30:00,68.37,100.00
129-04133,2021-03-15 17:40:00,66.36,100.00
129-04133,2021-03-15 17:50:00,68.60,100.00
129-04133,2021-03-15 18:00:00,67.85,100.00
129-04133,2021-03-15 18:10:00,65.73,100.00
129-04133,2021-03-15 18:20:00,66.97,100.00
129-04133,2021-03-15 18:30:00,68.55,100.00
129-04133,2021-03-15 18:40:00,68.87,100.00
129-04133,2021-03-15 18:50:00,69.59,100.00
129-04133,2021-03-15 19:00:00,68.50,100.00
129-04133,2021-03-15 19:10:00,67.08,100.00
129-04133,2021-03-15 19:20:00,66.49,100.00
129-04133,2021-03-15 19:30:00,68.27,100.00
129-04133,2021-03-15 19:40:00,65.71,100.00
129-04133,2021-03-15 19:50:00,67.06,100.00
129-04133,2021-03-15 20:00:00,69.82,100.00
129-04133,2021-03-15 20:10:00,63.44,100.00
129-04133,2021-03-15 20:20:00,53.69,98.00
129-04133,2021-03-15 20:30:00,63.58,100.00
129-04133,2021-03-15 20:40:00,59.32,100.00
129-04133,2021-03-15 20:50:00,61.13,100.00
129-04133,2021-03-15 21:00:00,60.57,100.00
129-04133,2021-03-15 21:10:00,62.37,100.00
129-04133,2021-03-15 21:20:00,65.57,100.00
129-04133,2021-03-15 21:30:00,66.53,100.00
129-04133,2021-03-15 21:40:00,68.67,100.00
129-04133,2021-03-15 21:50:00,69.59,100.00
129-04133,2021-03-15 22:00:00,66.15,100.00
129-04133,2021-03-15 22:10:00,66.08,100.00
129-04133,2021-03-15 22:20:00,68.90,100.00
129-04133,2021-03-15 22:30:00,70.11,100.00
129-04133,2021-03-15 22:40:00,65.09,100.00
129-04133,2021-03-15 22:50:00,65.49,100.00
129-04133,2021-03-15 23:00:00,67.57,100.00
129-04133,2021-03-15 23:10:00,68.08,100.00
129-04133,2021-03-15 23:20:00,62.42,100.00
129-04133,2021-03-15 23:30:00,59.01,100.00
129-04133,2021-03-15 23:40:00,61.80,100.00
129-04133,2021-03-15 23:50:00,66.84,100.00
129-04134,2021-03-15 00:00:00,67.39,100.00
129-04134,2021-03-15 00:10:00,66.66,100.00
129-04134,2021-03-15 00:20:00,65.39,100.00
129-04134,2021-03-15 00:30:00,63.10,100.00
129-04134,2021-03-15 00:40:00,60.50,100.00
129-04134,2021-03-15 00:50:00,57.79,100.00
129-04134,2021-03-15 01:00:00,60.83,100.00
129-04134,2021-03-15 01:10:00,63.27,100.00
129-04134,2021-03-15 01:20:00,62.17,100.00
129-04134,2021-03-15 01:30:00,63.89,100.00
129-04134,2021-03-15 01:40:00,67.68,100.00
129-04134,2021-03-15 01:50:00,71.79,100.00
129-04134,2021-03-15 02:00:00,69.44,100.00
129-04134,2021-03-15 02:10:00,65.69,100.00
129-04134,2021-03-15 02:20:00,63.10,100.00
129-04134,2021-03-15 02:30:00,63.39,100.00
129-04134,2021-03-15 02:40:00,67.59,100.00
129-04134,2021-03-15 02:50:00,66.99,100.00
129-04134,2021-03-15 03:00:00,65.00,100.00
129-04134,2021-03-15 03:10:00,65.58,100.00
129-04134,2021-03-15 03:20:00,66.60,100.00
129-04134,2021-03-15 03:30:00,67.17,100.00
129-04134,2021-03-15 03:40:00,63.90,100.00
129-04134,2021-03-15 03:50:00,67.69,100.00
129-04134,2021-03-15 04:00:00,67.55,100.00
129-04134,2021-03-15 04:10:00,71.36,100.00
129-04134,2021-03-15 04:20:00,66.01,100.00
129-04134,2021-03-15 04:30:00,69.24,100.00
129-04134,2021-03-15 04:40:00,70.17,100.00
129-04134,2021-03-15 04:50:00,72.08,100.00
129-04134,2021-03-15 05:00:00,70.59,100.00
129-04134,2021-03-15 05:10:00,70.92,100.00
129-04134,2021-03-15 05:20:00,69.51,100.00
129-04134,2021-03-15 05:30:00,71.30,100.00
129-04134,2021-03-15 05:40:00,67.38,100.00
129-04134,2021-03-15 05:50:00,68.38,100.00
129-04134,2021-03-15 06:00:00,65.37,100.00
129-04134,2021-03-15 06:10:00,65.83,100.00
129-04134,2021-03-15 06:20:00,64.42,100.00
129-04134,2021-03-15 06:30:00,68.77,100.00
129-04134,2021-03-15 06:40:00,67.33,100.00
129-04134,2021-03-15 06:50:00,66.41,100.00
129-04134,2021-03-15 07:00:00,70.32,100.00
129-04134,2021-03-15 07:10:00,64.16,100.00
129-04134,2021-03-15 07:20:00,65.83,100.00
129-04134,2021-03-15 07:30:00,62.09,100.00
129-04134,2021-03-15 07:40:00,58.71,100.00
129-04134,2021-03-15 07:50:00,63.04,100.00
129-04134,2021-03-15 08:00:00,60.52,98.00
129-04134,2021-03-15 08:10:00,65.22,93.00
129-04134,2021-03-15 08:20:00,66.85,90.00
129-04134,2021-03-15 08:30:00,67.28,91.00
129-04134,2021-03-15 08:40:00,64.86,93.00
129-04134,2021-03-15 08:50:00,65.19,98.00
129-04134,2021-03-15 09:00:00,63.39,99.00
129-04134,2021-03-15 09:10:00,63.96,100.00
129-04134,2021-03-15 09:20:00,65.17,100.00
129-04134,2021-03-15 09:30:00,62.46,100.00
129-04134,2021-03-15 09:40:00,66.07,100.00
129-04134,2021-03-15 09:50:00,65.20,100.00
129-04134,2021-03-15 10:00:00,67.52,100.00
129-04134,2021-03-15 10:10:00,67.27,100.00
129-04134,2021-03-15 10:20:00,66.66,100.00
129-04134,2021-03-15 10:30:00,66.88,100.00
129-04134,2021-03-15 10:40:00,66.16,100.00
129-04134,2021-03-15 10:50:00,68.23,100.00
129-04134,2021-03-15 11:00:00,63.69,100.00
129-04134,2021-03-15 11:10:00,66.87,100.00
129-04134,2021-03-15 11:20:00,65.34,100.00
129-04134,2021-03-15 11:30:00,64.62,100.00
129-04134,2021-03-15 11:40:00,62.87,100.00
129-04134,2021-03-15 11:50:00,65.33,100.00
129-04134,2021-03-15 12:00:00,66.05,100.00
129-04134,2021-03-15 12:10:00,64.89,100.00
129-04134,2021-03-15 12:20:00,66.44,100.00
129-04134,2021-03-15 12:30:00,67.19,100.00
129-04134,2021-03-15 12:40:00,66.52,100.00
129-04134,2021-03-15 12:50:00,66.94,100.00
129-04134,2021-03-15 13:00:00,66.23,100.00
129-04134,2021-03-15 13:10:00,68.87,100.00
129-04134,2021-03-15 13:20:00,64.38,100.00
129-04134,2021-03-15 13:30:00,69.75,100.00
129-04134,2021-03-15 13:40:00,66.42,100.00
129-04134,2021-03-15 13:50:00,66.85,100.00
129-04134,2021-03-15 14:00:00,63.57,100.00
129-04134,2021-03-15 14:10:00,65.64,100.00
129-04134,2021-03-15 14:20:00,67.42,100.00
129-04134,2021-03-15 14:30:00,67.35,100.00
129-04134,2021-03-15 14:40:00,66.96,100.00
129-04134,2021-03-15 14:50:00,66.76,100.00
129-04134,2021-03-15 15:00:00,64.89,100.00
129-04134,2021-03-15 15:10:00,63.39,100.00
129-04134,2021-03-15 15:20:00,66.44,100.00
129-04134,2021-03-15 15:30:00,65.19,100.00
129-04134,2021-03-15 15:40:00,66.51,100.00
129-04134,2021-03-15 15:50:00,64.08,100.00
129-04134,2021-03-15 16:00:00,65.03,100.00
129-04134,2021-03-15 16:10:00,65.67,100.00
129-04134,2021-03-15 16:20:00,64.70,100.00
129-04134,2021-03-15 16:30:00,68.05,100.00
129-04134,2021-03-15 16:40:00,66.54,100.00
129-04134,2021-03-15 16:50:00,67.53,100.00
129-04134,2021-03-15 17:00:00,65.34,100.00
129-04134,2021-03-15 17:10:00,63.06,100.00
129-04134,2021-03-15 17:20:00,64.86,100.00
129-04134,2021-03-15 17:30:00,67.02,100.00
129-04134,2021-03-15 17:40:00,68.26,100.00
129-04134,2021-03-15 17:50:00,67.84,100.00
129-04134,2021-03-15 18:00:00,67.46,100.00
129-04134,2021-03-15 18:10:00,68.09,100.00
129-04134,2021-03-15 18:20:00,65.48,100.00
129-04134,2021-03-15 18:30:00,67.37,100.00
129-04134,2021-03-15 18:40:00,67.75,100.00
129-04134,2021-03-15 18:50:00,69.78,100.00
129-04134,2021-03-15 19:00:00,66.76,100.00
129-04134,2021-03-15 19:10:00,68.04,100.00
129-04134,2021-03-15 19:20:00,63.58,100.00
129-04134,2021-03-15 19:30:00,65.76,100.00
129-04134,2021-03-15 19:40:00,63.05,100.00
129-04134,2021-03-15 19:50:00,67.26,100.00
129-04134,2021-03-15 20:00:00,67.61,100.00
129-04134,2021-03-15 20:10:00,65.45,100.00
129-04134,2021-03-15 20:20:00,68.76,100.00
129-04134,2021-03-15 20:30:00,68.89,100.00
129-04134,2021-03-15 20:40:00,65.24,100.00
129-04134,2021-03-15 20:50:00,64.90,100.00
129-04134,2021-03-15 21:00:00,62.89,100.00
129-04134,2021-03-15 21:10:00,67.37,100.00
129-04134,2021-03-15 21:20:00,68.23,100.00
129-04134,2021-03-15 21:30:00,66.75,100.00
129-04134,2021-03-15 21:40:00,67.98,100.00
129-04134,2021-03-15 21:50:00,68.23,100.00
129-04134,2021-03-15 22:00:00,69.27,100.00
129-04134,2021-03-15 22:10:00,71.57,100.00
129-04134,2021-03-15 22:20:00,70.03,100.00
129-04134,2021-03-15 22:30:00,69.07,100.00
129-04134,2021-03-15 22:40:00,65.73,100.00
129-04134,2021-03-15 22:50:00,65.99,100.00
129-04134,2021-03-15 23:00:00,67.67,100.00
129-04134,2021-03-15 23:10:00,74.80,100.00
129-04134,2021-03-15 23:20:00,66.68,100.00
129-04134,2021-03-15 23:30:00,63.51,100.00
129-04134,2021-03-15 23:40:00,61.96,100.00
129-04134,2021-03-15 23:50:00,67.05,100.00
129-04098,2021-03-15 00:00:00,64.10,100.00
129-04098,2021-03-15 00:10:00,65.60,100.00
129-04098,2021-03-15 00:20:00,64.80,100.00
129-04098,2021-03-15 00:30:00,62.14,100.00
129-04098,2021-03-15 00:40:00,63.88,100.00
129-04098,2021-03-15 00:50:00,62.39,100.00
129-04098,2021-03-15 01:00:00,56.17,100.00
129-04098,2021-03-15 01:10:00,50.19,91.00
129-04098,2021-03-15 01:20:00,53.49,97.00
129-04098,2021-03-15 01:30:00,53.28,100.00
129-04098,2021-03-15 01:40:00,52.50,100.00
129-04098,2021-03-15 01:50:00,55.28,100.00
129-04098,2021-03-15 02:00:00,56.08,100.00
129-04098,2021-03-15 02:10:00,63.08,100.00
129-04098,2021-03-15 02:20:00,62.39,100.00
129-04098,2021-03-15 02:30:00,61.49,100.00
129-04098,2021-03-15 02:40:00,67.41,100.00
129-04098,2021-03-15 02:50:00,64.00,100.00
129-04098,2021-03-15 03:00:00,59.56,100.00
129-04098,2021-03-15 03:10:00,55.25,100.00
129-04098,2021-03-15 03:20:00,51.17,99.00
129-04098,2021-03-15 03:30:00,52.62,95.00
129-04098,2021-03-15 03:40:00,64.17,100.00
129-04098,2021-03-15 03:50:00,66.00,100.00
129-04098,2021-03-15 04:00:00,64.19,100.00
129-04098,2021-03-15 04:10:00,65.38,100.00
129-04098,2021-03-15 04:20:00,62.69,100.00
129-04098,2021-03-15 04:30:00,62.78,100.00
129-04098,2021-03-15 04:40:00,66.69,100.00
129-04098,2021-03-15 04:50:00,59.52,100.00
129-04098,2021-03-15 05:00:00,69.89,100.00
129-04098,2021-03-15 05:10:00,70.10,100.00
129-04098,2021-03-15 05:20:00,64.81,100.00
129-04098,2021-03-15 05:30:00,68.43,100.00
129-04098,2021-03-15 05:40:00,66.72,100.00
129-04098,2021-03-15 05:50:00,67.54,100.00
129-04098,2021-03-15 06:00:00,68.76,100.00
129-04098,2021-03-15 06:10:00,66.38,100.00
129-04098,2021-03-15 06:20:00,65.97,100.00
129-04098,2021-03-15 06:30:00,62.27,100.00
129-04098,2021-03-15 06:40:00,63.98,100.00
129-04098,2021-03-15 06:50:00,65.69,100.00
129-04098,2021-03-15 07:00:00,63.40,100.00
129-04098,2021-03-15 07:10:00,63.92,100.00
129-04098,2021-03-15 07:20:00,63.99,100.00
129-04098,2021-03-15 07:30:00,64.13,100.00
129-04098,2021-03-15 07:40:00,64.41,99.00
129-04098,2021-03-15 07:50:00,64.60,100.00
129-04098,2021-03-15 08:00:00,64.34,100.00
129-04098,2021-03-15 08:10:00,66.16,100.00
129-04098,2021-03-15 08:20:00,65.43,100.00
129-04098,2021-03-15 08:30:00,64.41,100.00
129-04098,2021-03-15 08:40:00,63.39,100.00
129-04098,2021-03-15 08:50:00,62.85,100.00
129-04098,2021-03-15 09:00:00,65.04,100.00
129-04098,2021-03-15 09:10:00,64.02,100.00
129-04098,2021-03-15 09:20:00,68.21,100.00
129-04098,2021-03-15 09:30:00,67.16,100.00
129-04098,2021-03-15 09:40:00,66.19,100.00
129-04098,2021-03-15 09:50:00,63.87,100.00
129-04098,2021-03-15 10:00:00,65.82,100.00
129-04098,2021-03-15 10:10:00,66.20,100.00
129-04098,2021-03-15 10:20:00,62.61,100.00
129-04098,2021-03-15 10:30:00,64.71,100.00
129-04098,2021-03-15 10:40:00,63.05,100.00
129-04098,2021-03-15 10:50:00,62.27,100.00
129-04098,2021-03-15 11:00:00,63.36,100.00
129-04098,2021-03-15 11:10:00,63.48,100.00
129-04098,2021-03-15 11:20:00,64.07,100.00
129-04098,2021-03-15 11:30:00,62.71,100.00
129-04098,2021-03-15 11:40:00,63.40,100.00
129-04098,2021-03-15 11:50:00,63.52,100.00
129-04098,2021-03-15 12:00:00,66.35,100.00
129-04098,2021-03-15 12:10:00,63.09,100.00
129-04098,2021-03-15 12:20:00,64.56,100.00
129-04098,2021-03-15 12:30:00,64.49,100.00
129-04098,2021-03-15 12:40:00,63.71,100.00
129-04098,2021-03-15 12:50:00,63.75,100.00
129-04098,2021-03-15 13:00:00,64.92,100.00
129-04098,2021-03-15 13:10:00,60.12,100.00
129-04098,2021-03-15 13:20:00,63.30,100.00
129-04098,2021-03-15 13:30:00,63.66,100.00
129-04098,2021-03-15 13:40:00,63.12,100.00
129-04098,2021-03-15 13:50:00,62.87,100.00
129-04098,2021-03-15 14:00:00,66.66,100.00
129-04098,2021-03-15 14:10:00,63.45,100.00
129-04098,2021-03-15 14:20:00,63.76,100.00
129-04098,2021-03-15 14:30:00,63.82,100.00
129-04098,2021-03-15 14:40:00,63.86,100.00
129-04098,2021-03-15 14:50:00,62.44,100.00
129-04098,2021-03-15 15:00:00,64.29,100.00
129-04098,2021-03-15 15:10:00,60.55,100.00
129-04098,2021-03-15 15:20:00,64.09,100.00
129-04098,2021-03-15 15:30:00,63.66,100.00
129-04098,2021-03-15 15:40:00,64.20,100.00
129-04098,2021-03-15 15:50:00,63.21,100.00
129-04098,2021-03-15 16:00:00,62.32,100.00
129-04098,2021-03-15 16:10:00,62.04,100.00
129-04098,2021-03-15 16:20:00,62.70,100.00
129-04098,2021-03-15 16:30:00,66.23,100.00
129-04098,2021-03-15 16:40:00,62.06,100.00
129-04098,2021-03-15 16:50:00,62.81,100.00
129-04098,2021-03-15 17:00:00,62.32,100.00
129-04098,2021-03-15 17:10:00,64.31,100.00
129-04098,2021-03-15 17:20:00,65.24,100.00
129-04098,2021-03-15 17:30:00,66.43,100.00
129-04098,2021-03-15 17:40:00,65.50,100.00
129-04098,2021-03-15 17:50:00,66.44,100.00
129-04098,2021-03-15 18:00:00,61.96,100.00
129-04098,2021-03-15 18:10:00,63.82,100.00
129-04098,2021-03-15 18:20:00,63.43,100.00
129-04098,2021-03-15 18:30:00,65.38,100.00
129-04098,2021-03-15 18:40:00,66.30,100.00
129-04098,2021-03-15 18:50:00,63.78,100.00
129-04098,2021-03-15 19:00:00,62.30,100.00
129-04098,2021-03-15 19:10:00,65.12,100.00
129-04098,2021-03-15 19:20:00,63.28,100.00
129-04098,2021-03-15 19:30:00,59.78,100.00
129-04098,2021-03-15 19:40:00,62.74,100.00
129-04098,2021-03-15 19:50:00,64.96,100.00
129-04098,2021-03-15 20:00:00,61.25,100.00
129-04098,2021-03-15 20:10:00,64.38,100.00
129-04098,2021-03-15 20:20:00,61.85,100.00
129-04098,2021-03-15 20:30:00,65.44,100.00
129-04098,2021-03-15 20:40:00,65.20,100.00
129-04098,2021-03-15 20:50:00,64.89,99.00
129-04098,2021-03-15 21:00:00,64.72,100.00
129-04098,2021-03-15 21:10:00,63.79,100.00
129-04098,2021-03-15 21:20:00,63.02,100.00
129-04098,2021-03-15 21:30:00,66.49,100.00
129-04098,2021-03-15 21:40:00,68.19,100.00
129-04098,2021-03-15 21:50:00,65.40,100.00
129-04098,2021-03-15 22:00:00,61.28,100.00
129-04098,2021-03-15 22:10:00,62.70,100.00
129-04098,2021-03-15 22:20:00,61.03,100.00
129-04098,2021-03-15 22:30:00,61.69,100.00
129-04098,2021-03-15 22:40:00,69.74,100.00
129-04098,2021-03-15 22:50:00,59.35,100.00
129-04098,2021-03-15 23:00:00,63.45,100.00
129-04098,2021-03-15 23:10:00,62.88,100.00
129-04098,2021-03-15 23:20:00,65.14,100.00
129-04098,2021-03-15 23:30:00,65.69,100.00
129-04098,2021-03-15 23:40:00,60.66,100.00
129-04098,2021-03-15 23:50:00,59.73,100.00
129-04131,2021-03-15 00:00:00,65.98,100.00
129-04131,2021-03-15 00:10:00,69.18,100.00
129-04131,2021-03-15 00:20:00,72.09,100.00
129-04131,2021-03-15 00:30:00,66.91,100.00
129-04131,2021-03-15 00:40:00,65.00,100.00
129-04131,2021-03-15 00:50:00,60.88,100.00
129-04131,2021-03-15 01:00:00,64.57,96.00
129-04131,2021-03-15 01:10:00,67.88,100.00
129-04131,2021-03-15 01:20:00,67.00,100.00
129-04131,2021-03-15 01:30:00,63.95,100.00
129-04131,2021-03-15 01:40:00,61.25,94.00
129-04131,2021-03-15 01:50:00,70.50,100.00
129-04131,2021-03-15 02:00:00,67.76,100.00
129-04131,2021-03-15 02:10:00,65.40,100.00
129-04131,2021-03-15 02:20:00,65.00,100.00
129-04131,2021-03-15 02:30:00,65.20,100.00
129-04131,2021-03-15 02:40:00,68.96,100.00
129-04131,2021-03-15 02:50:00,67.58,100.00
129-04131,2021-03-15 03:00:00,65.00,100.00
129-04131,2021-03-15 03:10:00,63.47,100.00
129-04131,2021-03-15 03:20:00,65.89,100.00
129-04131,2021-03-15 03:30:00,66.45,100.00
129-04131,2021-03-15 03:40:00,70.39,100.00
129-04131,2021-03-15 03:50:00,71.79,100.00
129-04131,2021-03-15 04:00:00,71.65,100.00
129-04131,2021-03-15 04:10:00,71.26,100.00
129-04131,2021-03-15 04:20:00,71.53,100.00
129-04131,2021-03-15 04:30:00,71.25,100.00
129-04131,2021-03-15 04:40:00,73.39,100.00
129-04131,2021-03-15 04:50:00,71.48,100.00
129-04131,2021-03-15 05:00:00,72.77,100.00
129-04131,2021-03-15 05:10:00,70.95,100.00
129-04131,2021-03-15 05:20:00,71.17,100.00
129-04131,2021-03-15 05:30:00,70.38,100.00
129-04131,2021-03-15 05:40:00,68.77,100.00
129-04131,2021-03-15 05:50:00,67.75,100.00
129-04131,2021-03-15 06:00:00,67.35,100.00
129-04131,2021-03-15 06:10:00,67.06,100.00
129-04131,2021-03-15 06:20:00,60.09,100.00
129-04131,2021-03-15 06:30:00,64.36,100.00
129-04131,2021-03-15 06:40:00,67.03,95.00
129-04131,2021-03-15 06:50:00,67.48,91.00
129-04131,2021-03-15 07:00:00,68.84,93.00
129-04131,2021-03-15 07:10:00,68.68,90.00
129-04131,2021-03-15 07:20:00,66.32,91.00
129-04131,2021-03-15 07:30:00,66.25,92.00
129-04131,2021-03-15 07:40:00,65.55,98.00
129-04131,2021-03-15 07:50:00,68.48,97.00
129-04131,2021-03-15 08:00:00,68.07,98.00
129-04131,2021-03-15 08:10:00,67.87,100.00
129-04131,2021-03-15 08:20:00,68.66,100.00
129-04131,2021-03-15 08:30:00,69.37,100.00
129-04131,2021-03-15 08:40:00,68.64,100.00
129-04131,2021-03-15 08:50:00,69.07,100.00
129-04131,2021-03-15 09:00:00,69.99,100.00
129-04131,2021-03-15 09:10:00,69.63,100.00
129-04131,2021-03-15 09:20:00,69.73,100.00
129-04131,2021-03-15 09:30:00,68.56,100.00
129-04131,2021-03-15 09:40:00,69.11,100.00
129-04131,2021-03-15 09:50:00,68.56,100.00
129-04131,2021-03-15 10:00:00,68.96,100.00
129-04131,2021-03-15 10:10:00,67.27,100.00
129-04131,2021-03-15 10:20:00,68.96,100.00
129-04131,2021-03-15 10:30:00,66.82,100.00
129-04131,2021-03-15 10:40:00,68.55,100.00
129-04131,2021-03-15 10:50:00,68.16,100.00
129-04131,2021-03-15 11:00:00,68.38,100.00
129-04131,2021-03-15 11:10:00,69.11,100.00
129-04131,2021-03-15 11:20:00,69.28,100.00
129-04131,2021-03-15 11:30:00,66.04,100.00
129-04131,2021-03-15 11:40:00,67.47,100.00
129-04131,2021-03-15 11:50:00,67.49,100.00
129-04131,2021-03-15 12:00:00,68.61,100.00
129-04131,2021-03-15 12:10:00,68.17,100.00
129-04131,2021-03-15 12:20:00,69.38,100.00
129-04131,2021-03-15 12:30:00,69.25,100.00
129-04131,2021-03-15 12:40:00,68.57,100.00
129-04131,2021-03-15 12:50:00,70.75,100.00
129-04131,2021-03-15 13:00:00,69.67,100.00
129-04131,2021-03-15 13:10:00,70.49,100.00
129-04131,2021-03-15 13:20:00,68.97,100.00
129-04131,2021-03-15 13:30:00,68.55,100.00
129-04131,2021-03-15 13:40:00,68.09,100.00
129-04131,2021-03-15 13:50:00,67.60,100.00
129-04131,2021-03-15 14:00:00,69.17,100.00
129-04131,2021-03-15 14:10:00,67.86,100.00
129-04131,2021-03-15 14:20:00,69.27,100.00
129-04131,2021-03-15 14:30:00,69.05,100.00
129-04131,2021-03-15 14:40:00,70.68,100.00
129-04131,2021-03-15 14:50:00,68.44,100.00
129-04131,2021-03-15 15:00:00,68.56,100.00
129-04131,2021-03-15 15:10:00,68.57,100.00
129-04131,2021-03-15 15:20:00,69.81,100.00
129-04131,2021-03-15 15:30:00,66.14,100.00
129-04131,2021-03-15 15:40:00,67.47,100.00
129-04131,2021-03-15 15:50:00,66.35,100.00
129-04131,2021-03-15 16:00:00,70.03,100.00
129-04131,2021-03-15 16:10:00,68.35,100.00
129-04131,2021-03-15 16:20:00,67.77,100.00
129-04131,2021-03-15 16:30:00,68.47,100.00
129-04131,2021-03-15 16:40:00,69.38,100.00
129-04131,2021-03-15 16:50:00,68.92,100.00
129-04131,2021-03-15 17:00:00,70.96,100.00
129-04131,2021-03-15 17:10:00,69.26,100.00
129-04131,2021-03-15 17:20:00,69.43,100.00
129-04131,2021-03-15 17:30:00,69.11,100.00
129-04131,2021-03-15 17:40:00,69.43,100.00
129-04131,2021-03-15 17:50:00,70.65,100.00
129-04131,2021-03-15 18:00:00,71.14,100.00
129-04131,2021-03-15 18:10:00,69.69,100.00
129-04131,2021-03-15 18:20:00,69.82,100.00
129-04131,2021-03-15 18:30:00,70.17,100.00
129-04131,2021-03-15 18:40:00,70.75,100.00
129-04131,2021-03-15 18:50:00,70.07,100.00
129-04131,2021-03-15 19:00:00,69.68,100.00
129-04131,2021-03-15 19:10:00,70.19,100.00
129-04131,2021-03-15 19:20:00,69.08,100.00
129-04131,2021-03-15 19:30:00,68.68,99.00
129-04131,2021-03-15 19:40:00,68.85,100.00
129-04131,2021-03-15 19:50:00,68.27,100.00
129-04131,2021-03-15 20:00:00,69.18,100.00
129-04131,2021-03-15 20:10:00,68.17,100.00
129-04131,2021-03-15 20:20:00,69.09,100.00
129-04131,2021-03-15 20:30:00,71.86,100.00
129-04131,2021-03-15 20:40:00,69.39,100.00
129-04131,2021-03-15 20:50:00,68.64,100.00
129-04131,2021-03-15 21:00:00,68.78,100.00
129-04131,2021-03-15 21:10:00,67.93,100.00
129-04131,2021-03-15 21:20:00,68.99,100.00
129-04131,2021-03-15 21:30:00,67.48,100.00
129-04131,2021-03-15 21:40:00,68.62,100.00
129-04131,2021-03-15 21:50:00,68.38,100.00
129-04131,2021-03-15 22:00:00,67.79,100.00
129-04131,2021-03-15 22:10:00,69.67,100.00
129-04131,2021-03-15 22:20:00,69.20,100.00
129-04131,2021-03-15 22:30:00,71.77,100.00
129-04131,2021-03-15 22:40:00,68.27,100.00
129-04131,2021-03-15 22:50:00,69.38,100.00
129-04131,2021-03-15 23:00:00,66.40,100.00
129-04131,2021-03-15 23:10:00,72.80,100.00
129-04131,2021-03-15 23:20:00,70.10,100.00
129-04131,2021-03-15 23:30:00,62.31,100.00
129-04131,2021-03-15 23:40:00,66.00,100.00
129-04131,2021-03-15 23:50:00,68.76,100.00
129-04132,2021-03-15 00:00:00,66.29,100.00
129-04132,2021-03-15 00:10:00,67.59,100.00
129-04132,2021-03-15 00:20:00,70.90,100.00
129-04132,2021-03-15 00:30:00,66.12,100.00
129-04132,2021-03-15 00:40:00,64.90,100.00
129-04132,2021-03-15 00:50:00,59.57,99.00
129-04132,2021-03-15 01:00:00,64.28,97.00
129-04132,2021-03-15 01:10:00,68.59,100.00
129-04132,2021-03-15 01:20:00,68.00,100.00
129-04132,2021-03-15 01:30:00,64.85,96.00
129-04132,2021-03-15 01:40:00,63.38,94.00
129-04132,2021-03-15 01:50:00,69.47,100.00
129-04132,2021-03-15 02:00:00,67.89,100.00
129-04132,2021-03-15 02:10:00,66.19,100.00
129-04132,2021-03-15 02:20:00,65.00,100.00
129-04132,2021-03-15 02:30:00,65.10,100.00
129-04132,2021-03-15 02:40:00,67.67,100.00
129-04132,2021-03-15 02:50:00,66.70,100.00
129-04132,2021-03-15 03:00:00,63.00,100.00
129-04132,2021-03-15 03:10:00,62.63,100.00
129-04132,2021-03-15 03:20:00,65.19,100.00
129-04132,2021-03-15 03:30:00,67.13,100.00
129-04132,2021-03-15 03:40:00,70.69,100.00
129-04132,2021-03-15 03:50:00,71.39,100.00
129-04132,2021-03-15 04:00:00,69.62,100.00
129-04132,2021-03-15 04:10:00,71.13,100.00
129-04132,2021-03-15 04:20:00,69.98,100.00
129-04132,2021-03-15 04:30:00,72.35,100.00
129-04132,2021-03-15 04:40:00,71.79,100.00
129-04132,2021-03-15 04:50:00,71.56,100.00
129-04132,2021-03-15 05:00:00,71.58,100.00
129-04132,2021-03-15 05:10:00,70.17,100.00
129-04132,2021-03-15 05:20:00,69.31,99.00
129-04132,2021-03-15 05:30:00,67.51,100.00
129-04132,2021-03-15 05:40:00,66.02,100.00
129-04132,2021-03-15 05:50:00,68.43,95.00
129-04132,2021-03-15 06:00:00,64.86,100.00
129-04132,2021-03-15 06:10:00,63.75,100.00
129-04132,2021-03-15 06:20:00,61.96,100.00
129-04132,2021-03-15 06:30:00,60.75,98.00
129-04132,2021-03-15 06:40:00,61.78,100.00
129-04132,2021-03-15 06:50:00,65.59,97.00
129-04132,2021-03-15 07:00:00,67.92,95.00
129-04132,2021-03-15 07:10:00,68.16,95.00
129-04132,2021-03-15 07:20:00,63.30,100.00
129-04132,2021-03-15 07:30:00,63.43,100.00
129-04132,2021-03-15 07:40:00,63.61,100.00
129-04132,2021-03-15 07:50:00,66.36,100.00
129-04132,2021-03-15 08:00:00,66.33,100.00
129-04132,2021-03-15 08:10:00,66.69,100.00
129-04132,2021-03-15 08:20:00,65.45,100.00
129-04132,2021-03-15 08:30:00,67.84,100.00
129-04132,2021-03-15 08:40:00,64.77,100.00
129-04132,2021-03-15 08:50:00,63.52,100.00
129-04132,2021-03-15 09:00:00,68.13,100.00
129-04132,2021-03-15 09:10:00,67.96,100.00
129-04132,2021-03-15 09:20:00,66.79,100.00
129-04132,2021-03-15 09:30:00,66.25,100.00
129-04132,2021-03-15 09:40:00,70.20,100.00
129-04132,2021-03-15 09:50:00,68.19,100.00
129-04132,2021-03-15 10:00:00,66.89,100.00
129-04132,2021-03-15 10:10:00,66.98,100.00
129-04132,2021-03-15 10:20:00,66.34,100.00
129-04132,2021-03-15 10:30:00,63.49,100.00
129-04132,2021-03-15 10:40:00,66.58,100.00
129-04132,2021-03-15 10:50:00,65.67,100.00
129-04132,2021-03-15 11:00:00,64.82,100.00
129-04132,2021-03-15 11:10:00,68.00,100.00
129-04132,2021-03-15 11:20:00,66.99,100.00
129-04132,2021-03-15 11:30:00,63.78,100.00
129-04132,2021-03-15 11:40:00,66.48,100.00
129-04132,2021-03-15 11:50:00,65.95,100.00
129-04132,2021-03-15 12:00:00,65.87,100.00
129-04132,2021-03-15 12:10:00,63.23,100.00
129-04132,2021-03-15 12:20:00,65.97,100.00
129-04132,2021-03-15 12:30:00,69.04,100.00
129-04132,2021-03-15 12:40:00,66.20,100.00
129-04132,2021-03-15 12:50:00,68.15,100.00
129-04132,2021-03-15 13:00:00,67.43,100.00
129-04132,2021-03-15 13:10:00,67.53,100.00
129-04132,2021-03-15 13:20:00,67.11,100.00
129-04132,2021-03-15 13:30:00,65.74,100.00
129-04132,2021-03-15 13:40:00,66.00,100.00
129-04132,2021-03-15 13:50:00,65.85,100.00
129-04132,2021-03-15 14:00:00,66.22,100.00
129-04132,2021-03-15 14:10:00,67.55,100.00
129-04132,2021-03-15 14:20:00,67.00,100.00
129-04132,2021-03-15 14:30:00,66.76,100.00
129-04132,2021-03-15 14:40:00,67.13,100.00
129-04132,2021-03-15 14:50:00,69.25,100.00
129-04132,2021-03-15 15:00:00,67.06,100.00
129-04132,2021-03-15 15:10:00,67.13,100.00
129-04132,2021-03-15 15:20:00,65.36,100.00
129-04132,2021-03-15 15:30:00,64.56,100.00
129-04132,2021-03-15 15:40:00,65.46,100.00
129-04132,2021-03-15 15:50:00,64.84,100.00
129-04132,2021-03-15 16:00:00,64.05,100.00
129-04132,2021-03-15 16:10:00,64.46,100.00
129-04132,2021-03-15 16:20:00,65.40,100.00
129-04132,2021-03-15 16:30:00,65.31,100.00
129-04132,2021-03-15 16:40:00,66.87,100.00
129-04132,2021-03-15 16:50:00,66.61,100.00
129-04132,2021-03-15 17:00:00,71.15,100.00
129-04132,2021-03-15 17:10:00,64.93,100.00
129-04132,2021-03-15 17:20:00,64.89,100.00
129-04132,2021-03-15 17:30:00,65.58,100.00
129-04132,2021-03-15 17:40:00,61.53,100.00
129-04132,2021-03-15 17:50:00,69.52,100.00
129-04132,2021-03-15 18:00:00,68.24,100.00
129-04132,2021-03-15 18:10:00,66.85,100.00
129-04132,2021-03-15 18:20:00,68.88,100.00
129-04132,2021-03-15 18:30:00,68.47,100.00
129-04132,2021-03-15 18:40:00,68.57,100.00
129-04132,2021-03-15 18:50:00,64.59,100.00
129-04132,2021-03-15 19:00:00,65.86,100.00
129-04132,2021-03-15 19:10:00,65.86,100.00
129-04132,2021-03-15 19:20:00,66.65,100.00
129-04132,2021-03-15 19:30:00,67.38,100.00
129-04132,2021-03-15 19:40:00,64.05,100.00
129-04132,2021-03-15 19:50:00,65.62,100.00
129-04132,2021-03-15 20:00:00,68.55,100.00
129-04132,2021-03-15 20:10:00,65.25,100.00
129-04132,2021-03-15 20:20:00,69.32,100.00
129-04132,2021-03-15 20:30:00,71.62,100.00
129-04132,2021-03-15 20:40:00,68.16,100.00
129-04132,2021-03-15 20:50:00,68.15,100.00
129-04132,2021-03-15 21:00:00,65.73,100.00
129-04132,2021-03-15 21:10:00,64.11,100.00
129-04132,2021-03-15 21:20:00,66.22,100.00
129-04132,2021-03-15 21:30:00,62.62,100.00
129-04132,2021-03-15 21:40:00,66.95,100.00
129-04132,2021-03-15 21:50:00,65.25,100.00
129-04132,2021-03-15 22:00:00,65.38,100.00
129-04132,2021-03-15 22:10:00,69.58,100.00
129-04132,2021-03-15 22:20:00,65.86,100.00
129-04132,2021-03-15 22:30:00,68.59,100.00
129-04132,2021-03-15 22:40:00,67.26,100.00
129-04132,2021-03-15 22:50:00,63.40,100.00
129-04132,2021-03-15 23:00:00,66.05,100.00
129-04132,2021-03-15 23:10:00,72.90,100.00
129-04132,2021-03-15 23:20:00,68.65,100.00
129-04132,2021-03-15 23:30:00,59.66,100.00
129-04132,2021-03-15 23:40:00,63.00,100.00
129-04132,2021-03-15 23:50:00,68.44,100.00
129-04099,2021-03-15 00:00:00,69.18,100.00
129-04099,2021-03-15 00:10:00,68.90,100.00
129-04099,2021-03-15 00:20:00,67.87,100.00
129-04099,2021-03-15 00:30:00,65.59,100.00
129-04099,2021-03-15 00:40:00,67.65,100.00
129-04099,2021-03-15 00:50:00,68.00,100.00
129-04099,2021-03-15 01:00:00,66.68,100.00
129-04099,2021-03-15 01:10:00,63.59,87.00
129-04099,2021-03-15 01:20:00,61.85,97.00
129-04099,2021-03-15 01:30:00,61.59,100.00
129-04099,2021-03-15 01:40:00,61.87,100.00
129-04099,2021-03-15 01:50:00,61.98,100.00
129-04099,2021-03-15 02:00:00,62.50,100.00
129-04099,2021-03-15 02:10:00,65.30,100.00
129-04099,2021-03-15 02:20:00,65.10,100.00
129-04099,2021-03-15 02:30:00,65.00,100.00
129-04099,2021-03-15 02:40:00,67.58,100.00
129-04099,2021-03-15 02:50:00,68.40,100.00
129-04099,2021-03-15 03:00:00,65.60,99.00
129-04099,2021-03-15 03:10:00,61.92,98.00
129-04099,2021-03-15 03:20:00,58.09,100.00
129-04099,2021-03-15 03:30:00,59.73,100.00
129-04099,2021-03-15 03:40:00,64.69,100.00
129-04099,2021-03-15 03:50:00,64.79,100.00
129-04099,2021-03-15 04:00:00,65.78,100.00
129-04099,2021-03-15 04:10:00,54.93,92.00
129-04099,2021-03-15 04:20:00,58.72,100.00
129-04099,2021-03-15 04:30:00,67.79,100.00
129-04099,2021-03-15 04:40:00,69.09,100.00
129-04099,2021-03-15 04:50:00,67.20,100.00
129-04099,2021-03-15 05:00:00,69.05,100.00
129-04099,2021-03-15 05:10:00,66.96,100.00
129-04099,2021-03-15 05:20:00,66.94,100.00
129-04099,2021-03-15 05:30:00,68.96,100.00
129-04099,2021-03-15 05:40:00,67.24,100.00
129-04099,2021-03-15 05:50:00,66.26,100.00
129-04099,2021-03-15 06:00:00,69.59,100.00
129-04099,2021-03-15 06:10:00,64.88,100.00
129-04099,2021-03-15 06:20:00,66.06,100.00
129-04099,2021-03-15 06:30:00,64.81,100.00
129-04099,2021-03-15 06:40:00,63.79,100.00
129-04099,2021-03-15 06:50:00,64.33,100.00
129-04099,2021-03-15 07:00:00,64.30,100.00
129-04099,2021-03-15 07:10:00,64.50,100.00
129-04099,2021-03-15 07:20:00,65.57,100.00
129-04099,2021-03-15 07:30:00,63.71,100.00
129-04099,2021-03-15 07:40:00,63.42,100.00
129-04099,2021-03-15 07:50:00,64.56,100.00
129-04099,2021-03-15 08:00:00,64.40,100.00
129-04099,2021-03-15 08:10:00,66.21,100.00
129-04099,2021-03-15 08:20:00,64.09,100.00
129-04099,2021-03-15 08:30:00,65.15,100.00
129-04099,2021-03-15 08:40:00,65.64,100.00
129-04099,2021-03-15 08:50:00,65.25,100.00
129-04099,2021-03-15 09:00:00,66.88,100.00
129-04099,2021-03-15 09:10:00,67.83,100.00
129-04099,2021-03-15 09:20:00,68.53,100.00
129-04099,2021-03-15 09:30:00,67.72,100.00
129-04099,2021-03-15 09:40:00,65.75,100.00
129-04099,2021-03-15 09:50:00,64.90,100.00
129-04099,2021-03-15 10:00:00,67.15,100.00
129-04099,2021-03-15 10:10:00,66.47,100.00
129-04099,2021-03-15 10:20:00,64.21,100.00
129-04099,2021-03-15 10:30:00,64.88,100.00
129-04099,2021-03-15 10:40:00,64.42,100.00
129-04099,2021-03-15 10:50:00,64.30,100.00
129-04099,2021-03-15 11:00:00,63.67,100.00
129-04099,2021-03-15 11:10:00,66.40,100.00
129-04099,2021-03-15 11:20:00,66.58,100.00
129-04099,2021-03-15 11:30:00,63.45,100.00
129-04099,2021-03-15 11:40:00,63.89,100.00
129-04099,2021-03-15 11:50:00,63.68,100.00
129-04099,2021-03-15 12:00:00,66.52,100.00
129-04099,2021-03-15 12:10:00,67.08,100.00
129-04099,2021-03-15 12:20:00,65.38,100.00
129-04099,2021-03-15 12:30:00,65.37,100.00
129-04099,2021-03-15 12:40:00,63.92,100.00
129-04099,2021-03-15 12:50:00,65.68,100.00
129-04099,2021-03-15 13:00:00,67.06,100.00
129-04099,2021-03-15 13:10:00,64.39,100.00
129-04099,2021-03-15 13:20:00,66.09,100.00
129-04099,2021-03-15 13:30:00,64.49,100.00
129-04099,2021-03-15 13:40:00,64.86,100.00
129-04099,2021-03-15 13:50:00,65.10,100.00
129-04099,2021-03-15 14:00:00,65.67,100.00
129-04099,2021-03-15 14:10:00,64.87,100.00
129-04099,2021-03-15 14:20:00,65.71,100.00
129-04099,2021-03-15 14:30:00,65.65,100.00
129-04099,2021-03-15 14:40:00,64.60,100.00
129-04099,2021-03-15 14:50:00,66.98,100.00
129-04099,2021-03-15 15:00:00,65.93,100.00
129-04099,2021-03-15 15:10:00,62.32,100.00
129-04099,2021-03-15 15:20:00,63.69,100.00
129-04099,2021-03-15 15:30:00,63.11,100.00
129-04099,2021-03-15 15:40:00,64.92,100.00
129-04099,2021-03-15 15:50:00,67.22,100.00
129-04099,2021-03-15 16:00:00,65.56,100.00
129-04099,2021-03-15 16:10:00,65.47,100.00
129-04099,2021-03-15 16:20:00,64.32,100.00
129-04099,2021-03-15 16:30:00,67.37,100.00
129-04099,2021-03-15 16:40:00,62.63,100.00
129-04099,2021-03-15 16:50:00,66.68,100.00
129-04099,2021-03-15 17:00:00,66.13,100.00
129-04099,2021-03-15 17:10:00,66.14,100.00
129-04099,2021-03-15 17:20:00,67.06,100.00
129-04099,2021-03-15 17:30:00,68.97,100.00
129-04099,2021-03-15 17:40:00,66.26,100.00
129-04099,2021-03-15 17:50:00,70.46,100.00
129-04099,2021-03-15 18:00:00,66.68,100.00
129-04099,2021-03-15 18:10:00,64.77,100.00
129-04099,2021-03-15 18:20:00,67.04,100.00
129-04099,2021-03-15 18:30:00,64.45,100.00
129-04099,2021-03-15 18:40:00,59.96,100.00
129-04099,2021-03-15 18:50:00,68.84,100.00
129-04099,2021-03-15 19:00:00,65.38,100.00
129-04099,2021-03-15 19:10:00,69.20,100.00
129-04099,2021-03-15 19:20:00,66.69,100.00
129-04099,2021-03-15 19:30:00,66.39,100.00
129-04099,2021-03-15 19:40:00,69.56,100.00
129-04099,2021-03-15 19:50:00,66.86,100.00
129-04099,2021-03-15 20:00:00,64.09,100.00
129-04099,2021-03-15 20:10:00,63.87,100.00
129-04099,2021-03-15 20:20:00,62.75,100.00
129-04099,2021-03-15 20:30:00,67.07,100.00
129-04099,2021-03-15 20:40:00,65.04,100.00
129-04099,2021-03-15 20:50:00,68.12,100.00
129-04099,2021-03-15 21:00:00,68.29,100.00
129-04099,2021-03-15 21:10:00,67.44,100.00
129-04099,2021-03-15 21:20:00,67.08,100.00
129-04099,2021-03-15 21:30:00,61.46,100.00
129-04099,2021-03-15 21:40:00,66.02,100.00
129-04099,2021-03-15 21:50:00,67.96,100.00
129-04099,2021-03-15 22:00:00,68.17,100.00
129-04099,2021-03-15 22:10:00,67.24,100.00
129-04099,2021-03-15 22:20:00,68.88,100.00
129-04099,2021-03-15 22:30:00,64.73,100.00
129-04099,2021-03-15 22:40:00,71.20,100.00
129-04099,2021-03-15 22:50:00,64.87,100.00
129-04099,2021-03-15 23:00:00,67.16,100.00
129-04099,2021-03-15 23:10:00,63.38,100.00
129-04099,2021-03-15 23:20:00,70.47,100.00
129-04099,2021-03-15 23:30:00,63.87,100.00
129-04099,2021-03-15 23:40:00,63.00,100.00
129-04099,2021-03-15 23:50:00,65.74,100.00
129-04130,2021-03-15 00:00:00,66.17,100.00
129-04130,2021-03-15 00:10:00,67.79,100.00
129-04130,2021-03-15 00:20:00,69.38,100.00
129-04130,2021-03-15 00:30:00,68.04,100.00
129-04130,2021-03-15 00:40:00,65.00,100.00
129-04130,2021-03-15 00:50:00,62.82,100.00
129-04130,2021-03-15 01:00:00,64.71,97.00
129-04130,2021-03-15 01:10:00,67.19,100.00
129-04130,2021-03-15 01:20:00,65.00,100.00
129-04130,2021-03-15 01:30:00,61.32,100.00
129-04130,2021-03-15 01:40:00,61.01,99.00
129-04130,2021-03-15 01:50:00,71.19,100.00
129-04130,2021-03-15 02:00:00,68.36,100.00
129-04130,2021-03-15 02:10:00,66.39,100.00
129-04130,2021-03-15 02:20:00,65.98,100.00
129-04130,2021-03-15 02:30:00,66.70,100.00
129-04130,2021-03-15 02:40:00,69.73,100.00
129-04130,2021-03-15 02:50:00,67.39,100.00
129-04130,2021-03-15 03:00:00,65.80,100.00
129-04130,2021-03-15 03:10:00,64.58,100.00
129-04130,2021-03-15 03:20:00,66.30,100.00
129-04130,2021-03-15 03:30:00,66.77,100.00
129-04130,2021-03-15 03:40:00,69.60,100.00
129-04130,2021-03-15 03:50:00,70.57,100.00
129-04130,2021-03-15 04:00:00,71.20,100.00
129-04130,2021-03-15 04:10:00,72.66,100.00
129-04130,2021-03-15 04:20:00,73.24,100.00
129-04130,2021-03-15 04:30:00,72.19,100.00
129-04130,2021-03-15 04:40:00,73.75,100.00
129-04130,2021-03-15 04:50:00,69.87,100.00
129-04130,2021-03-15 05:00:00,72.17,100.00
129-04130,2021-03-15 05:10:00,70.17,100.00
129-04130,2021-03-15 05:20:00,70.98,100.00
129-04130,2021-03-15 05:30:00,71.59,100.00
129-04130,2021-03-15 05:40:00,68.69,100.00
129-04130,2021-03-15 05:50:00,69.28,100.00
129-04130,2021-03-15 06:00:00,68.19,100.00
129-04130,2021-03-15 06:10:00,67.57,97.00
129-04130,2021-03-15 06:20:00,63.55,97.00
129-04130,2021-03-15 06:30:00,65.94,91.00
129-04130,2021-03-15 06:40:00,67.94,93.00
129-04130,2021-03-15 06:50:00,67.57,90.00
129-04130,2021-03-15 07:00:00,67.27,90.00
129-04130,2021-03-15 07:10:00,67.00,90.00
129-04130,2021-03-15 07:20:00,67.39,90.00
129-04130,2021-03-15 07:30:00,67.74,90.00
129-04130,2021-03-15 07:40:00,65.39,90.00
129-04130,2021-03-15 07:50:00,67.91,90.00
129-04130,2021-03-15 08:00:00,67.86,90.00
129-04130,2021-03-15 08:10:00,67.66,90.00
129-04130,2021-03-15 08:20:00,70.06,90.00
129-04130,2021-03-15 08:30:00,69.56,91.00
129-04130,2021-03-15 08:40:00,68.14,91.00
129-04130,2021-03-15 08:50:00,68.40,99.00
129-04130,2021-03-15 09:00:00,67.84,100.00
129-04130,2021-03-15 09:10:00,69.55,100.00
129-04130,2021-03-15 09:20:00,70.85,100.00
129-04130,2021-03-15 09:30:00,68.63,100.00
129-04130,2021-03-15 09:40:00,68.37,100.00
129-04130,2021-03-15 09:50:00,70.27,100.00
129-04130,2021-03-15 10:00:00,69.58,100.00
129-04130,2021-03-15 10:10:00,68.02,100.00
129-04130,2021-03-15 10:20:00,68.97,100.00
129-04130,2021-03-15 10:30:00,66.91,100.00
129-04130,2021-03-15 10:40:00,67.57,100.00
129-04130,2021-03-15 10:50:00,69.35,100.00
129-04130,2021-03-15 11:00:00,69.38,100.00
129-04130,2021-03-15 11:10:00,69.04,100.00
129-04130,2021-03-15 11:20:00,72.03,100.00
129-04130,2021-03-15 11:30:00,66.88,100.00
129-04130,2021-03-15 11:40:00,67.67,100.00
129-04130,2021-03-15 11:50:00,68.93,100.00
129-04130,2021-03-15 12:00:00,68.95,100.00
129-04130,2021-03-15 12:10:00,69.12,100.00
129-04130,2021-03-15 12:20:00,69.60,100.00
129-04130,2021-03-15 12:30:00,69.58,100.00
129-04130,2021-03-15 12:40:00,70.63,100.00
129-04130,2021-03-15 12:50:00,70.67,100.00
129-04130,2021-03-15 13:00:00,69.34,100.00
129-04130,2021-03-15 13:10:00,70.58,100.00
129-04130,2021-03-15 13:20:00,69.48,100.00
129-04130,2021-03-15 13:30:00,68.27,100.00
129-04130,2021-03-15 13:40:00,69.38,100.00
129-04130,2021-03-15 13:50:00,67.13,100.00
129-04130,2021-03-15 14:00:00,69.24,100.00
129-04130,2021-03-15 14:10:00,67.72,100.00
129-04130,2021-03-15 14:20:00,69.33,100.00
129-04130,2021-03-15 14:30:00,68.47,100.00
129-04130,2021-03-15 14:40:00,71.08,100.00
129-04130,2021-03-15 14:50:00,67.53,100.00
129-04130,2021-03-15 15:00:00,68.36,100.00
129-04130,2021-03-15 15:10:00,68.66,100.00
129-04130,2021-03-15 15:20:00,69.04,100.00
129-04130,2021-03-15 15:30:00,69.57,100.00
129-04130,2021-03-15 15:40:00,67.65,100.00
129-04130,2021-03-15 15:50:00,66.36,100.00
129-04130,2021-03-15 16:00:00,67.72,100.00
129-04130,2021-03-15 16:10:00,69.73,100.00
129-04130,2021-03-15 16:20:00,66.55,100.00
129-04130,2021-03-15 16:30:00,69.19,100.00
129-04130,2021-03-15 16:40:00,69.68,100.00
129-04130,2021-03-15 16:50:00,69.88,100.00
129-04130,2021-03-15 17:00:00,70.45,100.00
129-04130,2021-03-15 17:10:00,69.07,100.00
129-04130,2021-03-15 17:20:00,69.36,100.00
129-04130,2021-03-15 17:30:00,68.83,100.00
129-04130,2021-03-15 17:40:00,69.08,100.00
129-04130,2021-03-15 17:50:00,69.84,100.00
129-04130,2021-03-15 18:00:00,70.35,100.00
129-04130,2021-03-15 18:10:00,68.79,100.00
129-04130,2021-03-15 18:20:00,68.66,100.00
129-04130,2021-03-15 18:30:00,69.24,100.00
129-04130,2021-03-15 18:40:00,70.88,100.00
129-04130,2021-03-15 18:50:00,70.06,100.00
129-04130,2021-03-15 19:00:00,69.43,100.00
129-04130,2021-03-15 19:10:00,70.86,100.00
129-04130,2021-03-15 19:20:00,68.99,100.00
129-04130,2021-03-15 19:30:00,70.55,100.00
129-04130,2021-03-15 19:40:00,70.14,100.00
129-04130,2021-03-15 19:50:00,68.44,100.00
129-04130,2021-03-15 20:00:00,65.77,100.00
129-04130,2021-03-15 20:10:00,68.77,100.00
129-04130,2021-03-15 20:20:00,69.89,100.00
129-04130,2021-03-15 20:30:00,71.08,100.00
129-04130,2021-03-15 20:40:00,70.69,100.00
129-04130,2021-03-15 20:50:00,69.86,100.00
129-04130,2021-03-15 21:00:00,68.39,100.00
129-04130,2021-03-15 21:10:00,69.29,100.00
129-04130,2021-03-15 21:20:00,68.23,100.00
129-04130,2021-03-15 21:30:00,67.35,100.00
129-04130,2021-03-15 21:40:00,69.68,100.00
129-04130,2021-03-15 21:50:00,69.56,100.00
129-04130,2021-03-15 22:00:00,66.27,100.00
129-04130,2021-03-15 22:10:00,70.09,100.00
129-04130,2021-03-15 22:20:00,69.48,100.00
129-04130,2021-03-15 22:30:00,69.48,100.00
129-04130,2021-03-15 22:40:00,68.07,100.00
129-04130,2021-03-15 22:50:00,69.28,100.00
129-04130,2021-03-15 23:00:00,69.55,100.00
129-04130,2021-03-15 23:10:00,67.46,100.00
129-04130,2021-03-15 23:20:00,70.35,100.00
129-04130,2021-03-15 23:30:00,63.46,100.00
129-04130,2021-03-15 23:40:00,67.14,100.00
129-04130,2021-03-15 23:50:00,68.47,100.00
129N04106,2021-03-15 00:00:00,66.39,100.00
129N04106,2021-03-15 00:10:00,66.76,100.00
129N04106,2021-03-15 00:20:00,68.69,100.00
129N04106,2021-03-15 00:30:00,68.17,100.00
129N04106,2021-03-15 00:40:00,67.79,100.00
129N04106,2021-03-15 00:50:00,65.99,100.00
129N04106,2021-03-15 01:00:00,66.78,100.00
129N04106,2021-03-15 01:10:00,65.98,100.00
129N04106,2021-03-15 01:20:00,65.28,100.00
129N04106,2021-03-15 01:30:00,66.39,100.00
129N04106,2021-03-15 01:40:00,63.76,100.00
129N04106,2021-03-15 01:50:00,61.87,100.00
129N04106,2021-03-15 02:00:00,65.00,100.00
129N04106,2021-03-15 02:10:00,63.37,100.00
129N04106,2021-03-15 02:20:00,63.08,100.00
129N04106,2021-03-15 02:30:00,62.79,100.00
129N04106,2021-03-15 02:40:00,62.40,100.00
129N04106,2021-03-15 02:50:00,62.79,100.00
129N04106,2021-03-15 03:00:00,64.29,100.00
129N04106,2021-03-15 03:10:00,63.89,100.00
129N04106,2021-03-15 03:20:00,61.97,100.00
129N04106,2021-03-15 03:30:00,58.50,100.00
129N04106,2021-03-15 03:40:00,59.19,100.00
129N04106,2021-03-15 03:50:00,60.08,100.00
129N04106,2021-03-15 04:00:00,61.64,100.00
129N04106,2021-03-15 04:10:00,64.54,100.00
129N04106,2021-03-15 04:20:00,62.36,100.00
129N04106,2021-03-15 04:30:00,70.35,100.00
129N04106,2021-03-15 04:40:00,69.59,100.00
129N04106,2021-03-15 04:50:00,63.16,100.00
129N04106,2021-03-15 05:00:00,64.64,100.00
129N04106,2021-03-15 05:10:00,65.50,100.00
129N04106,2021-03-15 05:20:00,63.67,100.00
129N04106,2021-03-15 05:30:00,63.12,100.00
129N04106,2021-03-15 05:40:00,65.79,100.00
129N04106,2021-03-15 05:50:00,63.51,100.00
129N04106,2021-03-15 06:00:00,60.25,100.00
129N04106,2021-03-15 06:10:00,60.26,100.00
129N04106,2021-03-15 06:20:00,60.72,100.00
129N04106,2021-03-15 06:30:00,60.22,100.00
129N04106,2021-03-15 06:40:00,57.64,100.00
129N04106,2021-03-15 06:50:00,58.99,100.00
129N04106,2021-03-15 07:00:00,57.47,100.00
129N04106,2021-03-15 07:10:00,58.87,100.00
129N04106,2021-03-15 07:20:00,58.32,100.00
129N04106,2021-03-15 07:30:00,54.23,100.00
129N04106,2021-03-15 07:40:00,55.78,100.00
129N04106,2021-03-15 07:50:00,54.44,100.00
129N04106,2021-03-15 08:00:00,51.72,100.00
129N04106,2021-03-15 08:10:00,57.37,100.00
129N04106,2021-03-15 08:20:00,55.55,100.00
129N04106,2021-03-15 08:30:00,55.33,100.00
129N04106,2021-03-15 08:40:00,57.00,100.00
129N04106,2021-03-15 08:50:00,58.46,100.00
129N04106,2021-03-15 09:00:00,61.50,100.00
129N04106,2021-03-15 09:10:00,61.07,100.00
129N04106,2021-03-15 09:20:00,58.31,100.00
129N04106,2021-03-15 09:30:00,60.22,100.00
129N04106,2021-03-15 09:40:00,56.45,100.00
129N04106,2021-03-15 09:50:00,59.45,100.00
129N04106,2021-03-15 10:00:00,57.98,100.00
129N04106,2021-03-15 10:10:00,60.45,100.00
129N04106,2021-03-15 10:20:00,56.60,100.00
129N04106,2021-03-15 10:30:00,59.06,100.00
129N04106,2021-03-15 10:40:00,57.76,100.00
129N04106,2021-03-15 10:50:00,60.05,100.00
129N04106,2021-03-15 11:00:00,60.52,100.00
129N04106,2021-03-15 11:10:00,59.47,100.00
129N04106,2021-03-15 11:20:00,59.58,100.00
129N04106,2021-03-15 11:30:00,61.47,100.00
129N04106,2021-03-15 11:40:00,54.99,100.00
129N04106,2021-03-15 11:50:00,57.80,100.00
129N04106,2021-03-15 12:00:00,61.30,100.00
129N04106,2021-03-15 12:10:00,62.11,100.00
129N04106,2021-03-15 12:20:00,61.72,100.00
129N04106,2021-03-15 12:30:00,60.84,100.00
129N04106,2021-03-15 12:40:00,58.56,100.00
129N04106,2021-03-15 12:50:00,60.39,100.00
129N04106,2021-03-15 13:00:00,58.91,100.00
129N04106,2021-03-15 13:10:00,62.25,100.00
129N04106,2021-03-15 13:20:00,62.42,100.00
129N04106,2021-03-15 13:30:00,61.17,100.00
129N04106,2021-03-15 13:40:00,57.03,100.00
129N04106,2021-03-15 13:50:00,58.50,100.00
129N04106,2021-03-15 14:00:00,55.39,100.00
129N04106,2021-03-15 14:10:00,55.93,100.00
129N04106,2021-03-15 14:20:00,52.41,100.00
129N04106,2021-03-15 14:30:00,48.05,100.00
129N04106,2021-03-15 14:40:00,48.34,100.00
129N04106,2021-03-15 14:50:00,46.35,100.00
129N04106,2021-03-15 15:00:00,48.00,100.00
129N04106,2021-03-15 15:10:00,50.08,100.00
129N04106,2021-03-15 15:20:00,44.57,100.00
129N04106,2021-03-15 15:30:00,38.37,100.00
129N04106,2021-03-15 15:40:00,27.94,97.00
129N04106,2021-03-15 15:50:00,29.59,100.00
129N04106,2021-03-15 16:00:00,30.04,100.00
129N04106,2021-03-15 16:10:00,49.04,95.00
129N04106,2021-03-15 16:20:00,56.57,91.00
129N04106,2021-03-15 16:30:00,51.50,90.00
129N04106,2021-03-15 16:40:00,54.53,91.00
129N04106,2021-03-15 16:50:00,52.32,90.00
129N04106,2021-03-15 17:00:00,55.04,91.00
129N04106,2021-03-15 17:10:00,57.80,90.00
129N04106,2021-03-15 17:20:00,59.06,90.00
129N04106,2021-03-15 17:30:00,59.05,90.00
129N04106,2021-03-15 17:40:00,60.96,90.00
129N04106,2021-03-15 17:50:00,58.11,90.00
129N04106,2021-03-15 18:00:00,58.69,91.00
129N04106,2021-03-15 18:10:00,52.65,96.00
129N04106,2021-03-15 18:20:00,57.02,97.00
129N04106,2021-03-15 18:30:00,59.76,97.00
129N04106,2021-03-15 18:40:00,62.17,98.00
129N04106,2021-03-15 18:50:00,63.60,100.00
129N04106,2021-03-15 19:00:00,63.72,100.00
129N04106,2021-03-15 19:10:00,63.31,100.00
129N04106,2021-03-15 19:20:00,60.80,100.00
129N04106,2021-03-15 19:30:00,61.69,100.00
129N04106,2021-03-15 19:40:00,61.43,100.00
129N04106,2021-03-15 19:50:00,63.86,100.00
129N04106,2021-03-15 20:00:00,62.09,100.00
129N04106,2021-03-15 20:10:00,66.16,100.00
129N04106,2021-03-15 20:20:00,65.86,100.00
129N04106,2021-03-15 20:30:00,66.21,100.00
129N04106,2021-03-15 20:40:00,65.89,100.00
129N04106,2021-03-15 20:50:00,65.98,100.00
129N04106,2021-03-15 21:00:00,63.88,100.00
129N04106,2021-03-15 21:10:00,65.10,100.00
129N04106,2021-03-15 21:20:00,64.78,100.00
129N04106,2021-03-15 21:30:00,61.47,100.00
129N04106,2021-03-15 21:40:00,67.89,100.00
129N04106,2021-03-15 21:50:00,65.94,100.00
129N04106,2021-03-15 22:00:00,64.12,100.00
129N04106,2021-03-15 22:10:00,68.71,100.00
129N04106,2021-03-15 22:20:00,65.66,100.00
129N04106,2021-03-15 22:30:00,66.85,100.00
129N04106,2021-03-15 22:40:00,64.46,100.00
129N04106,2021-03-15 22:50:00,65.54,100.00
129N04106,2021-03-15 23:00:00,63.23,100.00
129N04106,2021-03-15 23:10:00,64.49,100.00
129N04106,2021-03-15 23:20:00,64.98,100.00
129N04106,2021-03-15 23:30:00,64.66,100.00
129N04106,2021-03-15 23:40:00,63.05,100.00
129N04106,2021-03-15 23:50:00,66.25,100.00
129N04105,2021-03-15 00:00:00,66.66,100.00
129N04105,2021-03-15 00:10:00,66.28,100.00
129N04105,2021-03-15 00:20:00,66.18,100.00
129N04105,2021-03-15 00:30:00,68.40,100.00
129N04105,2021-03-15 00:40:00,68.50,100.00
129N04105,2021-03-15 00:50:00,66.98,100.00
129N04105,2021-03-15 01:00:00,67.39,100.00
129N04105,2021-03-15 01:10:00,67.29,100.00
129N04105,2021-03-15 01:20:00,63.06,100.00
129N04105,2021-03-15 01:30:00,63.79,100.00
129N04105,2021-03-15 01:40:00,61.85,100.00
129N04105,2021-03-15 01:50:00,60.59,100.00
129N04105,2021-03-15 02:00:00,62.80,100.00
129N04105,2021-03-15 02:10:00,60.33,100.00
129N04105,2021-03-15 02:20:00,59.98,100.00
129N04105,2021-03-15 02:30:00,58.00,100.00
129N04105,2021-03-15 02:40:00,58.59,100.00
129N04105,2021-03-15 02:50:00,62.21,100.00
129N04105,2021-03-15 03:00:00,66.00,100.00
129N04105,2021-03-15 03:10:00,65.89,100.00
129N04105,2021-03-15 03:20:00,63.09,100.00
129N04105,2021-03-15 03:30:00,58.61,100.00
129N04105,2021-03-15 03:40:00,60.88,100.00
129N04105,2021-03-15 03:50:00,61.07,100.00
129N04105,2021-03-15 04:00:00,60.36,100.00
129N04105,2021-03-15 04:10:00,62.35,100.00
129N04105,2021-03-15 04:20:00,60.96,100.00
129N04105,2021-03-15 04:30:00,69.42,100.00
129N04105,2021-03-15 04:40:00,68.42,100.00
129N04105,2021-03-15 04:50:00,61.70,100.00
129N04105,2021-03-15 05:00:00,61.90,100.00
129N04105,2021-03-15 05:10:00,64.18,100.00
129N04105,2021-03-15 05:20:00,63.28,100.00
129N04105,2021-03-15 05:30:00,61.88,100.00
129N04105,2021-03-15 05:40:00,63.56,100.00
129N04105,2021-03-15 05:50:00,60.18,100.00
129N04105,2021-03-15 06:00:00,57.50,100.00
129N04105,2021-03-15 06:10:00,57.59,100.00
129N04105,2021-03-15 06:20:00,58.83,100.00
129N04105,2021-03-15 06:30:00,60.25,100.00
129N04105,2021-03-15 06:40:00,59.47,100.00
129N04105,2021-03-15 06:50:00,57.21,100.00
129N04105,2021-03-15 07:00:00,58.68,100.00
129N04105,2021-03-15 07:10:00,55.19,100.00
129N04105,2021-03-15 07:20:00,58.06,100.00
129N04105,2021-03-15 07:30:00,50.11,100.00
129N04105,2021-03-15 07:40:00,42.38,100.00
129N04105,2021-03-15 07:50:00,29.01,91.00
129N04105,2021-03-15 08:00:00,25.31,90.00
129N04105,2021-03-15 08:10:00,31.24,95.00
129N04105,2021-03-15 08:20:00,54.51,100.00
129N04105,2021-03-15 08:30:00,54.86,100.00
129N04105,2021-03-15 08:40:00,54.58,100.00
129N04105,2021-03-15 08:50:00,55.96,100.00
129N04105,2021-03-15 09:00:00,57.65,100.00
129N04105,2021-03-15 09:10:00,59.15,100.00
129N04105,2021-03-15 09:20:00,58.18,100.00
129N04105,2021-03-15 09:30:00,60.83,100.00
129N04105,2021-03-15 09:40:00,54.50,100.00
129N04105,2021-03-15 09:50:00,57.96,100.00
129N04105,2021-03-15 10:00:00,53.71,100.00
129N04105,2021-03-15 10:10:00,58.34,100.00
129N04105,2021-03-15 10:20:00,58.85,100.00
129N04105,2021-03-15 10:30:00,59.84,100.00
129N04105,2021-03-15 10:40:00,56.48,100.00
129N04105,2021-03-15 10:50:00,57.29,100.00
129N04105,2021-03-15 11:00:00,59.99,100.00
129N04105,2021-03-15 11:10:00,60.61,100.00
129N04105,2021-03-15 11:20:00,58.01,100.00
129N04105,2021-03-15 11:30:00,61.54,100.00
129N04105,2021-03-15 11:40:00,57.81,100.00
129N04105,2021-03-15 11:50:00,54.77,100.00
129N04105,2021-03-15 12:00:00,60.65,100.00
129N04105,2021-03-15 12:10:00,60.12,100.00
129N04105,2021-03-15 12:20:00,60.13,100.00
129N04105,2021-03-15 12:30:00,57.49,100.00
129N04105,2021-03-15 12:40:00,58.50,100.00
129N04105,2021-03-15 12:50:00,61.03,100.00
129N04105,2021-03-15 13:00:00,58.99,100.00
129N04105,2021-03-15 13:10:00,61.07,100.00
129N04105,2021-03-15 13:20:00,59.62,100.00
129N04105,2021-03-15 13:30:00,59.57,100.00
129N04105,2021-03-15 13:40:00,59.25,100.00
129N04105,2021-03-15 13:50:00,57.43,100.00
129N04105,2021-03-15 14:00:00,40.21,100.00
129N04105,2021-03-15 14:10:00,35.57,100.00
129N04105,2021-03-15 14:20:00,46.95,100.00
129N04105,2021-03-15 14:30:00,56.58,99.00
129N04105,2021-03-15 14:40:00,59.81,95.00
129N04105,2021-03-15 14:50:00,59.45,91.00
129N04105,2021-03-15 15:00:00,56.91,93.00
129N04105,2021-03-15 15:10:00,53.27,91.00
129N04105,2021-03-15 15:20:00,46.68,94.00
129N04105,2021-03-15 15:30:00,23.27,100.00
129N04105,2021-03-15 15:40:00,22.48,100.00
129N04105,2021-03-15 15:50:00,19.64,100.00
129N04105,2021-03-15 16:00:00,20.12,100.00
129N04105,2021-03-15 16:10:00,22.06,99.00
129N04105,2021-03-15 16:20:00,32.02,92.00
129N04105,2021-03-15 16:30:00,48.15,90.00
129N04105,2021-03-15 16:40:00,52.18,90.00
129N04105,2021-03-15 16:50:00,42.38,90.00
129N04105,2021-03-15 17:00:00,33.24,93.00
129N04105,2021-03-15 17:10:00,32.48,91.00
129N04105,2021-03-15 17:20:00,32.52,95.00
129N04105,2021-03-15 17:30:00,52.26,90.00
129N04105,2021-03-15 17:40:00,60.34,90.00
129N04105,2021-03-15 17:50:00,56.32,90.00
129N04105,2021-03-15 18:00:00,59.49,90.00
129N04105,2021-03-15 18:10:00,51.82,92.00
129N04105,2021-03-15 18:20:00,52.96,91.00
129N04105,2021-03-15 18:30:00,59.76,91.00
129N04105,2021-03-15 18:40:00,63.67,91.00
129N04105,2021-03-15 18:50:00,64.64,91.00
129N04105,2021-03-15 19:00:00,64.04,98.00
129N04105,2021-03-15 19:10:00,62.27,100.00
129N04105,2021-03-15 19:20:00,59.27,100.00
129N04105,2021-03-15 19:30:00,59.38,100.00
129N04105,2021-03-15 19:40:00,61.17,100.00
129N04105,2021-03-15 19:50:00,62.56,100.00
129N04105,2021-03-15 20:00:00,61.16,100.00
129N04105,2021-03-15 20:10:00,63.27,100.00
129N04105,2021-03-15 20:20:00,64.03,100.00
129N04105,2021-03-15 20:30:00,60.57,100.00
129N04105,2021-03-15 20:40:00,65.12,100.00
129N04105,2021-03-15 20:50:00,62.68,100.00
129N04105,2021-03-15 21:00:00,64.45,100.00
129N04105,2021-03-15 21:10:00,64.56,100.00
129N04105,2021-03-15 21:20:00,63.47,100.00
129N04105,2021-03-15 21:30:00,59.94,100.00
129N04105,2021-03-15 21:40:00,61.36,100.00
129N04105,2021-03-15 21:50:00,65.57,100.00
129N04105,2021-03-15 22:00:00,65.19,100.00
129N04105,2021-03-15 22:10:00,65.67,100.00
129N04105,2021-03-15 22:20:00,65.93,100.00
129N04105,2021-03-15 22:30:00,66.11,100.00
129N04105,2021-03-15 22:40:00,63.47,100.00
129N04105,2021-03-15 22:50:00,64.55,100.00
129N04105,2021-03-15 23:00:00,62.77,100.00
129N04105,2021-03-15 23:10:00,61.65,100.00
129N04105,2021-03-15 23:20:00,65.18,100.00
129N04105,2021-03-15 23:30:00,64.18,100.00
129N04105,2021-03-15 23:40:00,62.47,100.00
129N04105,2021-03-15 23:50:00,64.37,100.00
129N04108,2021-03-15 00:00:00,68.07,100.00
129N04108,2021-03-15 00:10:00,63.44,100.00
129N04108,2021-03-15 00:20:00,64.19,100.00
129N04108,2021-03-15 00:30:00,67.29,100.00
129N04108,2021-03-15 00:40:00,69.78,100.00
129N04108,2021-03-15 00:50:00,66.80,100.00
129N04108,2021-03-15 01:00:00,64.55,100.00
129N04108,2021-03-15 01:10:00,67.28,100.00
129N04108,2021-03-15 01:20:00,63.95,100.00
129N04108,2021-03-15 01:30:00,66.07,100.00
129N04108,2021-03-15 01:40:00,63.68,100.00
129N04108,2021-03-15 01:50:00,62.80,100.00
129N04108,2021-03-15 02:00:00,63.98,100.00
129N04108,2021-03-15 02:10:00,63.98,100.00
129N04108,2021-03-15 02:20:00,62.19,100.00
129N04108,2021-03-15 02:30:00,62.38,100.00
129N04108,2021-03-15 02:40:00,63.39,100.00
129N04108,2021-03-15 02:50:00,64.18,100.00
129N04108,2021-03-15 03:00:00,65.34,100.00
129N04108,2021-03-15 03:10:00,65.79,100.00
129N04108,2021-03-15 03:20:00,60.31,100.00
129N04108,2021-03-15 03:30:00,60.50,100.00
129N04108,2021-03-15 03:40:00,67.76,100.00
129N04108,2021-03-15 03:50:00,63.38,100.00
129N04108,2021-03-15 04:00:00,61.66,100.00
129N04108,2021-03-15 04:10:00,64.06,100.00
129N04108,2021-03-15 04:20:00,63.76,100.00
129N04108,2021-03-15 04:30:00,69.58,100.00
129N04108,2021-03-15 04:40:00,67.06,100.00
129N04108,2021-03-15 04:50:00,61.95,100.00
129N04108,2021-03-15 05:00:00,63.19,100.00
129N04108,2021-03-15 05:10:00,63.67,100.00
129N04108,2021-03-15 05:20:00,64.57,100.00
129N04108,2021-03-15 05:30:00,63.54,100.00
129N04108,2021-03-15 05:40:00,65.09,100.00
129N04108,2021-03-15 05:50:00,63.68,100.00
129N04108,2021-03-15 06:00:00,61.46,100.00
129N04108,2021-03-15 06:10:00,60.49,100.00
129N04108,2021-03-15 06:20:00,60.09,100.00
129N04108,2021-03-15 06:30:00,59.05,100.00
129N04108,2021-03-15 06:40:00,58.37,100.00
129N04108,2021-03-15 06:50:00,60.47,100.00
129N04108,2021-03-15 07:00:00,58.53,100.00
129N04108,2021-03-15 07:10:00,60.48,100.00
129N04108,2021-03-15 07:20:00,59.97,100.00
129N04108,2021-03-15 07:30:00,58.58,100.00
129N04108,2021-03-15 07:40:00,55.78,100.00
129N04108,2021-03-15 07:50:00,56.63,100.00
129N04108,2021-03-15 08:00:00,60.08,100.00
129N04108,2021-03-15 08:10:00,55.03,100.00
129N04108,2021-03-15 08:20:00,55.88,100.00
129N04108,2021-03-15 08:30:00,55.51,100.00
129N04108,2021-03-15 08:40:00,57.61,100.00
129N04108,2021-03-15 08:50:00,59.32,100.00
129N04108,2021-03-15 09:00:00,60.93,100.00
129N04108,2021-03-15 09:10:00,59.84,100.00
129N04108,2021-03-15 09:20:00,61.83,100.00
129N04108,2021-03-15 09:30:00,59.68,100.00
129N04108,2021-03-15 09:40:00,55.27,100.00
129N04108,2021-03-15 09:50:00,59.51,100.00
129N04108,2021-03-15 10:00:00,57.49,100.00
129N04108,2021-03-15 10:10:00,60.66,100.00
129N04108,2021-03-15 10:20:00,58.08,100.00
129N04108,2021-03-15 10:30:00,57.74,100.00
129N04108,2021-03-15 10:40:00,56.65,100.00
129N04108,2021-03-15 10:50:00,58.08,100.00
129N04108,2021-03-15 11:00:00,59.62,100.00
129N04108,2021-03-15 11:10:00,59.94,100.00
129N04108,2021-03-15 11:20:00,60.82,100.00
129N04108,2021-03-15 11:30:00,65.14,100.00
129N04108,2021-03-15 11:40:00,58.79,100.00
129N04108,2021-03-15 11:50:00,62.33,100.00
129N04108,2021-03-15 12:00:00,63.04,100.00
129N04108,2021-03-15 12:10:00,61.70,100.00
129N04108,2021-03-15 12:20:00,63.06,100.00
129N04108,2021-03-15 12:30:00,60.57,100.00
129N04108,2021-03-15 12:40:00,60.94,100.00
129N04108,2021-03-15 12:50:00,59.53,100.00
129N04108,2021-03-15 13:00:00,60.04,100.00
129N04108,2021-03-15 13:10:00,62.60,100.00
129N04108,2021-03-15 13:20:00,64.36,100.00
129N04108,2021-03-15 13:30:00,61.48,100.00
129N04108,2021-03-15 13:40:00,60.18,100.00
129N04108,2021-03-15 13:50:00,56.64,100.00
129N04108,2021-03-15 14:00:00,57.44,100.00
129N04108,2021-03-15 14:10:00,57.97,100.00
129N04108,2021-03-15 14:20:00,44.35,99.00
129N04108,2021-03-15 14:30:00,13.10,90.00
129N04108,2021-03-15 14:40:00,11.26,90.00
129N04108,2021-03-15 14:50:00,10.63,90.00
129N04108,2021-03-15 15:00:00,13.36,90.60
129N04108,2021-03-15 15:10:00,16.85,90.00
129N04108,2021-03-15 15:20:00,24.48,90.00
129N04108,2021-03-15 15:30:00,37.26,99.00
129N04108,2021-03-15 15:40:00,35.73,98.30
129N04108,2021-03-15 15:50:00,37.90,99.30
129N04108,2021-03-15 16:00:00,45.74,100.00
129N04108,2021-03-15 16:10:00,49.19,100.00
129N04108,2021-03-15 16:20:00,56.13,98.60
129N04108,2021-03-15 16:30:00,52.46,97.90
129N04108,2021-03-15 16:40:00,54.90,95.10
129N04108,2021-03-15 16:50:00,55.65,94.10
129N04108,2021-03-15 17:00:00,57.85,91.30
129N04108,2021-03-15 17:10:00,57.69,94.00
129N04108,2021-03-15 17:20:00,60.27,91.00
129N04108,2021-03-15 17:30:00,55.76,92.10
129N04108,2021-03-15 17:40:00,49.82,97.20
129N04108,2021-03-15 17:50:00,51.86,100.00
129N04108,2021-03-15 18:00:00,51.11,99.30
129N04108,2021-03-15 18:10:00,56.15,100.00
129N04108,2021-03-15 18:20:00,59.26,100.00
129N04108,2021-03-15 18:30:00,61.83,100.00
129N04108,2021-03-15 18:40:00,63.07,100.00
129N04108,2021-03-15 18:50:00,63.28,100.00
129N04108,2021-03-15 19:00:00,64.26,100.00
129N04108,2021-03-15 19:10:00,61.77,100.00
129N04108,2021-03-15 19:20:00,59.78,100.00
129N04108,2021-03-15 19:30:00,62.82,100.00
129N04108,2021-03-15 19:40:00,62.72,100.00
129N04108,2021-03-15 19:50:00,65.27,100.00
129N04108,2021-03-15 20:00:00,61.55,100.00
129N04108,2021-03-15 20:10:00,68.03,100.00
129N04108,2021-03-15 20:20:00,65.32,100.00
129N04108,2021-03-15 20:30:00,66.03,100.00
129N04108,2021-03-15 20:40:00,65.38,100.00
129N04108,2021-03-15 20:50:00,65.42,100.00
129N04108,2021-03-15 21:00:00,62.57,100.00
129N04108,2021-03-15 21:10:00,66.85,100.00
129N04108,2021-03-15 21:20:00,63.76,100.00
129N04108,2021-03-15 21:30:00,61.85,100.00
129N04108,2021-03-15 21:40:00,63.23,100.00
129N04108,2021-03-15 21:50:00,62.76,100.00
129N04108,2021-03-15 22:00:00,66.25,100.00
129N04108,2021-03-15 22:10:00,68.34,100.00
129N04108,2021-03-15 22:20:00,66.28,100.00
129N04108,2021-03-15 22:30:00,67.35,100.00
129N04108,2021-03-15 22:40:00,66.88,100.00
129N04108,2021-03-15 22:50:00,65.59,100.00
129N04108,2021-03-15 23:00:00,63.51,100.00
129N04108,2021-03-15 23:10:00,67.04,100.00
129N04108,2021-03-15 23:20:00,67.39,100.00
129N04108,2021-03-15 23:30:00,66.32,100.00
129N04108,2021-03-15 23:40:00,64.63,100.00
129N04108,2021-03-15 23:50:00,65.39,100.00
129N04107,2021-03-15 00:00:00,64.95,100.00
129N04107,2021-03-15 00:10:00,65.75,100.00
129N04107,2021-03-15 00:20:00,69.28,100.00
129N04107,2021-03-15 00:30:00,70.29,100.00
129N04107,2021-03-15 00:40:00,70.79,100.00
129N04107,2021-03-15 00:50:00,68.58,100.00
129N04107,2021-03-15 01:00:00,66.29,100.00
129N04107,2021-03-15 01:10:00,66.19,100.00
129N04107,2021-03-15 01:20:00,66.09,100.00
129N04107,2021-03-15 01:30:00,66.28,100.00
129N04107,2021-03-15 01:40:00,65.29,100.00
129N04107,2021-03-15 01:50:00,64.78,100.00
129N04107,2021-03-15 02:00:00,65.49,100.00
129N04107,2021-03-15 02:10:00,65.59,100.00
129N04107,2021-03-15 02:20:00,65.04,100.00
129N04107,2021-03-15 02:30:00,64.58,100.00
129N04107,2021-03-15 02:40:00,65.00,100.00
129N04107,2021-03-15 02:50:00,65.16,100.00
129N04107,2021-03-15 03:00:00,63.79,100.00
129N04107,2021-03-15 03:10:00,63.00,100.00
129N04107,2021-03-15 03:20:00,61.46,100.00
129N04107,2021-03-15 03:30:00,60.10,100.00
129N04107,2021-03-15 03:40:00,59.89,100.00
129N04107,2021-03-15 03:50:00,62.58,100.00
129N04107,2021-03-15 04:00:00,64.39,100.00
129N04107,2021-03-15 04:10:00,65.94,100.00
129N04107,2021-03-15 04:20:00,63.76,100.00
129N04107,2021-03-15 04:30:00,71.43,100.00
129N04107,2021-03-15 04:40:00,70.27,100.00
129N04107,2021-03-15 04:50:00,65.10,100.00
129N04107,2021-03-15 05:00:00,67.67,100.00
129N04107,2021-03-15 05:10:00,67.19,100.00
129N04107,2021-03-15 05:20:00,67.39,100.00
129N04107,2021-03-15 05:30:00,64.66,100.00
129N04107,2021-03-15 05:40:00,66.16,100.00
129N04107,2021-03-15 05:50:00,63.68,100.00
129N04107,2021-03-15 06:00:00,63.27,100.00
129N04107,2021-03-15 06:10:00,62.15,100.00
129N04107,2021-03-15 06:20:00,62.49,100.00
129N04107,2021-03-15 06:30:00,63.26,100.00
129N04107,2021-03-15 06:40:00,59.52,100.00
129N04107,2021-03-15 06:50:00,63.38,100.00
129N04107,2021-03-15 07:00:00,59.15,100.00
129N04107,2021-03-15 07:10:00,62.51,100.00
129N04107,2021-03-15 07:20:00,61.60,100.00
129N04107,2021-03-15 07:30:00,59.75,100.00
129N04107,2021-03-15 07:40:00,57.13,100.00
129N04107,2021-03-15 07:50:00,59.87,100.00
129N04107,2021-03-15 08:00:00,61.18,100.00
129N04107,2021-03-15 08:10:00,59.21,100.00
129N04107,2021-03-15 08:20:00,58.25,100.00
129N04107,2021-03-15 08:30:00,57.56,100.00
129N04107,2021-03-15 08:40:00,59.04,100.00
129N04107,2021-03-15 08:50:00,59.97,100.00
129N04107,2021-03-15 09:00:00,62.44,100.00
129N04107,2021-03-15 09:10:00,63.09,100.00
129N04107,2021-03-15 09:20:00,62.59,100.00
129N04107,2021-03-15 09:30:00,61.13,100.00
129N04107,2021-03-15 09:40:00,57.67,100.00
129N04107,2021-03-15 09:50:00,61.61,100.00
129N04107,2021-03-15 10:00:00,60.19,100.00
129N04107,2021-03-15 10:10:00,62.21,100.00
129N04107,2021-03-15 10:20:00,61.01,100.00
129N04107,2021-03-15 10:30:00,59.74,100.00
129N04107,2021-03-15 10:40:00,60.99,100.00
129N04107,2021-03-15 10:50:00,61.92,100.00
129N04107,2021-03-15 11:00:00,61.04,100.00
129N04107,2021-03-15 11:10:00,61.25,100.00
129N04107,2021-03-15 11:20:00,61.35,100.00
129N04107,2021-03-15 11:30:00,64.81,100.00
129N04107,2021-03-15 11:40:00,61.50,100.00
129N04107,2021-03-15 11:50:00,63.62,100.00
129N04107,2021-03-15 12:00:00,66.20,100.00
129N04107,2021-03-15 12:10:00,65.95,100.00
129N04107,2021-03-15 12:20:00,64.51,100.00
129N04107,2021-03-15 12:30:00,63.59,100.00
129N04107,2021-03-15 12:40:00,63.12,100.00
129N04107,2021-03-15 12:50:00,62.21,100.00
129N04107,2021-03-15 13:00:00,64.04,100.00
129N04107,2021-03-15 13:10:00,64.31,100.00
129N04107,2021-03-15 13:20:00,65.11,100.00
129N04107,2021-03-15 13:30:00,64.79,100.00
129N04107,2021-03-15 13:40:00,62.99,100.00
129N04107,2021-03-15 13:50:00,60.42,100.00
129N04107,2021-03-15 14:00:00,60.17,100.00
129N04107,2021-03-15 14:10:00,60.06,100.00
129N04107,2021-03-15 14:20:00,26.03,97.00
129N04107,2021-03-15 14:30:00,14.08,97.00
129N04107,2021-03-15 14:40:00,11.25,98.00
129N04107,2021-03-15 14:50:00,11.95,99.00
129N04107,2021-03-15 15:00:00,15.21,100.00
129N04107,2021-03-15 15:10:00,18.80,100.00
129N04107,2021-03-15 15:20:00,36.88,100.00
129N04107,2021-03-15 15:30:00,45.63,100.00
129N04107,2021-03-15 15:40:00,42.40,100.00
129N04107,2021-03-15 15:50:00,38.65,100.00
129N04107,2021-03-15 16:00:00,44.57,100.00
129N04107,2021-03-15 16:10:00,57.86,93.00
129N04107,2021-03-15 16:20:00,59.37,90.00
129N04107,2021-03-15 16:30:00,56.13,90.00
129N04107,2021-03-15 16:40:00,56.70,90.00
129N04107,2021-03-15 16:50:00,55.03,90.00
129N04107,2021-03-15 17:00:00,58.69,90.00
129N04107,2021-03-15 17:10:00,59.76,90.00
129N04107,2021-03-15 17:20:00,62.66,90.00
129N04107,2021-03-15 17:30:00,63.54,90.00
129N04107,2021-03-15 17:40:00,63.43,90.00
129N04107,2021-03-15 17:50:00,60.38,90.00
129N04107,2021-03-15 18:00:00,59.17,91.00
129N04107,2021-03-15 18:10:00,58.43,95.00
129N04107,2021-03-15 18:20:00,59.72,98.00
129N04107,2021-03-15 18:30:00,62.34,99.00
129N04107,2021-03-15 18:40:00,67.53,97.00
129N04107,2021-03-15 18:50:00,65.56,100.00
129N04107,2021-03-15 19:00:00,66.88,100.00
129N04107,2021-03-15 19:10:00,65.36,100.00
129N04107,2021-03-15 19:20:00,63.04,100.00
129N04107,2021-03-15 19:30:00,63.77,100.00
129N04107,2021-03-15 19:40:00,62.84,100.00
129N04107,2021-03-15 19:50:00,66.44,100.00
129N04107,2021-03-15 20:00:00,62.97,100.00
129N04107,2021-03-15 20:10:00,68.42,100.00
129N04107,2021-03-15 20:20:00,67.48,100.00
129N04107,2021-03-15 20:30:00,68.46,100.00
129N04107,2021-03-15 20:40:00,68.04,100.00
129N04107,2021-03-15 20:50:00,66.76,100.00
129N04107,2021-03-15 21:00:00,64.03,100.00
129N04107,2021-03-15 21:10:00,67.76,100.00
129N04107,2021-03-15 21:20:00,66.76,100.00
129N04107,2021-03-15 21:30:00,61.92,100.00
129N04107,2021-03-15 21:40:00,67.21,100.00
129N04107,2021-03-15 21:50:00,65.45,100.00
129N04107,2021-03-15 22:00:00,67.34,100.00
129N04107,2021-03-15 22:10:00,70.45,100.00
129N04107,2021-03-15 22:20:00,67.17,100.00
129N04107,2021-03-15 22:30:00,67.93,100.00
129N04107,2021-03-15 22:40:00,66.76,100.00
129N04107,2021-03-15 22:50:00,67.78,100.00
129N04107,2021-03-15 23:00:00,64.21,100.00
129N04107,2021-03-15 23:10:00,66.20,100.00
129N04107,2021-03-15 23:20:00,69.28,100.00
129N04107,2021-03-15 23:30:00,66.17,100.00
129N04107,2021-03-15 23:40:00,63.76,100.00
129N04107,2021-03-15 23:50:00,64.27,100.00
129N04102,2021-03-15 00:00:00,67.17,100.00
129N04102,2021-03-15 00:10:00,67.69,100.00
129N04102,2021-03-15 00:20:00,66.96,100.00
129N04102,2021-03-15 00:30:00,69.59,100.00
129N04102,2021-03-15 00:40:00,67.78,100.00
129N04102,2021-03-15 00:50:00,70.00,100.00
129N04102,2021-03-15 01:00:00,69.29,100.00
129N04102,2021-03-15 01:10:00,69.29,100.00
129N04102,2021-03-15 01:20:00,67.09,100.00
129N04102,2021-03-15 01:30:00,65.42,100.00
129N04102,2021-03-15 01:40:00,65.08,100.00
129N04102,2021-03-15 01:50:00,62.48,100.00
129N04102,2021-03-15 02:00:00,66.08,100.00
129N04102,2021-03-15 02:10:00,68.78,100.00
129N04102,2021-03-15 02:20:00,67.26,100.00
129N04102,2021-03-15 02:30:00,62.87,100.00
129N04102,2021-03-15 02:40:00,58.76,100.00
129N04102,2021-03-15 02:50:00,62.28,100.00
129N04102,2021-03-15 03:00:00,67.88,100.00
129N04102,2021-03-15 03:10:00,54.13,97.20
129N04102,2021-03-15 03:20:00,51.49,94.00
129N04102,2021-03-15 03:30:00,50.25,94.20
129N04102,2021-03-15 03:40:00,58.17,85.80
129N04102,2021-03-15 03:50:00,65.59,98.00
129N04102,2021-03-15 04:00:00,61.42,100.00
129N04102,2021-03-15 04:10:00,61.34,100.00
129N04102,2021-03-15 04:20:00,65.46,100.00
129N04102,2021-03-15 04:30:00,71.60,100.00
129N04102,2021-03-15 04:40:00,68.53,100.00
129N04102,2021-03-15 04:50:00,66.21,100.00
129N04102,2021-03-15 05:00:00,67.69,100.00
129N04102,2021-03-15 05:10:00,70.19,100.00
129N04102,2021-03-15 05:20:00,67.55,100.00
129N04102,2021-03-15 05:30:00,66.74,100.00
129N04102,2021-03-15 05:40:00,67.96,100.00
129N04102,2021-03-15 05:50:00,66.54,100.00
129N04102,2021-03-15 06:00:00,68.63,100.00
129N04102,2021-03-15 06:10:00,66.18,100.00
129N04102,2021-03-15 06:20:00,63.54,100.00
129N04102,2021-03-15 06:30:00,62.87,100.00
129N04102,2021-03-15 06:40:00,61.79,100.00
129N04102,2021-03-15 06:50:00,62.39,100.00
129N04102,2021-03-15 07:00:00,62.71,100.00
129N04102,2021-03-15 07:10:00,62.88,100.00
129N04102,2021-03-15 07:20:00,61.21,100.00
129N04102,2021-03-15 07:30:00,61.49,100.00
129N04102,2021-03-15 07:40:00,61.55,100.00
129N04102,2021-03-15 07:50:00,61.79,100.00
129N04102,2021-03-15 08:00:00,62.84,100.00
129N04102,2021-03-15 08:10:00,61.33,100.00
129N04102,2021-03-15 08:20:00,61.44,100.00
129N04102,2021-03-15 08:30:00,61.55,100.00
129N04102,2021-03-15 08:40:00,64.61,100.00
129N04102,2021-03-15 08:50:00,65.05,100.00
129N04102,2021-03-15 09:00:00,65.43,100.00
129N04102,2021-03-15 09:10:00,65.77,100.00
129N04102,2021-03-15 09:20:00,63.26,100.00
129N04102,2021-03-15 09:30:00,66.33,100.00
129N04102,2021-03-15 09:40:00,62.55,100.00
129N04102,2021-03-15 09:50:00,64.43,100.00
129N04102,2021-03-15 10:00:00,64.66,100.00
129N04102,2021-03-15 10:10:00,62.06,100.00
129N04102,2021-03-15 10:20:00,62.12,100.00
129N04102,2021-03-15 10:30:00,64.56,100.00
129N04102,2021-03-15 10:40:00,61.12,100.00
129N04102,2021-03-15 10:50:00,62.55,100.00
129N04102,2021-03-15 11:00:00,65.04,100.00
129N04102,2021-03-15 11:10:00,62.75,100.00
129N04102,2021-03-15 11:20:00,63.72,100.00
129N04102,2021-03-15 11:30:00,64.06,100.00
129N04102,2021-03-15 11:40:00,63.25,100.00
129N04102,2021-03-15 11:50:00,63.92,100.00
129N04102,2021-03-15 12:00:00,66.58,100.00
129N04102,2021-03-15 12:10:00,63.86,100.00
129N04102,2021-03-15 12:20:00,65.58,100.00
129N04102,2021-03-15 12:30:00,65.13,100.00
129N04102,2021-03-15 12:40:00,64.90,100.00
129N04102,2021-03-15 12:50:00,63.84,100.00
129N04102,2021-03-15 13:00:00,65.49,100.00
129N04102,2021-03-15 13:10:00,62.85,100.00
129N04102,2021-03-15 13:20:00,62.26,100.00
129N04102,2021-03-15 13:30:00,63.67,100.00
129N04102,2021-03-15 13:40:00,63.51,100.00
129N04102,2021-03-15 13:50:00,62.46,100.00
129N04102,2021-03-15 14:00:00,64.57,100.00
129N04102,2021-03-15 14:10:00,62.66,100.00
129N04102,2021-03-15 14:20:00,59.78,100.00
129N04102,2021-03-15 14:30:00,64.13,100.00
129N04102,2021-03-15 14:40:00,63.79,100.00
129N04102,2021-03-15 14:50:00,62.72,100.00
129N04102,2021-03-15 15:00:00,62.37,100.00
129N04102,2021-03-15 15:10:00,62.77,100.00
129N04102,2021-03-15 15:20:00,58.08,100.00
129N04102,2021-03-15 15:30:00,35.49,99.20
129N04102,2021-03-15 15:40:00,20.81,90.40
129N04102,2021-03-15 15:50:00,22.46,94.40
129N04102,2021-03-15 16:00:00,20.97,96.60
129N04102,2021-03-15 16:10:00,15.71,90.60
129N04102,2021-03-15 16:20:00,15.47,95.80
129N04102,2021-03-15 16:30:00,19.68,100.00
129N04102,2021-03-15 16:40:00,32.00,100.00
129N04102,2021-03-15 16:50:00,20.74,99.00
129N04102,2021-03-15 17:00:00,20.28,100.00
129N04102,2021-03-15 17:10:00,24.57,100.00
129N04102,2021-03-15 17:20:00,42.20,100.00
129N04102,2021-03-15 17:30:00,47.94,100.00
129N04102,2021-03-15 17:40:00,58.98,95.20
129N04102,2021-03-15 17:50:00,62.89,90.60
129N04102,2021-03-15 18:00:00,61.71,92.80
129N04102,2021-03-15 18:10:00,61.71,92.40
129N04102,2021-03-15 18:20:00,53.88,100.00
129N04102,2021-03-15 18:30:00,50.32,100.00
129N04102,2021-03-15 18:40:00,66.15,93.80
129N04102,2021-03-15 18:50:00,64.89,100.00
129N04102,2021-03-15 19:00:00,65.46,100.00
129N04102,2021-03-15 19:10:00,65.64,100.00
129N04102,2021-03-15 19:20:00,65.90,100.00
129N04102,2021-03-15 19:30:00,64.61,100.00
129N04102,2021-03-15 19:40:00,67.09,100.00
129N04102,2021-03-15 19:50:00,66.26,100.00
129N04102,2021-03-15 20:00:00,64.84,100.00
129N04102,2021-03-15 20:10:00,67.61,100.00
129N04102,2021-03-15 20:20:00,64.65,100.00
129N04102,2021-03-15 20:30:00,64.16,100.00
129N04102,2021-03-15 20:40:00,67.07,100.00
129N04102,2021-03-15 20:50:00,68.02,100.00
129N04102,2021-03-15 21:00:00,67.58,100.00
129N04102,2021-03-15 21:10:00,67.64,100.00
129N04102,2021-03-15 21:20:00,62.73,100.00
129N04102,2021-03-15 21:30:00,64.71,100.00
129N04102,2021-03-15 21:40:00,67.26,100.00
129N04102,2021-03-15 21:50:00,67.54,100.00
129N04102,2021-03-15 22:00:00,69.38,100.00
129N04102,2021-03-15 22:10:00,67.98,100.00
129N04102,2021-03-15 22:20:00,66.97,100.00
129N04102,2021-03-15 22:30:00,65.13,100.00
129N04102,2021-03-15 22:40:00,65.65,100.00
129N04102,2021-03-15 22:50:00,65.72,100.00
129N04102,2021-03-15 23:00:00,66.23,100.00
129N04102,2021-03-15 23:10:00,65.15,100.00
129N04102,2021-03-15 23:20:00,66.58,100.00
129N04102,2021-03-15 23:30:00,66.37,100.00
129N04102,2021-03-15 23:40:00,64.69,100.00
129N04102,2021-03-15 23:50:00,68.09,100.00
129N04101,2021-03-15 00:00:00,68.09,100.00
129N04101,2021-03-15 00:10:00,68.59,100.00
129N04101,2021-03-15 00:20:00,67.00,100.00
129N04101,2021-03-15 00:30:00,68.00,100.00
129N04101,2021-03-15 00:40:00,68.80,100.00
129N04101,2021-03-15 00:50:00,67.99,100.00
129N04101,2021-03-15 01:00:00,65.48,99.00
129N04101,2021-03-15 01:10:00,64.69,90.00
129N04101,2021-03-15 01:20:00,61.87,100.00
129N04101,2021-03-15 01:30:00,62.94,100.00
129N04101,2021-03-15 01:40:00,64.70,100.00
129N04101,2021-03-15 01:50:00,63.00,100.00
129N04101,2021-03-15 02:00:00,66.69,100.00
129N04101,2021-03-15 02:10:00,67.99,100.00
129N04101,2021-03-15 02:20:00,68.10,100.00
129N04101,2021-03-15 02:30:00,66.59,100.00
129N04101,2021-03-15 02:40:00,64.08,100.00
129N04101,2021-03-15 02:50:00,63.75,100.00
129N04101,2021-03-15 03:00:00,66.00,98.00
129N04101,2021-03-15 03:10:00,55.63,98.00
129N04101,2021-03-15 03:20:00,52.60,100.00
129N04101,2021-03-15 03:30:00,52.50,92.00
129N04101,2021-03-15 03:40:00,56.74,89.00
129N04101,2021-03-15 03:50:00,60.63,97.00
129N04101,2021-03-15 04:00:00,60.45,100.00
129N04101,2021-03-15 04:10:00,64.45,100.00
129N04101,2021-03-15 04:20:00,65.69,100.00
129N04101,2021-03-15 04:30:00,71.63,100.00
129N04101,2021-03-15 04:40:00,69.75,100.00
129N04101,2021-03-15 04:50:00,62.30,100.00
129N04101,2021-03-15 05:00:00,65.77,100.00
129N04101,2021-03-15 05:10:00,68.79,100.00
129N04101,2021-03-15 05:20:00,67.27,100.00
129N04101,2021-03-15 05:30:00,67.71,100.00
129N04101,2021-03-15 05:40:00,65.53,100.00
129N04101,2021-03-15 05:50:00,65.88,100.00
129N04101,2021-03-15 06:00:00,69.68,100.00
129N04101,2021-03-15 06:10:00,64.00,100.00
129N04101,2021-03-15 06:20:00,62.58,100.00
129N04101,2021-03-15 06:30:00,60.85,100.00
129N04101,2021-03-15 06:40:00,60.09,100.00
129N04101,2021-03-15 06:50:00,60.93,100.00
129N04101,2021-03-15 07:00:00,63.38,100.00
129N04101,2021-03-15 07:10:00,63.85,100.00
129N04101,2021-03-15 07:20:00,62.74,100.00
129N04101,2021-03-15 07:30:00,60.56,100.00
129N04101,2021-03-15 07:40:00,60.77,100.00
129N04101,2021-03-15 07:50:00,61.94,100.00
129N04101,2021-03-15 08:00:00,62.12,100.00
129N04101,2021-03-15 08:10:00,63.60,100.00
129N04101,2021-03-15 08:20:00,60.96,100.00
129N04101,2021-03-15 08:30:00,62.39,100.00
129N04101,2021-03-15 08:40:00,64.58,100.00
129N04101,2021-03-15 08:50:00,65.39,100.00
129N04101,2021-03-15 09:00:00,65.56,100.00
129N04101,2021-03-15 09:10:00,65.28,100.00
129N04101,2021-03-15 09:20:00,65.86,100.00
129N04101,2021-03-15 09:30:00,67.46,100.00
129N04101,2021-03-15 09:40:00,62.68,100.00
129N04101,2021-03-15 09:50:00,65.27,100.00
129N04101,2021-03-15 10:00:00,64.24,100.00
129N04101,2021-03-15 10:10:00,63.78,100.00
129N04101,2021-03-15 10:20:00,63.32,100.00
129N04101,2021-03-15 10:30:00,64.97,100.00
129N04101,2021-03-15 10:40:00,62.58,100.00
129N04101,2021-03-15 10:50:00,62.80,100.00
129N04101,2021-03-15 11:00:00,64.94,100.00
129N04101,2021-03-15 11:10:00,66.26,100.00
129N04101,2021-03-15 11:20:00,63.85,100.00
129N04101,2021-03-15 11:30:00,63.84,100.00
129N04101,2021-03-15 11:40:00,62.56,100.00
129N04101,2021-03-15 11:50:00,62.79,100.00
129N04101,2021-03-15 12:00:00,66.15,100.00
129N04101,2021-03-15 12:10:00,65.27,100.00
129N04101,2021-03-15 12:20:00,65.82,100.00
129N04101,2021-03-15 12:30:00,64.83,100.00
129N04101,2021-03-15 12:40:00,64.59,100.00
129N04101,2021-03-15 12:50:00,65.88,100.00
129N04101,2021-03-15 13:00:00,66.18,100.00
129N04101,2021-03-15 13:10:00,63.06,100.00
129N04101,2021-03-15 13:20:00,64.34,100.00
129N04101,2021-03-15 13:30:00,63.97,100.00
129N04101,2021-03-15 13:40:00,65.49,100.00
129N04101,2021-03-15 13:50:00,64.78,100.00
129N04101,2021-03-15 14:00:00,66.72,100.00
129N04101,2021-03-15 14:10:00,62.26,100.00
129N04101,2021-03-15 14:20:00,62.07,100.00
129N04101,2021-03-15 14:30:00,63.35,100.00
129N04101,2021-03-15 14:40:00,63.57,100.00
129N04101,2021-03-15 14:50:00,65.18,100.00
129N04101,2021-03-15 15:00:00,65.02,100.00
129N04101,2021-03-15 15:10:00,62.54,100.00
129N04101,2021-03-15 15:20:00,62.36,100.00
129N04101,2021-03-15 15:30:00,56.85,100.00
129N04101,2021-03-15 15:40:00,56.11,100.00
129N04101,2021-03-15 15:50:00,53.10,100.00
129N04101,2021-03-15 16:00:00,54.59,100.00
129N04101,2021-03-15 16:10:00,52.25,100.00
129N04101,2021-03-15 16:20:00,52.51,100.00
129N04101,2021-03-15 16:30:00,50.95,100.00
129N04101,2021-03-15 16:40:00,54.70,100.00
129N04101,2021-03-15 16:50:00,54.35,100.00
129N04101,2021-03-15 17:00:00,55.44,100.00
129N04101,2021-03-15 17:10:00,56.02,100.00
129N04101,2021-03-15 17:20:00,58.76,100.00
129N04101,2021-03-15 17:30:00,63.41,100.00
129N04101,2021-03-15 17:40:00,62.98,100.00
129N04101,2021-03-15 17:50:00,65.33,100.00
129N04101,2021-03-15 18:00:00,65.33,100.00
129N04101,2021-03-15 18:10:00,64.07,100.00
129N04101,2021-03-15 18:20:00,64.31,100.00
129N04101,2021-03-15 18:30:00,59.76,100.00
129N04101,2021-03-15 18:40:00,64.41,100.00
129N04101,2021-03-15 18:50:00,67.48,100.00
129N04101,2021-03-15 19:00:00,64.25,100.00
129N04101,2021-03-15 19:10:00,68.21,100.00
129N04101,2021-03-15 19:20:00,65.73,100.00
129N04101,2021-03-15 19:30:00,66.57,100.00
129N04101,2021-03-15 19:40:00,68.46,100.00
129N04101,2021-03-15 19:50:00,67.48,100.00
129N04101,2021-03-15 20:00:00,66.06,100.00
129N04101,2021-03-15 20:10:00,67.59,100.00
129N04101,2021-03-15 20:20:00,65.27,100.00
129N04101,2021-03-15 20:30:00,68.95,100.00
129N04101,2021-03-15 20:40:00,69.48,100.00
129N04101,2021-03-15 20:50:00,69.18,100.00
129N04101,2021-03-15 21:00:00,68.19,100.00
129N04101,2021-03-15 21:10:00,67.67,100.00
129N04101,2021-03-15 21:20:00,65.37,100.00
129N04101,2021-03-15 21:30:00,67.58,100.00
129N04101,2021-03-15 21:40:00,71.86,100.00
129N04101,2021-03-15 21:50:00,69.00,100.00
129N04101,2021-03-15 22:00:00,69.39,100.00
129N04101,2021-03-15 22:10:00,67.08,100.00
129N04101,2021-03-15 22:20:00,65.89,100.00
129N04101,2021-03-15 22:30:00,64.96,100.00
129N04101,2021-03-15 22:40:00,66.39,100.00
129N04101,2021-03-15 22:50:00,66.86,100.00
129N04101,2021-03-15 23:00:00,66.09,100.00
129N04101,2021-03-15 23:10:00,66.39,100.00
129N04101,2021-03-15 23:20:00,69.58,100.00
129N04101,2021-03-15 23:30:00,67.29,100.00
129N04101,2021-03-15 23:40:00,66.70,100.00
129N04101,2021-03-15 23:50:00,67.79,100.00
129N04104,2021-03-15 00:00:00,65.20,100.00
129N04104,2021-03-15 00:10:00,62.99,100.00
129N04104,2021-03-15 00:20:00,63.35,100.00
129N04104,2021-03-15 00:30:00,63.74,100.00
129N04104,2021-03-15 00:40:00,65.04,100.00
129N04104,2021-03-15 00:50:00,68.20,100.00
129N04104,2021-03-15 01:00:00,69.39,100.00
129N04104,2021-03-15 01:10:00,70.00,100.00
129N04104,2021-03-15 01:20:00,65.21,100.00
129N04104,2021-03-15 01:30:00,60.69,100.00
129N04104,2021-03-15 01:40:00,60.69,100.00
129N04104,2021-03-15 01:50:00,62.40,100.00
129N04104,2021-03-15 02:00:00,61.79,100.00
129N04104,2021-03-15 02:10:00,61.76,100.00
129N04104,2021-03-15 02:20:00,60.50,100.00
129N04104,2021-03-15 02:30:00,61.40,100.00
129N04104,2021-03-15 02:40:00,61.18,100.00
129N04104,2021-03-15 02:50:00,61.46,100.00
129N04104,2021-03-15 03:00:00,65.70,100.00
129N04104,2021-03-15 03:10:00,66.10,100.00
129N04104,2021-03-15 03:20:00,65.38,97.00
129N04104,2021-03-15 03:30:00,64.00,90.00
129N04104,2021-03-15 03:40:00,61.96,89.00
129N04104,2021-03-15 03:50:00,58.11,100.00
129N04104,2021-03-15 04:00:00,56.40,100.00
129N04104,2021-03-15 04:10:00,56.09,100.00
129N04104,2021-03-15 04:20:00,60.89,100.00
129N04104,2021-03-15 04:30:00,70.07,100.00
129N04104,2021-03-15 04:40:00,67.45,100.00
129N04104,2021-03-15 04:50:00,62.90,100.00
129N04104,2021-03-15 05:00:00,61.69,100.00
129N04104,2021-03-15 05:10:00,63.00,100.00
129N04104,2021-03-15 05:20:00,65.08,100.00
129N04104,2021-03-15 05:30:00,62.39,100.00
129N04104,2021-03-15 05:40:00,63.68,100.00
129N04104,2021-03-15 05:50:00,62.50,100.00
129N04104,2021-03-15 06:00:00,62.13,100.00
129N04104,2021-03-15 06:10:00,57.33,100.00
129N04104,2021-03-15 06:20:00,61.37,100.00
129N04104,2021-03-15 06:30:00,59.01,100.00
129N04104,2021-03-15 06:40:00,56.89,100.00
129N04104,2021-03-15 06:50:00,59.96,100.00
129N04104,2021-03-15 07:00:00,59.06,100.00
129N04104,2021-03-15 07:10:00,57.64,100.00
129N04104,2021-03-15 07:20:00,58.06,100.00
129N04104,2021-03-15 07:30:00,54.70,100.00
129N04104,2021-03-15 07:40:00,56.58,100.00
129N04104,2021-03-15 07:50:00,52.18,100.00
129N04104,2021-03-15 08:00:00,55.84,100.00
129N04104,2021-03-15 08:10:00,53.99,100.00
129N04104,2021-03-15 08:20:00,55.37,100.00
129N04104,2021-03-15 08:30:00,55.99,100.00
129N04104,2021-03-15 08:40:00,56.87,100.00
129N04104,2021-03-15 08:50:00,56.00,100.00
129N04104,2021-03-15 09:00:00,60.55,100.00
129N04104,2021-03-15 09:10:00,61.21,100.00
129N04104,2021-03-15 09:20:00,59.18,100.00
129N04104,2021-03-15 09:30:00,58.23,100.00
129N04104,2021-03-15 09:40:00,55.82,100.00
129N04104,2021-03-15 09:50:00,57.82,100.00
129N04104,2021-03-15 10:00:00,55.47,100.00
129N04104,2021-03-15 10:10:00,56.95,100.00
129N04104,2021-03-15 10:20:00,57.20,100.00
129N04104,2021-03-15 10:30:00,59.45,100.00
129N04104,2021-03-15 10:40:00,57.74,100.00
129N04104,2021-03-15 10:50:00,53.21,100.00
129N04104,2021-03-15 11:00:00,57.55,100.00
129N04104,2021-03-15 11:10:00,56.98,100.00
129N04104,2021-03-15 11:20:00,56.91,100.00
129N04104,2021-03-15 11:30:00,55.55,100.00
129N04104,2021-03-15 11:40:00,56.47,100.00
129N04104,2021-03-15 11:50:00,53.75,100.00
129N04104,2021-03-15 12:00:00,55.97,100.00
129N04104,2021-03-15 12:10:00,57.06,100.00
129N04104,2021-03-15 12:20:00,54.67,100.00
129N04104,2021-03-15 12:30:00,55.80,100.00
129N04104,2021-03-15 12:40:00,57.62,100.00
129N04104,2021-03-15 12:50:00,56.57,100.00
129N04104,2021-03-15 13:00:00,53.11,100.00
129N04104,2021-03-15 13:10:00,59.56,100.00
129N04104,2021-03-15 13:20:00,53.59,100.00
129N04104,2021-03-15 13:30:00,52.08,100.00
129N04104,2021-03-15 13:40:00,55.12,100.00
129N04104,2021-03-15 13:50:00,55.78,100.00
129N04104,2021-03-15 14:00:00,48.75,100.00
129N04104,2021-03-15 14:10:00,43.79,100.00
129N04104,2021-03-15 14:20:00,47.20,100.00
129N04104,2021-03-15 14:30:00,54.50,100.00
129N04104,2021-03-15 14:40:00,56.28,100.00
129N04104,2021-03-15 14:50:00,57.04,100.00
129N04104,2021-03-15 15:00:00,55.37,100.00
129N04104,2021-03-15 15:10:00,49.95,100.00
129N04104,2021-03-15 15:20:00,48.29,100.00
129N04104,2021-03-15 15:30:00,45.35,100.00
129N04104,2021-03-15 15:40:00,41.93,100.00
129N04104,2021-03-15 15:50:00,36.42,100.00
129N04104,2021-03-15 16:00:00,30.46,100.00
129N04104,2021-03-15 16:10:00,31.83,100.00
129N04104,2021-03-15 16:20:00,33.39,100.00
129N04104,2021-03-15 16:30:00,37.12,100.00
129N04104,2021-03-15 16:40:00,36.14,100.00
129N04104,2021-03-15 16:50:00,47.36,99.00
129N04104,2021-03-15 17:00:00,50.64,96.00
129N04104,2021-03-15 17:10:00,47.78,100.00
129N04104,2021-03-15 17:20:00,41.56,100.00
129N04104,2021-03-15 17:30:00,44.23,100.00
129N04104,2021-03-15 17:40:00,57.69,94.00
129N04104,2021-03-15 17:50:00,56.36,99.00
129N04104,2021-03-15 18:00:00,57.32,100.00
129N04104,2021-03-15 18:10:00,50.35,100.00
129N04104,2021-03-15 18:20:00,49.03,100.00
129N04104,2021-03-15 18:30:00,53.36,100.00
129N04104,2021-03-15 18:40:00,58.73,100.00
129N04104,2021-03-15 18:50:00,62.54,97.00
129N04104,2021-03-15 19:00:00,57.95,100.00
129N04104,2021-03-15 19:10:00,56.77,100.00
129N04104,2021-03-15 19:20:00,60.81,100.00
129N04104,2021-03-15 19:30:00,57.78,100.00
129N04104,2021-03-15 19:40:00,60.41,100.00
129N04104,2021-03-15 19:50:00,59.66,100.00
129N04104,2021-03-15 20:00:00,62.23,100.00
129N04104,2021-03-15 20:10:00,63.15,100.00
129N04104,2021-03-15 20:20:00,61.75,100.00
129N04104,2021-03-15 20:30:00,60.66,100.00
129N04104,2021-03-15 20:40:00,60.95,100.00
129N04104,2021-03-15 20:50:00,62.69,100.00
129N04104,2021-03-15 21:00:00,63.11,100.00
129N04104,2021-03-15 21:10:00,63.59,100.00
129N04104,2021-03-15 21:20:00,60.05,100.00
129N04104,2021-03-15 21:30:00,60.41,100.00
129N04104,2021-03-15 21:40:00,62.49,100.00
129N04104,2021-03-15 21:50:00,64.25,100.00
129N04104,2021-03-15 22:00:00,66.69,100.00
129N04104,2021-03-15 22:10:00,66.69,100.00
129N04104,2021-03-15 22:20:00,63.16,100.00
129N04104,2021-03-15 22:30:00,65.46,100.00
129N04104,2021-03-15 22:40:00,62.53,100.00
129N04104,2021-03-15 22:50:00,65.39,100.00
129N04104,2021-03-15 23:00:00,63.00,100.00
129N04104,2021-03-15 23:10:00,62.10,100.00
129N04104,2021-03-15 23:20:00,63.59,100.00
129N04104,2021-03-15 23:30:00,62.39,100.00
129N04104,2021-03-15 23:40:00,62.60,100.00
129N04104,2021-03-15 23:50:00,63.86,100.00
129N04103,2021-03-15 00:00:00,69.97,100.00
129N04103,2021-03-15 00:10:00,66.80,100.00
129N04103,2021-03-15 00:20:00,66.88,100.00
129N04103,2021-03-15 00:30:00,68.57,100.00
129N04103,2021-03-15 00:40:00,68.67,100.00
129N04103,2021-03-15 00:50:00,71.89,100.00
129N04103,2021-03-15 01:00:00,71.39,100.00
129N04103,2021-03-15 01:10:00,70.90,100.00
129N04103,2021-03-15 01:20:00,67.26,100.00
129N04103,2021-03-15 01:30:00,64.54,100.00
129N04103,2021-03-15 01:40:00,63.69,100.00
129N04103,2021-03-15 01:50:00,64.58,100.00
129N04103,2021-03-15 02:00:00,65.25,100.00
129N04103,2021-03-15 02:10:00,66.90,100.00
129N04103,2021-03-15 02:20:00,66.90,100.00
129N04103,2021-03-15 02:30:00,65.29,100.00
129N04103,2021-03-15 02:40:00,65.59,100.00
129N04103,2021-03-15 02:50:00,65.17,100.00
129N04103,2021-03-15 03:00:00,67.00,100.00
129N04103,2021-03-15 03:10:00,59.54,100.00
129N04103,2021-03-15 03:20:00,53.46,100.00
129N04103,2021-03-15 03:30:00,51.48,100.00
129N04103,2021-03-15 03:40:00,58.59,100.00
129N04103,2021-03-15 03:50:00,57.40,98.00
129N04103,2021-03-15 04:00:00,58.06,100.00
129N04103,2021-03-15 04:10:00,60.54,100.00
129N04103,2021-03-15 04:20:00,65.69,100.00
129N04103,2021-03-15 04:30:00,68.78,100.00
129N04103,2021-03-15 04:40:00,64.47,100.00
129N04103,2021-03-15 04:50:00,66.42,100.00
129N04103,2021-03-15 05:00:00,64.76,100.00
129N04103,2021-03-15 05:10:00,65.49,100.00
129N04103,2021-03-15 05:20:00,65.98,100.00
129N04103,2021-03-15 05:30:00,67.56,100.00
129N04103,2021-03-15 05:40:00,67.56,100.00
129N04103,2021-03-15 05:50:00,67.46,100.00
129N04103,2021-03-15 06:00:00,67.87,100.00
129N04103,2021-03-15 06:10:00,66.51,100.00
129N04103,2021-03-15 06:20:00,65.26,100.00
129N04103,2021-03-15 06:30:00,64.15,100.00
129N04103,2021-03-15 06:40:00,59.66,100.00
129N04103,2021-03-15 06:50:00,63.87,100.00
129N04103,2021-03-15 07:00:00,62.53,100.00
129N04103,2021-03-15 07:10:00,63.21,100.00
129N04103,2021-03-15 07:20:00,62.04,100.00
129N04103,2021-03-15 07:30:00,62.67,100.00
129N04103,2021-03-15 07:40:00,62.18,100.00
129N04103,2021-03-15 07:50:00,61.78,100.00
129N04103,2021-03-15 08:00:00,65.81,100.00
129N04103,2021-03-15 08:10:00,62.93,100.00
129N04103,2021-03-15 08:20:00,61.23,100.00
129N04103,2021-03-15 08:30:00,62.47,100.00
129N04103,2021-03-15 08:40:00,63.03,100.00
129N04103,2021-03-15 08:50:00,64.65,100.00
129N04103,2021-03-15 09:00:00,66.27,100.00
129N04103,2021-03-15 09:10:00,66.29,100.00
129N04103,2021-03-15 09:20:00,62.14,100.00
129N04103,2021-03-15 09:30:00,63.31,100.00
129N04103,2021-03-15 09:40:00,63.76,100.00
129N04103,2021-03-15 09:50:00,63.47,100.00
129N04103,2021-03-15 10:00:00,63.44,100.00
129N04103,2021-03-15 10:10:00,63.99,100.00
129N04103,2021-03-15 10:20:00,62.22,100.00
129N04103,2021-03-15 10:30:00,64.01,100.00
129N04103,2021-03-15 10:40:00,64.27,100.00
129N04103,2021-03-15 10:50:00,60.31,100.00
129N04103,2021-03-15 11:00:00,63.62,100.00
129N04103,2021-03-15 11:10:00,63.74,100.00
129N04103,2021-03-15 11:20:00,62.65,100.00
129N04103,2021-03-15 11:30:00,62.31,100.00
129N04103,2021-03-15 11:40:00,63.33,100.00
129N04103,2021-03-15 11:50:00,62.04,100.00
129N04103,2021-03-15 12:00:00,63.12,100.00
129N04103,2021-03-15 12:10:00,63.91,100.00
129N04103,2021-03-15 12:20:00,63.52,100.00
129N04103,2021-03-15 12:30:00,63.06,100.00
129N04103,2021-03-15 12:40:00,62.22,100.00
129N04103,2021-03-15 12:50:00,62.04,100.00
129N04103,2021-03-15 13:00:00,61.77,100.00
129N04103,2021-03-15 13:10:00,62.40,100.00
129N04103,2021-03-15 13:20:00,64.52,100.00
129N04103,2021-03-15 13:30:00,63.25,100.00
129N04103,2021-03-15 13:40:00,61.09,100.00
129N04103,2021-03-15 13:50:00,62.86,100.00
129N04103,2021-03-15 14:00:00,61.50,100.00
129N04103,2021-03-15 14:10:00,56.24,100.00
129N04103,2021-03-15 14:20:00,59.87,100.00
129N04103,2021-03-15 14:30:00,59.13,100.00
129N04103,2021-03-15 14:40:00,60.03,100.00
129N04103,2021-03-15 14:50:00,64.00,100.00
129N04103,2021-03-15 15:00:00,59.09,100.00
129N04103,2021-03-15 15:10:00,55.99,100.00
129N04103,2021-03-15 15:20:00,57.69,100.00
129N04103,2021-03-15 15:30:00,51.23,100.00
129N04103,2021-03-15 15:40:00,43.43,100.00
129N04103,2021-03-15 15:50:00,21.03,93.00
129N04103,2021-03-15 16:00:00,18.62,93.00
129N04103,2021-03-15 16:10:00,16.69,94.00
129N04103,2021-03-15 16:20:00,12.47,91.00
129N04103,2021-03-15 16:30:00,16.12,96.00
129N04103,2021-03-15 16:40:00,18.75,97.00
129N04103,2021-03-15 16:50:00,49.07,94.00
129N04103,2021-03-15 17:00:00,55.02,90.00
129N04103,2021-03-15 17:10:00,44.83,97.00
129N04103,2021-03-15 17:20:00,33.07,100.00
129N04103,2021-03-15 17:30:00,49.39,98.00
129N04103,2021-03-15 17:40:00,63.92,92.00
129N04103,2021-03-15 17:50:00,64.45,91.00
129N04103,2021-03-15 18:00:00,62.79,93.00
129N04103,2021-03-15 18:10:00,62.07,94.00
129N04103,2021-03-15 18:20:00,59.04,100.00
129N04103,2021-03-15 18:30:00,64.62,97.00
129N04103,2021-03-15 18:40:00,64.55,100.00
129N04103,2021-03-15 18:50:00,64.37,100.00
129N04103,2021-03-15 19:00:00,64.68,100.00
129N04103,2021-03-15 19:10:00,64.07,100.00
129N04103,2021-03-15 19:20:00,65.63,100.00
129N04103,2021-03-15 19:30:00,64.13,100.00
129N04103,2021-03-15 19:40:00,66.65,100.00
129N04103,2021-03-15 19:50:00,67.96,100.00
129N04103,2021-03-15 20:00:00,64.44,100.00
129N04103,2021-03-15 20:10:00,66.24,100.00
129N04103,2021-03-15 20:20:00,64.27,100.00
129N04103,2021-03-15 20:30:00,67.13,100.00
129N04103,2021-03-15 20:40:00,66.70,100.00
129N04103,2021-03-15 20:50:00,67.68,100.00
129N04103,2021-03-15 21:00:00,67.85,100.00
129N04103,2021-03-15 21:10:00,66.77,100.00
129N04103,2021-03-15 21:20:00,66.14,100.00
129N04103,2021-03-15 21:30:00,66.99,100.00
129N04103,2021-03-15 21:40:00,67.25,100.00
129N04103,2021-03-15 21:50:00,67.99,100.00
129N04103,2021-03-15 22:00:00,67.49,100.00
129N04103,2021-03-15 22:10:00,67.77,100.00
129N04103,2021-03-15 22:20:00,64.88,100.00
129N04103,2021-03-15 22:30:00,66.54,100.00
129N04103,2021-03-15 22:40:00,64.98,100.00
129N04103,2021-03-15 22:50:00,67.59,100.00
129N04103,2021-03-15 23:00:00,67.29,100.00
129N04103,2021-03-15 23:10:00,66.16,100.00
129N04103,2021-03-15 23:20:00,68.52,100.00
129N04103,2021-03-15 23:30:00,66.84,100.00
129N04103,2021-03-15 23:40:00,65.79,100.00
129N04103,2021-03-15 23:50:00,68.39,100.00
129N04100,2021-03-15 00:00:00,68.59,100.00
129N04100,2021-03-15 00:10:00,68.90,100.00
129N04100,2021-03-15 00:20:00,65.88,100.00
129N04100,2021-03-15 00:30:00,65.40,100.00
129N04100,2021-03-15 00:40:00,67.59,100.00
129N04100,2021-03-15 00:50:00,68.00,100.00
129N04100,2021-03-15 01:00:00,66.79,100.00
129N04100,2021-03-15 01:10:00,65.20,86.00
129N04100,2021-03-15 01:20:00,61.13,97.00
129N04100,2021-03-15 01:30:00,61.58,100.00
129N04100,2021-03-15 01:40:00,61.87,100.00
129N04100,2021-03-15 01:50:00,62.27,100.00
129N04100,2021-03-15 02:00:00,62.29,100.00
129N04100,2021-03-15 02:10:00,63.98,100.00
129N04100,2021-03-15 02:20:00,65.00,100.00
129N04100,2021-03-15 02:30:00,64.78,100.00
129N04100,2021-03-15 02:40:00,65.15,100.00
129N04100,2021-03-15 02:50:00,64.33,100.00
129N04100,2021-03-15 03:00:00,65.00,99.00
129N04100,2021-03-15 03:10:00,60.45,97.00
129N04100,2021-03-15 03:20:00,58.19,100.00
129N04100,2021-03-15 03:30:00,59.52,100.00
129N04100,2021-03-15 03:40:00,64.18,100.00
129N04100,2021-03-15 03:50:00,65.00,100.00
129N04100,2021-03-15 04:00:00,66.59,100.00
129N04100,2021-03-15 04:10:00,57.47,99.00
129N04100,2021-03-15 04:20:00,60.35,100.00
129N04100,2021-03-15 04:30:00,70.82,100.00
129N04100,2021-03-15 04:40:00,71.26,100.00
129N04100,2021-03-15 04:50:00,68.49,100.00
129N04100,2021-03-15 05:00:00,69.08,100.00
129N04100,2021-03-15 05:10:00,68.62,100.00
129N04100,2021-03-15 05:20:00,66.86,100.00
129N04100,2021-03-15 05:30:00,69.05,100.00
129N04100,2021-03-15 05:40:00,67.46,100.00
129N04100,2021-03-15 05:50:00,67.51,100.00
129N04100,2021-03-15 06:00:00,69.49,100.00
129N04100,2021-03-15 06:10:00,65.38,100.00
129N04100,2021-03-15 06:20:00,63.92,100.00
129N04100,2021-03-15 06:30:00,63.89,100.00
129N04100,2021-03-15 06:40:00,63.04,100.00
129N04100,2021-03-15 06:50:00,62.75,100.00
129N04100,2021-03-15 07:00:00,64.43,100.00
129N04100,2021-03-15 07:10:00,64.13,100.00
129N04100,2021-03-15 07:20:00,64.53,100.00
129N04100,2021-03-15 07:30:00,62.84,100.00
129N04100,2021-03-15 07:40:00,62.97,100.00
129N04100,2021-03-15 07:50:00,62.77,100.00
129N04100,2021-03-15 08:00:00,65.47,100.00
129N04100,2021-03-15 08:10:00,65.94,100.00
129N04100,2021-03-15 08:20:00,63.83,100.00
129N04100,2021-03-15 08:30:00,67.03,100.00
129N04100,2021-03-15 08:40:00,65.91,100.00
129N04100,2021-03-15 08:50:00,64.24,100.00
129N04100,2021-03-15 09:00:00,67.04,100.00
129N04100,2021-03-15 09:10:00,66.31,100.00
129N04100,2021-03-15 09:20:00,67.67,100.00
129N04100,2021-03-15 09:30:00,68.70,100.00
129N04100,2021-03-15 09:40:00,65.35,100.00
129N04100,2021-03-15 09:50:00,64.48,100.00
129N04100,2021-03-15 10:00:00,67.88,100.00
129N04100,2021-03-15 10:10:00,67.87,100.00
129N04100,2021-03-15 10:20:00,63.91,100.00
129N04100,2021-03-15 10:30:00,66.20,100.00
129N04100,2021-03-15 10:40:00,65.12,100.00
129N04100,2021-03-15 10:50:00,63.15,100.00
129N04100,2021-03-15 11:00:00,65.16,100.00
129N04100,2021-03-15 11:10:00,67.31,100.00
129N04100,2021-03-15 11:20:00,67.27,100.00
129N04100,2021-03-15 11:30:00,65.79,100.00
129N04100,2021-03-15 11:40:00,64.45,100.00
129N04100,2021-03-15 11:50:00,63.52,100.00
129N04100,2021-03-15 12:00:00,66.94,100.00
129N04100,2021-03-15 12:10:00,67.25,100.00
129N04100,2021-03-15 12:20:00,66.36,100.00
129N04100,2021-03-15 12:30:00,65.56,100.00
129N04100,2021-03-15 12:40:00,65.60,100.00
129N04100,2021-03-15 12:50:00,66.68,100.00
129N04100,2021-03-15 13:00:00,66.99,100.00
129N04100,2021-03-15 13:10:00,63.54,100.00
129N04100,2021-03-15 13:20:00,65.63,100.00
129N04100,2021-03-15 13:30:00,66.13,100.00
129N04100,2021-03-15 13:40:00,64.34,100.00
129N04100,2021-03-15 13:50:00,67.99,100.00
129N04100,2021-03-15 14:00:00,66.55,100.00
129N04100,2021-03-15 14:10:00,63.89,100.00
129N04100,2021-03-15 14:20:00,65.76,100.00
129N04100,2021-03-15 14:30:00,64.63,100.00
129N04100,2021-03-15 14:40:00,63.48,100.00
129N04100,2021-03-15 14:50:00,65.95,100.00
129N04100,2021-03-15 15:00:00,66.62,100.00
129N04100,2021-03-15 15:10:00,62.00,100.00
129N04100,2021-03-15 15:20:00,65.31,100.00
129N04100,2021-03-15 15:30:00,66.38,100.00
129N04100,2021-03-15 15:40:00,67.47,100.00
129N04100,2021-03-15 15:50:00,66.46,100.00
129N04100,2021-03-15 16:00:00,65.99,100.00
129N04100,2021-03-15 16:10:00,65.55,100.00
129N04100,2021-03-15 16:20:00,64.85,100.00
129N04100,2021-03-15 16:30:00,65.94,100.00
129N04100,2021-03-15 16:40:00,64.25,100.00
129N04100,2021-03-15 16:50:00,66.07,100.00
129N04100,2021-03-15 17:00:00,66.11,100.00
129N04100,2021-03-15 17:10:00,66.23,100.00
129N04100,2021-03-15 17:20:00,66.42,100.00
129N04100,2021-03-15 17:30:00,68.21,100.00
129N04100,2021-03-15 17:40:00,65.80,100.00
129N04100,2021-03-15 17:50:00,71.33,100.00
129N04100,2021-03-15 18:00:00,67.88,100.00
129N04100,2021-03-15 18:10:00,64.94,100.00
129N04100,2021-03-15 18:20:00,67.89,100.00
129N04100,2021-03-15 18:30:00,65.08,100.00
129N04100,2021-03-15 18:40:00,64.36,100.00
129N04100,2021-03-15 18:50:00,70.08,100.00
129N04100,2021-03-15 19:00:00,66.64,100.00
129N04100,2021-03-15 19:10:00,70.05,100.00
129N04100,2021-03-15 19:20:00,67.45,100.00
129N04100,2021-03-15 19:30:00,66.67,100.00
129N04100,2021-03-15 19:40:00,70.26,100.00
129N04100,2021-03-15 19:50:00,68.99,100.00
129N04100,2021-03-15 20:00:00,65.52,100.00
129N04100,2021-03-15 20:10:00,64.85,100.00
129N04100,2021-03-15 20:20:00,64.93,100.00
129N04100,2021-03-15 20:30:00,68.77,100.00
129N04100,2021-03-15 20:40:00,68.58,100.00
129N04100,2021-03-15 20:50:00,68.33,100.00
129N04100,2021-03-15 21:00:00,69.39,100.00
129N04100,2021-03-15 21:10:00,68.02,100.00
129N04100,2021-03-15 21:20:00,66.09,100.00
129N04100,2021-03-15 21:30:00,63.66,100.00
129N04100,2021-03-15 21:40:00,69.76,100.00
129N04100,2021-03-15 21:50:00,68.88,100.00
129N04100,2021-03-15 22:00:00,70.19,100.00
129N04100,2021-03-15 22:10:00,67.28,100.00
129N04100,2021-03-15 22:20:00,67.99,100.00
129N04100,2021-03-15 22:30:00,65.74,100.00
129N04100,2021-03-15 22:40:00,71.43,100.00
129N04100,2021-03-15 22:50:00,67.05,100.00
129N04100,2021-03-15 23:00:00,67.99,100.00
129N04100,2021-03-15 23:10:00,64.16,100.00
129N04100,2021-03-15 23:20:00,70.05,100.00
129N04100,2021-03-15 23:30:00,65.59,100.00
129N04100,2021-03-15 23:40:00,64.09,100.00
129N04100,2021-03-15 23:50:00,66.51,100.00
129-16182,2021-03-15 00:00:00,68.00,100.00
129-16182,2021-03-15 00:10:00,65.18,100.00
129-16182,2021-03-15 00:20:00,65.89,100.00
129-16182,2021-03-15 00:30:00,63.00,100.00
129-16182,2021-03-15 00:40:00,62.67,100.00
129-16182,2021-03-15 00:50:00,60.55,100.00
129-16182,2021-03-15 01:00:00,64.94,100.00
129-16182,2021-03-15 01:10:00,65.59,100.00
129-16182,2021-03-15 01:20:00,66.47,100.00
129-16182,2021-03-15 01:30:00,71.49,100.00
129-16182,2021-03-15 01:40:00,74.19,100.00
129-16182,2021-03-15 01:50:00,74.19,100.00
129-16182,2021-03-15 02:00:00,69.04,100.00
129-16182,2021-03-15 02:10:00,65.89,100.00
129-16182,2021-03-15 02:20:00,67.00,100.00
129-16182,2021-03-15 02:30:00,67.20,100.00
129-16182,2021-03-15 02:40:00,65.29,100.00
129-16182,2021-03-15 02:50:00,65.99,100.00
129-16182,2021-03-15 03:00:00,65.80,100.00
129-16182,2021-03-15 03:10:00,67.94,100.00
129-16182,2021-03-15 03:20:00,69.20,100.00
129-16182,2021-03-15 03:30:00,70.48,100.00
129-16182,2021-03-15 03:40:00,69.90,100.00
129-16182,2021-03-15 03:50:00,69.68,100.00
129-16182,2021-03-15 04:00:00,68.07,100.00
129-16182,2021-03-15 04:10:00,71.47,100.00
129-16182,2021-03-15 04:20:00,71.40,100.00
129-16182,2021-03-15 04:30:00,70.89,100.00
129-16182,2021-03-15 04:40:00,71.09,100.00
129-16182,2021-03-15 04:50:00,72.47,100.00
129-16182,2021-03-15 05:00:00,71.98,100.00
129-16182,2021-03-15 05:10:00,70.95,100.00
129-16182,2021-03-15 05:20:00,69.98,100.00
129-16182,2021-03-15 05:30:00,70.33,100.00
129-16182,2021-03-15 05:40:00,68.75,100.00
129-16182,2021-03-15 05:50:00,68.01,100.00
129-16182,2021-03-15 06:00:00,67.92,100.00
129-16182,2021-03-15 06:10:00,67.47,100.00
129-16182,2021-03-15 06:20:00,67.77,100.00
129-16182,2021-03-15 06:30:00,68.83,100.00
129-16182,2021-03-15 06:40:00,68.37,100.00
129-16182,2021-03-15 06:50:00,68.76,100.00
129-16182,2021-03-15 07:00:00,69.17,100.00
129-16182,2021-03-15 07:10:00,66.12,100.00
129-16182,2021-03-15 07:20:00,69.26,100.00
129-16182,2021-03-15 07:30:00,67.09,100.00
129-16182,2021-03-15 07:40:00,66.98,100.00
129-16182,2021-03-15 07:50:00,66.73,100.00
129-16182,2021-03-15 08:00:00,66.69,100.00
129-16182,2021-03-15 08:10:00,66.84,100.00
129-16182,2021-03-15 08:20:00,69.18,100.00
129-16182,2021-03-15 08:30:00,67.83,100.00
129-16182,2021-03-15 08:40:00,67.62,100.00
129-16182,2021-03-15 08:50:00,68.44,100.00
129-16182,2021-03-15 09:00:00,70.08,100.00
129-16182,2021-03-15 09:10:00,70.72,100.00
129-16182,2021-03-15 09:20:00,69.65,100.00
129-16182,2021-03-15 09:30:00,67.46,100.00
129-16182,2021-03-15 09:40:00,67.07,100.00
129-16182,2021-03-15 09:50:00,68.24,100.00
129-16182,2021-03-15 10:00:00,70.92,100.00
129-16182,2021-03-15 10:10:00,68.53,100.00
129-16182,2021-03-15 10:20:00,67.75,100.00
129-16182,2021-03-15 10:30:00,70.50,100.00
129-16182,2021-03-15 10:40:00,70.67,100.00
129-16182,2021-03-15 10:50:00,68.86,100.00
129-16182,2021-03-15 11:00:00,69.12,100.00
129-16182,2021-03-15 11:10:00,70.88,100.00
129-16182,2021-03-15 11:20:00,70.63,100.00
129-16182,2021-03-15 11:30:00,69.52,100.00
129-16182,2021-03-15 11:40:00,67.92,100.00
129-16182,2021-03-15 11:50:00,69.18,100.00
129-16182,2021-03-15 12:00:00,69.63,100.00
129-16182,2021-03-15 12:10:00,67.67,100.00
129-16182,2021-03-15 12:20:00,69.15,100.00
129-16182,2021-03-15 12:30:00,70.60,100.00
129-16182,2021-03-15 12:40:00,68.69,100.00
129-16182,2021-03-15 12:50:00,69.25,100.00
129-16182,2021-03-15 13:00:00,69.65,100.00
129-16182,2021-03-15 13:10:00,72.06,100.00
129-16182,2021-03-15 13:20:00,68.38,100.00
129-16182,2021-03-15 13:30:00,69.57,100.00
129-16182,2021-03-15 13:40:00,68.65,100.00
129-16182,2021-03-15 13:50:00,68.97,100.00
129-16182,2021-03-15 14:00:00,66.68,100.00
129-16182,2021-03-15 14:10:00,67.01,100.00
129-16182,2021-03-15 14:20:00,68.96,100.00
129-16182,2021-03-15 14:30:00,70.49,100.00
129-16182,2021-03-15 14:40:00,70.30,100.00
129-16182,2021-03-15 14:50:00,70.10,100.00
129-16182,2021-03-15 15:00:00,70.19,100.00
129-16182,2021-03-15 15:10:00,69.36,100.00
129-16182,2021-03-15 15:20:00,66.13,100.00
129-16182,2021-03-15 15:30:00,68.16,100.00
129-16182,2021-03-15 15:40:00,70.16,100.00
129-16182,2021-03-15 15:50:00,70.78,100.00
129-16182,2021-03-15 16:00:00,67.78,100.00
129-16182,2021-03-15 16:10:00,69.91,100.00
129-16182,2021-03-15 16:20:00,70.80,100.00
129-16182,2021-03-15 16:30:00,69.08,100.00
129-16182,2021-03-15 16:40:00,69.69,100.00
129-16182,2021-03-15 16:50:00,67.85,100.00
129-16182,2021-03-15 17:00:00,69.37,100.00
129-16182,2021-03-15 17:10:00,67.71,100.00
129-16182,2021-03-15 17:20:00,70.25,100.00
129-16182,2021-03-15 17:30:00,69.86,100.00
129-16182,2021-03-15 17:40:00,68.45,100.00
129-16182,2021-03-15 17:50:00,71.08,100.00
129-16182,2021-03-15 18:00:00,70.28,100.00
129-16182,2021-03-15 18:10:00,69.39,100.00
129-16182,2021-03-15 18:20:00,70.19,100.00
129-16182,2021-03-15 18:30:00,69.07,100.00
129-16182,2021-03-15 18:40:00,71.09,100.00
129-16182,2021-03-15 18:50:00,69.18,100.00
129-16182,2021-03-15 19:00:00,70.48,100.00
129-16182,2021-03-15 19:10:00,70.84,100.00
129-16182,2021-03-15 19:20:00,66.65,100.00
129-16182,2021-03-15 19:30:00,68.48,100.00
129-16182,2021-03-15 19:40:00,67.69,100.00
129-16182,2021-03-15 19:50:00,69.95,100.00
129-16182,2021-03-15 20:00:00,71.29,100.00
129-16182,2021-03-15 20:10:00,71.49,100.00
129-16182,2021-03-15 20:20:00,68.38,100.00
129-16182,2021-03-15 20:30:00,68.83,100.00
129-16182,2021-03-15 20:40:00,67.41,100.00
129-16182,2021-03-15 20:50:00,66.86,100.00
129-16182,2021-03-15 21:00:00,67.78,100.00
129-16182,2021-03-15 21:10:00,68.68,100.00
129-16182,2021-03-15 21:20:00,71.23,100.00
129-16182,2021-03-15 21:30:00,70.29,100.00
129-16182,2021-03-15 21:40:00,69.68,100.00
129-16182,2021-03-15 21:50:00,68.87,100.00
129-16182,2021-03-15 22:00:00,68.88,100.00
129-16182,2021-03-15 22:10:00,70.19,100.00
129-16182,2021-03-15 22:20:00,70.79,100.00
129-16182,2021-03-15 22:30:00,68.84,100.00
129-16182,2021-03-15 22:40:00,67.17,100.00
129-16182,2021-03-15 22:50:00,66.14,100.00
129-16182,2021-03-15 23:00:00,69.69,100.00
129-16182,2021-03-15 23:10:00,71.59,100.00
129-16182,2021-03-15 23:20:00,68.64,100.00
129-16182,2021-03-15 23:30:00,67.39,100.00
129-16182,2021-03-15 23:40:00,63.66,100.00
129-16182,2021-03-15 23:50:00,69.07,100.00
129-04106,2021-03-15 00:00:00,64.25,100.00
129-04106,2021-03-15 00:10:00,65.71,100.00
129-04106,2021-03-15 00:20:00,69.18,100.00
129-04106,2021-03-15 00:30:00,69.29,100.00
129-04106,2021-03-15 00:40:00,70.39,100.00
129-04106,2021-03-15 00:50:00,67.49,100.00
129-04106,2021-03-15 01:00:00,66.19,100.00
129-04106,2021-03-15 01:10:00,65.90,100.00
129-04106,2021-03-15 01:20:00,66.28,100.00
129-04106,2021-03-15 01:30:00,67.18,100.00
129-04106,2021-03-15 01:40:00,64.66,100.00
129-04106,2021-03-15 01:50:00,63.48,100.00
129-04106,2021-03-15 02:00:00,65.00,100.00
129-04106,2021-03-15 02:10:00,65.39,100.00
129-04106,2021-03-15 02:20:00,64.56,100.00
129-04106,2021-03-15 02:30:00,64.38,100.00
129-04106,2021-03-15 02:40:00,63.60,100.00
129-04106,2021-03-15 02:50:00,63.78,100.00
129-04106,2021-03-15 03:00:00,63.00,100.00
129-04106,2021-03-15 03:10:00,63.00,100.00
129-04106,2021-03-15 03:20:00,60.85,100.00
129-04106,2021-03-15 03:30:00,58.10,100.00
129-04106,2021-03-15 03:40:00,58.20,100.00
129-04106,2021-03-15 03:50:00,61.66,100.00
129-04106,2021-03-15 04:00:00,63.95,100.00
129-04106,2021-03-15 04:10:00,65.61,100.00
129-04106,2021-03-15 04:20:00,63.26,100.00
129-04106,2021-03-15 04:30:00,69.42,100.00
129-04106,2021-03-15 04:40:00,69.79,100.00
129-04106,2021-03-15 04:50:00,63.54,100.00
129-04106,2021-03-15 05:00:00,66.67,100.00
129-04106,2021-03-15 05:10:00,66.59,100.00
129-04106,2021-03-15 05:20:00,66.29,100.00
129-04106,2021-03-15 05:30:00,64.35,100.00
129-04106,2021-03-15 05:40:00,65.49,100.00
129-04106,2021-03-15 05:50:00,64.76,100.00
129-04106,2021-03-15 06:00:00,62.71,100.00
129-04106,2021-03-15 06:10:00,61.75,100.00
129-04106,2021-03-15 06:20:00,61.86,100.00
129-04106,2021-03-15 06:30:00,62.07,100.00
129-04106,2021-03-15 06:40:00,59.02,100.00
129-04106,2021-03-15 06:50:00,61.58,100.00
129-04106,2021-03-15 07:00:00,58.17,100.00
129-04106,2021-03-15 07:10:00,60.67,100.00
129-04106,2021-03-15 07:20:00,60.72,100.00
129-04106,2021-03-15 07:30:00,57.76,100.00
129-04106,2021-03-15 07:40:00,56.76,100.00
129-04106,2021-03-15 07:50:00,57.65,100.00
129-04106,2021-03-15 08:00:00,57.18,100.00
129-04106,2021-03-15 08:10:00,58.07,100.00
129-04106,2021-03-15 08:20:00,57.10,100.00
129-04106,2021-03-15 08:30:00,56.86,100.00
129-04106,2021-03-15 08:40:00,57.68,100.00
129-04106,2021-03-15 08:50:00,59.46,100.00
129-04106,2021-03-15 09:00:00,60.49,100.00
129-04106,2021-03-15 09:10:00,61.47,100.00
129-04106,2021-03-15 09:20:00,61.59,100.00
129-04106,2021-03-15 09:30:00,60.15,100.00
129-04106,2021-03-15 09:40:00,57.92,100.00
129-04106,2021-03-15 09:50:00,61.30,100.00
129-04106,2021-03-15 10:00:00,58.69,100.00
129-04106,2021-03-15 10:10:00,60.77,100.00
129-04106,2021-03-15 10:20:00,60.14,100.00
129-04106,2021-03-15 10:30:00,59.36,100.00
129-04106,2021-03-15 10:40:00,59.95,100.00
129-04106,2021-03-15 10:50:00,60.85,100.00
129-04106,2021-03-15 11:00:00,60.63,100.00
129-04106,2021-03-15 11:10:00,60.80,100.00
129-04106,2021-03-15 11:20:00,61.38,100.00
129-04106,2021-03-15 11:30:00,63.34,100.00
129-04106,2021-03-15 11:40:00,59.11,100.00
129-04106,2021-03-15 11:50:00,62.31,100.00
129-04106,2021-03-15 12:00:00,63.53,100.00
129-04106,2021-03-15 12:10:00,62.89,100.00
129-04106,2021-03-15 12:20:00,64.07,100.00
129-04106,2021-03-15 12:30:00,62.48,100.00
129-04106,2021-03-15 12:40:00,60.64,100.00
129-04106,2021-03-15 12:50:00,61.46,100.00
129-04106,2021-03-15 13:00:00,62.34,100.00
129-04106,2021-03-15 13:10:00,63.79,100.00
129-04106,2021-03-15 13:20:00,64.26,100.00
129-04106,2021-03-15 13:30:00,63.61,100.00
129-04106,2021-03-15 13:40:00,61.19,100.00
129-04106,2021-03-15 13:50:00,59.27,100.00
129-04106,2021-03-15 14:00:00,58.49,100.00
129-04106,2021-03-15 14:10:00,58.53,100.00
129-04106,2021-03-15 14:20:00,39.05,97.00
129-04106,2021-03-15 14:30:00,32.40,97.00
129-04106,2021-03-15 14:40:00,32.75,98.00
129-04106,2021-03-15 14:50:00,32.17,99.00
129-04106,2021-03-15 15:00:00,33.24,100.00
129-04106,2021-03-15 15:10:00,35.22,100.00
129-04106,2021-03-15 15:20:00,43.71,100.00
129-04106,2021-03-15 15:30:00,40.12,100.00
129-04106,2021-03-15 15:40:00,37.17,100.00
129-04106,2021-03-15 15:50:00,33.35,100.00
129-04106,2021-03-15 16:00:00,40.64,100.00
129-04106,2021-03-15 16:10:00,53.44,93.00
129-04106,2021-03-15 16:20:00,57.70,90.00
129-04106,2021-03-15 16:30:00,52.92,90.00
129-04106,2021-03-15 16:40:00,55.51,90.00
129-04106,2021-03-15 16:50:00,53.50,90.00
129-04106,2021-03-15 17:00:00,55.75,90.00
129-04106,2021-03-15 17:10:00,58.20,90.00
129-04106,2021-03-15 17:20:00,61.37,90.00
129-04106,2021-03-15 17:30:00,61.26,90.00
129-04106,2021-03-15 17:40:00,62.12,90.00
129-04106,2021-03-15 17:50:00,59.95,90.00
129-04106,2021-03-15 18:00:00,59.80,91.00
129-04106,2021-03-15 18:10:00,55.96,95.00
129-04106,2021-03-15 18:20:00,57.92,98.00
129-04106,2021-03-15 18:30:00,60.56,99.00
129-04106,2021-03-15 18:40:00,65.63,97.00
129-04106,2021-03-15 18:50:00,64.51,100.00
129-04106,2021-03-15 19:00:00,65.33,100.00
129-04106,2021-03-15 19:10:00,64.34,100.00
129-04106,2021-03-15 19:20:00,61.95,100.00
129-04106,2021-03-15 19:30:00,63.42,100.00
129-04106,2021-03-15 19:40:00,62.79,100.00
129-04106,2021-03-15 19:50:00,65.37,100.00
129-04106,2021-03-15 20:00:00,63.00,100.00
129-04106,2021-03-15 20:10:00,67.15,100.00
129-04106,2021-03-15 20:20:00,66.70,100.00
129-04106,2021-03-15 20:30:00,67.12,100.00
129-04106,2021-03-15 20:40:00,66.83,100.00
129-04106,2021-03-15 20:50:00,65.75,100.00
129-04106,2021-03-15 21:00:00,64.16,100.00
129-04106,2021-03-15 21:10:00,65.68,100.00
129-04106,2021-03-15 21:20:00,65.57,100.00
129-04106,2021-03-15 21:30:00,61.86,100.00
129-04106,2021-03-15 21:40:00,65.91,100.00
129-04106,2021-03-15 21:50:00,66.15,100.00
129-04106,2021-03-15 22:00:00,65.42,100.00
129-04106,2021-03-15 22:10:00,70.23,100.00
129-04106,2021-03-15 22:20:00,66.63,100.00
129-04106,2021-03-15 22:30:00,67.55,100.00
129-04106,2021-03-15 22:40:00,66.28,100.00
129-04106,2021-03-15 22:50:00,66.57,100.00
129-04106,2021-03-15 23:00:00,63.46,100.00
129-04106,2021-03-15 23:10:00,65.23,100.00
129-04106,2021-03-15 23:20:00,67.48,100.00
129-04106,2021-03-15 23:30:00,65.77,100.00
129-04106,2021-03-15 23:40:00,62.87,100.00
129-04106,2021-03-15 23:50:00,64.85,100.00
129-04107,2021-03-15 00:00:00,67.48,100.00
129-04107,2021-03-15 00:10:00,65.49,100.00
129-04107,2021-03-15 00:20:00,66.38,100.00
129-04107,2021-03-15 00:30:00,69.29,100.00
129-04107,2021-03-15 00:40:00,70.90,100.00
129-04107,2021-03-15 00:50:00,68.39,100.00
129-04107,2021-03-15 01:00:00,66.08,100.00
129-04107,2021-03-15 01:10:00,66.65,100.00
129-04107,2021-03-15 01:20:00,65.37,100.00
129-04107,2021-03-15 01:30:00,66.79,100.00
129-04107,2021-03-15 01:40:00,65.30,100.00
129-04107,2021-03-15 01:50:00,65.69,100.00
129-04107,2021-03-15 02:00:00,65.24,100.00
129-04107,2021-03-15 02:10:00,64.29,100.00
129-04107,2021-03-15 02:20:00,64.26,100.00
129-04107,2021-03-15 02:30:00,62.99,100.00
129-04107,2021-03-15 02:40:00,63.90,100.00
129-04107,2021-03-15 02:50:00,65.27,100.00
129-04107,2021-03-15 03:00:00,63.98,100.00
129-04107,2021-03-15 03:10:00,61.46,100.00
129-04107,2021-03-15 03:20:00,59.07,100.00
129-04107,2021-03-15 03:30:00,59.99,100.00
129-04107,2021-03-15 03:40:00,64.84,100.00
129-04107,2021-03-15 03:50:00,63.49,100.00
129-04107,2021-03-15 04:00:00,63.86,100.00
129-04107,2021-03-15 04:10:00,65.53,100.00
129-04107,2021-03-15 04:20:00,63.47,100.00
129-04107,2021-03-15 04:30:00,70.98,100.00
129-04107,2021-03-15 04:40:00,69.67,100.00
129-04107,2021-03-15 04:50:00,65.05,100.00
129-04107,2021-03-15 05:00:00,65.56,100.00
129-04107,2021-03-15 05:10:00,66.40,100.00
129-04107,2021-03-15 05:20:00,66.99,100.00
129-04107,2021-03-15 05:30:00,63.94,100.00
129-04107,2021-03-15 05:40:00,66.59,100.00
129-04107,2021-03-15 05:50:00,63.25,100.00
129-04107,2021-03-15 06:00:00,62.48,100.00
129-04107,2021-03-15 06:10:00,60.81,100.00
129-04107,2021-03-15 06:20:00,61.73,100.00
129-04107,2021-03-15 06:30:00,60.78,100.00
129-04107,2021-03-15 06:40:00,58.71,100.00
129-04107,2021-03-15 06:50:00,62.69,100.00
129-04107,2021-03-15 07:00:00,56.79,100.00
129-04107,2021-03-15 07:10:00,62.66,100.00
129-04107,2021-03-15 07:20:00,61.04,100.00
129-04107,2021-03-15 07:30:00,59.48,100.00
129-04107,2021-03-15 07:40:00,55.61,100.00
129-04107,2021-03-15 07:50:00,58.34,100.00
129-04107,2021-03-15 08:00:00,58.33,100.00
129-04107,2021-03-15 08:10:00,58.66,100.00
129-04107,2021-03-15 08:20:00,57.92,100.00
129-04107,2021-03-15 08:30:00,56.04,100.00
129-04107,2021-03-15 08:40:00,58.40,100.00
129-04107,2021-03-15 08:50:00,57.97,100.00
129-04107,2021-03-15 09:00:00,60.33,100.00
129-04107,2021-03-15 09:10:00,62.39,100.00
129-04107,2021-03-15 09:20:00,61.87,100.00
129-04107,2021-03-15 09:30:00,60.24,100.00
129-04107,2021-03-15 09:40:00,53.33,100.00
129-04107,2021-03-15 09:50:00,59.67,100.00
129-04107,2021-03-15 10:00:00,58.99,100.00
129-04107,2021-03-15 10:10:00,62.36,100.00
129-04107,2021-03-15 10:20:00,58.18,100.00
129-04107,2021-03-15 10:30:00,58.58,100.00
129-04107,2021-03-15 10:40:00,58.55,100.00
129-04107,2021-03-15 10:50:00,60.42,100.00
129-04107,2021-03-15 11:00:00,58.50,100.00
129-04107,2021-03-15 11:10:00,60.27,100.00
129-04107,2021-03-15 11:20:00,61.76,100.00
129-04107,2021-03-15 11:30:00,65.46,100.00
129-04107,2021-03-15 11:40:00,60.65,100.00
129-04107,2021-03-15 11:50:00,63.45,100.00
129-04107,2021-03-15 12:00:00,64.80,100.00
129-04107,2021-03-15 12:10:00,65.14,100.00
129-04107,2021-03-15 12:20:00,64.68,100.00
129-04107,2021-03-15 12:30:00,61.35,100.00
129-04107,2021-03-15 12:40:00,63.48,100.00
129-04107,2021-03-15 12:50:00,61.12,100.00
129-04107,2021-03-15 13:00:00,62.58,100.00
129-04107,2021-03-15 13:10:00,63.38,100.00
129-04107,2021-03-15 13:20:00,64.52,100.00
129-04107,2021-03-15 13:30:00,63.72,100.00
129-04107,2021-03-15 13:40:00,62.66,100.00
129-04107,2021-03-15 13:50:00,59.26,100.00
129-04107,2021-03-15 14:00:00,59.07,100.00
129-04107,2021-03-15 14:10:00,60.89,100.00
129-04107,2021-03-15 14:20:00,33.47,97.00
129-04107,2021-03-15 14:30:00,13.46,90.00
129-04107,2021-03-15 14:40:00,11.58,90.00
129-04107,2021-03-15 14:50:00,12.00,90.00
129-04107,2021-03-15 15:00:00,14.14,91.00
129-04107,2021-03-15 15:10:00,19.91,90.00
129-04107,2021-03-15 15:20:00,28.84,98.00
129-04107,2021-03-15 15:30:00,40.39,100.00
129-04107,2021-03-15 15:40:00,40.00,100.00
129-04107,2021-03-15 15:50:00,36.32,100.00
129-04107,2021-03-15 16:00:00,38.35,100.00
129-04107,2021-03-15 16:10:00,56.96,98.00
129-04107,2021-03-15 16:20:00,57.98,90.00
129-04107,2021-03-15 16:30:00,56.90,93.00
129-04107,2021-03-15 16:40:00,56.46,90.00
129-04107,2021-03-15 16:50:00,54.63,91.00
129-04107,2021-03-15 17:00:00,59.47,92.00
129-04107,2021-03-15 17:10:00,58.84,91.00
129-04107,2021-03-15 17:20:00,60.32,90.00
129-04107,2021-03-15 17:30:00,63.20,90.00
129-04107,2021-03-15 17:40:00,58.75,90.00
129-04107,2021-03-15 17:50:00,58.45,90.00
129-04107,2021-03-15 18:00:00,54.17,97.00
129-04107,2021-03-15 18:10:00,57.80,95.00
129-04107,2021-03-15 18:20:00,57.40,100.00
129-04107,2021-03-15 18:30:00,61.94,99.00
129-04107,2021-03-15 18:40:00,65.37,100.00
129-04107,2021-03-15 18:50:00,64.65,100.00
129-04107,2021-03-15 19:00:00,64.69,100.00
129-04107,2021-03-15 19:10:00,64.38,100.00
129-04107,2021-03-15 19:20:00,61.63,100.00
129-04107,2021-03-15 19:30:00,62.24,100.00
129-04107,2021-03-15 19:40:00,63.27,100.00
129-04107,2021-03-15 19:50:00,65.34,100.00
129-04107,2021-03-15 20:00:00,61.81,100.00
129-04107,2021-03-15 20:10:00,67.96,100.00
129-04107,2021-03-15 20:20:00,67.63,100.00
129-04107,2021-03-15 20:30:00,68.17,100.00
129-04107,2021-03-15 20:40:00,65.58,100.00
129-04107,2021-03-15 20:50:00,66.65,100.00
129-04107,2021-03-15 21:00:00,61.39,100.00
129-04107,2021-03-15 21:10:00,67.33,100.00
129-04107,2021-03-15 21:20:00,65.95,100.00
129-04107,2021-03-15 21:30:00,62.40,100.00
129-04107,2021-03-15 21:40:00,66.14,100.00
129-04107,2021-03-15 21:50:00,64.62,100.00
129-04107,2021-03-15 22:00:00,66.79,100.00
129-04107,2021-03-15 22:10:00,69.06,100.00
129-04107,2021-03-15 22:20:00,66.28,100.00
129-04107,2021-03-15 22:30:00,67.67,100.00
129-04107,2021-03-15 22:40:00,66.86,100.00
129-04107,2021-03-15 22:50:00,67.47,100.00
129-04107,2021-03-15 23:00:00,63.44,100.00
129-04107,2021-03-15 23:10:00,66.87,100.00
129-04107,2021-03-15 23:20:00,68.79,100.00
129-04107,2021-03-15 23:30:00,66.26,100.00
129-04107,2021-03-15 23:40:00,64.67,100.00
129-04107,2021-03-15 23:50:00,66.35,100.00
129-04104,2021-03-15 00:00:00,66.39,100.00
129-04104,2021-03-15 00:10:00,65.37,100.00
129-04104,2021-03-15 00:20:00,65.68,100.00
129-04104,2021-03-15 00:30:00,67.88,100.00
129-04104,2021-03-15 00:40:00,67.30,100.00
129-04104,2021-03-15 00:50:00,67.39,100.00
129-04104,2021-03-15 01:00:00,67.28,100.00
129-04104,2021-03-15 01:10:00,67.19,100.00
129-04104,2021-03-15 01:20:00,61.78,100.00
129-04104,2021-03-15 01:30:00,58.50,100.00
129-04104,2021-03-15 01:40:00,59.95,100.00
129-04104,2021-03-15 01:50:00,59.76,100.00
129-04104,2021-03-15 02:00:00,62.79,100.00
129-04104,2021-03-15 02:10:00,60.18,100.00
129-04104,2021-03-15 02:20:00,57.87,100.00
129-04104,2021-03-15 02:30:00,59.39,100.00
129-04104,2021-03-15 02:40:00,59.47,100.00
129-04104,2021-03-15 02:50:00,61.22,100.00
129-04104,2021-03-15 03:00:00,65.59,100.00
129-04104,2021-03-15 03:10:00,65.60,100.00
129-04104,2021-03-15 03:20:00,61.89,100.00
129-04104,2021-03-15 03:30:00,58.08,100.00
129-04104,2021-03-15 03:40:00,60.06,100.00
129-04104,2021-03-15 03:50:00,59.62,100.00
129-04104,2021-03-15 04:00:00,59.07,100.00
129-04104,2021-03-15 04:10:00,61.55,100.00
129-04104,2021-03-15 04:20:00,62.25,100.00
129-04104,2021-03-15 04:30:00,70.07,98.00
129-04104,2021-03-15 04:40:00,69.05,96.00
129-04104,2021-03-15 04:50:00,61.48,100.00
129-04104,2021-03-15 05:00:00,62.50,100.00
129-04104,2021-03-15 05:10:00,65.00,100.00
129-04104,2021-03-15 05:20:00,62.28,100.00
129-04104,2021-03-15 05:30:00,60.46,100.00
129-04104,2021-03-15 05:40:00,60.61,100.00
129-04104,2021-03-15 05:50:00,57.84,100.00
129-04104,2021-03-15 06:00:00,60.15,100.00
129-04104,2021-03-15 06:10:00,56.05,100.00
129-04104,2021-03-15 06:20:00,58.38,100.00
129-04104,2021-03-15 06:30:00,59.92,100.00
129-04104,2021-03-15 06:40:00,58.07,100.00
129-04104,2021-03-15 06:50:00,54.71,100.00
129-04104,2021-03-15 07:00:00,56.89,100.00
129-04104,2021-03-15 07:10:00,49.13,100.00
129-04104,2021-03-15 07:20:00,56.46,100.00
129-04104,2021-03-15 07:30:00,48.91,100.00
129-04104,2021-03-15 07:40:00,39.25,98.00
129-04104,2021-03-15 07:50:00,35.38,100.00
129-04104,2021-03-15 08:00:00,36.80,97.00
129-04104,2021-03-15 08:10:00,40.50,100.00
129-04104,2021-03-15 08:20:00,55.37,100.00
129-04104,2021-03-15 08:30:00,55.21,100.00
129-04104,2021-03-15 08:40:00,52.68,100.00
129-04104,2021-03-15 08:50:00,54.08,100.00
129-04104,2021-03-15 09:00:00,57.23,100.00
129-04104,2021-03-15 09:10:00,59.18,100.00
129-04104,2021-03-15 09:20:00,57.85,100.00
129-04104,2021-03-15 09:30:00,57.61,100.00
129-04104,2021-03-15 09:40:00,53.43,100.00
129-04104,2021-03-15 09:50:00,56.68,100.00
129-04104,2021-03-15 10:00:00,47.01,100.00
129-04104,2021-03-15 10:10:00,56.18,100.00
129-04104,2021-03-15 10:20:00,57.25,100.00
129-04104,2021-03-15 10:30:00,60.03,100.00
129-04104,2021-03-15 10:40:00,54.37,100.00
129-04104,2021-03-15 10:50:00,55.08,100.00
129-04104,2021-03-15 11:00:00,58.01,100.00
129-04104,2021-03-15 11:10:00,56.88,100.00
129-04104,2021-03-15 11:20:00,55.99,100.00
129-04104,2021-03-15 11:30:00,58.12,100.00
129-04104,2021-03-15 11:40:00,55.82,100.00
129-04104,2021-03-15 11:50:00,49.29,100.00
129-04104,2021-03-15 12:00:00,56.08,100.00
129-04104,2021-03-15 12:10:00,58.00,100.00
129-04104,2021-03-15 12:20:00,55.24,100.00
129-04104,2021-03-15 12:30:00,56.42,100.00
129-04104,2021-03-15 12:40:00,56.35,100.00
129-04104,2021-03-15 12:50:00,58.67,100.00
129-04104,2021-03-15 13:00:00,56.16,100.00
129-04104,2021-03-15 13:10:00,54.36,100.00
129-04104,2021-03-15 13:20:00,52.48,100.00
129-04104,2021-03-15 13:30:00,54.75,100.00
129-04104,2021-03-15 13:40:00,54.34,100.00
129-04104,2021-03-15 13:50:00,55.99,100.00
129-04104,2021-03-15 14:00:00,37.32,100.00
129-04104,2021-03-15 14:10:00,38.01,100.00
129-04104,2021-03-15 14:20:00,41.55,100.00
129-04104,2021-03-15 14:30:00,54.73,100.00
129-04104,2021-03-15 14:40:00,58.82,100.00
129-04104,2021-03-15 14:50:00,56.86,99.00
129-04104,2021-03-15 15:00:00,55.25,97.00
129-04104,2021-03-15 15:10:00,46.96,100.00
129-04104,2021-03-15 15:20:00,41.81,99.00
129-04104,2021-03-15 15:30:00,30.41,100.00
129-04104,2021-03-15 15:40:00,29.57,100.00
129-04104,2021-03-15 15:50:00,27.02,100.00
129-04104,2021-03-15 16:00:00,24.59,100.00
129-04104,2021-03-15 16:10:00,25.37,100.00
129-04104,2021-03-15 16:20:00,25.32,100.00
129-04104,2021-03-15 16:30:00,36.67,99.00
129-04104,2021-03-15 16:40:00,43.02,95.00
129-04104,2021-03-15 16:50:00,35.02,100.00
129-04104,2021-03-15 17:00:00,32.00,100.00
129-04104,2021-03-15 17:10:00,30.13,100.00
129-04104,2021-03-15 17:20:00,31.11,100.00
129-04104,2021-03-15 17:30:00,39.40,98.00
129-04104,2021-03-15 17:40:00,58.28,90.00
129-04104,2021-03-15 17:50:00,53.35,92.00
129-04104,2021-03-15 18:00:00,56.13,90.00
129-04104,2021-03-15 18:10:00,43.98,98.00
129-04104,2021-03-15 18:20:00,44.83,100.00
129-04104,2021-03-15 18:30:00,54.40,95.00
129-04104,2021-03-15 18:40:00,60.66,92.00
129-04104,2021-03-15 18:50:00,61.35,91.00
129-04104,2021-03-15 19:00:00,61.03,96.00
129-04104,2021-03-15 19:10:00,60.10,100.00
129-04104,2021-03-15 19:20:00,58.40,100.00
129-04104,2021-03-15 19:30:00,54.82,100.00
129-04104,2021-03-15 19:40:00,60.25,100.00
129-04104,2021-03-15 19:50:00,59.00,100.00
129-04104,2021-03-15 20:00:00,61.74,100.00
129-04104,2021-03-15 20:10:00,63.17,100.00
129-04104,2021-03-15 20:20:00,62.10,100.00
129-04104,2021-03-15 20:30:00,58.73,100.00
129-04104,2021-03-15 20:40:00,63.04,100.00
129-04104,2021-03-15 20:50:00,62.94,100.00
129-04104,2021-03-15 21:00:00,63.35,100.00
129-04104,2021-03-15 21:10:00,63.77,100.00
129-04104,2021-03-15 21:20:00,61.59,100.00
129-04104,2021-03-15 21:30:00,57.33,100.00
129-04104,2021-03-15 21:40:00,58.05,100.00
129-04104,2021-03-15 21:50:00,64.00,100.00
129-04104,2021-03-15 22:00:00,64.25,100.00
129-04104,2021-03-15 22:10:00,65.23,100.00
129-04104,2021-03-15 22:20:00,65.50,100.00
129-04104,2021-03-15 22:30:00,67.94,100.00
129-04104,2021-03-15 22:40:00,62.69,100.00
129-04104,2021-03-15 22:50:00,64.11,100.00
129-04104,2021-03-15 23:00:00,61.57,100.00
129-04104,2021-03-15 23:10:00,61.37,100.00
129-04104,2021-03-15 23:20:00,62.06,100.00
129-04104,2021-03-15 23:30:00,61.89,100.00
129-04104,2021-03-15 23:40:00,62.48,100.00
129-04104,2021-03-15 23:50:00,63.66,100.00
129-04105,2021-03-15 00:00:00,65.99,100.00
129-04105,2021-03-15 00:10:00,66.37,100.00
129-04105,2021-03-15 00:20:00,67.96,100.00
129-04105,2021-03-15 00:30:00,67.99,100.00
129-04105,2021-03-15 00:40:00,68.07,100.00
129-04105,2021-03-15 00:50:00,62.45,100.00
129-04105,2021-03-15 01:00:00,66.37,100.00
129-04105,2021-03-15 01:10:00,64.68,100.00
129-04105,2021-03-15 01:20:00,64.27,100.00
129-04105,2021-03-15 01:30:00,65.89,100.00
129-04105,2021-03-15 01:40:00,63.27,100.00
129-04105,2021-03-15 01:50:00,62.89,100.00
129-04105,2021-03-15 02:00:00,64.50,100.00
129-04105,2021-03-15 02:10:00,62.00,100.00
129-04105,2021-03-15 02:20:00,61.29,100.00
129-04105,2021-03-15 02:30:00,60.40,100.00
129-04105,2021-03-15 02:40:00,60.98,100.00
129-04105,2021-03-15 02:50:00,62.89,100.00
129-04105,2021-03-15 03:00:00,65.58,100.00
129-04105,2021-03-15 03:10:00,66.00,100.00
129-04105,2021-03-15 03:20:00,63.41,100.00
129-04105,2021-03-15 03:30:00,59.17,100.00
129-04105,2021-03-15 03:40:00,60.59,100.00
129-04105,2021-03-15 03:50:00,60.48,100.00
129-04105,2021-03-15 04:00:00,60.41,100.00
129-04105,2021-03-15 04:10:00,63.64,100.00
129-04105,2021-03-15 04:20:00,62.36,100.00
129-04105,2021-03-15 04:30:00,69.31,100.00
129-04105,2021-03-15 04:40:00,69.05,100.00
129-04105,2021-03-15 04:50:00,61.93,100.00
129-04105,2021-03-15 05:00:00,61.78,100.00
129-04105,2021-03-15 05:10:00,61.70,100.00
129-04105,2021-03-15 05:20:00,62.39,100.00
129-04105,2021-03-15 05:30:00,62.37,100.00
129-04105,2021-03-15 05:40:00,64.46,100.00
129-04105,2021-03-15 05:50:00,62.52,100.00
129-04105,2021-03-15 06:00:00,58.75,100.00
129-04105,2021-03-15 06:10:00,58.00,100.00
129-04105,2021-03-15 06:20:00,59.92,100.00
129-04105,2021-03-15 06:30:00,60.86,100.00
129-04105,2021-03-15 06:40:00,58.73,100.00
129-04105,2021-03-15 06:50:00,58.15,100.00
129-04105,2021-03-15 07:00:00,56.86,100.00
129-04105,2021-03-15 07:10:00,57.31,100.00
129-04105,2021-03-15 07:20:00,58.16,100.00
129-04105,2021-03-15 07:30:00,51.66,100.00
129-04105,2021-03-15 07:40:00,53.93,100.00
129-04105,2021-03-15 07:50:00,50.73,100.00
129-04105,2021-03-15 08:00:00,37.06,94.00
129-04105,2021-03-15 08:10:00,51.32,100.00
129-04105,2021-03-15 08:20:00,54.38,100.00
129-04105,2021-03-15 08:30:00,55.14,100.00
129-04105,2021-03-15 08:40:00,55.70,100.00
129-04105,2021-03-15 08:50:00,56.15,100.00
129-04105,2021-03-15 09:00:00,57.77,100.00
129-04105,2021-03-15 09:10:00,59.47,100.00
129-04105,2021-03-15 09:20:00,58.58,100.00
129-04105,2021-03-15 09:30:00,60.70,100.00
129-04105,2021-03-15 09:40:00,55.11,100.00
129-04105,2021-03-15 09:50:00,58.51,100.00
129-04105,2021-03-15 10:00:00,55.78,100.00
129-04105,2021-03-15 10:10:00,59.16,100.00
129-04105,2021-03-15 10:20:00,56.55,100.00
129-04105,2021-03-15 10:30:00,57.94,100.00
129-04105,2021-03-15 10:40:00,57.29,100.00
129-04105,2021-03-15 10:50:00,57.37,100.00
129-04105,2021-03-15 11:00:00,59.37,100.00
129-04105,2021-03-15 11:10:00,59.63,100.00
129-04105,2021-03-15 11:20:00,58.20,100.00
129-04105,2021-03-15 11:30:00,58.79,100.00
129-04105,2021-03-15 11:40:00,53.15,100.00
129-04105,2021-03-15 11:50:00,53.76,100.00
129-04105,2021-03-15 12:00:00,59.89,100.00
129-04105,2021-03-15 12:10:00,61.31,100.00
129-04105,2021-03-15 12:20:00,60.18,100.00
129-04105,2021-03-15 12:30:00,59.48,100.00
129-04105,2021-03-15 12:40:00,59.29,100.00
129-04105,2021-03-15 12:50:00,59.96,100.00
129-04105,2021-03-15 13:00:00,57.51,100.00
129-04105,2021-03-15 13:10:00,61.74,100.00
129-04105,2021-03-15 13:20:00,61.71,100.00
129-04105,2021-03-15 13:30:00,59.82,100.00
129-04105,2021-03-15 13:40:00,56.73,100.00
129-04105,2021-03-15 13:50:00,58.01,100.00
129-04105,2021-03-15 14:00:00,53.87,100.00
129-04105,2021-03-15 14:10:00,53.83,100.00
129-04105,2021-03-15 14:20:00,55.67,100.00
129-04105,2021-03-15 14:30:00,53.47,100.00
129-04105,2021-03-15 14:40:00,54.63,100.00
129-04105,2021-03-15 14:50:00,52.95,100.00
129-04105,2021-03-15 15:00:00,52.78,100.00
129-04105,2021-03-15 15:10:00,55.05,100.00
129-04105,2021-03-15 15:20:00,46.97,99.00
129-04105,2021-03-15 15:30:00,38.13,100.00
129-04105,2021-03-15 15:40:00,30.19,100.00
129-04105,2021-03-15 15:50:00,27.08,100.00
129-04105,2021-03-15 16:00:00,27.87,100.00
129-04105,2021-03-15 16:10:00,39.17,96.00
129-04105,2021-03-15 16:20:00,54.24,90.00
129-04105,2021-03-15 16:30:00,53.12,92.00
129-04105,2021-03-15 16:40:00,53.77,90.00
129-04105,2021-03-15 16:50:00,52.74,90.00
129-04105,2021-03-15 17:00:00,53.95,90.00
129-04105,2021-03-15 17:10:00,52.69,90.00
129-04105,2021-03-15 17:20:00,56.34,90.00
129-04105,2021-03-15 17:30:00,57.13,90.00
129-04105,2021-03-15 17:40:00,60.01,90.00
129-04105,2021-03-15 17:50:00,57.32,91.00
129-04105,2021-03-15 18:00:00,60.39,91.00
129-04105,2021-03-15 18:10:00,54.24,97.00
129-04105,2021-03-15 18:20:00,58.47,92.00
129-04105,2021-03-15 18:30:00,60.46,97.00
129-04105,2021-03-15 18:40:00,63.07,96.00
129-04105,2021-03-15 18:50:00,63.30,100.00
129-04105,2021-03-15 19:00:00,63.53,100.00
129-04105,2021-03-15 19:10:00,63.23,100.00
129-04105,2021-03-15 19:20:00,60.24,100.00
129-04105,2021-03-15 19:30:00,59.56,100.00
129-04105,2021-03-15 19:40:00,61.45,100.00
129-04105,2021-03-15 19:50:00,62.93,100.00
129-04105,2021-03-15 20:00:00,59.61,100.00
129-04105,2021-03-15 20:10:00,64.65,100.00
129-04105,2021-03-15 20:20:00,64.07,100.00
129-04105,2021-03-15 20:30:00,64.16,100.00
129-04105,2021-03-15 20:40:00,66.24,100.00
129-04105,2021-03-15 20:50:00,64.34,100.00
129-04105,2021-03-15 21:00:00,64.48,100.00
129-04105,2021-03-15 21:10:00,64.37,100.00
129-04105,2021-03-15 21:20:00,61.18,100.00
129-04105,2021-03-15 21:30:00,60.19,100.00
129-04105,2021-03-15 21:40:00,64.95,100.00
129-04105,2021-03-15 21:50:00,65.64,100.00
129-04105,2021-03-15 22:00:00,65.44,100.00
129-04105,2021-03-15 22:10:00,66.39,100.00
129-04105,2021-03-15 22:20:00,65.42,100.00
129-04105,2021-03-15 22:30:00,66.42,100.00
129-04105,2021-03-15 22:40:00,63.69,100.00
129-04105,2021-03-15 22:50:00,64.92,100.00
129-04105,2021-03-15 23:00:00,62.67,100.00
129-04105,2021-03-15 23:10:00,64.45,100.00
129-04105,2021-03-15 23:20:00,65.48,100.00
129-04105,2021-03-15 23:30:00,64.56,100.00
129-04105,2021-03-15 23:40:00,62.36,100.00
129-04105,2021-03-15 23:50:00,65.29,100.00
129-04102,2021-03-15 00:00:00,70.48,100.00
129-04102,2021-03-15 00:10:00,69.87,100.00
129-04102,2021-03-15 00:20:00,68.76,100.00
129-04102,2021-03-15 00:30:00,70.80,100.00
129-04102,2021-03-15 00:40:00,70.69,100.00
129-04102,2021-03-15 00:50:00,72.50,100.00
129-04102,2021-03-15 01:00:00,73.47,100.00
129-04102,2021-03-15 01:10:00,73.89,100.00
129-04102,2021-03-15 01:20:00,69.15,100.00
129-04102,2021-03-15 01:30:00,63.68,100.00
129-04102,2021-03-15 01:40:00,63.48,100.00
129-04102,2021-03-15 01:50:00,66.29,100.00
129-04102,2021-03-15 02:00:00,67.89,100.00
129-04102,2021-03-15 02:10:00,68.70,100.00
129-04102,2021-03-15 02:20:00,69.69,100.00
129-04102,2021-03-15 02:30:00,65.80,100.00
129-04102,2021-03-15 02:40:00,66.00,100.00
129-04102,2021-03-15 02:50:00,65.49,100.00
129-04102,2021-03-15 03:00:00,67.40,100.00
129-04102,2021-03-15 03:10:00,62.25,100.00
129-04102,2021-03-15 03:20:00,60.98,100.00
129-04102,2021-03-15 03:30:00,58.00,100.00
129-04102,2021-03-15 03:40:00,60.00,92.80
129-04102,2021-03-15 03:50:00,59.07,98.20
129-04102,2021-03-15 04:00:00,59.84,100.00
129-04102,2021-03-15 04:10:00,62.06,100.00
129-04102,2021-03-15 04:20:00,67.38,100.00
129-04102,2021-03-15 04:30:00,72.56,100.00
129-04102,2021-03-15 04:40:00,66.69,100.00
129-04102,2021-03-15 04:50:00,68.57,100.00
129-04102,2021-03-15 05:00:00,69.39,100.00
129-04102,2021-03-15 05:10:00,70.60,100.00
129-04102,2021-03-15 05:20:00,68.66,100.00
129-04102,2021-03-15 05:30:00,67.44,100.00
129-04102,2021-03-15 05:40:00,68.78,100.00
129-04102,2021-03-15 05:50:00,69.52,100.00
129-04102,2021-03-15 06:00:00,69.54,100.00
129-04102,2021-03-15 06:10:00,68.75,100.00
129-04102,2021-03-15 06:20:00,68.57,100.00
129-04102,2021-03-15 06:30:00,65.35,100.00
129-04102,2021-03-15 06:40:00,64.96,100.00
129-04102,2021-03-15 06:50:00,66.63,100.00
129-04102,2021-03-15 07:00:00,65.45,100.00
129-04102,2021-03-15 07:10:00,64.66,100.00
129-04102,2021-03-15 07:20:00,64.10,100.00
129-04102,2021-03-15 07:30:00,63.83,100.00
129-04102,2021-03-15 07:40:00,65.13,100.00
129-04102,2021-03-15 07:50:00,64.97,100.00
129-04102,2021-03-15 08:00:00,66.94,100.00
129-04102,2021-03-15 08:10:00,65.23,100.00
129-04102,2021-03-15 08:20:00,64.04,100.00
129-04102,2021-03-15 08:30:00,65.52,100.00
129-04102,2021-03-15 08:40:00,66.58,100.00
129-04102,2021-03-15 08:50:00,67.29,100.00
129-04102,2021-03-15 09:00:00,68.94,100.00
129-04102,2021-03-15 09:10:00,68.14,100.00
129-04102,2021-03-15 09:20:00,66.47,100.00
129-04102,2021-03-15 09:30:00,68.36,100.00
129-04102,2021-03-15 09:40:00,65.65,100.00
129-04102,2021-03-15 09:50:00,66.17,100.00
129-04102,2021-03-15 10:00:00,66.48,100.00
129-04102,2021-03-15 10:10:00,66.16,100.00
129-04102,2021-03-15 10:20:00,66.55,100.00
129-04102,2021-03-15 10:30:00,66.77,100.00
129-04102,2021-03-15 10:40:00,65.24,100.00
129-04102,2021-03-15 10:50:00,64.90,100.00
129-04102,2021-03-15 11:00:00,68.37,100.00
129-04102,2021-03-15 11:10:00,67.69,100.00
129-04102,2021-03-15 11:20:00,65.67,100.00
129-04102,2021-03-15 11:30:00,65.56,100.00
129-04102,2021-03-15 11:40:00,65.37,100.00
129-04102,2021-03-15 11:50:00,66.48,100.00
129-04102,2021-03-15 12:00:00,67.76,100.00
129-04102,2021-03-15 12:10:00,65.70,100.00
129-04102,2021-03-15 12:20:00,68.75,100.00
129-04102,2021-03-15 12:30:00,65.95,100.00
129-04102,2021-03-15 12:40:00,65.54,100.00
129-04102,2021-03-15 12:50:00,64.46,100.00
129-04102,2021-03-15 13:00:00,66.86,100.00
129-04102,2021-03-15 13:10:00,65.48,100.00
129-04102,2021-03-15 13:20:00,65.76,100.00
129-04102,2021-03-15 13:30:00,65.76,100.00
129-04102,2021-03-15 13:40:00,65.58,100.00
129-04102,2021-03-15 13:50:00,65.38,100.00
129-04102,2021-03-15 14:00:00,65.97,100.00
129-04102,2021-03-15 14:10:00,64.06,100.00
129-04102,2021-03-15 14:20:00,64.28,100.00
129-04102,2021-03-15 14:30:00,64.55,100.00
129-04102,2021-03-15 14:40:00,65.65,100.00
129-04102,2021-03-15 14:50:00,67.12,100.00
129-04102,2021-03-15 15:00:00,64.64,100.00
129-04102,2021-03-15 15:10:00,61.86,100.00
129-04102,2021-03-15 15:20:00,62.64,100.00
129-04102,2021-03-15 15:30:00,49.24,100.00
129-04102,2021-03-15 15:40:00,29.12,96.40
129-04102,2021-03-15 15:50:00,22.11,96.00
129-04102,2021-03-15 16:00:00,19.42,97.80
129-04102,2021-03-15 16:10:00,18.08,97.40
129-04102,2021-03-15 16:20:00,15.63,97.40
129-04102,2021-03-15 16:30:00,17.36,98.80
129-04102,2021-03-15 16:40:00,25.21,100.00
129-04102,2021-03-15 16:50:00,27.63,99.40
129-04102,2021-03-15 17:00:00,27.14,100.00
129-04102,2021-03-15 17:10:00,24.67,100.00
129-04102,2021-03-15 17:20:00,30.91,100.00
129-04102,2021-03-15 17:30:00,42.67,100.00
129-04102,2021-03-15 17:40:00,61.33,92.20
129-04102,2021-03-15 17:50:00,66.45,90.00
129-04102,2021-03-15 18:00:00,66.05,90.00
129-04102,2021-03-15 18:10:00,64.44,90.40
129-04102,2021-03-15 18:20:00,59.26,92.40
129-04102,2021-03-15 18:30:00,56.60,95.40
129-04102,2021-03-15 18:40:00,67.68,91.80
129-04102,2021-03-15 18:50:00,67.37,98.40
129-04102,2021-03-15 19:00:00,67.19,99.00
129-04102,2021-03-15 19:10:00,67.27,100.00
129-04102,2021-03-15 19:20:00,68.48,100.00
129-04102,2021-03-15 19:30:00,66.38,100.00
129-04102,2021-03-15 19:40:00,68.94,100.00
129-04102,2021-03-15 19:50:00,69.40,100.00
129-04102,2021-03-15 20:00:00,66.92,100.00
129-04102,2021-03-15 20:10:00,68.29,100.00
129-04102,2021-03-15 20:20:00,66.39,100.00
129-04102,2021-03-15 20:30:00,68.76,100.00
129-04102,2021-03-15 20:40:00,70.79,100.00
129-04102,2021-03-15 20:50:00,69.17,100.00
129-04102,2021-03-15 21:00:00,68.87,100.00
129-04102,2021-03-15 21:10:00,69.28,100.00
129-04102,2021-03-15 21:20:00,68.26,100.00
129-04102,2021-03-15 21:30:00,67.43,100.00
129-04102,2021-03-15 21:40:00,67.96,100.00
129-04102,2021-03-15 21:50:00,69.79,100.00
129-04102,2021-03-15 22:00:00,70.17,100.00
129-04102,2021-03-15 22:10:00,70.07,100.00
129-04102,2021-03-15 22:20:00,68.99,100.00
129-04102,2021-03-15 22:30:00,67.38,100.00
129-04102,2021-03-15 22:40:00,67.88,100.00
129-04102,2021-03-15 22:50:00,69.69,100.00
129-04102,2021-03-15 23:00:00,69.39,100.00
129-04102,2021-03-15 23:10:00,67.36,100.00
129-04102,2021-03-15 23:20:00,67.49,100.00
129-04102,2021-03-15 23:30:00,68.17,100.00
129-04102,2021-03-15 23:40:00,66.90,100.00
129-04102,2021-03-15 23:50:00,66.79,100.00
129-04103,2021-03-15 00:00:00,65.46,100.00
129-04103,2021-03-15 00:10:00,62.94,100.00
129-04103,2021-03-15 00:20:00,65.39,100.00
129-04103,2021-03-15 00:30:00,66.28,100.00
129-04103,2021-03-15 00:40:00,66.73,100.00
129-04103,2021-03-15 00:50:00,70.20,100.00
129-04103,2021-03-15 01:00:00,70.80,100.00
129-04103,2021-03-15 01:10:00,70.79,100.00
129-04103,2021-03-15 01:20:00,67.26,100.00
129-04103,2021-03-15 01:30:00,64.21,100.00
129-04103,2021-03-15 01:40:00,59.64,100.00
129-04103,2021-03-15 01:50:00,62.76,100.00
129-04103,2021-03-15 02:00:00,65.06,100.00
129-04103,2021-03-15 02:10:00,65.50,100.00
129-04103,2021-03-15 02:20:00,64.09,100.00
129-04103,2021-03-15 02:30:00,63.48,100.00
129-04103,2021-03-15 02:40:00,64.60,100.00
129-04103,2021-03-15 02:50:00,63.57,100.00
129-04103,2021-03-15 03:00:00,65.60,100.00
129-04103,2021-03-15 03:10:00,57.04,100.00
129-04103,2021-03-15 03:20:00,52.75,98.00
129-04103,2021-03-15 03:30:00,52.19,99.00
129-04103,2021-03-15 03:40:00,57.89,100.00
129-04103,2021-03-15 03:50:00,58.10,100.00
129-04103,2021-03-15 04:00:00,58.96,100.00
129-04103,2021-03-15 04:10:00,58.46,100.00
129-04103,2021-03-15 04:20:00,63.29,100.00
129-04103,2021-03-15 04:30:00,69.23,100.00
129-04103,2021-03-15 04:40:00,64.80,100.00
129-04103,2021-03-15 04:50:00,65.05,100.00
129-04103,2021-03-15 05:00:00,60.88,100.00
129-04103,2021-03-15 05:10:00,61.60,100.00
129-04103,2021-03-15 05:20:00,63.36,100.00
129-04103,2021-03-15 05:30:00,65.25,100.00
129-04103,2021-03-15 05:40:00,65.68,100.00
129-04103,2021-03-15 05:50:00,64.24,100.00
129-04103,2021-03-15 06:00:00,65.54,100.00
129-04103,2021-03-15 06:10:00,61.98,100.00
129-04103,2021-03-15 06:20:00,63.05,100.00
129-04103,2021-03-15 06:30:00,61.34,100.00
129-04103,2021-03-15 06:40:00,60.20,100.00
129-04103,2021-03-15 06:50:00,61.59,100.00
129-04103,2021-03-15 07:00:00,61.83,100.00
129-04103,2021-03-15 07:10:00,61.06,100.00
129-04103,2021-03-15 07:20:00,60.29,100.00
129-04103,2021-03-15 07:30:00,58.21,100.00
129-04103,2021-03-15 07:40:00,59.78,100.00
129-04103,2021-03-15 07:50:00,58.81,100.00
129-04103,2021-03-15 08:00:00,62.67,100.00
129-04103,2021-03-15 08:10:00,59.67,100.00
129-04103,2021-03-15 08:20:00,58.16,100.00
129-04103,2021-03-15 08:30:00,57.99,100.00
129-04103,2021-03-15 08:40:00,59.05,100.00
129-04103,2021-03-15 08:50:00,60.88,100.00
129-04103,2021-03-15 09:00:00,62.72,100.00
129-04103,2021-03-15 09:10:00,63.59,100.00
129-04103,2021-03-15 09:20:00,60.13,100.00
129-04103,2021-03-15 09:30:00,61.43,100.00
129-04103,2021-03-15 09:40:00,60.37,100.00
129-04103,2021-03-15 09:50:00,61.25,100.00
129-04103,2021-03-15 10:00:00,59.94,100.00
129-04103,2021-03-15 10:10:00,61.54,100.00
129-04103,2021-03-15 10:20:00,59.84,100.00
129-04103,2021-03-15 10:30:00,62.08,100.00
129-04103,2021-03-15 10:40:00,60.83,100.00
129-04103,2021-03-15 10:50:00,58.92,100.00
129-04103,2021-03-15 11:00:00,60.95,100.00
129-04103,2021-03-15 11:10:00,61.74,100.00
129-04103,2021-03-15 11:20:00,58.30,100.00
129-04103,2021-03-15 11:30:00,59.49,100.00
129-04103,2021-03-15 11:40:00,59.73,100.00
129-04103,2021-03-15 11:50:00,58.50,100.00
129-04103,2021-03-15 12:00:00,59.06,100.00
129-04103,2021-03-15 12:10:00,60.64,100.00
129-04103,2021-03-15 12:20:00,58.35,100.00
129-04103,2021-03-15 12:30:00,60.38,100.00
129-04103,2021-03-15 12:40:00,59.39,100.00
129-04103,2021-03-15 12:50:00,57.66,100.00
129-04103,2021-03-15 13:00:00,56.64,100.00
129-04103,2021-03-15 13:10:00,59.47,100.00
129-04103,2021-03-15 13:20:00,58.90,100.00
129-04103,2021-03-15 13:30:00,57.55,100.00
129-04103,2021-03-15 13:40:00,59.03,100.00
129-04103,2021-03-15 13:50:00,59.46,100.00
129-04103,2021-03-15 14:00:00,54.67,100.00
129-04103,2021-03-15 14:10:00,52.07,100.00
129-04103,2021-03-15 14:20:00,53.00,100.00
129-04103,2021-03-15 14:30:00,56.20,100.00
129-04103,2021-03-15 14:40:00,59.50,100.00
129-04103,2021-03-15 14:50:00,59.96,100.00
129-04103,2021-03-15 15:00:00,56.48,100.00
129-04103,2021-03-15 15:10:00,52.49,100.00
129-04103,2021-03-15 15:20:00,55.07,100.00
129-04103,2021-03-15 15:30:00,49.33,100.00
129-04103,2021-03-15 15:40:00,45.32,100.00
129-04103,2021-03-15 15:50:00,30.20,99.00
129-04103,2021-03-15 16:00:00,25.90,100.00
129-04103,2021-03-15 16:10:00,21.16,96.00
129-04103,2021-03-15 16:20:00,15.38,91.00
129-04103,2021-03-15 16:30:00,24.54,100.00
129-04103,2021-03-15 16:40:00,26.88,100.00
129-04103,2021-03-15 16:50:00,49.18,96.00
129-04103,2021-03-15 17:00:00,52.81,94.00
129-04103,2021-03-15 17:10:00,48.85,98.00
129-04103,2021-03-15 17:20:00,40.83,100.00
129-04103,2021-03-15 17:30:00,49.69,100.00
129-04103,2021-03-15 17:40:00,59.36,93.00
129-04103,2021-03-15 17:50:00,60.75,95.00
129-04103,2021-03-15 18:00:00,58.04,100.00
129-04103,2021-03-15 18:10:00,56.00,100.00
129-04103,2021-03-15 18:20:00,54.95,100.00
129-04103,2021-03-15 18:30:00,57.57,100.00
129-04103,2021-03-15 18:40:00,60.37,100.00
129-04103,2021-03-15 18:50:00,62.15,100.00
129-04103,2021-03-15 19:00:00,61.28,100.00
129-04103,2021-03-15 19:10:00,57.38,100.00
129-04103,2021-03-15 19:20:00,62.49,100.00
129-04103,2021-03-15 19:30:00,62.46,100.00
129-04103,2021-03-15 19:40:00,63.28,100.00
129-04103,2021-03-15 19:50:00,63.52,100.00
129-04103,2021-03-15 20:00:00,63.07,100.00
129-04103,2021-03-15 20:10:00,62.91,100.00
129-04103,2021-03-15 20:20:00,63.07,100.00
129-04103,2021-03-15 20:30:00,65.66,100.00
129-04103,2021-03-15 20:40:00,62.03,100.00
129-04103,2021-03-15 20:50:00,64.36,100.00
129-04103,2021-03-15 21:00:00,64.63,100.00
129-04103,2021-03-15 21:10:00,65.87,100.00
129-04103,2021-03-15 21:20:00,61.47,100.00
129-04103,2021-03-15 21:30:00,64.06,100.00
129-04103,2021-03-15 21:40:00,64.51,100.00
129-04103,2021-03-15 21:50:00,67.18,100.00
129-04103,2021-03-15 22:00:00,64.63,100.00
129-04103,2021-03-15 22:10:00,64.28,100.00
129-04103,2021-03-15 22:20:00,63.88,100.00
129-04103,2021-03-15 22:30:00,65.75,100.00
129-04103,2021-03-15 22:40:00,63.14,100.00
129-04103,2021-03-15 22:50:00,66.98,100.00
129-04103,2021-03-15 23:00:00,63.40,100.00
129-04103,2021-03-15 23:10:00,63.85,100.00
129-04103,2021-03-15 23:20:00,66.68,100.00
129-04103,2021-03-15 23:30:00,64.95,100.00
129-04103,2021-03-15 23:40:00,63.78,100.00
129-04103,2021-03-15 23:50:00,65.27,100.00
129-04100,2021-03-15 00:00:00,67.59,100.00
129-04100,2021-03-15 00:10:00,67.69,100.00
129-04100,2021-03-15 00:20:00,65.35,100.00
129-04100,2021-03-15 00:30:00,64.18,100.00
129-04100,2021-03-15 00:40:00,66.87,100.00
129-04100,2021-03-15 00:50:00,65.50,100.00
129-04100,2021-03-15 01:00:00,62.23,100.00
129-04100,2021-03-15 01:10:00,58.50,92.00
129-04100,2021-03-15 01:20:00,60.11,97.00
129-04100,2021-03-15 01:30:00,60.68,100.00
129-04100,2021-03-15 01:40:00,62.38,100.00
129-04100,2021-03-15 01:50:00,61.78,100.00
129-04100,2021-03-15 02:00:00,63.98,100.00
129-04100,2021-03-15 02:10:00,66.47,100.00
129-04100,2021-03-15 02:20:00,66.29,100.00
129-04100,2021-03-15 02:30:00,65.19,100.00
129-04100,2021-03-15 02:40:00,63.62,100.00
129-04100,2021-03-15 02:50:00,62.54,100.00
129-04100,2021-03-15 03:00:00,64.79,98.00
129-04100,2021-03-15 03:10:00,59.99,99.00
129-04100,2021-03-15 03:20:00,59.00,100.00
129-04100,2021-03-15 03:30:00,59.86,100.00
129-04100,2021-03-15 03:40:00,62.79,100.00
129-04100,2021-03-15 03:50:00,63.59,100.00
129-04100,2021-03-15 04:00:00,66.00,100.00
129-04100,2021-03-15 04:10:00,65.50,100.00
129-04100,2021-03-15 04:20:00,65.80,100.00
129-04100,2021-03-15 04:30:00,72.33,100.00
129-04100,2021-03-15 04:40:00,70.21,100.00
129-04100,2021-03-15 04:50:00,67.87,100.00
129-04100,2021-03-15 05:00:00,69.19,100.00
129-04100,2021-03-15 05:10:00,66.62,100.00
129-04100,2021-03-15 05:20:00,66.84,100.00
129-04100,2021-03-15 05:30:00,65.80,100.00
129-04100,2021-03-15 05:40:00,63.44,100.00
129-04100,2021-03-15 05:50:00,67.28,100.00
129-04100,2021-03-15 06:00:00,67.06,100.00
129-04100,2021-03-15 06:10:00,61.07,100.00
129-04100,2021-03-15 06:20:00,59.72,100.00
129-04100,2021-03-15 06:30:00,61.61,100.00
129-04100,2021-03-15 06:40:00,60.01,100.00
129-04100,2021-03-15 06:50:00,58.25,100.00
129-04100,2021-03-15 07:00:00,62.97,100.00
129-04100,2021-03-15 07:10:00,63.81,100.00
129-04100,2021-03-15 07:20:00,63.05,100.00
129-04100,2021-03-15 07:30:00,60.18,100.00
129-04100,2021-03-15 07:40:00,61.93,100.00
129-04100,2021-03-15 07:50:00,60.36,100.00
129-04100,2021-03-15 08:00:00,63.09,100.00
129-04100,2021-03-15 08:10:00,62.78,100.00
129-04100,2021-03-15 08:20:00,62.31,100.00
129-04100,2021-03-15 08:30:00,64.57,100.00
129-04100,2021-03-15 08:40:00,64.84,100.00
129-04100,2021-03-15 08:50:00,64.08,100.00
129-04100,2021-03-15 09:00:00,64.25,100.00
129-04100,2021-03-15 09:10:00,64.24,100.00
129-04100,2021-03-15 09:20:00,66.08,100.00
129-04100,2021-03-15 09:30:00,68.20,100.00
129-04100,2021-03-15 09:40:00,64.90,100.00
129-04100,2021-03-15 09:50:00,64.41,100.00
129-04100,2021-03-15 10:00:00,66.37,100.00
129-04100,2021-03-15 10:10:00,66.08,100.00
129-04100,2021-03-15 10:20:00,63.82,100.00
129-04100,2021-03-15 10:30:00,64.59,100.00
129-04100,2021-03-15 10:40:00,63.95,100.00
129-04100,2021-03-15 10:50:00,63.39,100.00
129-04100,2021-03-15 11:00:00,66.15,100.00
129-04100,2021-03-15 11:10:00,67.17,100.00
129-04100,2021-03-15 11:20:00,66.36,100.00
129-04100,2021-03-15 11:30:00,63.97,100.00
129-04100,2021-03-15 11:40:00,64.87,100.00
129-04100,2021-03-15 11:50:00,63.74,100.00
129-04100,2021-03-15 12:00:00,66.17,100.00
129-04100,2021-03-15 12:10:00,65.82,100.00
129-04100,2021-03-15 12:20:00,66.21,100.00
129-04100,2021-03-15 12:30:00,63.85,100.00
129-04100,2021-03-15 12:40:00,65.42,100.00
129-04100,2021-03-15 12:50:00,66.33,100.00
129-04100,2021-03-15 13:00:00,66.04,100.00
129-04100,2021-03-15 13:10:00,63.44,100.00
129-04100,2021-03-15 13:20:00,65.10,100.00
129-04100,2021-03-15 13:30:00,64.65,100.00
129-04100,2021-03-15 13:40:00,65.29,100.00
129-04100,2021-03-15 13:50:00,65.26,100.00
129-04100,2021-03-15 14:00:00,66.13,100.00
129-04100,2021-03-15 14:10:00,61.28,100.00
129-04100,2021-03-15 14:20:00,64.84,100.00
129-04100,2021-03-15 14:30:00,63.17,100.00
129-04100,2021-03-15 14:40:00,63.02,100.00
129-04100,2021-03-15 14:50:00,63.66,100.00
129-04100,2021-03-15 15:00:00,65.46,100.00
129-04100,2021-03-15 15:10:00,62.37,100.00
129-04100,2021-03-15 15:20:00,63.54,100.00
129-04100,2021-03-15 15:30:00,65.86,100.00
129-04100,2021-03-15 15:40:00,63.43,100.00
129-04100,2021-03-15 15:50:00,63.57,100.00
129-04100,2021-03-15 16:00:00,63.22,100.00
129-04100,2021-03-15 16:10:00,63.04,100.00
129-04100,2021-03-15 16:20:00,64.37,100.00
129-04100,2021-03-15 16:30:00,63.09,100.00
129-04100,2021-03-15 16:40:00,63.32,100.00
129-04100,2021-03-15 16:50:00,64.00,100.00
129-04100,2021-03-15 17:00:00,64.05,100.00
129-04100,2021-03-15 17:10:00,63.88,100.00
129-04100,2021-03-15 17:20:00,66.12,100.00
129-04100,2021-03-15 17:30:00,67.05,100.00
129-04100,2021-03-15 17:40:00,65.31,100.00
129-04100,2021-03-15 17:50:00,68.86,100.00
129-04100,2021-03-15 18:00:00,66.96,100.00
129-04100,2021-03-15 18:10:00,64.09,100.00
129-04100,2021-03-15 18:20:00,65.40,100.00
129-04100,2021-03-15 18:30:00,62.34,100.00
129-04100,2021-03-15 18:40:00,64.05,100.00
129-04100,2021-03-15 18:50:00,68.67,100.00
129-04100,2021-03-15 19:00:00,65.23,100.00
129-04100,2021-03-15 19:10:00,68.24,100.00
129-04100,2021-03-15 19:20:00,67.07,100.00
129-04100,2021-03-15 19:30:00,65.96,100.00
129-04100,2021-03-15 19:40:00,69.96,100.00
129-04100,2021-03-15 19:50:00,67.58,100.00
129-04100,2021-03-15 20:00:00,65.19,100.00
129-04100,2021-03-15 20:10:00,65.57,100.00
129-04100,2021-03-15 20:20:00,66.18,100.00
129-04100,2021-03-15 20:30:00,68.16,100.00
129-04100,2021-03-15 20:40:00,66.17,100.00
129-04100,2021-03-15 20:50:00,67.94,100.00
129-04100,2021-03-15 21:00:00,69.69,100.00
129-04100,2021-03-15 21:10:00,68.44,100.00
129-04100,2021-03-15 21:20:00,64.88,100.00
129-04100,2021-03-15 21:30:00,65.49,100.00
129-04100,2021-03-15 21:40:00,71.22,100.00
129-04100,2021-03-15 21:50:00,69.40,100.00
129-04100,2021-03-15 22:00:00,69.35,100.00
129-04100,2021-03-15 22:10:00,65.74,100.00
129-04100,2021-03-15 22:20:00,66.28,100.00
129-04100,2021-03-15 22:30:00,64.22,100.00
129-04100,2021-03-15 22:40:00,69.39,100.00
129-04100,2021-03-15 22:50:00,67.33,100.00
129-04100,2021-03-15 23:00:00,66.58,100.00
129-04100,2021-03-15 23:10:00,64.58,100.00
129-04100,2021-03-15 23:20:00,70.03,100.00
129-04100,2021-03-15 23:30:00,67.29,100.00
129-04100,2021-03-15 23:40:00,64.06,100.00
129-04100,2021-03-15 23:50:00,66.58,100.00
129-04101,2021-03-15 00:00:00,68.19,100.00
129-04101,2021-03-15 00:10:00,68.08,100.00
129-04101,2021-03-15 00:20:00,67.49,100.00
129-04101,2021-03-15 00:30:00,67.59,100.00
129-04101,2021-03-15 00:40:00,66.49,100.00
129-04101,2021-03-15 00:50:00,69.00,100.00
129-04101,2021-03-15 01:00:00,68.70,100.00
129-04101,2021-03-15 01:10:00,67.39,100.00
129-04101,2021-03-15 01:20:00,66.46,100.00
129-04101,2021-03-15 01:30:00,64.71,100.00
129-04101,2021-03-15 01:40:00,63.87,100.00
129-04101,2021-03-15 01:50:00,60.76,100.00
129-04101,2021-03-15 02:00:00,65.97,100.00
129-04101,2021-03-15 02:10:00,68.77,100.00
129-04101,2021-03-15 02:20:00,65.24,100.00
129-04101,2021-03-15 02:30:00,63.06,100.00
129-04101,2021-03-15 02:40:00,61.80,100.00
129-04101,2021-03-15 02:50:00,60.99,100.00
129-04101,2021-03-15 03:00:00,67.37,100.00
129-04101,2021-03-15 03:10:00,50.17,95.00
129-04101,2021-03-15 03:20:00,45.20,90.00
129-04101,2021-03-15 03:30:00,45.61,90.00
129-04101,2021-03-15 03:40:00,55.53,88.00
129-04101,2021-03-15 03:50:00,64.64,100.00
129-04101,2021-03-15 04:00:00,61.04,100.00
129-04101,2021-03-15 04:10:00,62.25,100.00
129-04101,2021-03-15 04:20:00,64.94,100.00
129-04101,2021-03-15 04:30:00,71.30,100.00
129-04101,2021-03-15 04:40:00,70.01,100.00
129-04101,2021-03-15 04:50:00,64.95,100.00
129-04101,2021-03-15 05:00:00,66.69,100.00
129-04101,2021-03-15 05:10:00,69.19,100.00
129-04101,2021-03-15 05:20:00,66.85,100.00
129-04101,2021-03-15 05:30:00,67.12,100.00
129-04101,2021-03-15 05:40:00,67.38,100.00
129-04101,2021-03-15 05:50:00,66.53,100.00
129-04101,2021-03-15 06:00:00,69.58,100.00
129-04101,2021-03-15 06:10:00,64.88,100.00
129-04101,2021-03-15 06:20:00,63.75,100.00
129-04101,2021-03-15 06:30:00,60.59,100.00
129-04101,2021-03-15 06:40:00,61.42,100.00
129-04101,2021-03-15 06:50:00,60.81,100.00
129-04101,2021-03-15 07:00:00,64.03,100.00
129-04101,2021-03-15 07:10:00,63.69,100.00
129-04101,2021-03-15 07:20:00,61.09,100.00
129-04101,2021-03-15 07:30:00,60.81,100.00
129-04101,2021-03-15 07:40:00,59.61,100.00
129-04101,2021-03-15 07:50:00,60.38,100.00
129-04101,2021-03-15 08:00:00,62.84,100.00
129-04101,2021-03-15 08:10:00,59.59,100.00
129-04101,2021-03-15 08:20:00,60.23,100.00
129-04101,2021-03-15 08:30:00,60.92,100.00
129-04101,2021-03-15 08:40:00,63.22,100.00
129-04101,2021-03-15 08:50:00,63.86,100.00
129-04101,2021-03-15 09:00:00,63.84,100.00
129-04101,2021-03-15 09:10:00,63.74,100.00
129-04101,2021-03-15 09:20:00,63.64,100.00
129-04101,2021-03-15 09:30:00,66.19,100.00
129-04101,2021-03-15 09:40:00,62.74,100.00
129-04101,2021-03-15 09:50:00,65.17,100.00
129-04101,2021-03-15 10:00:00,62.32,100.00
129-04101,2021-03-15 10:10:00,62.41,100.00
129-04101,2021-03-15 10:20:00,62.04,100.00
129-04101,2021-03-15 10:30:00,63.60,100.00
129-04101,2021-03-15 10:40:00,59.09,100.00
129-04101,2021-03-15 10:50:00,60.42,100.00
129-04101,2021-03-15 11:00:00,64.51,100.00
129-04101,2021-03-15 11:10:00,64.34,100.00
129-04101,2021-03-15 11:20:00,61.93,100.00
129-04101,2021-03-15 11:30:00,64.17,100.00
129-04101,2021-03-15 11:40:00,61.99,100.00
129-04101,2021-03-15 11:50:00,63.35,100.00
129-04101,2021-03-15 12:00:00,64.74,100.00
129-04101,2021-03-15 12:10:00,62.72,100.00
129-04101,2021-03-15 12:20:00,64.46,100.00
129-04101,2021-03-15 12:30:00,64.47,100.00
129-04101,2021-03-15 12:40:00,63.69,100.00
129-04101,2021-03-15 12:50:00,65.11,100.00
129-04101,2021-03-15 13:00:00,63.83,100.00
129-04101,2021-03-15 13:10:00,60.31,100.00
129-04101,2021-03-15 13:20:00,62.05,100.00
129-04101,2021-03-15 13:30:00,64.78,100.00
129-04101,2021-03-15 13:40:00,63.55,100.00
129-04101,2021-03-15 13:50:00,63.89,100.00
129-04101,2021-03-15 14:00:00,64.74,100.00
129-04101,2021-03-15 14:10:00,60.84,100.00
129-04101,2021-03-15 14:20:00,57.90,100.00
129-04101,2021-03-15 14:30:00,63.18,100.00
129-04101,2021-03-15 14:40:00,62.32,100.00
129-04101,2021-03-15 14:50:00,62.25,100.00
129-04101,2021-03-15 15:00:00,62.43,100.00
129-04101,2021-03-15 15:10:00,60.03,100.00
129-04101,2021-03-15 15:20:00,51.05,100.00
129-04101,2021-03-15 15:30:00,37.14,99.00
129-04101,2021-03-15 15:40:00,27.90,94.00
129-04101,2021-03-15 15:50:00,31.03,98.00
129-04101,2021-03-15 16:00:00,29.87,100.00
129-04101,2021-03-15 16:10:00,26.39,99.00
129-04101,2021-03-15 16:20:00,24.44,96.00
129-04101,2021-03-15 16:30:00,26.87,99.00
129-04101,2021-03-15 16:40:00,37.06,100.00
129-04101,2021-03-15 16:50:00,27.28,98.00
129-04101,2021-03-15 17:00:00,28.01,100.00
129-04101,2021-03-15 17:10:00,32.80,100.00
129-04101,2021-03-15 17:20:00,49.03,100.00
129-04101,2021-03-15 17:30:00,53.26,100.00
129-04101,2021-03-15 17:40:00,57.37,96.00
129-04101,2021-03-15 17:50:00,63.01,93.00
129-04101,2021-03-15 18:00:00,61.66,95.00
129-04101,2021-03-15 18:10:00,62.59,94.00
129-04101,2021-03-15 18:20:00,57.72,100.00
129-04101,2021-03-15 18:30:00,55.44,100.00
129-04101,2021-03-15 18:40:00,64.38,100.00
129-04101,2021-03-15 18:50:00,66.65,100.00
129-04101,2021-03-15 19:00:00,64.63,100.00
129-04101,2021-03-15 19:10:00,66.12,100.00
129-04101,2021-03-15 19:20:00,66.35,100.00
129-04101,2021-03-15 19:30:00,64.65,100.00
129-04101,2021-03-15 19:40:00,65.52,100.00
129-04101,2021-03-15 19:50:00,66.75,100.00
129-04101,2021-03-15 20:00:00,65.59,100.00
129-04101,2021-03-15 20:10:00,66.32,100.00
129-04101,2021-03-15 20:20:00,63.73,100.00
129-04101,2021-03-15 20:30:00,66.64,100.00
129-04101,2021-03-15 20:40:00,67.47,100.00
129-04101,2021-03-15 20:50:00,67.22,100.00
129-04101,2021-03-15 21:00:00,66.38,100.00
129-04101,2021-03-15 21:10:00,68.46,100.00
129-04101,2021-03-15 21:20:00,66.19,100.00
129-04101,2021-03-15 21:30:00,65.57,100.00
129-04101,2021-03-15 21:40:00,69.12,100.00
129-04101,2021-03-15 21:50:00,68.04,100.00
129-04101,2021-03-15 22:00:00,67.88,100.00
129-04101,2021-03-15 22:10:00,67.96,100.00
129-04101,2021-03-15 22:20:00,66.04,100.00
129-04101,2021-03-15 22:30:00,65.29,100.00
129-04101,2021-03-15 22:40:00,64.96,100.00
129-04101,2021-03-15 22:50:00,66.75,100.00
129-04101,2021-03-15 23:00:00,64.46,100.00
129-04101,2021-03-15 23:10:00,66.67,100.00
129-04101,2021-03-15 23:20:00,68.60,100.00
129-04101,2021-03-15 23:30:00,66.58,100.00
129-04101,2021-03-15 23:40:00,63.99,100.00
129-04101,2021-03-15 23:50:00,68.76,100.00
129N04139,2021-03-15 00:00:00,69.69,100.00
129N04139,2021-03-15 00:10:00,72.18,100.00
129N04139,2021-03-15 00:20:00,73.00,100.00
129N04139,2021-03-15 00:30:00,70.16,100.00
129N04139,2021-03-15 00:40:00,65.18,96.00
129N04139,2021-03-15 00:50:00,63.59,100.00
129N04139,2021-03-15 01:00:00,67.99,100.00
129N04139,2021-03-15 01:10:00,68.10,100.00
129N04139,2021-03-15 01:20:00,72.27,100.00
129N04139,2021-03-15 01:30:00,71.79,100.00
129N04139,2021-03-15 01:40:00,68.88,100.00
129N04139,2021-03-15 01:50:00,70.18,100.00
129N04139,2021-03-15 02:00:00,69.60,100.00
129N04139,2021-03-15 02:10:00,70.39,100.00
129N04139,2021-03-15 02:20:00,69.99,100.00
129N04139,2021-03-15 02:30:00,69.00,100.00
129N04139,2021-03-15 02:40:00,67.59,100.00
129N04139,2021-03-15 02:50:00,67.39,95.00
129N04139,2021-03-15 03:00:00,66.87,100.00
129N04139,2021-03-15 03:10:00,70.29,100.00
129N04139,2021-03-15 03:20:00,68.30,100.00
129N04139,2021-03-15 03:30:00,69.39,100.00
129N04139,2021-03-15 03:40:00,71.79,100.00
129N04139,2021-03-15 03:50:00,72.39,100.00
129N04139,2021-03-15 04:00:00,73.00,100.00
129N04139,2021-03-15 04:10:00,75.00,100.00
129N04139,2021-03-15 04:20:00,72.56,100.00
129N04139,2021-03-15 04:30:00,72.09,100.00
129N04139,2021-03-15 04:40:00,73.87,100.00
129N04139,2021-03-15 04:50:00,72.98,100.00
129N04139,2021-03-15 05:00:00,72.29,100.00
129N04139,2021-03-15 05:10:00,72.36,100.00
129N04139,2021-03-15 05:20:00,71.37,100.00
129N04139,2021-03-15 05:30:00,69.67,100.00
129N04139,2021-03-15 05:40:00,69.07,100.00
129N04139,2021-03-15 05:50:00,66.85,100.00
129N04139,2021-03-15 06:00:00,68.33,100.00
129N04139,2021-03-15 06:10:00,66.53,100.00
129N04139,2021-03-15 06:20:00,69.66,100.00
129N04139,2021-03-15 06:30:00,68.35,100.00
129N04139,2021-03-15 06:40:00,67.68,100.00
129N04139,2021-03-15 06:50:00,65.63,100.00
129N04139,2021-03-15 07:00:00,68.93,100.00
129N04139,2021-03-15 07:10:00,68.24,100.00
129N04139,2021-03-15 07:20:00,67.36,100.00
129N04139,2021-03-15 07:30:00,66.23,100.00
129N04139,2021-03-15 07:40:00,64.62,100.00
129N04139,2021-03-15 07:50:00,65.16,100.00
129N04139,2021-03-15 08:00:00,66.18,100.00
129N04139,2021-03-15 08:10:00,68.35,100.00
129N04139,2021-03-15 08:20:00,66.45,100.00
129N04139,2021-03-15 08:30:00,70.26,100.00
129N04139,2021-03-15 08:40:00,69.48,100.00
129N04139,2021-03-15 08:50:00,69.52,100.00
129N04139,2021-03-15 09:00:00,69.76,100.00
129N04139,2021-03-15 09:10:00,70.40,100.00
129N04139,2021-03-15 09:20:00,70.06,100.00
129N04139,2021-03-15 09:30:00,67.95,100.00
129N04139,2021-03-15 09:40:00,69.57,100.00
129N04139,2021-03-15 09:50:00,70.56,100.00
129N04139,2021-03-15 10:00:00,70.45,100.00
129N04139,2021-03-15 10:10:00,70.57,100.00
129N04139,2021-03-15 10:20:00,67.79,100.00
129N04139,2021-03-15 10:30:00,72.19,100.00
129N04139,2021-03-15 10:40:00,68.27,100.00
129N04139,2021-03-15 10:50:00,67.36,100.00
129N04139,2021-03-15 11:00:00,69.27,100.00
129N04139,2021-03-15 11:10:00,70.14,100.00
129N04139,2021-03-15 11:20:00,67.15,100.00
129N04139,2021-03-15 11:30:00,68.01,100.00
129N04139,2021-03-15 11:40:00,68.59,100.00
129N04139,2021-03-15 11:50:00,70.44,100.00
129N04139,2021-03-15 12:00:00,68.88,100.00
129N04139,2021-03-15 12:10:00,70.99,100.00
129N04139,2021-03-15 12:20:00,68.46,100.00
129N04139,2021-03-15 12:30:00,69.13,100.00
129N04139,2021-03-15 12:40:00,65.78,100.00
129N04139,2021-03-15 12:50:00,67.55,100.00
129N04139,2021-03-15 13:00:00,67.41,100.00
129N04139,2021-03-15 13:10:00,69.12,100.00
129N04139,2021-03-15 13:20:00,70.12,100.00
129N04139,2021-03-15 13:30:00,69.74,100.00
129N04139,2021-03-15 13:40:00,66.59,100.00
129N04139,2021-03-15 13:50:00,67.48,100.00
129N04139,2021-03-15 14:00:00,70.18,100.00
129N04139,2021-03-15 14:10:00,69.26,100.00
129N04139,2021-03-15 14:20:00,70.08,100.00
129N04139,2021-03-15 14:30:00,68.87,100.00
129N04139,2021-03-15 14:40:00,70.08,100.00
129N04139,2021-03-15 14:50:00,70.49,100.00
129N04139,2021-03-15 15:00:00,68.70,100.00
129N04139,2021-03-15 15:10:00,66.99,100.00
129N04139,2021-03-15 15:20:00,69.95,100.00
129N04139,2021-03-15 15:30:00,69.25,100.00
129N04139,2021-03-15 15:40:00,67.35,100.00
129N04139,2021-03-15 15:50:00,68.54,100.00
129N04139,2021-03-15 16:00:00,70.48,100.00
129N04139,2021-03-15 16:10:00,70.26,100.00
129N04139,2021-03-15 16:20:00,69.29,100.00
129N04139,2021-03-15 16:30:00,68.58,100.00
129N04139,2021-03-15 16:40:00,67.85,100.00
129N04139,2021-03-15 16:50:00,68.51,100.00
129N04139,2021-03-15 17:00:00,70.06,100.00
129N04139,2021-03-15 17:10:00,67.06,100.00
129N04139,2021-03-15 17:20:00,71.04,100.00
129N04139,2021-03-15 17:30:00,70.86,100.00
129N04139,2021-03-15 17:40:00,70.45,100.00
129N04139,2021-03-15 17:50:00,71.88,100.00
129N04139,2021-03-15 18:00:00,70.69,100.00
129N04139,2021-03-15 18:10:00,71.39,100.00
129N04139,2021-03-15 18:20:00,71.07,100.00
129N04139,2021-03-15 18:30:00,70.37,100.00
129N04139,2021-03-15 18:40:00,69.58,100.00
129N04139,2021-03-15 18:50:00,67.59,100.00
129N04139,2021-03-15 19:00:00,69.46,100.00
129N04139,2021-03-15 19:10:00,68.43,100.00
129N04139,2021-03-15 19:20:00,70.77,100.00
129N04139,2021-03-15 19:30:00,70.86,100.00
129N04139,2021-03-15 19:40:00,67.99,100.00
129N04139,2021-03-15 19:50:00,68.67,100.00
129N04139,2021-03-15 20:00:00,71.18,100.00
129N04139,2021-03-15 20:10:00,68.85,100.00
129N04139,2021-03-15 20:20:00,69.99,100.00
129N04139,2021-03-15 20:30:00,70.77,100.00
129N04139,2021-03-15 20:40:00,69.72,100.00
129N04139,2021-03-15 20:50:00,71.79,100.00
129N04139,2021-03-15 21:00:00,70.39,100.00
129N04139,2021-03-15 21:10:00,71.04,100.00
129N04139,2021-03-15 21:20:00,69.29,100.00
129N04139,2021-03-15 21:30:00,70.58,100.00
129N04139,2021-03-15 21:40:00,72.88,100.00
129N04139,2021-03-15 21:50:00,73.49,100.00
129N04139,2021-03-15 22:00:00,70.79,100.00
129N04139,2021-03-15 22:10:00,70.79,100.00
129N04139,2021-03-15 22:20:00,71.54,100.00
129N04139,2021-03-15 22:30:00,68.29,100.00
129N04139,2021-03-15 22:40:00,69.70,100.00
129N04139,2021-03-15 22:50:00,69.77,100.00
129N04139,2021-03-15 23:00:00,66.90,100.00
129N04139,2021-03-15 23:10:00,67.76,100.00
129N04139,2021-03-15 23:20:00,69.59,100.00
129N04139,2021-03-15 23:30:00,72.39,100.00
129N04139,2021-03-15 23:40:00,72.19,100.00
129N04139,2021-03-15 23:50:00,69.38,100.00
129N04138,2021-03-15 00:00:00,72.59,100.00
129N04138,2021-03-15 00:10:00,71.17,100.00
129N04138,2021-03-15 00:20:00,71.99,100.00
129N04138,2021-03-15 00:30:00,67.00,100.00
129N04138,2021-03-15 00:40:00,64.84,100.00
129N04138,2021-03-15 00:50:00,63.46,100.00
129N04138,2021-03-15 01:00:00,65.97,99.00
129N04138,2021-03-15 01:10:00,67.00,100.00
129N04138,2021-03-15 01:20:00,69.91,100.00
129N04138,2021-03-15 01:30:00,72.86,100.00
129N04138,2021-03-15 01:40:00,73.33,100.00
129N04138,2021-03-15 01:50:00,69.20,100.00
129N04138,2021-03-15 02:00:00,67.59,100.00
129N04138,2021-03-15 02:10:00,67.55,100.00
129N04138,2021-03-15 02:20:00,67.90,100.00
129N04138,2021-03-15 02:30:00,67.00,100.00
129N04138,2021-03-15 02:40:00,63.28,100.00
129N04138,2021-03-15 02:50:00,63.48,100.00
129N04138,2021-03-15 03:00:00,65.45,100.00
129N04138,2021-03-15 03:10:00,69.70,100.00
129N04138,2021-03-15 03:20:00,66.76,100.00
129N04138,2021-03-15 03:30:00,69.39,100.00
129N04138,2021-03-15 03:40:00,69.48,100.00
129N04138,2021-03-15 03:50:00,70.49,100.00
129N04138,2021-03-15 04:00:00,70.69,100.00
129N04138,2021-03-15 04:10:00,72.39,100.00
129N04138,2021-03-15 04:20:00,73.48,100.00
129N04138,2021-03-15 04:30:00,72.68,100.00
129N04138,2021-03-15 04:40:00,70.69,100.00
129N04138,2021-03-15 04:50:00,74.37,100.00
129N04138,2021-03-15 05:00:00,72.18,100.00
129N04138,2021-03-15 05:10:00,72.89,100.00
129N04138,2021-03-15 05:20:00,73.03,100.00
129N04138,2021-03-15 05:30:00,70.85,100.00
129N04138,2021-03-15 05:40:00,70.29,100.00
129N04138,2021-03-15 05:50:00,69.08,100.00
129N04138,2021-03-15 06:00:00,70.23,100.00
129N04138,2021-03-15 06:10:00,69.07,100.00
129N04138,2021-03-15 06:20:00,67.46,100.00
129N04138,2021-03-15 06:30:00,69.07,100.00
129N04138,2021-03-15 06:40:00,68.57,100.00
129N04138,2021-03-15 06:50:00,69.65,100.00
129N04138,2021-03-15 07:00:00,70.64,100.00
129N04138,2021-03-15 07:10:00,68.88,100.00
129N04138,2021-03-15 07:20:00,68.86,100.00
129N04138,2021-03-15 07:30:00,68.47,100.00
129N04138,2021-03-15 07:40:00,66.29,100.00
129N04138,2021-03-15 07:50:00,68.19,100.00
129N04138,2021-03-15 08:00:00,67.86,100.00
129N04138,2021-03-15 08:10:00,69.85,97.00
129N04138,2021-03-15 08:20:00,68.45,100.00
129N04138,2021-03-15 08:30:00,69.77,100.00
129N04138,2021-03-15 08:40:00,69.43,100.00
129N04138,2021-03-15 08:50:00,68.34,100.00
129N04138,2021-03-15 09:00:00,71.09,100.00
129N04138,2021-03-15 09:10:00,71.07,100.00
129N04138,2021-03-15 09:20:00,70.60,100.00
129N04138,2021-03-15 09:30:00,69.04,100.00
129N04138,2021-03-15 09:40:00,68.72,100.00
129N04138,2021-03-15 09:50:00,70.67,100.00
129N04138,2021-03-15 10:00:00,69.93,100.00
129N04138,2021-03-15 10:10:00,70.67,100.00
129N04138,2021-03-15 10:20:00,68.99,100.00
129N04138,2021-03-15 10:30:00,70.82,100.00
129N04138,2021-03-15 10:40:00,70.76,100.00
129N04138,2021-03-15 10:50:00,68.55,100.00
129N04138,2021-03-15 11:00:00,69.39,100.00
129N04138,2021-03-15 11:10:00,69.15,100.00
129N04138,2021-03-15 11:20:00,69.28,100.00
129N04138,2021-03-15 11:30:00,67.24,100.00
129N04138,2021-03-15 11:40:00,71.34,100.00
129N04138,2021-03-15 11:50:00,68.85,100.00
129N04138,2021-03-15 12:00:00,69.47,100.00
129N04138,2021-03-15 12:10:00,70.17,100.00
129N04138,2021-03-15 12:20:00,70.97,100.00
129N04138,2021-03-15 12:30:00,71.85,100.00
129N04138,2021-03-15 12:40:00,68.67,100.00
129N04138,2021-03-15 12:50:00,68.08,100.00
129N04138,2021-03-15 13:00:00,68.43,100.00
129N04138,2021-03-15 13:10:00,70.04,100.00
129N04138,2021-03-15 13:20:00,69.08,100.00
129N04138,2021-03-15 13:30:00,68.14,100.00
129N04138,2021-03-15 13:40:00,70.48,100.00
129N04138,2021-03-15 13:50:00,67.96,100.00
129N04138,2021-03-15 14:00:00,70.45,100.00
129N04138,2021-03-15 14:10:00,68.48,100.00
129N04138,2021-03-15 14:20:00,68.92,100.00
129N04138,2021-03-15 14:30:00,70.70,100.00
129N04138,2021-03-15 14:40:00,70.27,100.00
129N04138,2021-03-15 14:50:00,71.15,100.00
129N04138,2021-03-15 15:00:00,69.87,100.00
129N04138,2021-03-15 15:10:00,69.91,100.00
129N04138,2021-03-15 15:20:00,68.51,100.00
129N04138,2021-03-15 15:30:00,70.35,100.00
129N04138,2021-03-15 15:40:00,68.94,100.00
129N04138,2021-03-15 15:50:00,71.15,100.00
129N04138,2021-03-15 16:00:00,70.07,100.00
129N04138,2021-03-15 16:10:00,69.56,100.00
129N04138,2021-03-15 16:20:00,69.41,100.00
129N04138,2021-03-15 16:30:00,68.99,100.00
129N04138,2021-03-15 16:40:00,69.13,100.00
129N04138,2021-03-15 16:50:00,68.55,100.00
129N04138,2021-03-15 17:00:00,72.24,100.00
129N04138,2021-03-15 17:10:00,68.08,100.00
129N04138,2021-03-15 17:20:00,71.87,100.00
129N04138,2021-03-15 17:30:00,70.14,100.00
129N04138,2021-03-15 17:40:00,69.99,100.00
129N04138,2021-03-15 17:50:00,72.26,100.00
129N04138,2021-03-15 18:00:00,69.53,100.00
129N04138,2021-03-15 18:10:00,70.29,100.00
129N04138,2021-03-15 18:20:00,70.58,100.00
129N04138,2021-03-15 18:30:00,70.75,100.00
129N04138,2021-03-15 18:40:00,69.60,100.00
129N04138,2021-03-15 18:50:00,71.38,100.00
129N04138,2021-03-15 19:00:00,70.64,100.00
129N04138,2021-03-15 19:10:00,70.16,100.00
129N04138,2021-03-15 19:20:00,67.46,100.00
129N04138,2021-03-15 19:30:00,70.87,100.00
129N04138,2021-03-15 19:40:00,69.58,100.00
129N04138,2021-03-15 19:50:00,68.67,100.00
129N04138,2021-03-15 20:00:00,71.36,100.00
129N04138,2021-03-15 20:10:00,69.97,100.00
129N04138,2021-03-15 20:20:00,69.44,100.00
129N04138,2021-03-15 20:30:00,69.93,100.00
129N04138,2021-03-15 20:40:00,69.36,100.00
129N04138,2021-03-15 20:50:00,69.79,100.00
129N04138,2021-03-15 21:00:00,70.49,100.00
129N04138,2021-03-15 21:10:00,70.48,100.00
129N04138,2021-03-15 21:20:00,70.53,100.00
129N04138,2021-03-15 21:30:00,70.30,100.00
129N04138,2021-03-15 21:40:00,69.58,100.00
129N04138,2021-03-15 21:50:00,73.15,100.00
129N04138,2021-03-15 22:00:00,71.15,100.00
129N04138,2021-03-15 22:10:00,72.10,100.00
129N04138,2021-03-15 22:20:00,72.98,100.00
129N04138,2021-03-15 22:30:00,69.42,100.00
129N04138,2021-03-15 22:40:00,67.48,100.00
129N04138,2021-03-15 22:50:00,70.88,100.00
129N04138,2021-03-15 23:00:00,69.79,100.00
129N04138,2021-03-15 23:10:00,69.59,100.00
129N04138,2021-03-15 23:20:00,68.58,100.00
129N04138,2021-03-15 23:30:00,68.09,100.00
129N04138,2021-03-15 23:40:00,69.68,100.00
129N04138,2021-03-15 23:50:00,69.67,100.00
129N04135,2021-03-15 00:00:00,67.00,100.00
129N04135,2021-03-15 00:10:00,65.39,100.00
129N04135,2021-03-15 00:20:00,67.58,100.00
129N04135,2021-03-15 00:30:00,67.00,100.00
129N04135,2021-03-15 00:40:00,65.68,100.00
129N04135,2021-03-15 00:50:00,63.00,100.00
129N04135,2021-03-15 01:00:00,64.15,100.00
129N04135,2021-03-15 01:10:00,65.59,100.00
129N04135,2021-03-15 01:20:00,67.71,100.00
129N04135,2021-03-15 01:30:00,71.59,100.00
129N04135,2021-03-15 01:40:00,73.29,100.00
129N04135,2021-03-15 01:50:00,73.99,100.00
129N04135,2021-03-15 02:00:00,70.24,100.00
129N04135,2021-03-15 02:10:00,66.11,100.00
129N04135,2021-03-15 02:20:00,67.19,100.00
129N04135,2021-03-15 02:30:00,67.00,100.00
129N04135,2021-03-15 02:40:00,65.49,100.00
129N04135,2021-03-15 02:50:00,65.89,100.00
129N04135,2021-03-15 03:00:00,65.98,100.00
129N04135,2021-03-15 03:10:00,69.36,100.00
129N04135,2021-03-15 03:20:00,69.49,100.00
129N04135,2021-03-15 03:30:00,70.48,100.00
129N04135,2021-03-15 03:40:00,71.10,100.00
129N04135,2021-03-15 03:50:00,70.28,100.00
129N04135,2021-03-15 04:00:00,68.54,100.00
129N04135,2021-03-15 04:10:00,72.59,100.00
129N04135,2021-03-15 04:20:00,73.56,100.00
129N04135,2021-03-15 04:30:00,71.09,100.00
129N04135,2021-03-15 04:40:00,70.99,100.00
129N04135,2021-03-15 04:50:00,72.58,100.00
129N04135,2021-03-15 05:00:00,72.15,100.00
129N04135,2021-03-15 05:10:00,72.58,100.00
129N04135,2021-03-15 05:20:00,70.13,100.00
129N04135,2021-03-15 05:30:00,70.13,100.00
129N04135,2021-03-15 05:40:00,68.67,100.00
129N04135,2021-03-15 05:50:00,68.46,100.00
129N04135,2021-03-15 06:00:00,69.16,100.00
129N04135,2021-03-15 06:10:00,67.32,100.00
129N04135,2021-03-15 06:20:00,68.84,100.00
129N04135,2021-03-15 06:30:00,69.23,100.00
129N04135,2021-03-15 06:40:00,68.46,100.00
129N04135,2021-03-15 06:50:00,68.14,100.00
129N04135,2021-03-15 07:00:00,67.46,100.00
129N04135,2021-03-15 07:10:00,68.77,100.00
129N04135,2021-03-15 07:20:00,69.55,100.00
129N04135,2021-03-15 07:30:00,67.35,100.00
129N04135,2021-03-15 07:40:00,67.16,100.00
129N04135,2021-03-15 07:50:00,66.16,100.00
129N04135,2021-03-15 08:00:00,67.80,100.00
129N04135,2021-03-15 08:10:00,67.88,100.00
129N04135,2021-03-15 08:20:00,69.46,100.00
129N04135,2021-03-15 08:30:00,68.24,100.00
129N04135,2021-03-15 08:40:00,67.89,100.00
129N04135,2021-03-15 08:50:00,68.73,100.00
129N04135,2021-03-15 09:00:00,70.48,100.00
129N04135,2021-03-15 09:10:00,72.66,100.00
129N04135,2021-03-15 09:20:00,69.72,100.00
129N04135,2021-03-15 09:30:00,68.79,100.00
129N04135,2021-03-15 09:40:00,67.37,100.00
129N04135,2021-03-15 09:50:00,69.01,100.00
129N04135,2021-03-15 10:00:00,71.07,100.00
129N04135,2021-03-15 10:10:00,69.48,100.00
129N04135,2021-03-15 10:20:00,68.58,100.00
129N04135,2021-03-15 10:30:00,71.37,100.00
129N04135,2021-03-15 10:40:00,71.90,100.00
129N04135,2021-03-15 10:50:00,69.24,100.00
129N04135,2021-03-15 11:00:00,68.72,100.00
129N04135,2021-03-15 11:10:00,71.55,100.00
129N04135,2021-03-15 11:20:00,71.20,100.00
129N04135,2021-03-15 11:30:00,69.52,100.00
129N04135,2021-03-15 11:40:00,68.66,100.00
129N04135,2021-03-15 11:50:00,70.85,100.00
129N04135,2021-03-15 12:00:00,70.76,100.00
129N04135,2021-03-15 12:10:00,67.97,100.00
129N04135,2021-03-15 12:20:00,70.47,100.00
129N04135,2021-03-15 12:30:00,71.52,100.00
129N04135,2021-03-15 12:40:00,69.14,100.00
129N04135,2021-03-15 12:50:00,67.96,100.00
129N04135,2021-03-15 13:00:00,69.56,100.00
129N04135,2021-03-15 13:10:00,70.65,100.00
129N04135,2021-03-15 13:20:00,68.44,100.00
129N04135,2021-03-15 13:30:00,68.94,100.00
129N04135,2021-03-15 13:40:00,69.01,100.00
129N04135,2021-03-15 13:50:00,68.87,100.00
129N04135,2021-03-15 14:00:00,68.45,100.00
129N04135,2021-03-15 14:10:00,68.05,100.00
129N04135,2021-03-15 14:20:00,70.68,100.00
129N04135,2021-03-15 14:30:00,71.25,100.00
129N04135,2021-03-15 14:40:00,70.43,100.00
129N04135,2021-03-15 14:50:00,71.28,100.00
129N04135,2021-03-15 15:00:00,69.48,100.00
129N04135,2021-03-15 15:10:00,68.56,100.00
129N04135,2021-03-15 15:20:00,67.33,100.00
129N04135,2021-03-15 15:30:00,70.11,100.00
129N04135,2021-03-15 15:40:00,70.68,100.00
129N04135,2021-03-15 15:50:00,70.68,100.00
129N04135,2021-03-15 16:00:00,68.16,100.00
129N04135,2021-03-15 16:10:00,69.67,100.00
129N04135,2021-03-15 16:20:00,69.99,100.00
129N04135,2021-03-15 16:30:00,69.69,100.00
129N04135,2021-03-15 16:40:00,70.87,100.00
129N04135,2021-03-15 16:50:00,68.90,100.00
129N04135,2021-03-15 17:00:00,71.08,100.00
129N04135,2021-03-15 17:10:00,69.01,100.00
129N04135,2021-03-15 17:20:00,70.21,100.00
129N04135,2021-03-15 17:30:00,70.23,100.00
129N04135,2021-03-15 17:40:00,70.17,100.00
129N04135,2021-03-15 17:50:00,72.36,100.00
129N04135,2021-03-15 18:00:00,71.14,100.00
129N04135,2021-03-15 18:10:00,71.39,100.00
129N04135,2021-03-15 18:20:00,69.68,100.00
129N04135,2021-03-15 18:30:00,70.23,100.00
129N04135,2021-03-15 18:40:00,71.07,100.00
129N04135,2021-03-15 18:50:00,71.27,100.00
129N04135,2021-03-15 19:00:00,70.58,100.00
129N04135,2021-03-15 19:10:00,70.84,100.00
129N04135,2021-03-15 19:20:00,67.16,100.00
129N04135,2021-03-15 19:30:00,69.34,100.00
129N04135,2021-03-15 19:40:00,68.36,100.00
129N04135,2021-03-15 19:50:00,69.95,100.00
129N04135,2021-03-15 20:00:00,70.88,100.00
129N04135,2021-03-15 20:10:00,71.88,100.00
129N04135,2021-03-15 20:20:00,70.05,100.00
129N04135,2021-03-15 20:30:00,69.56,100.00
129N04135,2021-03-15 20:40:00,70.14,100.00
129N04135,2021-03-15 20:50:00,66.51,100.00
129N04135,2021-03-15 21:00:00,67.99,100.00
129N04135,2021-03-15 21:10:00,69.28,100.00
129N04135,2021-03-15 21:20:00,70.82,100.00
129N04135,2021-03-15 21:30:00,71.67,100.00
129N04135,2021-03-15 21:40:00,70.48,100.00
129N04135,2021-03-15 21:50:00,70.14,100.00
129N04135,2021-03-15 22:00:00,68.54,100.00
129N04135,2021-03-15 22:10:00,70.39,100.00
129N04135,2021-03-15 22:20:00,70.99,100.00
129N04135,2021-03-15 22:30:00,70.56,100.00
129N04135,2021-03-15 22:40:00,67.99,100.00
129N04135,2021-03-15 22:50:00,67.68,100.00
129N04135,2021-03-15 23:00:00,70.49,100.00
129N04135,2021-03-15 23:10:00,71.59,100.00
129N04135,2021-03-15 23:20:00,68.76,100.00
129N04135,2021-03-15 23:30:00,69.40,100.00
129N04135,2021-03-15 23:40:00,65.37,100.00
129N04135,2021-03-15 23:50:00,68.98,100.00
129N04134,2021-03-15 00:00:00,65.98,100.00
129N04134,2021-03-15 00:10:00,63.88,100.00
129N04134,2021-03-15 00:20:00,65.59,100.00
129N04134,2021-03-15 00:30:00,62.40,100.00
129N04134,2021-03-15 00:40:00,59.73,100.00
129N04134,2021-03-15 00:50:00,57.00,99.80
129N04134,2021-03-15 01:00:00,60.06,97.70
129N04134,2021-03-15 01:10:00,63.07,100.00
129N04134,2021-03-15 01:20:00,61.90,100.00
129N04134,2021-03-15 01:30:00,58.18,99.50
129N04134,2021-03-15 01:40:00,59.54,96.50
129N04134,2021-03-15 01:50:00,69.29,100.00
129N04134,2021-03-15 02:00:00,68.58,100.00
129N04134,2021-03-15 02:10:00,64.29,100.00
129N04134,2021-03-15 02:20:00,60.18,100.00
129N04134,2021-03-15 02:30:00,58.66,100.00
129N04134,2021-03-15 02:40:00,66.76,100.00
129N04134,2021-03-15 02:50:00,66.00,100.00
129N04134,2021-03-15 03:00:00,65.20,100.00
129N04134,2021-03-15 03:10:00,67.07,100.00
129N04134,2021-03-15 03:20:00,66.69,100.00
129N04134,2021-03-15 03:30:00,66.82,100.00
129N04134,2021-03-15 03:40:00,68.29,100.00
129N04134,2021-03-15 03:50:00,69.49,100.00
129N04134,2021-03-15 04:00:00,68.88,100.00
129N04134,2021-03-15 04:10:00,71.82,100.00
129N04134,2021-03-15 04:20:00,67.57,100.00
129N04134,2021-03-15 04:30:00,66.86,100.00
129N04134,2021-03-15 04:40:00,69.95,100.00
129N04134,2021-03-15 04:50:00,70.70,100.00
129N04134,2021-03-15 05:00:00,70.40,100.00
129N04134,2021-03-15 05:10:00,71.98,99.50
129N04134,2021-03-15 05:20:00,71.29,97.50
129N04134,2021-03-15 05:30:00,70.67,96.00
129N04134,2021-03-15 05:40:00,68.68,94.50
129N04134,2021-03-15 05:50:00,68.94,94.70
129N04134,2021-03-15 06:00:00,65.05,96.40
129N04134,2021-03-15 06:10:00,65.13,95.40
129N04134,2021-03-15 06:20:00,65.15,97.30
129N04134,2021-03-15 06:30:00,64.97,98.80
129N04134,2021-03-15 06:40:00,65.04,100.00
129N04134,2021-03-15 06:50:00,64.38,100.00
129N04134,2021-03-15 07:00:00,68.17,100.00
129N04134,2021-03-15 07:10:00,63.90,100.00
129N04134,2021-03-15 07:20:00,67.76,100.00
129N04134,2021-03-15 07:30:00,63.69,100.00
129N04134,2021-03-15 07:40:00,64.48,100.00
129N04134,2021-03-15 07:50:00,63.65,100.00
129N04134,2021-03-15 08:00:00,62.46,100.00
129N04134,2021-03-15 08:10:00,63.94,100.00
129N04134,2021-03-15 08:20:00,65.51,100.00
129N04134,2021-03-15 08:30:00,66.80,100.00
129N04134,2021-03-15 08:40:00,64.50,100.00
129N04134,2021-03-15 08:50:00,62.64,100.00
129N04134,2021-03-15 09:00:00,63.40,100.00
129N04134,2021-03-15 09:10:00,63.88,100.00
129N04134,2021-03-15 09:20:00,64.48,100.00
129N04134,2021-03-15 09:30:00,61.08,100.00
129N04134,2021-03-15 09:40:00,65.69,100.00
129N04134,2021-03-15 09:50:00,64.86,100.00
129N04134,2021-03-15 10:00:00,63.80,100.00
129N04134,2021-03-15 10:10:00,66.43,100.00
129N04134,2021-03-15 10:20:00,62.92,100.00
129N04134,2021-03-15 10:30:00,65.33,100.00
129N04134,2021-03-15 10:40:00,62.99,100.00
129N04134,2021-03-15 10:50:00,64.52,100.00
129N04134,2021-03-15 11:00:00,62.36,100.00
129N04134,2021-03-15 11:10:00,65.30,100.00
129N04134,2021-03-15 11:20:00,64.80,100.00
129N04134,2021-03-15 11:30:00,59.89,100.00
129N04134,2021-03-15 11:40:00,62.88,100.00
129N04134,2021-03-15 11:50:00,65.49,100.00
129N04134,2021-03-15 12:00:00,66.17,100.00
129N04134,2021-03-15 12:10:00,63.99,100.00
129N04134,2021-03-15 12:20:00,61.95,100.00
129N04134,2021-03-15 12:30:00,63.18,100.00
129N04134,2021-03-15 12:40:00,64.66,100.00
129N04134,2021-03-15 12:50:00,65.83,100.00
129N04134,2021-03-15 13:00:00,63.52,100.00
129N04134,2021-03-15 13:10:00,67.41,100.00
129N04134,2021-03-15 13:20:00,62.96,100.00
129N04134,2021-03-15 13:30:00,65.19,100.00
129N04134,2021-03-15 13:40:00,63.16,100.00
129N04134,2021-03-15 13:50:00,63.93,100.00
129N04134,2021-03-15 14:00:00,61.68,100.00
129N04134,2021-03-15 14:10:00,62.62,100.00
129N04134,2021-03-15 14:20:00,66.91,100.00
129N04134,2021-03-15 14:30:00,66.08,100.00
129N04134,2021-03-15 14:40:00,63.68,100.00
129N04134,2021-03-15 14:50:00,66.10,100.00
129N04134,2021-03-15 15:00:00,62.65,100.00
129N04134,2021-03-15 15:10:00,60.45,100.00
129N04134,2021-03-15 15:20:00,63.51,100.00
129N04134,2021-03-15 15:30:00,58.39,100.00
129N04134,2021-03-15 15:40:00,63.19,100.00
129N04134,2021-03-15 15:50:00,64.54,100.00
129N04134,2021-03-15 16:00:00,61.16,100.00
129N04134,2021-03-15 16:10:00,60.21,100.00
129N04134,2021-03-15 16:20:00,65.07,100.00
129N04134,2021-03-15 16:30:00,64.43,100.00
129N04134,2021-03-15 16:40:00,62.77,100.00
129N04134,2021-03-15 16:50:00,65.67,100.00
129N04134,2021-03-15 17:00:00,65.47,100.00
129N04134,2021-03-15 17:10:00,64.01,100.00
129N04134,2021-03-15 17:20:00,64.53,100.00
129N04134,2021-03-15 17:30:00,64.60,100.00
129N04134,2021-03-15 17:40:00,66.27,100.00
129N04134,2021-03-15 17:50:00,66.47,100.00
129N04134,2021-03-15 18:00:00,65.66,100.00
129N04134,2021-03-15 18:10:00,67.08,100.00
129N04134,2021-03-15 18:20:00,63.72,100.00
129N04134,2021-03-15 18:30:00,62.68,100.00
129N04134,2021-03-15 18:40:00,66.00,100.00
129N04134,2021-03-15 18:50:00,66.65,100.00
129N04134,2021-03-15 19:00:00,64.67,100.00
129N04134,2021-03-15 19:10:00,68.10,100.00
129N04134,2021-03-15 19:20:00,62.03,100.00
129N04134,2021-03-15 19:30:00,67.35,100.00
129N04134,2021-03-15 19:40:00,64.73,100.00
129N04134,2021-03-15 19:50:00,62.78,100.00
129N04134,2021-03-15 20:00:00,66.83,100.00
129N04134,2021-03-15 20:10:00,59.52,100.00
129N04134,2021-03-15 20:20:00,61.49,100.00
129N04134,2021-03-15 20:30:00,61.61,100.00
129N04134,2021-03-15 20:40:00,63.28,100.00
129N04134,2021-03-15 20:50:00,61.53,100.00
129N04134,2021-03-15 21:00:00,59.20,100.00
129N04134,2021-03-15 21:10:00,61.68,100.00
129N04134,2021-03-15 21:20:00,62.67,100.00
129N04134,2021-03-15 21:30:00,61.03,100.00
129N04134,2021-03-15 21:40:00,65.84,100.00
129N04134,2021-03-15 21:50:00,67.34,100.00
129N04134,2021-03-15 22:00:00,63.22,100.00
129N04134,2021-03-15 22:10:00,64.95,100.00
129N04134,2021-03-15 22:20:00,65.12,100.00
129N04134,2021-03-15 22:30:00,62.81,100.00
129N04134,2021-03-15 22:40:00,62.21,100.00
129N04134,2021-03-15 22:50:00,61.95,100.00
129N04134,2021-03-15 23:00:00,65.60,100.00
129N04134,2021-03-15 23:10:00,70.30,100.00
129N04134,2021-03-15 23:20:00,63.54,100.00
129N04134,2021-03-15 23:30:00,60.67,100.00
129N04134,2021-03-15 23:40:00,58.96,100.00
129N04134,2021-03-15 23:50:00,65.93,100.00
129N04137,2021-03-15 00:00:00,71.80,100.00
129N04137,2021-03-15 00:10:00,70.99,100.00
129N04137,2021-03-15 00:20:00,71.00,100.00
129N04137,2021-03-15 00:30:00,71.00,100.00
129N04137,2021-03-15 00:40:00,68.88,97.00
129N04137,2021-03-15 00:50:00,63.66,98.00
129N04137,2021-03-15 01:00:00,67.17,100.00
129N04137,2021-03-15 01:10:00,68.00,100.00
129N04137,2021-03-15 01:20:00,69.67,100.00
129N04137,2021-03-15 01:30:00,70.09,100.00
129N04137,2021-03-15 01:40:00,71.27,100.00
129N04137,2021-03-15 01:50:00,69.20,100.00
129N04137,2021-03-15 02:00:00,67.10,100.00
129N04137,2021-03-15 02:10:00,68.63,100.00
129N04137,2021-03-15 02:20:00,68.09,100.00
129N04137,2021-03-15 02:30:00,67.99,100.00
129N04137,2021-03-15 02:40:00,64.16,100.00
129N04137,2021-03-15 02:50:00,64.66,100.00
129N04137,2021-03-15 03:00:00,64.77,100.00
129N04137,2021-03-15 03:10:00,67.78,100.00
129N04137,2021-03-15 03:20:00,59.15,100.00
129N04137,2021-03-15 03:30:00,65.00,100.00
129N04137,2021-03-15 03:40:00,66.60,100.00
129N04137,2021-03-15 03:50:00,71.09,100.00
129N04137,2021-03-15 04:00:00,68.03,100.00
129N04137,2021-03-15 04:10:00,71.17,100.00
129N04137,2021-03-15 04:20:00,74.34,100.00
129N04137,2021-03-15 04:30:00,73.17,100.00
129N04137,2021-03-15 04:40:00,70.02,100.00
129N04137,2021-03-15 04:50:00,72.01,100.00
129N04137,2021-03-15 05:00:00,71.56,100.00
129N04137,2021-03-15 05:10:00,75.20,100.00
129N04137,2021-03-15 05:20:00,73.21,100.00
129N04137,2021-03-15 05:30:00,71.08,100.00
129N04137,2021-03-15 05:40:00,69.88,100.00
129N04137,2021-03-15 05:50:00,69.19,100.00
129N04137,2021-03-15 06:00:00,71.03,100.00
129N04137,2021-03-15 06:10:00,69.36,100.00
129N04137,2021-03-15 06:20:00,68.02,100.00
129N04137,2021-03-15 06:30:00,70.16,100.00
129N04137,2021-03-15 06:40:00,68.84,100.00
129N04137,2021-03-15 06:50:00,69.26,100.00
129N04137,2021-03-15 07:00:00,70.98,100.00
129N04137,2021-03-15 07:10:00,69.77,100.00
129N04137,2021-03-15 07:20:00,69.23,100.00
129N04137,2021-03-15 07:30:00,68.56,100.00
129N04137,2021-03-15 07:40:00,67.52,100.00
129N04137,2021-03-15 07:50:00,68.03,100.00
129N04137,2021-03-15 08:00:00,69.32,100.00
129N04137,2021-03-15 08:10:00,69.03,100.00
129N04137,2021-03-15 08:20:00,68.64,100.00
129N04137,2021-03-15 08:30:00,69.56,100.00
129N04137,2021-03-15 08:40:00,69.17,100.00
129N04137,2021-03-15 08:50:00,68.85,100.00
129N04137,2021-03-15 09:00:00,72.28,100.00
129N04137,2021-03-15 09:10:00,71.34,100.00
129N04137,2021-03-15 09:20:00,70.54,100.00
129N04137,2021-03-15 09:30:00,68.82,100.00
129N04137,2021-03-15 09:40:00,67.87,100.00
129N04137,2021-03-15 09:50:00,70.56,100.00
129N04137,2021-03-15 10:00:00,69.51,100.00
129N04137,2021-03-15 10:10:00,70.13,100.00
129N04137,2021-03-15 10:20:00,68.15,100.00
129N04137,2021-03-15 10:30:00,70.21,100.00
129N04137,2021-03-15 10:40:00,69.54,100.00
129N04137,2021-03-15 10:50:00,69.59,100.00
129N04137,2021-03-15 11:00:00,69.52,100.00
129N04137,2021-03-15 11:10:00,69.15,100.00
129N04137,2021-03-15 11:20:00,69.95,100.00
129N04137,2021-03-15 11:30:00,69.40,100.00
129N04137,2021-03-15 11:40:00,70.38,100.00
129N04137,2021-03-15 11:50:00,70.35,100.00
129N04137,2021-03-15 12:00:00,70.46,100.00
129N04137,2021-03-15 12:10:00,70.04,100.00
129N04137,2021-03-15 12:20:00,67.53,100.00
129N04137,2021-03-15 12:30:00,71.72,100.00
129N04137,2021-03-15 12:40:00,70.97,100.00
129N04137,2021-03-15 12:50:00,68.59,100.00
129N04137,2021-03-15 13:00:00,67.93,100.00
129N04137,2021-03-15 13:10:00,72.02,100.00
129N04137,2021-03-15 13:20:00,68.64,100.00
129N04137,2021-03-15 13:30:00,68.25,100.00
129N04137,2021-03-15 13:40:00,69.95,100.00
129N04137,2021-03-15 13:50:00,67.74,100.00
129N04137,2021-03-15 14:00:00,67.48,100.00
129N04137,2021-03-15 14:10:00,70.17,100.00
129N04137,2021-03-15 14:20:00,70.77,100.00
129N04137,2021-03-15 14:30:00,70.47,100.00
129N04137,2021-03-15 14:40:00,69.86,100.00
129N04137,2021-03-15 14:50:00,70.47,100.00
129N04137,2021-03-15 15:00:00,70.09,100.00
129N04137,2021-03-15 15:10:00,69.22,100.00
129N04137,2021-03-15 15:20:00,69.40,100.00
129N04137,2021-03-15 15:30:00,71.17,100.00
129N04137,2021-03-15 15:40:00,70.28,100.00
129N04137,2021-03-15 15:50:00,70.27,100.00
129N04137,2021-03-15 16:00:00,69.32,100.00
129N04137,2021-03-15 16:10:00,69.23,100.00
129N04137,2021-03-15 16:20:00,70.00,100.00
129N04137,2021-03-15 16:30:00,69.26,100.00
129N04137,2021-03-15 16:40:00,70.07,100.00
129N04137,2021-03-15 16:50:00,68.28,100.00
129N04137,2021-03-15 17:00:00,72.19,100.00
129N04137,2021-03-15 17:10:00,68.36,100.00
129N04137,2021-03-15 17:20:00,71.33,100.00
129N04137,2021-03-15 17:30:00,72.49,100.00
129N04137,2021-03-15 17:40:00,69.17,100.00
129N04137,2021-03-15 17:50:00,73.14,100.00
129N04137,2021-03-15 18:00:00,70.06,100.00
129N04137,2021-03-15 18:10:00,69.96,100.00
129N04137,2021-03-15 18:20:00,70.36,100.00
129N04137,2021-03-15 18:30:00,71.05,100.00
129N04137,2021-03-15 18:40:00,71.86,100.00
129N04137,2021-03-15 18:50:00,71.54,100.00
129N04137,2021-03-15 19:00:00,70.95,100.00
129N04137,2021-03-15 19:10:00,70.54,100.00
129N04137,2021-03-15 19:20:00,67.72,100.00
129N04137,2021-03-15 19:30:00,71.29,100.00
129N04137,2021-03-15 19:40:00,67.82,100.00
129N04137,2021-03-15 19:50:00,68.37,100.00
129N04137,2021-03-15 20:00:00,70.88,100.00
129N04137,2021-03-15 20:10:00,70.18,100.00
129N04137,2021-03-15 20:20:00,67.82,100.00
129N04137,2021-03-15 20:30:00,69.87,100.00
129N04137,2021-03-15 20:40:00,70.16,100.00
129N04137,2021-03-15 20:50:00,70.49,100.00
129N04137,2021-03-15 21:00:00,70.99,100.00
129N04137,2021-03-15 21:10:00,69.79,100.00
129N04137,2021-03-15 21:20:00,70.85,100.00
129N04137,2021-03-15 21:30:00,69.68,100.00
129N04137,2021-03-15 21:40:00,69.75,100.00
129N04137,2021-03-15 21:50:00,72.88,100.00
129N04137,2021-03-15 22:00:00,69.37,100.00
129N04137,2021-03-15 22:10:00,72.79,100.00
129N04137,2021-03-15 22:20:00,72.59,100.00
129N04137,2021-03-15 22:30:00,70.73,100.00
129N04137,2021-03-15 22:40:00,68.28,100.00
129N04137,2021-03-15 22:50:00,70.67,100.00
129N04137,2021-03-15 23:00:00,69.59,100.00
129N04137,2021-03-15 23:10:00,71.59,100.00
129N04137,2021-03-15 23:20:00,69.17,100.00
129N04137,2021-03-15 23:30:00,67.59,100.00
129N04137,2021-03-15 23:40:00,68.72,100.00
129N04137,2021-03-15 23:50:00,71.40,100.00
129N04136,2021-03-15 00:00:00,69.99,100.00
129N04136,2021-03-15 00:10:00,71.39,100.00
129N04136,2021-03-15 00:20:00,71.00,100.00
129N04136,2021-03-15 00:30:00,69.79,100.00
129N04136,2021-03-15 00:40:00,67.17,100.00
129N04136,2021-03-15 00:50:00,64.18,100.00
129N04136,2021-03-15 01:00:00,67.95,100.00
129N04136,2021-03-15 01:10:00,67.00,100.00
129N04136,2021-03-15 01:20:00,70.80,100.00
129N04136,2021-03-15 01:30:00,73.19,100.00
129N04136,2021-03-15 01:40:00,73.98,100.00
129N04136,2021-03-15 01:50:00,70.90,100.00
129N04136,2021-03-15 02:00:00,70.00,100.00
129N04136,2021-03-15 02:10:00,67.28,100.00
129N04136,2021-03-15 02:20:00,66.80,100.00
129N04136,2021-03-15 02:30:00,66.59,100.00
129N04136,2021-03-15 02:40:00,66.19,100.00
129N04136,2021-03-15 02:50:00,64.36,100.00
129N04136,2021-03-15 03:00:00,64.56,100.00
129N04136,2021-03-15 03:10:00,66.93,100.00
129N04136,2021-03-15 03:20:00,68.59,100.00
129N04136,2021-03-15 03:30:00,74.18,100.00
129N04136,2021-03-15 03:40:00,74.59,100.00
129N04136,2021-03-15 03:50:00,71.32,100.00
129N04136,2021-03-15 04:00:00,71.77,100.00
129N04136,2021-03-15 04:10:00,71.49,100.00
129N04136,2021-03-15 04:20:00,74.69,100.00
129N04136,2021-03-15 04:30:00,71.87,100.00
129N04136,2021-03-15 04:40:00,70.35,100.00
129N04136,2021-03-15 04:50:00,73.25,100.00
129N04136,2021-03-15 05:00:00,71.96,100.00
129N04136,2021-03-15 05:10:00,72.99,100.00
129N04136,2021-03-15 05:20:00,72.45,100.00
129N04136,2021-03-15 05:30:00,70.12,100.00
129N04136,2021-03-15 05:40:00,69.99,100.00
129N04136,2021-03-15 05:50:00,68.98,100.00
129N04136,2021-03-15 06:00:00,70.37,100.00
129N04136,2021-03-15 06:10:00,67.95,100.00
129N04136,2021-03-15 06:20:00,68.88,100.00
129N04136,2021-03-15 06:30:00,69.47,100.00
129N04136,2021-03-15 06:40:00,68.05,100.00
129N04136,2021-03-15 06:50:00,68.88,100.00
129N04136,2021-03-15 07:00:00,70.18,100.00
129N04136,2021-03-15 07:10:00,69.05,100.00
129N04136,2021-03-15 07:20:00,70.16,100.00
129N04136,2021-03-15 07:30:00,68.25,100.00
129N04136,2021-03-15 07:40:00,67.09,100.00
129N04136,2021-03-15 07:50:00,67.47,100.00
129N04136,2021-03-15 08:00:00,68.38,100.00
129N04136,2021-03-15 08:10:00,68.73,100.00
129N04136,2021-03-15 08:20:00,69.38,100.00
129N04136,2021-03-15 08:30:00,69.84,100.00
129N04136,2021-03-15 08:40:00,69.48,100.00
129N04136,2021-03-15 08:50:00,68.27,100.00
129N04136,2021-03-15 09:00:00,70.56,100.00
129N04136,2021-03-15 09:10:00,71.35,100.00
129N04136,2021-03-15 09:20:00,69.89,100.00
129N04136,2021-03-15 09:30:00,68.68,100.00
129N04136,2021-03-15 09:40:00,67.02,100.00
129N04136,2021-03-15 09:50:00,70.38,100.00
129N04136,2021-03-15 10:00:00,70.55,100.00
129N04136,2021-03-15 10:10:00,69.64,100.00
129N04136,2021-03-15 10:20:00,69.88,100.00
129N04136,2021-03-15 10:30:00,71.86,100.00
129N04136,2021-03-15 10:40:00,71.34,100.00
129N04136,2021-03-15 10:50:00,69.99,100.00
129N04136,2021-03-15 11:00:00,70.04,100.00
129N04136,2021-03-15 11:10:00,70.53,100.00
129N04136,2021-03-15 11:20:00,70.23,100.00
129N04136,2021-03-15 11:30:00,69.29,100.00
129N04136,2021-03-15 11:40:00,70.36,100.00
129N04136,2021-03-15 11:50:00,70.27,100.00
129N04136,2021-03-15 12:00:00,70.01,100.00
129N04136,2021-03-15 12:10:00,67.89,100.00
129N04136,2021-03-15 12:20:00,69.67,100.00
129N04136,2021-03-15 12:30:00,71.65,100.00
129N04136,2021-03-15 12:40:00,71.27,100.00
129N04136,2021-03-15 12:50:00,68.34,100.00
129N04136,2021-03-15 13:00:00,69.14,100.00
129N04136,2021-03-15 13:10:00,72.56,100.00
129N04136,2021-03-15 13:20:00,67.68,100.00
129N04136,2021-03-15 13:30:00,70.29,100.00
129N04136,2021-03-15 13:40:00,71.53,100.00
129N04136,2021-03-15 13:50:00,68.14,100.00
129N04136,2021-03-15 14:00:00,68.88,100.00
129N04136,2021-03-15 14:10:00,69.29,100.00
129N04136,2021-03-15 14:20:00,69.76,100.00
129N04136,2021-03-15 14:30:00,69.39,100.00
129N04136,2021-03-15 14:40:00,68.78,100.00
129N04136,2021-03-15 14:50:00,71.88,100.00
129N04136,2021-03-15 15:00:00,68.66,100.00
129N04136,2021-03-15 15:10:00,68.84,100.00
129N04136,2021-03-15 15:20:00,68.32,100.00
129N04136,2021-03-15 15:30:00,70.17,100.00
129N04136,2021-03-15 15:40:00,69.58,100.00
129N04136,2021-03-15 15:50:00,68.19,100.00
129N04136,2021-03-15 16:00:00,69.58,100.00
129N04136,2021-03-15 16:10:00,69.43,100.00
129N04136,2021-03-15 16:20:00,70.39,100.00
129N04136,2021-03-15 16:30:00,70.37,100.00
129N04136,2021-03-15 16:40:00,70.49,100.00
129N04136,2021-03-15 16:50:00,69.75,100.00
129N04136,2021-03-15 17:00:00,71.20,100.00
129N04136,2021-03-15 17:10:00,68.36,100.00
129N04136,2021-03-15 17:20:00,69.82,100.00
129N04136,2021-03-15 17:30:00,71.15,100.00
129N04136,2021-03-15 17:40:00,69.98,100.00
129N04136,2021-03-15 17:50:00,71.26,100.00
129N04136,2021-03-15 18:00:00,70.88,100.00
129N04136,2021-03-15 18:10:00,70.27,100.00
129N04136,2021-03-15 18:20:00,69.39,100.00
129N04136,2021-03-15 18:30:00,69.08,100.00
129N04136,2021-03-15 18:40:00,71.28,100.00
129N04136,2021-03-15 18:50:00,70.47,100.00
129N04136,2021-03-15 19:00:00,69.29,100.00
129N04136,2021-03-15 19:10:00,70.16,100.00
129N04136,2021-03-15 19:20:00,69.67,100.00
129N04136,2021-03-15 19:30:00,69.99,100.00
129N04136,2021-03-15 19:40:00,69.76,100.00
129N04136,2021-03-15 19:50:00,68.97,100.00
129N04136,2021-03-15 20:00:00,72.27,100.00
129N04136,2021-03-15 20:10:00,69.27,100.00
129N04136,2021-03-15 20:20:00,71.13,100.00
129N04136,2021-03-15 20:30:00,70.45,100.00
129N04136,2021-03-15 20:40:00,69.75,100.00
129N04136,2021-03-15 20:50:00,68.68,100.00
129N04136,2021-03-15 21:00:00,69.19,100.00
129N04136,2021-03-15 21:10:00,70.18,100.00
129N04136,2021-03-15 21:20:00,70.45,100.00
129N04136,2021-03-15 21:30:00,71.36,100.00
129N04136,2021-03-15 21:40:00,71.24,100.00
129N04136,2021-03-15 21:50:00,72.64,100.00
129N04136,2021-03-15 22:00:00,68.48,100.00
129N04136,2021-03-15 22:10:00,70.70,100.00
129N04136,2021-03-15 22:20:00,71.19,100.00
129N04136,2021-03-15 22:30:00,70.05,100.00
129N04136,2021-03-15 22:40:00,65.88,100.00
129N04136,2021-03-15 22:50:00,68.06,100.00
129N04136,2021-03-15 23:00:00,69.79,100.00
129N04136,2021-03-15 23:10:00,71.29,100.00
129N04136,2021-03-15 23:20:00,69.68,100.00
129N04136,2021-03-15 23:30:00,69.00,100.00
129N04136,2021-03-15 23:40:00,68.96,100.00
129N04136,2021-03-15 23:50:00,69.10,100.00
129N04131,2021-03-15 00:00:00,65.50,100.00
129N04131,2021-03-15 00:10:00,67.29,100.00
129N04131,2021-03-15 00:20:00,70.50,100.00
129N04131,2021-03-15 00:30:00,66.91,100.00
129N04131,2021-03-15 00:40:00,65.10,100.00
129N04131,2021-03-15 00:50:00,63.70,100.00
129N04131,2021-03-15 01:00:00,66.56,96.90
129N04131,2021-03-15 01:10:00,69.57,100.00
129N04131,2021-03-15 01:20:00,66.00,100.00
129N04131,2021-03-15 01:30:00,63.30,100.00
129N04131,2021-03-15 01:40:00,61.43,94.00
129N04131,2021-03-15 01:50:00,70.69,100.00
129N04131,2021-03-15 02:00:00,67.56,100.00
129N04131,2021-03-15 02:10:00,65.89,100.00
129N04131,2021-03-15 02:20:00,65.00,100.00
129N04131,2021-03-15 02:30:00,65.00,100.00
129N04131,2021-03-15 02:40:00,69.85,100.00
129N04131,2021-03-15 02:50:00,67.88,100.00
129N04131,2021-03-15 03:00:00,65.20,100.00
129N04131,2021-03-15 03:10:00,63.66,100.00
129N04131,2021-03-15 03:20:00,65.36,100.00
129N04131,2021-03-15 03:30:00,64.82,100.00
129N04131,2021-03-15 03:40:00,69.39,100.00
129N04131,2021-03-15 03:50:00,70.86,100.00
129N04131,2021-03-15 04:00:00,72.18,100.00
129N04131,2021-03-15 04:10:00,71.76,100.00
129N04131,2021-03-15 04:20:00,72.85,100.00
129N04131,2021-03-15 04:30:00,71.53,100.00
129N04131,2021-03-15 04:40:00,72.39,100.00
129N04131,2021-03-15 04:50:00,70.98,100.00
129N04131,2021-03-15 05:00:00,73.08,100.00
129N04131,2021-03-15 05:10:00,69.76,100.00
129N04131,2021-03-15 05:20:00,71.29,100.00
129N04131,2021-03-15 05:30:00,70.08,100.00
129N04131,2021-03-15 05:40:00,68.17,100.00
129N04131,2021-03-15 05:50:00,68.08,100.00
129N04131,2021-03-15 06:00:00,67.87,100.00
129N04131,2021-03-15 06:10:00,67.56,100.00
129N04131,2021-03-15 06:20:00,56.51,100.00
129N04131,2021-03-15 06:30:00,65.59,96.40
129N04131,2021-03-15 06:40:00,67.17,91.40
129N04131,2021-03-15 06:50:00,66.97,90.10
129N04131,2021-03-15 07:00:00,67.96,90.30
129N04131,2021-03-15 07:10:00,66.70,91.80
129N04131,2021-03-15 07:20:00,67.37,90.10
129N04131,2021-03-15 07:30:00,67.76,90.20
129N04131,2021-03-15 07:40:00,66.27,90.80
129N04131,2021-03-15 07:50:00,68.55,90.70
129N04131,2021-03-15 08:00:00,67.14,92.60
129N04131,2021-03-15 08:10:00,68.08,93.70
129N04131,2021-03-15 08:20:00,70.07,91.90
129N04131,2021-03-15 08:30:00,69.47,99.10
129N04131,2021-03-15 08:40:00,68.31,100.00
129N04131,2021-03-15 08:50:00,69.26,100.00
129N04131,2021-03-15 09:00:00,68.76,100.00
129N04131,2021-03-15 09:10:00,69.37,100.00
129N04131,2021-03-15 09:20:00,69.84,100.00
129N04131,2021-03-15 09:30:00,68.47,100.00
129N04131,2021-03-15 09:40:00,68.77,100.00
129N04131,2021-03-15 09:50:00,69.59,100.00
129N04131,2021-03-15 10:00:00,70.16,100.00
129N04131,2021-03-15 10:10:00,67.78,100.00
129N04131,2021-03-15 10:20:00,69.58,100.00
129N04131,2021-03-15 10:30:00,65.77,100.00
129N04131,2021-03-15 10:40:00,68.34,100.00
129N04131,2021-03-15 10:50:00,68.85,100.00
129N04131,2021-03-15 11:00:00,68.67,100.00
129N04131,2021-03-15 11:10:00,69.31,100.00
129N04131,2021-03-15 11:20:00,70.70,100.00
129N04131,2021-03-15 11:30:00,67.37,100.00
129N04131,2021-03-15 11:40:00,66.90,100.00
129N04131,2021-03-15 11:50:00,68.69,100.00
129N04131,2021-03-15 12:00:00,69.49,100.00
129N04131,2021-03-15 12:10:00,67.35,100.00
129N04131,2021-03-15 12:20:00,69.21,100.00
129N04131,2021-03-15 12:30:00,69.56,100.00
129N04131,2021-03-15 12:40:00,70.67,100.00
129N04131,2021-03-15 12:50:00,70.25,100.00
129N04131,2021-03-15 13:00:00,69.27,100.00
129N04131,2021-03-15 13:10:00,70.25,100.00
129N04131,2021-03-15 13:20:00,68.87,100.00
129N04131,2021-03-15 13:30:00,68.58,100.00
129N04131,2021-03-15 13:40:00,67.77,100.00
129N04131,2021-03-15 13:50:00,67.79,100.00
129N04131,2021-03-15 14:00:00,69.18,100.00
129N04131,2021-03-15 14:10:00,67.95,100.00
129N04131,2021-03-15 14:20:00,68.69,100.00
129N04131,2021-03-15 14:30:00,67.15,100.00
129N04131,2021-03-15 14:40:00,71.17,100.00
129N04131,2021-03-15 14:50:00,68.41,100.00
129N04131,2021-03-15 15:00:00,68.48,100.00
129N04131,2021-03-15 15:10:00,67.37,100.00
129N04131,2021-03-15 15:20:00,71.20,100.00
129N04131,2021-03-15 15:30:00,67.50,100.00
129N04131,2021-03-15 15:40:00,66.58,100.00
129N04131,2021-03-15 15:50:00,65.92,100.00
129N04131,2021-03-15 16:00:00,67.35,100.00
129N04131,2021-03-15 16:10:00,69.01,100.00
129N04131,2021-03-15 16:20:00,67.89,100.00
129N04131,2021-03-15 16:30:00,68.28,100.00
129N04131,2021-03-15 16:40:00,70.37,100.00
129N04131,2021-03-15 16:50:00,69.83,100.00
129N04131,2021-03-15 17:00:00,70.86,100.00
129N04131,2021-03-15 17:10:00,68.44,100.00
129N04131,2021-03-15 17:20:00,69.56,100.00
129N04131,2021-03-15 17:30:00,68.87,100.00
129N04131,2021-03-15 17:40:00,69.29,100.00
129N04131,2021-03-15 17:50:00,68.88,100.00
129N04131,2021-03-15 18:00:00,70.96,100.00
129N04131,2021-03-15 18:10:00,69.57,100.00
129N04131,2021-03-15 18:20:00,69.86,100.00
129N04131,2021-03-15 18:30:00,70.69,100.00
129N04131,2021-03-15 18:40:00,71.06,100.00
129N04131,2021-03-15 18:50:00,70.29,100.00
129N04131,2021-03-15 19:00:00,69.68,100.00
129N04131,2021-03-15 19:10:00,70.29,100.00
129N04131,2021-03-15 19:20:00,70.87,100.00
129N04131,2021-03-15 19:30:00,69.35,99.90
129N04131,2021-03-15 19:40:00,69.85,100.00
129N04131,2021-03-15 19:50:00,68.34,100.00
129N04131,2021-03-15 20:00:00,68.38,100.00
129N04131,2021-03-15 20:10:00,69.27,100.00
129N04131,2021-03-15 20:20:00,69.40,100.00
129N04131,2021-03-15 20:30:00,72.22,100.00
129N04131,2021-03-15 20:40:00,69.19,100.00
129N04131,2021-03-15 20:50:00,68.68,100.00
129N04131,2021-03-15 21:00:00,68.07,100.00
129N04131,2021-03-15 21:10:00,69.25,100.00
129N04131,2021-03-15 21:20:00,68.27,100.00
129N04131,2021-03-15 21:30:00,66.78,100.00
129N04131,2021-03-15 21:40:00,68.54,100.00
129N04131,2021-03-15 21:50:00,67.89,100.00
129N04131,2021-03-15 22:00:00,66.77,100.00
129N04131,2021-03-15 22:10:00,68.70,100.00
129N04131,2021-03-15 22:20:00,68.51,100.00
129N04131,2021-03-15 22:30:00,69.82,100.00
129N04131,2021-03-15 22:40:00,67.56,100.00
129N04131,2021-03-15 22:50:00,68.20,100.00
129N04131,2021-03-15 23:00:00,61.95,99.10
129N04131,2021-03-15 23:10:00,70.39,100.00
129N04131,2021-03-15 23:20:00,70.23,100.00
129N04131,2021-03-15 23:30:00,62.64,100.00
129N04131,2021-03-15 23:40:00,67.09,100.00
129N04131,2021-03-15 23:50:00,69.57,100.00
129N04098,2021-03-15 00:00:00,70.18,100.00
129N04098,2021-03-15 00:10:00,66.00,100.00
129N04098,2021-03-15 00:20:00,66.00,100.00
129N04098,2021-03-15 00:30:00,57.78,98.00
129N04098,2021-03-15 00:40:00,64.40,100.00
129N04098,2021-03-15 00:50:00,63.70,100.00
129N04098,2021-03-15 01:00:00,63.10,94.00
129N04098,2021-03-15 01:10:00,63.00,90.00
129N04098,2021-03-15 01:20:00,53.85,90.00
129N04098,2021-03-15 01:30:00,54.05,98.57
129N04098,2021-03-15 01:40:00,58.76,100.00
129N04098,2021-03-15 01:50:00,61.99,100.00
129N04098,2021-03-15 02:00:00,63.29,100.00
129N04098,2021-03-15 02:10:00,62.40,100.00
129N04098,2021-03-15 02:20:00,61.80,100.00
129N04098,2021-03-15 02:30:00,61.01,100.00
129N04098,2021-03-15 02:40:00,65.29,100.00
129N04098,2021-03-15 02:50:00,65.10,100.00
129N04098,2021-03-15 03:00:00,63.39,92.00
129N04098,2021-03-15 03:10:00,60.36,93.00
129N04098,2021-03-15 03:20:00,53.10,100.00
129N04098,2021-03-15 03:30:00,55.02,96.00
129N04098,2021-03-15 03:40:00,59.49,100.00
129N04098,2021-03-15 03:50:00,60.00,100.00
129N04098,2021-03-15 04:00:00,60.59,100.00
129N04098,2021-03-15 04:10:00,65.95,100.00
129N04098,2021-03-15 04:20:00,64.26,100.00
129N04098,2021-03-15 04:30:00,62.89,100.00
129N04098,2021-03-15 04:40:00,64.64,100.00
129N04098,2021-03-15 04:50:00,70.20,100.00
129N04098,2021-03-15 05:00:00,68.56,100.00
129N04098,2021-03-15 05:10:00,69.87,100.00
129N04098,2021-03-15 05:20:00,67.94,100.00
129N04098,2021-03-15 05:30:00,69.25,100.00
129N04098,2021-03-15 05:40:00,67.40,100.00
129N04098,2021-03-15 05:50:00,65.85,100.00
129N04098,2021-03-15 06:00:00,67.74,100.00
129N04098,2021-03-15 06:10:00,67.94,100.00
129N04098,2021-03-15 06:20:00,66.53,100.00
129N04098,2021-03-15 06:30:00,62.44,100.00
129N04098,2021-03-15 06:40:00,63.38,100.00
129N04098,2021-03-15 06:50:00,67.67,92.00
129N04098,2021-03-15 07:00:00,63.74,97.00
129N04098,2021-03-15 07:10:00,65.74,90.00
129N04098,2021-03-15 07:20:00,66.47,90.00
129N04098,2021-03-15 07:30:00,64.05,92.00
129N04098,2021-03-15 07:40:00,65.54,91.00
129N04098,2021-03-15 07:50:00,65.93,90.00
129N04098,2021-03-15 08:00:00,65.99,92.00
129N04098,2021-03-15 08:10:00,68.18,91.00
129N04098,2021-03-15 08:20:00,65.53,98.00
129N04098,2021-03-15 08:30:00,65.53,99.00
129N04098,2021-03-15 08:40:00,66.23,100.00
129N04098,2021-03-15 08:50:00,65.93,100.00
129N04098,2021-03-15 09:00:00,65.59,100.00
129N04098,2021-03-15 09:10:00,64.16,100.00
129N04098,2021-03-15 09:20:00,68.18,100.00
129N04098,2021-03-15 09:30:00,68.00,100.00
129N04098,2021-03-15 09:40:00,68.16,100.00
129N04098,2021-03-15 09:50:00,67.05,100.00
129N04098,2021-03-15 10:00:00,67.21,100.00
129N04098,2021-03-15 10:10:00,66.98,100.00
129N04098,2021-03-15 10:20:00,64.01,100.00
129N04098,2021-03-15 10:30:00,67.63,100.00
129N04098,2021-03-15 10:40:00,64.60,100.00
129N04098,2021-03-15 10:50:00,66.07,100.00
129N04098,2021-03-15 11:00:00,64.26,100.00
129N04098,2021-03-15 11:10:00,64.13,100.00
129N04098,2021-03-15 11:20:00,66.48,100.00
129N04098,2021-03-15 11:30:00,65.11,100.00
129N04098,2021-03-15 11:40:00,66.90,100.00
129N04098,2021-03-15 11:50:00,65.87,100.00
129N04098,2021-03-15 12:00:00,66.77,100.00
129N04098,2021-03-15 12:10:00,66.37,100.00
129N04098,2021-03-15 12:20:00,66.77,100.00
129N04098,2021-03-15 12:30:00,67.84,100.00
129N04098,2021-03-15 12:40:00,66.96,100.00
129N04098,2021-03-15 12:50:00,66.16,100.00
129N04098,2021-03-15 13:00:00,66.94,100.00
129N04098,2021-03-15 13:10:00,65.50,100.00
129N04098,2021-03-15 13:20:00,65.27,100.00
129N04098,2021-03-15 13:30:00,66.26,100.00
129N04098,2021-03-15 13:40:00,64.13,100.00
129N04098,2021-03-15 13:50:00,66.47,100.00
129N04098,2021-03-15 14:00:00,68.76,100.00
129N04098,2021-03-15 14:10:00,68.07,100.00
129N04098,2021-03-15 14:20:00,66.25,100.00
129N04098,2021-03-15 14:30:00,64.91,100.00
129N04098,2021-03-15 14:40:00,66.41,100.00
129N04098,2021-03-15 14:50:00,63.84,100.00
129N04098,2021-03-15 15:00:00,66.08,100.00
129N04098,2021-03-15 15:10:00,64.92,100.00
129N04098,2021-03-15 15:20:00,67.52,100.00
129N04098,2021-03-15 15:30:00,66.15,100.00
129N04098,2021-03-15 15:40:00,66.63,100.00
129N04098,2021-03-15 15:50:00,66.25,100.00
129N04098,2021-03-15 16:00:00,65.86,100.00
129N04098,2021-03-15 16:10:00,66.29,100.00
129N04098,2021-03-15 16:20:00,64.45,100.00
129N04098,2021-03-15 16:30:00,68.98,100.00
129N04098,2021-03-15 16:40:00,66.44,100.00
129N04098,2021-03-15 16:50:00,66.67,100.00
129N04098,2021-03-15 17:00:00,66.14,100.00
129N04098,2021-03-15 17:10:00,68.94,100.00
129N04098,2021-03-15 17:20:00,69.27,100.00
129N04098,2021-03-15 17:30:00,70.18,100.00
129N04098,2021-03-15 17:40:00,68.65,100.00
129N04098,2021-03-15 17:50:00,70.08,100.00
129N04098,2021-03-15 18:00:00,67.76,100.00
129N04098,2021-03-15 18:10:00,68.46,100.00
129N04098,2021-03-15 18:20:00,67.09,100.00
129N04098,2021-03-15 18:30:00,67.61,100.00
129N04098,2021-03-15 18:40:00,68.65,100.00
129N04098,2021-03-15 18:50:00,65.92,100.00
129N04098,2021-03-15 19:00:00,65.44,100.00
129N04098,2021-03-15 19:10:00,68.97,100.00
129N04098,2021-03-15 19:20:00,67.48,100.00
129N04098,2021-03-15 19:30:00,68.78,100.00
129N04098,2021-03-15 19:40:00,66.18,100.00
129N04098,2021-03-15 19:50:00,66.13,100.00
129N04098,2021-03-15 20:00:00,66.75,100.00
129N04098,2021-03-15 20:10:00,68.08,100.00
129N04098,2021-03-15 20:20:00,68.48,100.00
129N04098,2021-03-15 20:30:00,67.69,100.00
129N04098,2021-03-15 20:40:00,66.38,100.00
129N04098,2021-03-15 20:50:00,65.79,100.00
129N04098,2021-03-15 21:00:00,68.36,100.00
129N04098,2021-03-15 21:10:00,66.97,100.00
129N04098,2021-03-15 21:20:00,67.07,100.00
129N04098,2021-03-15 21:30:00,69.66,100.00
129N04098,2021-03-15 21:40:00,70.10,100.00
129N04098,2021-03-15 21:50:00,68.38,100.00
129N04098,2021-03-15 22:00:00,68.10,100.00
129N04098,2021-03-15 22:10:00,66.48,100.00
129N04098,2021-03-15 22:20:00,65.69,100.00
129N04098,2021-03-15 22:30:00,62.69,100.00
129N04098,2021-03-15 22:40:00,71.38,100.00
129N04098,2021-03-15 22:50:00,69.87,100.00
129N04098,2021-03-15 23:00:00,65.60,100.00
129N04098,2021-03-15 23:10:00,66.33,100.00
129N04098,2021-03-15 23:20:00,68.10,100.00
129N04098,2021-03-15 23:30:00,68.00,100.00
129N04098,2021-03-15 23:40:00,61.92,100.00
129N04098,2021-03-15 23:50:00,58.85,100.00
129N04130,2021-03-15 00:00:00,63.93,100.00
129N04130,2021-03-15 00:10:00,67.69,100.00
129N04130,2021-03-15 00:20:00,68.49,100.00
129N04130,2021-03-15 00:30:00,69.08,100.00
129N04130,2021-03-15 00:40:00,66.00,100.00
129N04130,2021-03-15 00:50:00,63.78,100.00
129N04130,2021-03-15 01:00:00,61.71,98.00
129N04130,2021-03-15 01:10:00,63.68,100.00
129N04130,2021-03-15 01:20:00,62.00,100.00
129N04130,2021-03-15 01:30:00,59.75,96.00
129N04130,2021-03-15 01:40:00,58.40,94.00
129N04130,2021-03-15 01:50:00,69.49,100.00
129N04130,2021-03-15 02:00:00,67.99,100.00
129N04130,2021-03-15 02:10:00,64.24,100.00
129N04130,2021-03-15 02:20:00,63.07,100.00
129N04130,2021-03-15 02:30:00,65.20,100.00
129N04130,2021-03-15 02:40:00,70.56,100.00
129N04130,2021-03-15 02:50:00,71.00,100.00
129N04130,2021-03-15 03:00:00,69.09,100.00
129N04130,2021-03-15 03:10:00,66.88,100.00
129N04130,2021-03-15 03:20:00,67.39,100.00
129N04130,2021-03-15 03:30:00,66.19,100.00
129N04130,2021-03-15 03:40:00,69.60,100.00
129N04130,2021-03-15 03:50:00,69.85,100.00
129N04130,2021-03-15 04:00:00,70.99,100.00
129N04130,2021-03-15 04:10:00,72.31,100.00
129N04130,2021-03-15 04:20:00,74.08,100.00
129N04130,2021-03-15 04:30:00,72.06,100.00
129N04130,2021-03-15 04:40:00,73.58,100.00
129N04130,2021-03-15 04:50:00,70.40,100.00
129N04130,2021-03-15 05:00:00,71.87,100.00
129N04130,2021-03-15 05:10:00,67.70,100.00
129N04130,2021-03-15 05:20:00,69.71,100.00
129N04130,2021-03-15 05:30:00,70.59,100.00
129N04130,2021-03-15 05:40:00,68.97,100.00
129N04130,2021-03-15 05:50:00,67.75,100.00
129N04130,2021-03-15 06:00:00,67.64,91.00
129N04130,2021-03-15 06:10:00,66.97,90.00
129N04130,2021-03-15 06:20:00,62.82,90.00
129N04130,2021-03-15 06:30:00,64.52,90.00
129N04130,2021-03-15 06:40:00,67.73,90.00
129N04130,2021-03-15 06:50:00,66.01,90.00
129N04130,2021-03-15 07:00:00,67.05,90.00
129N04130,2021-03-15 07:10:00,67.32,90.00
129N04130,2021-03-15 07:20:00,66.47,90.00
129N04130,2021-03-15 07:30:00,66.94,90.00
129N04130,2021-03-15 07:40:00,64.73,90.00
129N04130,2021-03-15 07:50:00,68.27,90.00
129N04130,2021-03-15 08:00:00,68.07,90.00
129N04130,2021-03-15 08:10:00,66.71,90.00
129N04130,2021-03-15 08:20:00,69.57,90.00
129N04130,2021-03-15 08:30:00,69.26,90.00
129N04130,2021-03-15 08:40:00,69.24,90.00
129N04130,2021-03-15 08:50:00,68.22,90.00
129N04130,2021-03-15 09:00:00,68.13,90.00
129N04130,2021-03-15 09:10:00,67.53,96.00
129N04130,2021-03-15 09:20:00,68.35,100.00
129N04130,2021-03-15 09:30:00,67.35,100.00
129N04130,2021-03-15 09:40:00,68.85,100.00
129N04130,2021-03-15 09:50:00,68.95,100.00
129N04130,2021-03-15 10:00:00,68.66,100.00
129N04130,2021-03-15 10:10:00,66.60,100.00
129N04130,2021-03-15 10:20:00,68.05,100.00
129N04130,2021-03-15 10:30:00,66.77,100.00
129N04130,2021-03-15 10:40:00,67.67,100.00
129N04130,2021-03-15 10:50:00,67.79,100.00
129N04130,2021-03-15 11:00:00,68.17,100.00
129N04130,2021-03-15 11:10:00,68.99,100.00
129N04130,2021-03-15 11:20:00,68.15,100.00
129N04130,2021-03-15 11:30:00,67.07,100.00
129N04130,2021-03-15 11:40:00,66.88,100.00
129N04130,2021-03-15 11:50:00,67.49,100.00
129N04130,2021-03-15 12:00:00,69.67,100.00
129N04130,2021-03-15 12:10:00,68.26,100.00
129N04130,2021-03-15 12:20:00,68.41,100.00
129N04130,2021-03-15 12:30:00,69.13,100.00
129N04130,2021-03-15 12:40:00,70.67,100.00
129N04130,2021-03-15 12:50:00,70.07,100.00
129N04130,2021-03-15 13:00:00,69.04,100.00
129N04130,2021-03-15 13:10:00,68.97,100.00
129N04130,2021-03-15 13:20:00,68.47,100.00
129N04130,2021-03-15 13:30:00,67.98,100.00
129N04130,2021-03-15 13:40:00,68.35,100.00
129N04130,2021-03-15 13:50:00,67.21,100.00
129N04130,2021-03-15 14:00:00,69.32,100.00
129N04130,2021-03-15 14:10:00,67.12,100.00
129N04130,2021-03-15 14:20:00,69.57,100.00
129N04130,2021-03-15 14:30:00,69.57,100.00
129N04130,2021-03-15 14:40:00,69.99,100.00
129N04130,2021-03-15 14:50:00,68.09,100.00
129N04130,2021-03-15 15:00:00,68.09,100.00
129N04130,2021-03-15 15:10:00,70.30,100.00
129N04130,2021-03-15 15:20:00,67.15,100.00
129N04130,2021-03-15 15:30:00,67.55,100.00
129N04130,2021-03-15 15:40:00,65.08,100.00
129N04130,2021-03-15 15:50:00,67.57,100.00
129N04130,2021-03-15 16:00:00,68.34,100.00
129N04130,2021-03-15 16:10:00,67.79,100.00
129N04130,2021-03-15 16:20:00,66.18,100.00
129N04130,2021-03-15 16:30:00,70.05,100.00
129N04130,2021-03-15 16:40:00,66.95,100.00
129N04130,2021-03-15 16:50:00,69.96,100.00
129N04130,2021-03-15 17:00:00,68.15,100.00
129N04130,2021-03-15 17:10:00,69.34,100.00
129N04130,2021-03-15 17:20:00,69.56,100.00
129N04130,2021-03-15 17:30:00,68.44,100.00
129N04130,2021-03-15 17:40:00,70.19,100.00
129N04130,2021-03-15 17:50:00,69.66,100.00
129N04130,2021-03-15 18:00:00,72.86,100.00
129N04130,2021-03-15 18:10:00,68.05,100.00
129N04130,2021-03-15 18:20:00,68.18,100.00
129N04130,2021-03-15 18:30:00,68.58,100.00
129N04130,2021-03-15 18:40:00,70.59,100.00
129N04130,2021-03-15 18:50:00,71.07,100.00
129N04130,2021-03-15 19:00:00,69.94,100.00
129N04130,2021-03-15 19:10:00,70.04,100.00
129N04130,2021-03-15 19:20:00,69.47,100.00
129N04130,2021-03-15 19:30:00,68.55,100.00
129N04130,2021-03-15 19:40:00,68.54,100.00
129N04130,2021-03-15 19:50:00,68.57,100.00
129N04130,2021-03-15 20:00:00,65.55,100.00
129N04130,2021-03-15 20:10:00,68.98,100.00
129N04130,2021-03-15 20:20:00,68.98,100.00
129N04130,2021-03-15 20:30:00,70.47,100.00
129N04130,2021-03-15 20:40:00,70.87,100.00
129N04130,2021-03-15 20:50:00,70.27,100.00
129N04130,2021-03-15 21:00:00,69.49,100.00
129N04130,2021-03-15 21:10:00,68.32,100.00
129N04130,2021-03-15 21:20:00,69.04,100.00
129N04130,2021-03-15 21:30:00,66.70,100.00
129N04130,2021-03-15 21:40:00,66.66,100.00
129N04130,2021-03-15 21:50:00,68.00,100.00
129N04130,2021-03-15 22:00:00,67.60,100.00
129N04130,2021-03-15 22:10:00,69.29,100.00
129N04130,2021-03-15 22:20:00,68.65,100.00
129N04130,2021-03-15 22:30:00,71.09,100.00
129N04130,2021-03-15 22:40:00,67.84,100.00
129N04130,2021-03-15 22:50:00,67.57,100.00
129N04130,2021-03-15 23:00:00,68.05,100.00
129N04130,2021-03-15 23:10:00,65.89,100.00
129N04130,2021-03-15 23:20:00,69.25,100.00
129N04130,2021-03-15 23:30:00,63.67,100.00
129N04130,2021-03-15 23:40:00,66.36,100.00
129N04130,2021-03-15 23:50:00,67.79,100.00
129N04133,2021-03-15 00:00:00,66.49,100.00
129N04133,2021-03-15 00:10:00,68.59,100.00
129N04133,2021-03-15 00:20:00,71.49,100.00
129N04133,2021-03-15 00:30:00,64.49,100.00
129N04133,2021-03-15 00:40:00,63.00,100.00
129N04133,2021-03-15 00:50:00,59.61,99.50
129N04133,2021-03-15 01:00:00,64.73,97.00
129N04133,2021-03-15 01:10:00,68.58,100.00
129N04133,2021-03-15 01:20:00,67.00,100.00
129N04133,2021-03-15 01:30:00,63.16,95.50
129N04133,2021-03-15 01:40:00,61.86,92.00
129N04133,2021-03-15 01:50:00,67.94,100.00
129N04133,2021-03-15 02:00:00,67.36,100.00
129N04133,2021-03-15 02:10:00,66.29,100.00
129N04133,2021-03-15 02:20:00,65.70,100.00
129N04133,2021-03-15 02:30:00,65.79,100.00
129N04133,2021-03-15 02:40:00,68.59,100.00
129N04133,2021-03-15 02:50:00,67.37,100.00
129N04133,2021-03-15 03:00:00,64.39,100.00
129N04133,2021-03-15 03:10:00,63.04,100.00
129N04133,2021-03-15 03:20:00,65.00,100.00
129N04133,2021-03-15 03:30:00,67.42,100.00
129N04133,2021-03-15 03:40:00,70.49,100.00
129N04133,2021-03-15 03:50:00,70.60,100.00
129N04133,2021-03-15 04:00:00,69.35,100.00
129N04133,2021-03-15 04:10:00,72.15,100.00
129N04133,2021-03-15 04:20:00,70.65,100.00
129N04133,2021-03-15 04:30:00,73.28,100.00
129N04133,2021-03-15 04:40:00,71.39,100.00
129N04133,2021-03-15 04:50:00,72.85,100.00
129N04133,2021-03-15 05:00:00,72.29,100.00
129N04133,2021-03-15 05:10:00,71.09,100.00
129N04133,2021-03-15 05:20:00,70.23,98.50
129N04133,2021-03-15 05:30:00,69.85,96.50
129N04133,2021-03-15 05:40:00,68.16,96.00
129N04133,2021-03-15 05:50:00,69.00,93.50
129N04133,2021-03-15 06:00:00,66.08,95.50
129N04133,2021-03-15 06:10:00,64.80,96.00
129N04133,2021-03-15 06:20:00,63.47,96.50
129N04133,2021-03-15 06:30:00,63.32,99.00
129N04133,2021-03-15 06:40:00,64.83,97.00
129N04133,2021-03-15 06:50:00,66.25,97.00
129N04133,2021-03-15 07:00:00,69.02,97.00
129N04133,2021-03-15 07:10:00,67.52,97.50
129N04133,2021-03-15 07:20:00,65.42,100.00
129N04133,2021-03-15 07:30:00,65.32,100.00
129N04133,2021-03-15 07:40:00,66.06,100.00
129N04133,2021-03-15 07:50:00,65.98,100.00
129N04133,2021-03-15 08:00:00,67.77,100.00
129N04133,2021-03-15 08:10:00,69.18,100.00
129N04133,2021-03-15 08:20:00,65.88,100.00
129N04133,2021-03-15 08:30:00,69.26,100.00
129N04133,2021-03-15 08:40:00,64.68,100.00
129N04133,2021-03-15 08:50:00,65.44,100.00
129N04133,2021-03-15 09:00:00,67.87,100.00
129N04133,2021-03-15 09:10:00,68.23,100.00
129N04133,2021-03-15 09:20:00,67.05,100.00
129N04133,2021-03-15 09:30:00,67.97,100.00
129N04133,2021-03-15 09:40:00,68.31,100.00
129N04133,2021-03-15 09:50:00,68.23,100.00
129N04133,2021-03-15 10:00:00,67.26,100.00
129N04133,2021-03-15 10:10:00,66.28,100.00
129N04133,2021-03-15 10:20:00,67.59,100.00
129N04133,2021-03-15 10:30:00,66.02,100.00
129N04133,2021-03-15 10:40:00,67.63,100.00
129N04133,2021-03-15 10:50:00,66.35,100.00
129N04133,2021-03-15 11:00:00,64.96,100.00
129N04133,2021-03-15 11:10:00,69.18,100.00
129N04133,2021-03-15 11:20:00,66.99,100.00
129N04133,2021-03-15 11:30:00,64.72,100.00
129N04133,2021-03-15 11:40:00,67.15,100.00
129N04133,2021-03-15 11:50:00,66.94,100.00
129N04133,2021-03-15 12:00:00,67.57,100.00
129N04133,2021-03-15 12:10:00,65.65,100.00
129N04133,2021-03-15 12:20:00,67.36,100.00
129N04133,2021-03-15 12:30:00,68.18,100.00
129N04133,2021-03-15 12:40:00,66.93,100.00
129N04133,2021-03-15 12:50:00,67.74,100.00
129N04133,2021-03-15 13:00:00,68.10,100.00
129N04133,2021-03-15 13:10:00,64.12,100.00
129N04133,2021-03-15 13:20:00,69.17,100.00
129N04133,2021-03-15 13:30:00,66.53,100.00
129N04133,2021-03-15 13:40:00,67.41,100.00
129N04133,2021-03-15 13:50:00,66.95,100.00
129N04133,2021-03-15 14:00:00,68.13,100.00
129N04133,2021-03-15 14:10:00,67.63,100.00
129N04133,2021-03-15 14:20:00,66.89,100.00
129N04133,2021-03-15 14:30:00,67.35,100.00
129N04133,2021-03-15 14:40:00,69.05,100.00
129N04133,2021-03-15 14:50:00,69.57,100.00
129N04133,2021-03-15 15:00:00,67.64,100.00
129N04133,2021-03-15 15:10:00,67.77,100.00
129N04133,2021-03-15 15:20:00,68.25,100.00
129N04133,2021-03-15 15:30:00,66.77,100.00
129N04133,2021-03-15 15:40:00,67.70,100.00
129N04133,2021-03-15 15:50:00,66.45,100.00
129N04133,2021-03-15 16:00:00,66.35,100.00
129N04133,2021-03-15 16:10:00,65.05,100.00
129N04133,2021-03-15 16:20:00,68.33,100.00
129N04133,2021-03-15 16:30:00,68.32,100.00
129N04133,2021-03-15 16:40:00,67.26,100.00
129N04133,2021-03-15 16:50:00,67.87,100.00
129N04133,2021-03-15 17:00:00,70.47,100.00
129N04133,2021-03-15 17:10:00,66.87,100.00
129N04133,2021-03-15 17:20:00,68.49,100.00
129N04133,2021-03-15 17:30:00,68.25,100.00
129N04133,2021-03-15 17:40:00,67.65,100.00
129N04133,2021-03-15 17:50:00,70.03,100.00
129N04133,2021-03-15 18:00:00,68.82,100.00
129N04133,2021-03-15 18:10:00,68.42,100.00
129N04133,2021-03-15 18:20:00,69.95,100.00
129N04133,2021-03-15 18:30:00,69.11,100.00
129N04133,2021-03-15 18:40:00,69.38,100.00
129N04133,2021-03-15 18:50:00,69.48,100.00
129N04133,2021-03-15 19:00:00,68.87,100.00
129N04133,2021-03-15 19:10:00,69.50,100.00
129N04133,2021-03-15 19:20:00,67.52,100.00
129N04133,2021-03-15 19:30:00,69.53,100.00
129N04133,2021-03-15 19:40:00,66.77,100.00
129N04133,2021-03-15 19:50:00,69.09,100.00
129N04133,2021-03-15 20:00:00,71.76,100.00
129N04133,2021-03-15 20:10:00,67.97,100.00
129N04133,2021-03-15 20:20:00,68.56,100.00
129N04133,2021-03-15 20:30:00,70.48,100.00
129N04133,2021-03-15 20:40:00,67.25,100.00
129N04133,2021-03-15 20:50:00,67.26,100.00
129N04133,2021-03-15 21:00:00,66.29,100.00
129N04133,2021-03-15 21:10:00,66.16,100.00
129N04133,2021-03-15 21:20:00,66.38,100.00
129N04133,2021-03-15 21:30:00,68.06,100.00
129N04133,2021-03-15 21:40:00,67.48,100.00
129N04133,2021-03-15 21:50:00,67.79,100.00
129N04133,2021-03-15 22:00:00,66.88,100.00
129N04133,2021-03-15 22:10:00,69.69,100.00
129N04133,2021-03-15 22:20:00,68.66,100.00
129N04133,2021-03-15 22:30:00,71.67,100.00
129N04133,2021-03-15 22:40:00,68.17,100.00
129N04133,2021-03-15 22:50:00,69.05,100.00
129N04133,2021-03-15 23:00:00,70.79,100.00
129N04133,2021-03-15 23:10:00,72.19,100.00
129N04133,2021-03-15 23:20:00,68.15,100.00
129N04133,2021-03-15 23:30:00,60.66,100.00
129N04133,2021-03-15 23:40:00,63.00,100.00
129N04133,2021-03-15 23:50:00,69.55,100.00
129N04099,2021-03-15 00:00:00,67.86,100.00
129N04099,2021-03-15 00:10:00,66.10,100.00
129N04099,2021-03-15 00:20:00,66.00,100.00
129N04099,2021-03-15 00:30:00,63.36,100.00
129N04099,2021-03-15 00:40:00,66.29,100.00
129N04099,2021-03-15 00:50:00,66.69,100.00
129N04099,2021-03-15 01:00:00,59.77,99.60
129N04099,2021-03-15 01:10:00,55.04,91.70
129N04099,2021-03-15 01:20:00,60.74,97.30
129N04099,2021-03-15 01:30:00,59.01,100.00
129N04099,2021-03-15 01:40:00,58.97,100.00
129N04099,2021-03-15 01:50:00,60.17,100.00
129N04099,2021-03-15 02:00:00,60.27,100.00
129N04099,2021-03-15 02:10:00,64.16,100.00
129N04099,2021-03-15 02:20:00,64.29,100.00
129N04099,2021-03-15 02:30:00,64.48,100.00
129N04099,2021-03-15 02:40:00,68.46,100.00
129N04099,2021-03-15 02:50:00,64.57,100.00
129N04099,2021-03-15 03:00:00,58.39,98.60
129N04099,2021-03-15 03:10:00,57.21,95.40
129N04099,2021-03-15 03:20:00,56.76,100.00
129N04099,2021-03-15 03:30:00,58.08,100.00
129N04099,2021-03-15 03:40:00,64.95,100.00
129N04099,2021-03-15 03:50:00,66.30,100.00
129N04099,2021-03-15 04:00:00,65.48,100.00
129N04099,2021-03-15 04:10:00,63.59,100.00
129N04099,2021-03-15 04:20:00,64.59,100.00
129N04099,2021-03-15 04:30:00,68.08,100.00
129N04099,2021-03-15 04:40:00,69.55,100.00
129N04099,2021-03-15 04:50:00,66.25,100.00
129N04099,2021-03-15 05:00:00,72.19,100.00
129N04099,2021-03-15 05:10:00,69.03,100.00
129N04099,2021-03-15 05:20:00,67.64,100.00
129N04099,2021-03-15 05:30:00,68.76,100.00
129N04099,2021-03-15 05:40:00,67.23,100.00
129N04099,2021-03-15 05:50:00,67.84,100.00
129N04099,2021-03-15 06:00:00,68.98,100.00
129N04099,2021-03-15 06:10:00,64.13,100.00
129N04099,2021-03-15 06:20:00,65.51,100.00
129N04099,2021-03-15 06:30:00,62.69,100.00
129N04099,2021-03-15 06:40:00,64.95,100.00
129N04099,2021-03-15 06:50:00,63.20,100.00
129N04099,2021-03-15 07:00:00,64.18,100.00
129N04099,2021-03-15 07:10:00,63.10,100.00
129N04099,2021-03-15 07:20:00,64.12,100.00
129N04099,2021-03-15 07:30:00,61.82,100.00
129N04099,2021-03-15 07:40:00,62.97,100.00
129N04099,2021-03-15 07:50:00,63.98,100.00
129N04099,2021-03-15 08:00:00,64.61,100.00
129N04099,2021-03-15 08:10:00,66.38,100.00
129N04099,2021-03-15 08:20:00,65.26,100.00
129N04099,2021-03-15 08:30:00,63.61,100.00
129N04099,2021-03-15 08:40:00,63.96,100.00
129N04099,2021-03-15 08:50:00,62.90,100.00
129N04099,2021-03-15 09:00:00,63.31,100.00
129N04099,2021-03-15 09:10:00,66.34,100.00
129N04099,2021-03-15 09:20:00,67.26,100.00
129N04099,2021-03-15 09:30:00,67.01,100.00
129N04099,2021-03-15 09:40:00,64.54,100.00
129N04099,2021-03-15 09:50:00,64.28,100.00
129N04099,2021-03-15 10:00:00,67.45,100.00
129N04099,2021-03-15 10:10:00,67.75,100.00
129N04099,2021-03-15 10:20:00,63.07,100.00
129N04099,2021-03-15 10:30:00,63.63,100.00
129N04099,2021-03-15 10:40:00,64.03,100.00
129N04099,2021-03-15 10:50:00,61.53,100.00
129N04099,2021-03-15 11:00:00,62.62,100.00
129N04099,2021-03-15 11:10:00,65.11,100.00
129N04099,2021-03-15 11:20:00,66.25,100.00
129N04099,2021-03-15 11:30:00,61.99,100.00
129N04099,2021-03-15 11:40:00,62.41,100.00
129N04099,2021-03-15 11:50:00,63.76,100.00
129N04099,2021-03-15 12:00:00,67.83,100.00
129N04099,2021-03-15 12:10:00,62.77,100.00
129N04099,2021-03-15 12:20:00,65.55,100.00
129N04099,2021-03-15 12:30:00,65.46,100.00
129N04099,2021-03-15 12:40:00,63.86,100.00
129N04099,2021-03-15 12:50:00,65.01,100.00
129N04099,2021-03-15 13:00:00,67.17,100.00
129N04099,2021-03-15 13:10:00,62.10,100.00
129N04099,2021-03-15 13:20:00,64.22,100.00
129N04099,2021-03-15 13:30:00,64.43,100.00
129N04099,2021-03-15 13:40:00,64.33,100.00
129N04099,2021-03-15 13:50:00,64.02,100.00
129N04099,2021-03-15 14:00:00,65.93,100.00
129N04099,2021-03-15 14:10:00,62.97,100.00
129N04099,2021-03-15 14:20:00,63.41,100.00
129N04099,2021-03-15 14:30:00,62.48,100.00
129N04099,2021-03-15 14:40:00,63.44,100.00
129N04099,2021-03-15 14:50:00,62.54,100.00
129N04099,2021-03-15 15:00:00,64.66,100.00
129N04099,2021-03-15 15:10:00,62.64,100.00
129N04099,2021-03-15 15:20:00,63.69,100.00
129N04099,2021-03-15 15:30:00,63.45,100.00
129N04099,2021-03-15 15:40:00,62.81,100.00
129N04099,2021-03-15 15:50:00,61.43,100.00
129N04099,2021-03-15 16:00:00,62.26,100.00
129N04099,2021-03-15 16:10:00,61.52,100.00
129N04099,2021-03-15 16:20:00,62.57,100.00
129N04099,2021-03-15 16:30:00,65.73,100.00
129N04099,2021-03-15 16:40:00,64.12,100.00
129N04099,2021-03-15 16:50:00,66.51,100.00
129N04099,2021-03-15 17:00:00,63.97,100.00
129N04099,2021-03-15 17:10:00,64.48,100.00
129N04099,2021-03-15 17:20:00,65.35,100.00
129N04099,2021-03-15 17:30:00,67.26,100.00
129N04099,2021-03-15 17:40:00,63.72,100.00
129N04099,2021-03-15 17:50:00,68.81,100.00
129N04099,2021-03-15 18:00:00,64.15,100.00
129N04099,2021-03-15 18:10:00,62.89,100.00
129N04099,2021-03-15 18:20:00,64.07,100.00
129N04099,2021-03-15 18:30:00,64.99,100.00
129N04099,2021-03-15 18:40:00,60.34,100.00
129N04099,2021-03-15 18:50:00,65.67,100.00
129N04099,2021-03-15 19:00:00,62.99,100.00
129N04099,2021-03-15 19:10:00,66.58,100.00
129N04099,2021-03-15 19:20:00,65.09,100.00
129N04099,2021-03-15 19:30:00,64.27,100.00
129N04099,2021-03-15 19:40:00,66.94,100.00
129N04099,2021-03-15 19:50:00,67.52,100.00
129N04099,2021-03-15 20:00:00,63.43,100.00
129N04099,2021-03-15 20:10:00,63.34,100.00
129N04099,2021-03-15 20:20:00,60.91,100.00
129N04099,2021-03-15 20:30:00,63.98,100.00
129N04099,2021-03-15 20:40:00,67.89,100.00
129N04099,2021-03-15 20:50:00,67.68,100.00
129N04099,2021-03-15 21:00:00,67.12,100.00
129N04099,2021-03-15 21:10:00,66.22,100.00
129N04099,2021-03-15 21:20:00,64.86,100.00
129N04099,2021-03-15 21:30:00,64.99,100.00
129N04099,2021-03-15 21:40:00,66.17,100.00
129N04099,2021-03-15 21:50:00,68.39,100.00
129N04099,2021-03-15 22:00:00,66.77,100.00
129N04099,2021-03-15 22:10:00,67.89,100.00
129N04099,2021-03-15 22:20:00,67.48,100.00
129N04099,2021-03-15 22:30:00,64.55,100.00
129N04099,2021-03-15 22:40:00,71.63,100.00
129N04099,2021-03-15 22:50:00,64.29,100.00
129N04099,2021-03-15 23:00:00,66.55,100.00
129N04099,2021-03-15 23:10:00,60.54,100.00
129N04099,2021-03-15 23:20:00,68.10,100.00
129N04099,2021-03-15 23:30:00,66.69,100.00
129N04099,2021-03-15 23:40:00,63.78,100.00
129N04099,2021-03-15 23:50:00,62.37,100.00
129N04132,2021-03-15 00:00:00,65.00,100.00
129N04132,2021-03-15 00:10:00,67.59,100.00
129N04132,2021-03-15 00:20:00,70.78,100.00
129N04132,2021-03-15 00:30:00,66.51,100.00
129N04132,2021-03-15 00:40:00,65.00,100.00
129N04132,2021-03-15 00:50:00,60.78,100.00
129N04132,2021-03-15 01:00:00,65.23,96.00
129N04132,2021-03-15 01:10:00,70.49,100.00
129N04132,2021-03-15 01:20:00,69.00,100.00
129N04132,2021-03-15 01:30:00,65.44,100.00
129N04132,2021-03-15 01:40:00,62.00,94.00
129N04132,2021-03-15 01:50:00,70.78,100.00
129N04132,2021-03-15 02:00:00,68.25,100.00
129N04132,2021-03-15 02:10:00,65.50,100.00
129N04132,2021-03-15 02:20:00,65.00,100.00
129N04132,2021-03-15 02:30:00,65.10,100.00
129N04132,2021-03-15 02:40:00,68.58,100.00
129N04132,2021-03-15 02:50:00,67.15,100.00
129N04132,2021-03-15 03:00:00,64.09,100.00
129N04132,2021-03-15 03:10:00,62.97,100.00
129N04132,2021-03-15 03:20:00,65.00,100.00
129N04132,2021-03-15 03:30:00,68.25,100.00
129N04132,2021-03-15 03:40:00,71.27,100.00
129N04132,2021-03-15 03:50:00,71.79,100.00
129N04132,2021-03-15 04:00:00,70.16,100.00
129N04132,2021-03-15 04:10:00,70.43,100.00
129N04132,2021-03-15 04:20:00,69.96,100.00
129N04132,2021-03-15 04:30:00,70.93,100.00
129N04132,2021-03-15 04:40:00,72.69,100.00
129N04132,2021-03-15 04:50:00,71.36,100.00
129N04132,2021-03-15 05:00:00,71.86,100.00
129N04132,2021-03-15 05:10:00,70.76,100.00
129N04132,2021-03-15 05:20:00,69.72,100.00
129N04132,2021-03-15 05:30:00,69.64,100.00
129N04132,2021-03-15 05:40:00,68.02,100.00
129N04132,2021-03-15 05:50:00,66.58,100.00
129N04132,2021-03-15 06:00:00,66.19,100.00
129N04132,2021-03-15 06:10:00,64.44,100.00
129N04132,2021-03-15 06:20:00,62.46,100.00
129N04132,2021-03-15 06:30:00,61.72,100.00
129N04132,2021-03-15 06:40:00,63.90,95.00
129N04132,2021-03-15 06:50:00,66.28,91.00
129N04132,2021-03-15 07:00:00,68.13,93.00
129N04132,2021-03-15 07:10:00,68.27,90.00
129N04132,2021-03-15 07:20:00,64.69,91.00
129N04132,2021-03-15 07:30:00,64.49,92.00
129N04132,2021-03-15 07:40:00,63.76,98.00
129N04132,2021-03-15 07:50:00,67.17,97.00
129N04132,2021-03-15 08:00:00,66.36,98.00
129N04132,2021-03-15 08:10:00,66.34,100.00
129N04132,2021-03-15 08:20:00,66.45,100.00
129N04132,2021-03-15 08:30:00,68.68,100.00
129N04132,2021-03-15 08:40:00,66.18,100.00
129N04132,2021-03-15 08:50:00,67.58,100.00
129N04132,2021-03-15 09:00:00,68.45,100.00
129N04132,2021-03-15 09:10:00,69.02,100.00
129N04132,2021-03-15 09:20:00,68.26,100.00
129N04132,2021-03-15 09:30:00,68.04,100.00
129N04132,2021-03-15 09:40:00,68.59,100.00
129N04132,2021-03-15 09:50:00,67.69,100.00
129N04132,2021-03-15 10:00:00,68.36,100.00
129N04132,2021-03-15 10:10:00,68.08,100.00
129N04132,2021-03-15 10:20:00,67.69,100.00
129N04132,2021-03-15 10:30:00,65.88,100.00
129N04132,2021-03-15 10:40:00,67.49,100.00
129N04132,2021-03-15 10:50:00,66.94,100.00
129N04132,2021-03-15 11:00:00,66.62,100.00
129N04132,2021-03-15 11:10:00,68.78,100.00
129N04132,2021-03-15 11:20:00,67.22,100.00
129N04132,2021-03-15 11:30:00,64.82,100.00
129N04132,2021-03-15 11:40:00,68.27,100.00
129N04132,2021-03-15 11:50:00,65.86,100.00
129N04132,2021-03-15 12:00:00,65.99,100.00
129N04132,2021-03-15 12:10:00,66.76,100.00
129N04132,2021-03-15 12:20:00,67.11,100.00
129N04132,2021-03-15 12:30:00,68.76,100.00
129N04132,2021-03-15 12:40:00,66.98,100.00
129N04132,2021-03-15 12:50:00,70.35,100.00
129N04132,2021-03-15 13:00:00,68.47,100.00
129N04132,2021-03-15 13:10:00,70.11,100.00
129N04132,2021-03-15 13:20:00,68.95,100.00
129N04132,2021-03-15 13:30:00,68.46,100.00
129N04132,2021-03-15 13:40:00,67.67,100.00
129N04132,2021-03-15 13:50:00,66.86,100.00
129N04132,2021-03-15 14:00:00,68.07,100.00
129N04132,2021-03-15 14:10:00,67.96,100.00
129N04132,2021-03-15 14:20:00,68.05,100.00
129N04132,2021-03-15 14:30:00,67.76,100.00
129N04132,2021-03-15 14:40:00,69.76,100.00
129N04132,2021-03-15 14:50:00,68.07,100.00
129N04132,2021-03-15 15:00:00,68.25,100.00
129N04132,2021-03-15 15:10:00,68.44,100.00
129N04132,2021-03-15 15:20:00,66.69,100.00
129N04132,2021-03-15 15:30:00,64.37,100.00
129N04132,2021-03-15 15:40:00,65.69,100.00
129N04132,2021-03-15 15:50:00,66.13,100.00
129N04132,2021-03-15 16:00:00,67.55,100.00
129N04132,2021-03-15 16:10:00,66.65,100.00
129N04132,2021-03-15 16:20:00,67.16,100.00
129N04132,2021-03-15 16:30:00,66.33,100.00
129N04132,2021-03-15 16:40:00,68.13,100.00
129N04132,2021-03-15 16:50:00,68.50,100.00
129N04132,2021-03-15 17:00:00,71.04,100.00
129N04132,2021-03-15 17:10:00,67.65,100.00
129N04132,2021-03-15 17:20:00,67.66,100.00
129N04132,2021-03-15 17:30:00,66.74,100.00
129N04132,2021-03-15 17:40:00,67.13,100.00
129N04132,2021-03-15 17:50:00,70.34,100.00
129N04132,2021-03-15 18:00:00,71.50,100.00
129N04132,2021-03-15 18:10:00,68.86,100.00
129N04132,2021-03-15 18:20:00,69.20,100.00
129N04132,2021-03-15 18:30:00,69.95,100.00
129N04132,2021-03-15 18:40:00,69.87,100.00
129N04132,2021-03-15 18:50:00,68.11,100.00
129N04132,2021-03-15 19:00:00,68.87,100.00
129N04132,2021-03-15 19:10:00,69.68,100.00
129N04132,2021-03-15 19:20:00,66.72,100.00
129N04132,2021-03-15 19:30:00,67.85,99.00
129N04132,2021-03-15 19:40:00,66.67,100.00
129N04132,2021-03-15 19:50:00,67.58,100.00
129N04132,2021-03-15 20:00:00,68.87,100.00
129N04132,2021-03-15 20:10:00,67.08,100.00
129N04132,2021-03-15 20:20:00,69.68,100.00
129N04132,2021-03-15 20:30:00,70.95,100.00
129N04132,2021-03-15 20:40:00,69.28,100.00
129N04132,2021-03-15 20:50:00,68.14,100.00
129N04132,2021-03-15 21:00:00,69.38,100.00
129N04132,2021-03-15 21:10:00,67.11,100.00
129N04132,2021-03-15 21:20:00,67.14,100.00
129N04132,2021-03-15 21:30:00,65.86,100.00
129N04132,2021-03-15 21:40:00,68.87,100.00
129N04132,2021-03-15 21:50:00,68.56,100.00
129N04132,2021-03-15 22:00:00,66.39,100.00
129N04132,2021-03-15 22:10:00,69.64,100.00
129N04132,2021-03-15 22:20:00,69.52,100.00
129N04132,2021-03-15 22:30:00,71.75,100.00
129N04132,2021-03-15 22:40:00,68.27,100.00
129N04132,2021-03-15 22:50:00,68.09,100.00
129N04132,2021-03-15 23:00:00,66.24,100.00
129N04132,2021-03-15 23:10:00,73.59,100.00
129N04132,2021-03-15 23:20:00,69.16,100.00
129N04132,2021-03-15 23:30:00,60.21,100.00
129N04132,2021-03-15 23:40:00,65.19,100.00
129N04132,2021-03-15 23:50:00,68.72,100.00
129-04117,2021-03-15 00:00:00,49.00,90.00
129-04117,2021-03-15 00:10:00,52.14,100.00
129-04117,2021-03-15 00:20:00,54.50,100.00
129-04117,2021-03-15 00:30:00,53.29,97.00
129-04117,2021-03-15 00:40:00,52.63,95.00
129-04117,2021-03-15 00:50:00,56.30,92.00
129-04117,2021-03-15 01:00:00,50.78,98.00
129-04117,2021-03-15 01:10:00,47.15,100.00
129-04117,2021-03-15 01:20:00,44.70,100.00
129-04117,2021-03-15 01:30:00,44.49,95.00
129-04117,2021-03-15 01:40:00,45.00,90.00
129-04117,2021-03-15 01:50:00,21.58,90.00
129-04117,2021-03-15 02:00:00,21.00,84.00
129-04117,2021-03-15 02:10:00,24.53,80.00
129-04117,2021-03-15 02:20:00,46.08,89.00
129-04117,2021-03-15 02:30:00,48.30,90.00
129-04117,2021-03-15 02:40:00,41.61,94.00
129-04117,2021-03-15 02:50:00,39.97,100.00
129-04117,2021-03-15 03:00:00,39.00,100.00
129-04117,2021-03-15 03:10:00,41.79,95.00
129-04117,2021-03-15 03:20:00,45.00,90.00
129-04117,2021-03-15 03:30:00,45.00,90.00
129-04117,2021-03-15 03:40:00,46.00,97.00
129-04117,2021-03-15 03:50:00,45.59,90.00
129-04117,2021-03-15 04:00:00,48.69,96.00
129-04117,2021-03-15 04:10:00,54.93,96.00
129-04117,2021-03-15 04:20:00,58.90,100.00
129-04117,2021-03-15 04:30:00,49.01,100.00
129-04117,2021-03-15 04:40:00,33.74,99.00
129-04117,2021-03-15 04:50:00,48.12,100.00
129-04117,2021-03-15 05:00:00,67.79,100.00
129-04117,2021-03-15 05:10:00,69.00,100.00
129-04117,2021-03-15 05:20:00,62.59,100.00
129-04117,2021-03-15 05:30:00,57.95,100.00
129-04117,2021-03-15 05:40:00,52.92,100.00
129-04117,2021-03-15 05:50:00,49.02,98.00
129-04117,2021-03-15 06:00:00,48.71,100.00
129-04117,2021-03-15 06:10:00,50.29,100.00
129-04117,2021-03-15 06:20:00,44.21,100.00
129-04117,2021-03-15 06:30:00,33.08,100.00
129-04117,2021-03-15 06:40:00,39.56,100.00
129-04117,2021-03-15 06:50:00,49.15,100.00
129-04117,2021-03-15 07:00:00,46.20,100.00
129-04117,2021-03-15 07:10:00,47.79,100.00
129-04117,2021-03-15 07:20:00,47.71,100.00
129-04117,2021-03-15 07:30:00,49.44,100.00
129-04117,2021-03-15 07:40:00,38.93,100.00
129-04117,2021-03-15 07:50:00,42.24,100.00
129-04117,2021-03-15 08:00:00,49.07,100.00
129-04117,2021-03-15 08:10:00,47.46,100.00
129-04117,2021-03-15 08:20:00,47.47,100.00
129-04117,2021-03-15 08:30:00,40.93,100.00
129-04117,2021-03-15 08:40:00,46.06,100.00
129-04117,2021-03-15 08:50:00,45.58,100.00
129-04117,2021-03-15 09:00:00,47.66,100.00
129-04117,2021-03-15 09:10:00,50.40,100.00
129-04117,2021-03-15 09:20:00,40.55,100.00
129-04117,2021-03-15 09:30:00,52.53,98.00
129-04117,2021-03-15 09:40:00,46.62,99.00
129-04117,2021-03-15 09:50:00,41.53,100.00
129-04117,2021-03-15 10:00:00,50.14,100.00
129-04117,2021-03-15 10:10:00,53.16,100.00
129-04117,2021-03-15 10:20:00,52.20,100.00
129-04117,2021-03-15 10:30:00,41.94,100.00
129-04117,2021-03-15 10:40:00,34.37,100.00
129-04117,2021-03-15 10:50:00,43.95,100.00
129-04117,2021-03-15 11:00:00,46.18,100.00
129-04117,2021-03-15 11:10:00,51.70,100.00
129-04117,2021-03-15 11:20:00,47.20,100.00
129-04117,2021-03-15 11:30:00,39.72,100.00
129-04117,2021-03-15 11:40:00,32.49,100.00
129-04117,2021-03-15 11:50:00,42.08,100.00
129-04117,2021-03-15 12:00:00,50.97,100.00
129-04117,2021-03-15 12:10:00,46.55,100.00
129-04117,2021-03-15 12:20:00,44.83,100.00
129-04117,2021-03-15 12:30:00,38.27,100.00
129-04117,2021-03-15 12:40:00,45.33,100.00
129-04117,2021-03-15 12:50:00,44.63,100.00
129-04117,2021-03-15 13:00:00,54.05,100.00
129-04117,2021-03-15 13:10:00,47.51,100.00
129-04117,2021-03-15 13:20:00,42.54,100.00
129-04117,2021-03-15 13:30:00,37.13,100.00
129-04117,2021-03-15 13:40:00,48.28,100.00
129-04117,2021-03-15 13:50:00,43.23,100.00
129-04117,2021-03-15 14:00:00,45.00,100.00
129-04117,2021-03-15 14:10:00,40.36,100.00
129-04117,2021-03-15 14:20:00,27.95,100.00
129-04117,2021-03-15 14:30:00,13.09,94.00
129-04117,2021-03-15 14:40:00,9.94,90.00
129-04117,2021-03-15 14:50:00,14.58,96.00
129-04117,2021-03-15 15:00:00,23.84,100.00
129-04117,2021-03-15 15:10:00,21.58,100.00
129-04117,2021-03-15 15:20:00,13.73,100.00
129-04117,2021-03-15 15:30:00,13.00,100.00
129-04117,2021-03-15 15:40:00,9.70,100.00
129-04117,2021-03-15 15:50:00,13.13,100.00
129-04117,2021-03-15 16:00:00,12.94,100.00
129-04117,2021-03-15 16:10:00,16.48,100.00
129-04117,2021-03-15 16:20:00,17.56,100.00
129-04117,2021-03-15 16:30:00,18.07,100.00
129-04117,2021-03-15 16:40:00,21.33,94.00
129-04117,2021-03-15 16:50:00,26.58,94.00
129-04117,2021-03-15 17:00:00,41.96,87.00
129-04117,2021-03-15 17:10:00,36.38,87.00
129-04117,2021-03-15 17:20:00,39.99,87.00
129-04117,2021-03-15 17:30:00,43.22,86.00
129-04117,2021-03-15 17:40:00,53.91,77.00
129-04117,2021-03-15 17:50:00,53.13,89.00
129-04117,2021-03-15 18:00:00,51.40,90.00
129-04117,2021-03-15 18:10:00,53.57,90.00
129-04117,2021-03-15 18:20:00,45.40,90.00
129-04117,2021-03-15 18:30:00,47.63,90.00
129-04117,2021-03-15 18:40:00,50.87,91.00
129-04117,2021-03-15 18:50:00,44.24,100.00
129-04117,2021-03-15 19:00:00,47.78,100.00
129-04117,2021-03-15 19:10:00,49.16,100.00
129-04117,2021-03-15 19:20:00,50.38,100.00
129-04117,2021-03-15 19:30:00,44.25,100.00
129-04117,2021-03-15 19:40:00,50.08,100.00
129-04117,2021-03-15 19:50:00,51.17,100.00
129-04117,2021-03-15 20:00:00,51.05,100.00
129-04117,2021-03-15 20:10:00,55.97,100.00
129-04117,2021-03-15 20:20:00,55.19,100.00
129-04117,2021-03-15 20:30:00,55.99,100.00
129-04117,2021-03-15 20:40:00,57.79,100.00
129-04117,2021-03-15 20:50:00,55.89,100.00
129-04117,2021-03-15 21:00:00,54.15,100.00
129-04117,2021-03-15 21:10:00,55.14,100.00
129-04117,2021-03-15 21:20:00,54.88,100.00
129-04117,2021-03-15 21:30:00,52.69,100.00
129-04117,2021-03-15 21:40:00,53.37,100.00
129-04117,2021-03-15 21:50:00,48.94,100.00
129-04117,2021-03-15 22:00:00,43.00,100.00
129-04117,2021-03-15 22:10:00,50.80,100.00
129-04117,2021-03-15 22:20:00,55.38,100.00
129-04117,2021-03-15 22:30:00,63.56,100.00
129-04117,2021-03-15 22:40:00,47.42,100.00
129-04117,2021-03-15 22:50:00,45.94,100.00
129-04117,2021-03-15 23:00:00,48.44,100.00
129-04117,2021-03-15 23:10:00,53.21,100.00
129-04117,2021-03-15 23:20:00,55.05,100.00
129-04117,2021-03-15 23:30:00,53.95,100.00
129-04117,2021-03-15 23:40:00,52.69,100.00
129-04117,2021-03-15 23:50:00,44.65,100.00
129-04118,2021-03-15 00:00:00,48.00,90.00
129-04118,2021-03-15 00:10:00,52.14,100.00
129-04118,2021-03-15 00:20:00,54.50,100.00
129-04118,2021-03-15 00:30:00,53.29,97.00
129-04118,2021-03-15 00:40:00,52.90,95.00
129-04118,2021-03-15 00:50:00,56.30,92.00
129-04118,2021-03-15 01:00:00,50.78,98.00
129-04118,2021-03-15 01:10:00,46.94,100.00
129-04118,2021-03-15 01:20:00,44.70,100.00
129-04118,2021-03-15 01:30:00,44.49,95.00
129-04118,2021-03-15 01:40:00,45.00,90.00
129-04118,2021-03-15 01:50:00,29.27,90.00
129-04118,2021-03-15 02:00:00,33.00,84.00
129-04118,2021-03-15 02:10:00,35.59,80.00
129-04118,2021-03-15 02:20:00,48.57,89.00
129-04118,2021-03-15 02:30:00,48.49,90.00
129-04118,2021-03-15 02:40:00,41.61,94.00
129-04118,2021-03-15 02:50:00,41.00,100.00
129-04118,2021-03-15 03:00:00,41.00,100.00
129-04118,2021-03-15 03:10:00,42.91,95.00
129-04118,2021-03-15 03:20:00,45.00,90.00
129-04118,2021-03-15 03:30:00,45.00,90.00
129-04118,2021-03-15 03:40:00,46.00,97.00
129-04118,2021-03-15 03:50:00,45.39,90.00
129-04118,2021-03-15 04:00:00,48.69,96.00
129-04118,2021-03-15 04:10:00,54.93,96.00
129-04118,2021-03-15 04:20:00,58.79,100.00
129-04118,2021-03-15 04:30:00,39.36,100.00
129-04118,2021-03-15 04:40:00,32.62,99.00
129-04118,2021-03-15 04:50:00,46.48,100.00
129-04118,2021-03-15 05:00:00,67.79,100.00
129-04118,2021-03-15 05:10:00,69.00,100.00
129-04118,2021-03-15 05:20:00,62.79,100.00
129-04118,2021-03-15 05:30:00,57.95,100.00
129-04118,2021-03-15 05:40:00,49.31,100.00
129-04118,2021-03-15 05:50:00,43.16,98.00
129-04118,2021-03-15 06:00:00,44.80,100.00
129-04118,2021-03-15 06:10:00,50.16,100.00
129-04118,2021-03-15 06:20:00,45.28,100.00
129-04118,2021-03-15 06:30:00,34.78,100.00
129-04118,2021-03-15 06:40:00,41.54,100.00
129-04118,2021-03-15 06:50:00,47.48,100.00
129-04118,2021-03-15 07:00:00,44.67,100.00
129-04118,2021-03-15 07:10:00,45.53,100.00
129-04118,2021-03-15 07:20:00,46.14,100.00
129-04118,2021-03-15 07:30:00,49.38,100.00
129-04118,2021-03-15 07:40:00,34.48,100.00
129-04118,2021-03-15 07:50:00,40.26,100.00
129-04118,2021-03-15 08:00:00,49.95,100.00
129-04118,2021-03-15 08:10:00,48.48,100.00
129-04118,2021-03-15 08:20:00,46.59,100.00
129-04118,2021-03-15 08:30:00,42.51,100.00
129-04118,2021-03-15 08:40:00,46.99,100.00
129-04118,2021-03-15 08:50:00,44.10,100.00
129-04118,2021-03-15 09:00:00,49.11,100.00
129-04118,2021-03-15 09:10:00,51.00,100.00
129-04118,2021-03-15 09:20:00,39.97,100.00
129-04118,2021-03-15 09:30:00,52.53,98.00
129-04118,2021-03-15 09:40:00,46.35,99.00
129-04118,2021-03-15 09:50:00,42.36,100.00
129-04118,2021-03-15 10:00:00,48.08,100.00
129-04118,2021-03-15 10:10:00,53.78,100.00
129-04118,2021-03-15 10:20:00,53.55,100.00
129-04118,2021-03-15 10:30:00,45.82,100.00
129-04118,2021-03-15 10:40:00,39.95,100.00
129-04118,2021-03-15 10:50:00,46.39,100.00
129-04118,2021-03-15 11:00:00,46.36,100.00
129-04118,2021-03-15 11:10:00,51.70,100.00
129-04118,2021-03-15 11:20:00,49.10,100.00
129-04118,2021-03-15 11:30:00,39.52,100.00
129-04118,2021-03-15 11:40:00,34.60,100.00
129-04118,2021-03-15 11:50:00,45.26,100.00
129-04118,2021-03-15 12:00:00,49.59,100.00
129-04118,2021-03-15 12:10:00,46.39,100.00
129-04118,2021-03-15 12:20:00,44.76,100.00
129-04118,2021-03-15 12:30:00,38.17,100.00
129-04118,2021-03-15 12:40:00,45.43,100.00
129-04118,2021-03-15 12:50:00,41.42,100.00
129-04118,2021-03-15 13:00:00,53.65,100.00
129-04118,2021-03-15 13:10:00,47.51,100.00
129-04118,2021-03-15 13:20:00,42.33,100.00
129-04118,2021-03-15 13:30:00,38.26,100.00
129-04118,2021-03-15 13:40:00,48.49,100.00
129-04118,2021-03-15 13:50:00,42.68,100.00
129-04118,2021-03-15 14:00:00,47.00,100.00
129-04118,2021-03-15 14:10:00,42.58,100.00
129-04118,2021-03-15 14:20:00,28.49,100.00
129-04118,2021-03-15 14:30:00,15.11,94.00
129-04118,2021-03-15 14:40:00,9.84,90.00
129-04118,2021-03-15 14:50:00,14.29,96.00
129-04118,2021-03-15 15:00:00,20.79,100.00
129-04118,2021-03-15 15:10:00,19.24,100.00
129-04118,2021-03-15 15:20:00,13.55,100.00
129-04118,2021-03-15 15:30:00,13.00,100.00
129-04118,2021-03-15 15:40:00,10.22,100.00
129-04118,2021-03-15 15:50:00,12.89,100.00
129-04118,2021-03-15 16:00:00,11.98,100.00
129-04118,2021-03-15 16:10:00,20.47,100.00
129-04118,2021-03-15 16:20:00,21.03,100.00
129-04118,2021-03-15 16:30:00,18.16,100.00
129-04118,2021-03-15 16:40:00,21.81,94.00
129-04118,2021-03-15 16:50:00,27.02,94.00
129-04118,2021-03-15 17:00:00,43.24,87.00
129-04118,2021-03-15 17:10:00,40.30,87.00
129-04118,2021-03-15 17:20:00,39.99,87.00
129-04118,2021-03-15 17:30:00,43.14,86.00
129-04118,2021-03-15 17:40:00,53.91,77.00
129-04118,2021-03-15 17:50:00,53.34,89.00
129-04118,2021-03-15 18:00:00,53.29,90.00
129-04118,2021-03-15 18:10:00,54.23,90.00
129-04118,2021-03-15 18:20:00,45.22,90.00
129-04118,2021-03-15 18:30:00,47.53,90.00
129-04118,2021-03-15 18:40:00,52.26,91.00
129-04118,2021-03-15 18:50:00,41.41,100.00
129-04118,2021-03-15 19:00:00,46.75,100.00
129-04118,2021-03-15 19:10:00,48.87,100.00
129-04118,2021-03-15 19:20:00,51.16,100.00
129-04118,2021-03-15 19:30:00,42.95,100.00
129-04118,2021-03-15 19:40:00,50.12,100.00
129-04118,2021-03-15 19:50:00,51.17,100.00
129-04118,2021-03-15 20:00:00,51.85,100.00
129-04118,2021-03-15 20:10:00,55.97,100.00
129-04118,2021-03-15 20:20:00,55.19,100.00
129-04118,2021-03-15 20:30:00,55.99,100.00
129-04118,2021-03-15 20:40:00,57.69,100.00
129-04118,2021-03-15 20:50:00,55.69,100.00
129-04118,2021-03-15 21:00:00,54.23,100.00
129-04118,2021-03-15 21:10:00,54.87,100.00
129-04118,2021-03-15 21:20:00,54.88,100.00
129-04118,2021-03-15 21:30:00,53.50,100.00
129-04118,2021-03-15 21:40:00,54.33,100.00
129-04118,2021-03-15 21:50:00,47.24,100.00
129-04118,2021-03-15 22:00:00,43.00,100.00
129-04118,2021-03-15 22:10:00,52.42,100.00
129-04118,2021-03-15 22:20:00,56.13,100.00
129-04118,2021-03-15 22:30:00,63.77,100.00
129-04118,2021-03-15 22:40:00,50.06,100.00
129-04118,2021-03-15 22:50:00,44.72,100.00
129-04118,2021-03-15 23:00:00,44.68,100.00
129-04118,2021-03-15 23:10:00,53.21,100.00
129-04118,2021-03-15 23:20:00,55.05,100.00
129-04118,2021-03-15 23:30:00,53.74,100.00
129-04118,2021-03-15 23:40:00,52.50,100.00
129-04118,2021-03-15 23:50:00,44.86,100.00
129-04115,2021-03-15 00:00:00,54.21,100.00
129-04115,2021-03-15 00:10:00,55.59,100.00
129-04115,2021-03-15 00:20:00,54.49,100.00
129-04115,2021-03-15 00:30:00,60.95,100.00
129-04115,2021-03-15 00:40:00,56.92,100.00
129-04115,2021-03-15 00:50:00,54.17,100.00
129-04115,2021-03-15 01:00:00,57.03,100.00
129-04115,2021-03-15 01:10:00,52.57,100.00
129-04115,2021-03-15 01:20:00,49.40,100.00
129-04115,2021-03-15 01:30:00,49.70,100.00
129-04115,2021-03-15 01:40:00,50.18,100.00
129-04115,2021-03-15 01:50:00,53.86,100.00
129-04115,2021-03-15 02:00:00,52.99,100.00
129-04115,2021-03-15 02:10:00,50.11,100.00
129-04115,2021-03-15 02:20:00,50.44,100.00
129-04115,2021-03-15 02:30:00,52.98,100.00
129-04115,2021-03-15 02:40:00,57.05,98.20
129-04115,2021-03-15 02:50:00,57.10,100.00
129-04115,2021-03-15 03:00:00,55.99,100.00
129-04115,2021-03-15 03:10:00,55.68,99.00
129-04115,2021-03-15 03:20:00,54.28,96.60
129-04115,2021-03-15 03:30:00,50.39,100.00
129-04115,2021-03-15 03:40:00,47.85,100.00
129-04115,2021-03-15 03:50:00,52.33,100.00
129-04115,2021-03-15 04:00:00,50.21,100.00
129-04115,2021-03-15 04:10:00,49.02,100.00
129-04115,2021-03-15 04:20:00,50.65,100.00
129-04115,2021-03-15 04:30:00,50.20,100.00
129-04115,2021-03-15 04:40:00,51.64,100.00
129-04115,2021-03-15 04:50:00,52.61,100.00
129-04115,2021-03-15 05:00:00,56.45,100.00
129-04115,2021-03-15 05:10:00,55.57,100.00
129-04115,2021-03-15 05:20:00,61.68,100.00
129-04115,2021-03-15 05:30:00,57.15,100.00
129-04115,2021-03-15 05:40:00,53.18,100.00
129-04115,2021-03-15 05:50:00,54.46,100.00
129-04115,2021-03-15 06:00:00,51.30,100.00
129-04115,2021-03-15 06:10:00,56.37,100.00
129-04115,2021-03-15 06:20:00,54.94,100.00
129-04115,2021-03-15 06:30:00,50.31,100.00
129-04115,2021-03-15 06:40:00,46.55,100.00
129-04115,2021-03-15 06:50:00,46.74,100.00
129-04115,2021-03-15 07:00:00,50.63,100.00
129-04115,2021-03-15 07:10:00,49.97,100.00
129-04115,2021-03-15 07:20:00,46.03,100.00
129-04115,2021-03-15 07:30:00,48.36,100.00
129-04115,2021-03-15 07:40:00,46.99,100.00
129-04115,2021-03-15 07:50:00,46.07,100.00
129-04115,2021-03-15 08:00:00,48.38,100.00
129-04115,2021-03-15 08:10:00,49.23,100.00
129-04115,2021-03-15 08:20:00,48.42,100.00
129-04115,2021-03-15 08:30:00,51.21,100.00
129-04115,2021-03-15 08:40:00,48.82,100.00
129-04115,2021-03-15 08:50:00,49.57,100.00
129-04115,2021-03-15 09:00:00,50.01,100.00
129-04115,2021-03-15 09:10:00,48.56,98.00
129-04115,2021-03-15 09:20:00,52.71,99.60
129-04115,2021-03-15 09:30:00,48.29,100.00
129-04115,2021-03-15 09:40:00,44.52,100.00
129-04115,2021-03-15 09:50:00,49.59,100.00
129-04115,2021-03-15 10:00:00,48.40,100.00
129-04115,2021-03-15 10:10:00,49.67,100.00
129-04115,2021-03-15 10:20:00,51.34,99.40
129-04115,2021-03-15 10:30:00,48.14,100.00
129-04115,2021-03-15 10:40:00,44.94,100.00
129-04115,2021-03-15 10:50:00,52.25,100.00
129-04115,2021-03-15 11:00:00,50.30,100.00
129-04115,2021-03-15 11:10:00,49.42,100.00
129-04115,2021-03-15 11:20:00,51.45,100.00
129-04115,2021-03-15 11:30:00,45.98,100.00
129-04115,2021-03-15 11:40:00,45.77,100.00
129-04115,2021-03-15 11:50:00,51.28,100.00
129-04115,2021-03-15 12:00:00,47.25,100.00
129-04115,2021-03-15 12:10:00,46.89,100.00
129-04115,2021-03-15 12:20:00,48.99,100.00
129-04115,2021-03-15 12:30:00,48.01,100.00
129-04115,2021-03-15 12:40:00,49.05,100.00
129-04115,2021-03-15 12:50:00,46.06,100.00
129-04115,2021-03-15 13:00:00,47.76,100.00
129-04115,2021-03-15 13:10:00,45.64,100.00
129-04115,2021-03-15 13:20:00,53.34,100.00
129-04115,2021-03-15 13:30:00,47.03,100.00
129-04115,2021-03-15 13:40:00,46.74,100.00
129-04115,2021-03-15 13:50:00,44.56,100.00
129-04115,2021-03-15 14:00:00,34.78,99.60
129-04115,2021-03-15 14:10:00,18.23,100.00
129-04115,2021-03-15 14:20:00,14.95,100.00
129-04115,2021-03-15 14:30:00,13.34,100.00
129-04115,2021-03-15 14:40:00,12.58,100.00
129-04115,2021-03-15 14:50:00,11.40,100.00
129-04115,2021-03-15 15:00:00,13.76,100.00
129-04115,2021-03-15 15:10:00,10.21,100.00
129-04115,2021-03-15 15:20:00,8.41,100.00
129-04115,2021-03-15 15:30:00,7.94,100.00
129-04115,2021-03-15 15:40:00,6.86,100.00
129-04115,2021-03-15 15:50:00,11.45,100.00
129-04115,2021-03-15 16:00:00,13.64,100.00
129-04115,2021-03-15 16:10:00,10.50,100.00
129-04115,2021-03-15 16:20:00,14.64,100.00
129-04115,2021-03-15 16:30:00,9.35,100.00
129-04115,2021-03-15 16:40:00,11.15,100.00
129-04115,2021-03-15 16:50:00,12.25,100.00
129-04115,2021-03-15 17:00:00,16.37,100.00
129-04115,2021-03-15 17:10:00,23.75,96.80
129-04115,2021-03-15 17:20:00,17.61,99.60
129-04115,2021-03-15 17:30:00,16.23,100.00
129-04115,2021-03-15 17:40:00,26.14,98.00
129-04115,2021-03-15 17:50:00,46.70,90.60
129-04115,2021-03-15 18:00:00,46.59,90.00
129-04115,2021-03-15 18:10:00,53.00,90.00
129-04115,2021-03-15 18:20:00,50.26,90.00
129-04115,2021-03-15 18:30:00,49.74,90.00
129-04115,2021-03-15 18:40:00,50.94,90.00
129-04115,2021-03-15 18:50:00,55.39,90.00
129-04115,2021-03-15 19:00:00,53.64,92.40
129-04115,2021-03-15 19:10:00,50.79,97.00
129-04115,2021-03-15 19:20:00,55.24,99.40
129-04115,2021-03-15 19:30:00,53.22,100.00
129-04115,2021-03-15 19:40:00,52.83,100.00
129-04115,2021-03-15 19:50:00,52.14,100.00
129-04115,2021-03-15 20:00:00,51.77,100.00
129-04115,2021-03-15 20:10:00,56.15,100.00
129-04115,2021-03-15 20:20:00,55.23,100.00
129-04115,2021-03-15 20:30:00,53.96,100.00
129-04115,2021-03-15 20:40:00,57.89,100.00
129-04115,2021-03-15 20:50:00,56.38,100.00
129-04115,2021-03-15 21:00:00,54.40,100.00
129-04115,2021-03-15 21:10:00,54.05,100.00
129-04115,2021-03-15 21:20:00,53.13,100.00
129-04115,2021-03-15 21:30:00,56.08,100.00
129-04115,2021-03-15 21:40:00,54.37,100.00
129-04115,2021-03-15 21:50:00,50.86,100.00
129-04115,2021-03-15 22:00:00,58.49,100.00
129-04115,2021-03-15 22:10:00,52.24,100.00
129-04115,2021-03-15 22:20:00,52.51,100.00
129-04115,2021-03-15 22:30:00,56.62,100.00
129-04115,2021-03-15 22:40:00,56.94,100.00
129-04115,2021-03-15 22:50:00,56.85,100.00
129-04115,2021-03-15 23:00:00,55.88,100.00
129-04115,2021-03-15 23:10:00,52.51,100.00
129-04115,2021-03-15 23:20:00,53.49,100.00
129-04115,2021-03-15 23:30:00,52.09,100.00
129-04115,2021-03-15 23:40:00,51.70,100.00
129-04115,2021-03-15 23:50:00,53.53,100.00
129-04116,2021-03-15 00:00:00,57.78,100.00
129-04116,2021-03-15 00:10:00,54.28,100.00
129-04116,2021-03-15 00:20:00,51.77,100.00
129-04116,2021-03-15 00:30:00,56.88,97.00
129-04116,2021-03-15 00:40:00,60.68,91.00
129-04116,2021-03-15 00:50:00,52.85,100.00
129-04116,2021-03-15 01:00:00,45.52,100.00
129-04116,2021-03-15 01:10:00,47.24,100.00
129-04116,2021-03-15 01:20:00,49.75,100.00
129-04116,2021-03-15 01:30:00,51.30,95.00
129-04116,2021-03-15 01:40:00,51.00,84.00
129-04116,2021-03-15 01:50:00,51.00,86.00
129-04116,2021-03-15 02:00:00,49.19,90.00
129-04116,2021-03-15 02:10:00,49.00,90.00
129-04116,2021-03-15 02:20:00,49.78,99.00
129-04116,2021-03-15 02:30:00,49.00,93.00
129-04116,2021-03-15 02:40:00,51.36,92.00
129-04116,2021-03-15 02:50:00,56.80,100.00
129-04116,2021-03-15 03:00:00,56.00,100.00
129-04116,2021-03-15 03:10:00,54.69,94.00
129-04116,2021-03-15 03:20:00,54.00,90.00
129-04116,2021-03-15 03:30:00,54.00,90.00
129-04116,2021-03-15 03:40:00,33.26,92.00
129-04116,2021-03-15 03:50:00,39.78,94.00
129-04116,2021-03-15 04:00:00,43.99,100.00
129-04116,2021-03-15 04:10:00,54.58,100.00
129-04116,2021-03-15 04:20:00,58.14,100.00
129-04116,2021-03-15 04:30:00,60.18,100.00
129-04116,2021-03-15 04:40:00,56.84,100.00
129-04116,2021-03-15 04:50:00,62.96,96.00
129-04116,2021-03-15 05:00:00,64.39,100.00
129-04116,2021-03-15 05:10:00,62.79,97.00
129-04116,2021-03-15 05:20:00,60.97,100.00
129-04116,2021-03-15 05:30:00,57.45,100.00
129-04116,2021-03-15 05:40:00,54.79,100.00
129-04116,2021-03-15 05:50:00,53.99,100.00
129-04116,2021-03-15 06:00:00,55.07,100.00
129-04116,2021-03-15 06:10:00,56.12,100.00
129-04116,2021-03-15 06:20:00,42.87,100.00
129-04116,2021-03-15 06:30:00,47.08,100.00
129-04116,2021-03-15 06:40:00,48.79,100.00
129-04116,2021-03-15 06:50:00,50.97,100.00
129-04116,2021-03-15 07:00:00,48.48,100.00
129-04116,2021-03-15 07:10:00,52.15,100.00
129-04116,2021-03-15 07:20:00,51.36,100.00
129-04116,2021-03-15 07:30:00,49.89,100.00
129-04116,2021-03-15 07:40:00,47.77,100.00
129-04116,2021-03-15 07:50:00,47.02,100.00
129-04116,2021-03-15 08:00:00,51.01,100.00
129-04116,2021-03-15 08:10:00,48.54,100.00
129-04116,2021-03-15 08:20:00,45.27,100.00
129-04116,2021-03-15 08:30:00,46.18,100.00
129-04116,2021-03-15 08:40:00,51.98,100.00
129-04116,2021-03-15 08:50:00,52.43,100.00
129-04116,2021-03-15 09:00:00,50.74,100.00
129-04116,2021-03-15 09:10:00,51.07,100.00
129-04116,2021-03-15 09:20:00,51.15,100.00
129-04116,2021-03-15 09:30:00,51.88,100.00
129-04116,2021-03-15 09:40:00,38.38,100.00
129-04116,2021-03-15 09:50:00,44.86,100.00
129-04116,2021-03-15 10:00:00,46.34,100.00
129-04116,2021-03-15 10:10:00,53.69,100.00
129-04116,2021-03-15 10:20:00,49.21,100.00
129-04116,2021-03-15 10:30:00,45.22,100.00
129-04116,2021-03-15 10:40:00,42.99,99.00
129-04116,2021-03-15 10:50:00,48.56,100.00
129-04116,2021-03-15 11:00:00,53.45,100.00
129-04116,2021-03-15 11:10:00,50.68,100.00
129-04116,2021-03-15 11:20:00,50.77,100.00
129-04116,2021-03-15 11:30:00,44.23,100.00
129-04116,2021-03-15 11:40:00,42.19,100.00
129-04116,2021-03-15 11:50:00,48.77,100.00
129-04116,2021-03-15 12:00:00,48.72,100.00
129-04116,2021-03-15 12:10:00,46.50,100.00
129-04116,2021-03-15 12:20:00,45.13,100.00
129-04116,2021-03-15 12:30:00,46.85,100.00
129-04116,2021-03-15 12:40:00,43.33,100.00
129-04116,2021-03-15 12:50:00,48.72,100.00
129-04116,2021-03-15 13:00:00,50.53,100.00
129-04116,2021-03-15 13:10:00,47.70,100.00
129-04116,2021-03-15 13:20:00,52.91,100.00
129-04116,2021-03-15 13:30:00,41.81,100.00
129-04116,2021-03-15 13:40:00,45.20,100.00
129-04116,2021-03-15 13:50:00,47.57,100.00
129-04116,2021-03-15 14:00:00,51.04,98.00
129-04116,2021-03-15 14:10:00,23.02,100.00
129-04116,2021-03-15 14:20:00,13.51,100.00
129-04116,2021-03-15 14:30:00,9.04,100.00
129-04116,2021-03-15 14:40:00,8.36,100.00
129-04116,2021-03-15 14:50:00,9.07,100.00
129-04116,2021-03-15 15:00:00,9.47,100.00
129-04116,2021-03-15 15:10:00,8.03,100.00
129-04116,2021-03-15 15:20:00,6.89,100.00
129-04116,2021-03-15 15:30:00,5.90,100.00
129-04116,2021-03-15 15:40:00,7.54,100.00
129-04116,2021-03-15 15:50:00,7.46,100.00
129-04116,2021-03-15 16:00:00,10.63,100.00
129-04116,2021-03-15 16:10:00,12.90,100.00
129-04116,2021-03-15 16:20:00,10.16,100.00
129-04116,2021-03-15 16:30:00,9.42,100.00
129-04116,2021-03-15 16:40:00,7.24,100.00
129-04116,2021-03-15 16:50:00,11.85,100.00
129-04116,2021-03-15 17:00:00,16.82,98.00
129-04116,2021-03-15 17:10:00,43.11,88.00
129-04116,2021-03-15 17:20:00,27.42,92.00
129-04116,2021-03-15 17:30:00,16.30,90.00
129-04116,2021-03-15 17:40:00,32.39,90.00
129-04116,2021-03-15 17:50:00,49.59,90.00
129-04116,2021-03-15 18:00:00,41.14,90.00
129-04116,2021-03-15 18:10:00,52.17,90.00
129-04116,2021-03-15 18:20:00,48.85,90.00
129-04116,2021-03-15 18:30:00,53.15,89.00
129-04116,2021-03-15 18:40:00,51.86,89.00
129-04116,2021-03-15 18:50:00,52.59,90.00
129-04116,2021-03-15 19:00:00,52.15,97.00
129-04116,2021-03-15 19:10:00,46.65,100.00
129-04116,2021-03-15 19:20:00,48.84,100.00
129-04116,2021-03-15 19:30:00,54.59,100.00
129-04116,2021-03-15 19:40:00,52.77,100.00
129-04116,2021-03-15 19:50:00,52.41,100.00
129-04116,2021-03-15 20:00:00,44.29,100.00
129-04116,2021-03-15 20:10:00,55.79,100.00
129-04116,2021-03-15 20:20:00,56.78,100.00
129-04116,2021-03-15 20:30:00,54.37,100.00
129-04116,2021-03-15 20:40:00,55.66,100.00
129-04116,2021-03-15 20:50:00,57.79,100.00
129-04116,2021-03-15 21:00:00,56.56,100.00
129-04116,2021-03-15 21:10:00,54.41,100.00
129-04116,2021-03-15 21:20:00,53.08,100.00
129-04116,2021-03-15 21:30:00,54.00,100.00
129-04116,2021-03-15 21:40:00,53.69,100.00
129-04116,2021-03-15 21:50:00,42.75,100.00
129-04116,2021-03-15 22:00:00,50.77,100.00
129-04116,2021-03-15 22:10:00,56.34,100.00
129-04116,2021-03-15 22:20:00,57.79,100.00
129-04116,2021-03-15 22:30:00,60.95,100.00
129-04116,2021-03-15 22:40:00,59.22,100.00
129-04116,2021-03-15 22:50:00,57.68,100.00
129-04116,2021-03-15 23:00:00,55.59,100.00
129-04116,2021-03-15 23:10:00,45.59,100.00
129-04116,2021-03-15 23:20:00,49.99,100.00
129-04116,2021-03-15 23:30:00,53.41,100.00
129-04116,2021-03-15 23:40:00,52.70,100.00
129-04116,2021-03-15 23:50:00,47.28,100.00
129-04113,2021-03-15 00:00:00,64.26,100.00
129-04113,2021-03-15 00:10:00,61.44,100.00
129-04113,2021-03-15 00:20:00,57.40,100.00
129-04113,2021-03-15 00:30:00,65.55,100.00
129-04113,2021-03-15 00:40:00,60.89,100.00
129-04113,2021-03-15 00:50:00,56.49,100.00
129-04113,2021-03-15 01:00:00,60.54,100.00
129-04113,2021-03-15 01:10:00,56.30,100.00
129-04113,2021-03-15 01:20:00,59.25,100.00
129-04113,2021-03-15 01:30:00,63.40,100.00
129-04113,2021-03-15 01:40:00,60.77,100.00
129-04113,2021-03-15 01:50:00,63.97,100.00
129-04113,2021-03-15 02:00:00,63.09,100.00
129-04113,2021-03-15 02:10:00,61.77,100.00
129-04113,2021-03-15 02:20:00,59.27,100.00
129-04113,2021-03-15 02:30:00,62.18,100.00
129-04113,2021-03-15 02:40:00,63.00,100.00
129-04113,2021-03-15 02:50:00,62.87,100.00
129-04113,2021-03-15 03:00:00,64.39,100.00
129-04113,2021-03-15 03:10:00,61.06,100.00
129-04113,2021-03-15 03:20:00,58.76,100.00
129-04113,2021-03-15 03:30:00,67.32,100.00
129-04113,2021-03-15 03:40:00,63.07,100.00
129-04113,2021-03-15 03:50:00,56.53,100.00
129-04113,2021-03-15 04:00:00,62.62,100.00
129-04113,2021-03-15 04:10:00,66.96,100.00
129-04113,2021-03-15 04:20:00,64.32,100.00
129-04113,2021-03-15 04:30:00,68.45,97.00
129-04113,2021-03-15 04:40:00,64.18,100.00
129-04113,2021-03-15 04:50:00,64.67,100.00
129-04113,2021-03-15 05:00:00,62.02,100.00
129-04113,2021-03-15 05:10:00,59.41,100.00
129-04113,2021-03-15 05:20:00,60.68,100.00
129-04113,2021-03-15 05:30:00,59.70,100.00
129-04113,2021-03-15 05:40:00,60.14,100.00
129-04113,2021-03-15 05:50:00,62.49,100.00
129-04113,2021-03-15 06:00:00,55.61,100.00
129-04113,2021-03-15 06:10:00,59.56,100.00
129-04113,2021-03-15 06:20:00,57.79,100.00
129-04113,2021-03-15 06:30:00,56.31,100.00
129-04113,2021-03-15 06:40:00,54.30,100.00
129-04113,2021-03-15 06:50:00,60.29,100.00
129-04113,2021-03-15 07:00:00,53.68,100.00
129-04113,2021-03-15 07:10:00,56.77,100.00
129-04113,2021-03-15 07:20:00,53.26,100.00
129-04113,2021-03-15 07:30:00,53.69,100.00
129-04113,2021-03-15 07:40:00,51.87,100.00
129-04113,2021-03-15 07:50:00,47.11,100.00
129-04113,2021-03-15 08:00:00,44.61,100.00
129-04113,2021-03-15 08:10:00,49.32,100.00
129-04113,2021-03-15 08:20:00,55.40,100.00
129-04113,2021-03-15 08:30:00,56.09,100.00
129-04113,2021-03-15 08:40:00,52.75,100.00
129-04113,2021-03-15 08:50:00,52.07,100.00
129-04113,2021-03-15 09:00:00,55.13,100.00
129-04113,2021-03-15 09:10:00,54.83,100.00
129-04113,2021-03-15 09:20:00,56.92,100.00
129-04113,2021-03-15 09:30:00,53.18,100.00
129-04113,2021-03-15 09:40:00,54.96,100.00
129-04113,2021-03-15 09:50:00,59.64,100.00
129-04113,2021-03-15 10:00:00,54.69,100.00
129-04113,2021-03-15 10:10:00,53.62,100.00
129-04113,2021-03-15 10:20:00,55.23,100.00
129-04113,2021-03-15 10:30:00,52.66,100.00
129-04113,2021-03-15 10:40:00,51.08,100.00
129-04113,2021-03-15 10:50:00,52.78,100.00
129-04113,2021-03-15 11:00:00,52.62,100.00
129-04113,2021-03-15 11:10:00,54.38,100.00
129-04113,2021-03-15 11:20:00,50.31,100.00
129-04113,2021-03-15 11:30:00,48.34,100.00
129-04113,2021-03-15 11:40:00,47.05,100.00
129-04113,2021-03-15 11:50:00,56.66,100.00
129-04113,2021-03-15 12:00:00,53.27,100.00
129-04113,2021-03-15 12:10:00,56.11,100.00
129-04113,2021-03-15 12:20:00,53.68,100.00
129-04113,2021-03-15 12:30:00,50.29,100.00
129-04113,2021-03-15 12:40:00,55.50,100.00
129-04113,2021-03-15 12:50:00,59.60,100.00
129-04113,2021-03-15 13:00:00,53.01,100.00
129-04113,2021-03-15 13:10:00,58.75,100.00
129-04113,2021-03-15 13:20:00,57.18,100.00
129-04113,2021-03-15 13:30:00,51.89,100.00
129-04113,2021-03-15 13:40:00,46.02,100.00
129-04113,2021-03-15 13:50:00,34.05,100.00
129-04113,2021-03-15 14:00:00,33.18,100.00
129-04113,2021-03-15 14:10:00,31.37,100.00
129-04113,2021-03-15 14:20:00,23.69,100.00
129-04113,2021-03-15 14:30:00,21.51,100.00
129-04113,2021-03-15 14:40:00,20.46,100.00
129-04113,2021-03-15 14:50:00,11.23,100.00
129-04113,2021-03-15 15:00:00,9.59,100.00
129-04113,2021-03-15 15:10:00,10.99,100.00
129-04113,2021-03-15 15:20:00,11.54,100.00
129-04113,2021-03-15 15:30:00,12.66,100.00
129-04113,2021-03-15 15:40:00,20.49,100.00
129-04113,2021-03-15 15:50:00,32.54,100.00
129-04113,2021-03-15 16:00:00,28.07,100.00
129-04113,2021-03-15 16:10:00,26.52,100.00
129-04113,2021-03-15 16:20:00,22.61,100.00
129-04113,2021-03-15 16:30:00,12.79,98.00
129-04113,2021-03-15 16:40:00,19.60,100.00
129-04113,2021-03-15 16:50:00,28.71,100.00
129-04113,2021-03-15 17:00:00,29.34,100.00
129-04113,2021-03-15 17:10:00,35.77,100.00
129-04113,2021-03-15 17:20:00,30.45,100.00
129-04113,2021-03-15 17:30:00,33.44,100.00
129-04113,2021-03-15 17:40:00,34.50,100.00
129-04113,2021-03-15 17:50:00,32.28,100.00
129-04113,2021-03-15 18:00:00,24.41,100.00
129-04113,2021-03-15 18:10:00,41.93,98.00
129-04113,2021-03-15 18:20:00,58.11,91.00
129-04113,2021-03-15 18:30:00,58.44,93.00
129-04113,2021-03-15 18:40:00,55.08,97.00
129-04113,2021-03-15 18:50:00,58.32,96.00
129-04113,2021-03-15 19:00:00,59.21,99.00
129-04113,2021-03-15 19:10:00,53.93,100.00
129-04113,2021-03-15 19:20:00,55.87,100.00
129-04113,2021-03-15 19:30:00,55.92,100.00
129-04113,2021-03-15 19:40:00,58.89,100.00
129-04113,2021-03-15 19:50:00,54.42,100.00
129-04113,2021-03-15 20:00:00,54.76,100.00
129-04113,2021-03-15 20:10:00,60.73,100.00
129-04113,2021-03-15 20:20:00,62.67,100.00
129-04113,2021-03-15 20:30:00,59.40,100.00
129-04113,2021-03-15 20:40:00,55.98,100.00
129-04113,2021-03-15 20:50:00,56.92,100.00
129-04113,2021-03-15 21:00:00,58.59,100.00
129-04113,2021-03-15 21:10:00,62.56,100.00
129-04113,2021-03-15 21:20:00,53.82,100.00
129-04113,2021-03-15 21:30:00,63.15,100.00
129-04113,2021-03-15 21:40:00,61.17,100.00
129-04113,2021-03-15 21:50:00,59.74,100.00
129-04113,2021-03-15 22:00:00,60.12,100.00
129-04113,2021-03-15 22:10:00,60.49,100.00
129-04113,2021-03-15 22:20:00,63.94,100.00
129-04113,2021-03-15 22:30:00,61.73,100.00
129-04113,2021-03-15 22:40:00,62.58,100.00
129-04113,2021-03-15 22:50:00,62.96,100.00
129-04113,2021-03-15 23:00:00,63.17,100.00
129-04113,2021-03-15 23:10:00,61.27,100.00
129-04113,2021-03-15 23:20:00,57.89,100.00
129-04113,2021-03-15 23:30:00,62.45,100.00
129-04113,2021-03-15 23:40:00,56.98,100.00
129-04113,2021-03-15 23:50:00,63.67,100.00
129-04114,2021-03-15 00:00:00,59.72,100.00
129-04114,2021-03-15 00:10:00,59.26,100.00
129-04114,2021-03-15 00:20:00,59.26,100.00
129-04114,2021-03-15 00:30:00,61.85,100.00
129-04114,2021-03-15 00:40:00,56.97,100.00
129-04114,2021-03-15 00:50:00,51.80,100.00
129-04114,2021-03-15 01:00:00,55.42,100.00
129-04114,2021-03-15 01:10:00,55.87,100.00
129-04114,2021-03-15 01:20:00,53.09,100.00
129-04114,2021-03-15 01:30:00,53.98,100.00
129-04114,2021-03-15 01:40:00,53.57,100.00
129-04114,2021-03-15 01:50:00,57.93,100.00
129-04114,2021-03-15 02:00:00,57.10,100.00
129-04114,2021-03-15 02:10:00,56.37,100.00
129-04114,2021-03-15 02:20:00,57.18,100.00
129-04114,2021-03-15 02:30:00,59.59,100.00
129-04114,2021-03-15 02:40:00,63.64,100.00
129-04114,2021-03-15 02:50:00,63.39,100.00
129-04114,2021-03-15 03:00:00,65.00,100.00
129-04114,2021-03-15 03:10:00,60.72,100.00
129-04114,2021-03-15 03:20:00,58.24,100.00
129-04114,2021-03-15 03:30:00,62.30,100.00
129-04114,2021-03-15 03:40:00,59.06,100.00
129-04114,2021-03-15 03:50:00,56.70,100.00
129-04114,2021-03-15 04:00:00,61.18,100.00
129-04114,2021-03-15 04:10:00,62.94,100.00
129-04114,2021-03-15 04:20:00,62.68,100.00
129-04114,2021-03-15 04:30:00,63.94,100.00
129-04114,2021-03-15 04:40:00,61.54,100.00
129-04114,2021-03-15 04:50:00,56.77,100.00
129-04114,2021-03-15 05:00:00,58.91,100.00
129-04114,2021-03-15 05:10:00,54.21,100.00
129-04114,2021-03-15 05:20:00,63.36,100.00
129-04114,2021-03-15 05:30:00,64.84,100.00
129-04114,2021-03-15 05:40:00,60.36,100.00
129-04114,2021-03-15 05:50:00,62.19,100.00
129-04114,2021-03-15 06:00:00,57.13,100.00
129-04114,2021-03-15 06:10:00,60.14,100.00
129-04114,2021-03-15 06:20:00,61.21,100.00
129-04114,2021-03-15 06:30:00,56.20,100.00
129-04114,2021-03-15 06:40:00,54.91,100.00
129-04114,2021-03-15 06:50:00,54.05,100.00
129-04114,2021-03-15 07:00:00,57.34,100.00
129-04114,2021-03-15 07:10:00,60.85,100.00
129-04114,2021-03-15 07:20:00,54.00,100.00
129-04114,2021-03-15 07:30:00,56.01,100.00
129-04114,2021-03-15 07:40:00,54.35,100.00
129-04114,2021-03-15 07:50:00,56.19,100.00
129-04114,2021-03-15 08:00:00,55.42,100.00
129-04114,2021-03-15 08:10:00,54.84,100.00
129-04114,2021-03-15 08:20:00,56.28,100.00
129-04114,2021-03-15 08:30:00,57.72,100.00
129-04114,2021-03-15 08:40:00,53.49,100.00
129-04114,2021-03-15 08:50:00,55.06,100.00
129-04114,2021-03-15 09:00:00,56.85,100.00
129-04114,2021-03-15 09:10:00,57.08,100.00
129-04114,2021-03-15 09:20:00,57.03,100.00
129-04114,2021-03-15 09:30:00,53.75,100.00
129-04114,2021-03-15 09:40:00,53.43,100.00
129-04114,2021-03-15 09:50:00,57.21,100.00
129-04114,2021-03-15 10:00:00,55.75,100.00
129-04114,2021-03-15 10:10:00,56.19,100.00
129-04114,2021-03-15 10:20:00,55.79,100.00
129-04114,2021-03-15 10:30:00,56.79,100.00
129-04114,2021-03-15 10:40:00,55.82,100.00
129-04114,2021-03-15 10:50:00,57.39,100.00
129-04114,2021-03-15 11:00:00,52.12,100.00
129-04114,2021-03-15 11:10:00,57.17,100.00
129-04114,2021-03-15 11:20:00,53.99,100.00
129-04114,2021-03-15 11:30:00,53.14,100.00
129-04114,2021-03-15 11:40:00,53.12,100.00
129-04114,2021-03-15 11:50:00,55.76,100.00
129-04114,2021-03-15 12:00:00,54.59,100.00
129-04114,2021-03-15 12:10:00,57.30,100.00
129-04114,2021-03-15 12:20:00,53.63,100.00
129-04114,2021-03-15 12:30:00,54.80,100.00
129-04114,2021-03-15 12:40:00,57.85,100.00
129-04114,2021-03-15 12:50:00,54.97,100.00
129-04114,2021-03-15 13:00:00,55.63,100.00
129-04114,2021-03-15 13:10:00,60.07,100.00
129-04114,2021-03-15 13:20:00,59.58,100.00
129-04114,2021-03-15 13:30:00,54.23,100.00
129-04114,2021-03-15 13:40:00,51.23,100.00
129-04114,2021-03-15 13:50:00,41.71,100.00
129-04114,2021-03-15 14:00:00,21.03,100.00
129-04114,2021-03-15 14:10:00,18.40,100.00
129-04114,2021-03-15 14:20:00,15.09,100.00
129-04114,2021-03-15 14:30:00,13.15,100.00
129-04114,2021-03-15 14:40:00,12.96,100.00
129-04114,2021-03-15 14:50:00,7.95,100.00
129-04114,2021-03-15 15:00:00,7.97,100.00
129-04114,2021-03-15 15:10:00,8.33,100.00
129-04114,2021-03-15 15:20:00,8.27,100.00
129-04114,2021-03-15 15:30:00,8.89,100.00
129-04114,2021-03-15 15:40:00,11.61,100.00
129-04114,2021-03-15 15:50:00,17.85,100.00
129-04114,2021-03-15 16:00:00,16.76,100.00
129-04114,2021-03-15 16:10:00,15.12,100.00
129-04114,2021-03-15 16:20:00,15.50,100.00
129-04114,2021-03-15 16:30:00,9.04,100.00
129-04114,2021-03-15 16:40:00,11.36,100.00
129-04114,2021-03-15 16:50:00,15.57,100.00
129-04114,2021-03-15 17:00:00,17.53,100.00
129-04114,2021-03-15 17:10:00,13.74,100.00
129-04114,2021-03-15 17:20:00,17.33,100.00
129-04114,2021-03-15 17:30:00,17.48,100.00
129-04114,2021-03-15 17:40:00,17.75,100.00
129-04114,2021-03-15 17:50:00,24.85,100.00
129-04114,2021-03-15 18:00:00,46.73,92.00
129-04114,2021-03-15 18:10:00,57.66,90.00
129-04114,2021-03-15 18:20:00,55.93,90.00
129-04114,2021-03-15 18:30:00,54.88,90.00
129-04114,2021-03-15 18:40:00,59.34,90.00
129-04114,2021-03-15 18:50:00,59.98,90.00
129-04114,2021-03-15 19:00:00,59.02,92.00
129-04114,2021-03-15 19:10:00,57.53,92.00
129-04114,2021-03-15 19:20:00,57.35,99.00
129-04114,2021-03-15 19:30:00,59.01,100.00
129-04114,2021-03-15 19:40:00,59.36,100.00
129-04114,2021-03-15 19:50:00,58.48,100.00
129-04114,2021-03-15 20:00:00,58.76,100.00
129-04114,2021-03-15 20:10:00,61.57,100.00
129-04114,2021-03-15 20:20:00,63.10,100.00
129-04114,2021-03-15 20:30:00,61.23,100.00
129-04114,2021-03-15 20:40:00,61.47,100.00
129-04114,2021-03-15 20:50:00,64.39,100.00
129-04114,2021-03-15 21:00:00,57.92,100.00
129-04114,2021-03-15 21:10:00,64.38,100.00
129-04114,2021-03-15 21:20:00,55.57,100.00
129-04114,2021-03-15 21:30:00,59.42,100.00
129-04114,2021-03-15 21:40:00,58.67,100.00
129-04114,2021-03-15 21:50:00,61.29,100.00
129-04114,2021-03-15 22:00:00,64.07,100.00
129-04114,2021-03-15 22:10:00,60.87,100.00
129-04114,2021-03-15 22:20:00,63.98,100.00
129-04114,2021-03-15 22:30:00,61.49,100.00
129-04114,2021-03-15 22:40:00,62.10,100.00
129-04114,2021-03-15 22:50:00,63.54,100.00
129-04114,2021-03-15 23:00:00,60.17,100.00
129-04114,2021-03-15 23:10:00,63.87,100.00
129-04114,2021-03-15 23:20:00,59.93,100.00
129-04114,2021-03-15 23:30:00,52.11,100.00
129-04114,2021-03-15 23:40:00,55.02,100.00
129-04114,2021-03-15 23:50:00,54.19,100.00
129-04111,2021-03-15 00:00:00,66.77,100.00
129-04111,2021-03-15 00:10:00,65.59,100.00
129-04111,2021-03-15 00:20:00,65.78,100.00
129-04111,2021-03-15 00:30:00,69.20,100.00
129-04111,2021-03-15 00:40:00,67.57,100.00
129-04111,2021-03-15 00:50:00,65.79,100.00
129-04111,2021-03-15 01:00:00,64.77,100.00
129-04111,2021-03-15 01:10:00,65.57,100.00
129-04111,2021-03-15 01:20:00,64.47,100.00
129-04111,2021-03-15 01:30:00,68.50,100.00
129-04111,2021-03-15 01:40:00,65.48,100.00
129-04111,2021-03-15 01:50:00,63.41,100.00
129-04111,2021-03-15 02:00:00,65.87,100.00
129-04111,2021-03-15 02:10:00,64.35,100.00
129-04111,2021-03-15 02:20:00,61.49,100.00
129-04111,2021-03-15 02:30:00,65.34,100.00
129-04111,2021-03-15 02:40:00,65.96,100.00
129-04111,2021-03-15 02:50:00,64.96,100.00
129-04111,2021-03-15 03:00:00,67.67,100.00
129-04111,2021-03-15 03:10:00,66.27,100.00
129-04111,2021-03-15 03:20:00,59.33,100.00
129-04111,2021-03-15 03:30:00,56.59,100.00
129-04111,2021-03-15 03:40:00,55.06,100.00
129-04111,2021-03-15 03:50:00,59.76,100.00
129-04111,2021-03-15 04:00:00,60.33,100.00
129-04111,2021-03-15 04:10:00,62.02,100.00
129-04111,2021-03-15 04:20:00,60.75,100.00
129-04111,2021-03-15 04:30:00,65.98,100.00
129-04111,2021-03-15 04:40:00,64.47,100.00
129-04111,2021-03-15 04:50:00,63.19,100.00
129-04111,2021-03-15 05:00:00,65.19,100.00
129-04111,2021-03-15 05:10:00,66.79,100.00
129-04111,2021-03-15 05:20:00,63.58,100.00
129-04111,2021-03-15 05:30:00,64.15,100.00
129-04111,2021-03-15 05:40:00,62.46,100.00
129-04111,2021-03-15 05:50:00,64.33,100.00
129-04111,2021-03-15 06:00:00,58.73,100.00
129-04111,2021-03-15 06:10:00,61.66,100.00
129-04111,2021-03-15 06:20:00,61.76,100.00
129-04111,2021-03-15 06:30:00,57.03,100.00
129-04111,2021-03-15 06:40:00,56.88,100.00
129-04111,2021-03-15 06:50:00,57.83,100.00
129-04111,2021-03-15 07:00:00,57.49,100.00
129-04111,2021-03-15 07:10:00,55.96,100.00
129-04111,2021-03-15 07:20:00,54.15,100.00
129-04111,2021-03-15 07:30:00,53.86,100.00
129-04111,2021-03-15 07:40:00,31.23,100.00
129-04111,2021-03-15 07:50:00,26.66,100.00
129-04111,2021-03-15 08:00:00,28.81,100.00
129-04111,2021-03-15 08:10:00,27.13,100.00
129-04111,2021-03-15 08:20:00,30.99,100.00
129-04111,2021-03-15 08:30:00,34.37,100.00
129-04111,2021-03-15 08:40:00,38.83,100.00
129-04111,2021-03-15 08:50:00,54.61,100.00
129-04111,2021-03-15 09:00:00,55.74,100.00
129-04111,2021-03-15 09:10:00,56.92,100.00
129-04111,2021-03-15 09:20:00,57.81,100.00
129-04111,2021-03-15 09:30:00,59.54,100.00
129-04111,2021-03-15 09:40:00,54.82,100.00
129-04111,2021-03-15 09:50:00,58.13,100.00
129-04111,2021-03-15 10:00:00,53.64,100.00
129-04111,2021-03-15 10:10:00,54.41,100.00
129-04111,2021-03-15 10:20:00,52.26,100.00
129-04111,2021-03-15 10:30:00,48.93,100.00
129-04111,2021-03-15 10:40:00,45.13,100.00
129-04111,2021-03-15 10:50:00,28.11,100.00
129-04111,2021-03-15 11:00:00,27.19,100.00
129-04111,2021-03-15 11:10:00,31.41,100.00
129-04111,2021-03-15 11:20:00,50.41,100.00
129-04111,2021-03-15 11:30:00,57.84,100.00
129-04111,2021-03-15 11:40:00,55.71,100.00
129-04111,2021-03-15 11:50:00,62.29,100.00
129-04111,2021-03-15 12:00:00,61.85,100.00
129-04111,2021-03-15 12:10:00,59.33,100.00
129-04111,2021-03-15 12:20:00,60.44,100.00
129-04111,2021-03-15 12:30:00,59.25,100.00
129-04111,2021-03-15 12:40:00,59.24,100.00
129-04111,2021-03-15 12:50:00,60.86,100.00
129-04111,2021-03-15 13:00:00,58.77,100.00
129-04111,2021-03-15 13:10:00,60.02,100.00
129-04111,2021-03-15 13:20:00,59.96,100.00
129-04111,2021-03-15 13:30:00,57.98,100.00
129-04111,2021-03-15 13:40:00,48.52,100.00
129-04111,2021-03-15 13:50:00,39.71,100.00
129-04111,2021-03-15 14:00:00,33.04,100.00
129-04111,2021-03-15 14:10:00,31.54,100.00
129-04111,2021-03-15 14:20:00,26.79,100.00
129-04111,2021-03-15 14:30:00,26.90,99.00
129-04111,2021-03-15 14:40:00,12.90,90.00
129-04111,2021-03-15 14:50:00,11.71,90.00
129-04111,2021-03-15 15:00:00,14.99,90.00
129-04111,2021-03-15 15:10:00,19.06,90.00
129-04111,2021-03-15 15:20:00,16.18,92.00
129-04111,2021-03-15 15:30:00,24.27,99.00
129-04111,2021-03-15 15:40:00,30.45,100.00
129-04111,2021-03-15 15:50:00,32.28,100.00
129-04111,2021-03-15 16:00:00,32.74,100.00
129-04111,2021-03-15 16:10:00,28.50,96.00
129-04111,2021-03-15 16:20:00,19.86,90.00
129-04111,2021-03-15 16:30:00,22.30,95.00
129-04111,2021-03-15 16:40:00,34.40,100.00
129-04111,2021-03-15 16:50:00,33.65,100.00
129-04111,2021-03-15 17:00:00,40.93,100.00
129-04111,2021-03-15 17:10:00,52.73,100.00
129-04111,2021-03-15 17:20:00,58.10,100.00
129-04111,2021-03-15 17:30:00,54.42,100.00
129-04111,2021-03-15 17:40:00,27.04,95.00
129-04111,2021-03-15 17:50:00,16.13,93.00
129-04111,2021-03-15 18:00:00,14.84,93.00
129-04111,2021-03-15 18:10:00,24.91,100.00
129-04111,2021-03-15 18:20:00,29.67,100.00
129-04111,2021-03-15 18:30:00,52.12,100.00
129-04111,2021-03-15 18:40:00,59.79,100.00
129-04111,2021-03-15 18:50:00,60.02,100.00
129-04111,2021-03-15 19:00:00,61.10,100.00
129-04111,2021-03-15 19:10:00,58.92,100.00
129-04111,2021-03-15 19:20:00,56.73,100.00
129-04111,2021-03-15 19:30:00,61.42,100.00
129-04111,2021-03-15 19:40:00,61.05,100.00
129-04111,2021-03-15 19:50:00,62.54,100.00
129-04111,2021-03-15 20:00:00,63.71,100.00
129-04111,2021-03-15 20:10:00,66.23,100.00
129-04111,2021-03-15 20:20:00,63.54,100.00
129-04111,2021-03-15 20:30:00,63.82,100.00
129-04111,2021-03-15 20:40:00,63.05,100.00
129-04111,2021-03-15 20:50:00,64.44,100.00
129-04111,2021-03-15 21:00:00,63.85,100.00
129-04111,2021-03-15 21:10:00,64.26,100.00
129-04111,2021-03-15 21:20:00,62.04,100.00
129-04111,2021-03-15 21:30:00,61.25,100.00
129-04111,2021-03-15 21:40:00,60.55,100.00
129-04111,2021-03-15 21:50:00,62.42,100.00
129-04111,2021-03-15 22:00:00,67.66,100.00
129-04111,2021-03-15 22:10:00,63.87,100.00
129-04111,2021-03-15 22:20:00,64.17,100.00
129-04111,2021-03-15 22:30:00,62.69,100.00
129-04111,2021-03-15 22:40:00,64.42,100.00
129-04111,2021-03-15 22:50:00,64.37,100.00
129-04111,2021-03-15 23:00:00,65.09,100.00
129-04111,2021-03-15 23:10:00,68.09,100.00
129-04111,2021-03-15 23:20:00,65.35,100.00
129-04111,2021-03-15 23:30:00,64.40,100.00
129-04111,2021-03-15 23:40:00,64.76,100.00
129-04111,2021-03-15 23:50:00,66.48,100.00
129-04112,2021-03-15 00:00:00,65.69,100.00
129-04112,2021-03-15 00:10:00,64.82,100.00
129-04112,2021-03-15 00:20:00,65.38,100.00
129-04112,2021-03-15 00:30:00,68.46,100.00
129-04112,2021-03-15 00:40:00,65.84,100.00
129-04112,2021-03-15 00:50:00,64.86,100.00
129-04112,2021-03-15 01:00:00,65.77,100.00
129-04112,2021-03-15 01:10:00,62.93,100.00
129-04112,2021-03-15 01:20:00,64.24,100.00
129-04112,2021-03-15 01:30:00,67.50,100.00
129-04112,2021-03-15 01:40:00,63.84,100.00
129-04112,2021-03-15 01:50:00,64.98,100.00
129-04112,2021-03-15 02:00:00,65.59,100.00
129-04112,2021-03-15 02:10:00,61.80,100.00
129-04112,2021-03-15 02:20:00,61.08,100.00
129-04112,2021-03-15 02:30:00,64.68,100.00
129-04112,2021-03-15 02:40:00,65.20,100.00
129-04112,2021-03-15 02:50:00,63.58,100.00
129-04112,2021-03-15 03:00:00,65.00,100.00
129-04112,2021-03-15 03:10:00,63.07,100.00
129-04112,2021-03-15 03:20:00,58.78,100.00
129-04112,2021-03-15 03:30:00,59.79,100.00
129-04112,2021-03-15 03:40:00,59.03,100.00
129-04112,2021-03-15 03:50:00,60.69,100.00
129-04112,2021-03-15 04:00:00,60.16,100.00
129-04112,2021-03-15 04:10:00,64.08,100.00
129-04112,2021-03-15 04:20:00,64.08,100.00
129-04112,2021-03-15 04:30:00,68.34,100.00
129-04112,2021-03-15 04:40:00,64.99,100.00
129-04112,2021-03-15 04:50:00,64.07,100.00
129-04112,2021-03-15 05:00:00,65.58,100.00
129-04112,2021-03-15 05:10:00,66.04,100.00
129-04112,2021-03-15 05:20:00,63.14,100.00
129-04112,2021-03-15 05:30:00,64.33,100.00
129-04112,2021-03-15 05:40:00,63.46,100.00
129-04112,2021-03-15 05:50:00,65.64,100.00
129-04112,2021-03-15 06:00:00,59.76,100.00
129-04112,2021-03-15 06:10:00,61.55,100.00
129-04112,2021-03-15 06:20:00,61.07,100.00
129-04112,2021-03-15 06:30:00,57.77,100.00
129-04112,2021-03-15 06:40:00,56.64,100.00
129-04112,2021-03-15 06:50:00,58.72,100.00
129-04112,2021-03-15 07:00:00,59.67,100.00
129-04112,2021-03-15 07:10:00,57.70,100.00
129-04112,2021-03-15 07:20:00,56.53,100.00
129-04112,2021-03-15 07:30:00,49.00,100.00
129-04112,2021-03-15 07:40:00,29.65,94.00
129-04112,2021-03-15 07:50:00,18.79,90.00
129-04112,2021-03-15 08:00:00,16.39,90.00
129-04112,2021-03-15 08:10:00,17.15,90.00
129-04112,2021-03-15 08:20:00,20.35,90.00
129-04112,2021-03-15 08:30:00,29.06,90.00
129-04112,2021-03-15 08:40:00,47.37,100.00
129-04112,2021-03-15 08:50:00,58.65,100.00
129-04112,2021-03-15 09:00:00,59.27,100.00
129-04112,2021-03-15 09:10:00,57.47,100.00
129-04112,2021-03-15 09:20:00,58.06,100.00
129-04112,2021-03-15 09:30:00,58.50,100.00
129-04112,2021-03-15 09:40:00,55.82,100.00
129-04112,2021-03-15 09:50:00,58.32,100.00
129-04112,2021-03-15 10:00:00,54.62,100.00
129-04112,2021-03-15 10:10:00,51.06,100.00
129-04112,2021-03-15 10:20:00,49.50,100.00
129-04112,2021-03-15 10:30:00,53.61,100.00
129-04112,2021-03-15 10:40:00,40.09,100.00
129-04112,2021-03-15 10:50:00,31.21,100.00
129-04112,2021-03-15 11:00:00,24.05,93.00
129-04112,2021-03-15 11:10:00,23.71,96.00
129-04112,2021-03-15 11:20:00,25.40,96.00
129-04112,2021-03-15 11:30:00,26.34,100.00
129-04112,2021-03-15 11:40:00,41.88,100.00
129-04112,2021-03-15 11:50:00,62.28,100.00
129-04112,2021-03-15 12:00:00,61.44,100.00
129-04112,2021-03-15 12:10:00,62.66,100.00
129-04112,2021-03-15 12:20:00,59.19,100.00
129-04112,2021-03-15 12:30:00,59.36,100.00
129-04112,2021-03-15 12:40:00,59.89,100.00
129-04112,2021-03-15 12:50:00,60.61,100.00
129-04112,2021-03-15 13:00:00,58.54,100.00
129-04112,2021-03-15 13:10:00,60.35,100.00
129-04112,2021-03-15 13:20:00,60.66,100.00
129-04112,2021-03-15 13:30:00,56.98,100.00
129-04112,2021-03-15 13:40:00,51.54,100.00
129-04112,2021-03-15 13:50:00,40.11,100.00
129-04112,2021-03-15 14:00:00,39.95,100.00
129-04112,2021-03-15 14:10:00,32.13,100.00
129-04112,2021-03-15 14:20:00,24.24,100.00
129-04112,2021-03-15 14:30:00,26.41,100.00
129-04112,2021-03-15 14:40:00,13.32,95.00
129-04112,2021-03-15 14:50:00,9.74,91.00
129-04112,2021-03-15 15:00:00,12.26,91.00
129-04112,2021-03-15 15:10:00,13.46,90.00
129-04112,2021-03-15 15:20:00,14.08,90.00
129-04112,2021-03-15 15:30:00,19.64,94.00
129-04112,2021-03-15 15:40:00,33.66,100.00
129-04112,2021-03-15 15:50:00,42.31,100.00
129-04112,2021-03-15 16:00:00,29.97,99.00
129-04112,2021-03-15 16:10:00,36.28,100.00
129-04112,2021-03-15 16:20:00,16.79,91.00
129-04112,2021-03-15 16:30:00,15.67,91.00
129-04112,2021-03-15 16:40:00,31.26,100.00
129-04112,2021-03-15 16:50:00,39.73,100.00
129-04112,2021-03-15 17:00:00,40.49,100.00
129-04112,2021-03-15 17:10:00,50.17,100.00
129-04112,2021-03-15 17:20:00,53.45,100.00
129-04112,2021-03-15 17:30:00,50.29,100.00
129-04112,2021-03-15 17:40:00,46.35,100.00
129-04112,2021-03-15 17:50:00,22.48,94.00
129-04112,2021-03-15 18:00:00,15.42,90.00
129-04112,2021-03-15 18:10:00,20.56,92.00
129-04112,2021-03-15 18:20:00,43.82,100.00
129-04112,2021-03-15 18:30:00,59.35,100.00
129-04112,2021-03-15 18:40:00,60.94,100.00
129-04112,2021-03-15 18:50:00,59.58,100.00
129-04112,2021-03-15 19:00:00,61.28,100.00
129-04112,2021-03-15 19:10:00,60.38,100.00
129-04112,2021-03-15 19:20:00,59.00,100.00
129-04112,2021-03-15 19:30:00,62.54,100.00
129-04112,2021-03-15 19:40:00,63.73,100.00
129-04112,2021-03-15 19:50:00,62.09,100.00
129-04112,2021-03-15 20:00:00,63.05,100.00
129-04112,2021-03-15 20:10:00,65.73,100.00
129-04112,2021-03-15 20:20:00,64.44,100.00
129-04112,2021-03-15 20:30:00,65.48,100.00
129-04112,2021-03-15 20:40:00,64.76,100.00
129-04112,2021-03-15 20:50:00,64.57,100.00
129-04112,2021-03-15 21:00:00,61.85,100.00
129-04112,2021-03-15 21:10:00,66.50,100.00
129-04112,2021-03-15 21:20:00,61.91,100.00
129-04112,2021-03-15 21:30:00,63.25,100.00
129-04112,2021-03-15 21:40:00,62.09,100.00
129-04112,2021-03-15 21:50:00,64.80,100.00
129-04112,2021-03-15 22:00:00,67.46,100.00
129-04112,2021-03-15 22:10:00,64.78,100.00
129-04112,2021-03-15 22:20:00,65.17,100.00
129-04112,2021-03-15 22:30:00,64.04,100.00
129-04112,2021-03-15 22:40:00,63.85,100.00
129-04112,2021-03-15 22:50:00,64.12,100.00
129-04112,2021-03-15 23:00:00,65.20,100.00
129-04112,2021-03-15 23:10:00,66.75,100.00
129-04112,2021-03-15 23:20:00,64.27,100.00
129-04112,2021-03-15 23:30:00,65.06,100.00
129-04112,2021-03-15 23:40:00,65.19,100.00
129-04112,2021-03-15 23:50:00,64.49,100.00
129-04110,2021-03-15 00:00:00,67.87,100.00
129-04110,2021-03-15 00:10:00,64.27,100.00
129-04110,2021-03-15 00:20:00,65.97,100.00
129-04110,2021-03-15 00:30:00,69.33,100.00
129-04110,2021-03-15 00:40:00,68.71,100.00
129-04110,2021-03-15 00:50:00,66.59,100.00
129-04110,2021-03-15 01:00:00,64.84,100.00
129-04110,2021-03-15 01:10:00,65.85,100.00
129-04110,2021-03-15 01:20:00,64.42,100.00
129-04110,2021-03-15 01:30:00,65.88,100.00
129-04110,2021-03-15 01:40:00,64.17,100.00
129-04110,2021-03-15 01:50:00,63.43,100.00
129-04110,2021-03-15 02:00:00,65.30,100.00
129-04110,2021-03-15 02:10:00,63.68,100.00
129-04110,2021-03-15 02:20:00,61.99,100.00
129-04110,2021-03-15 02:30:00,63.54,100.00
129-04110,2021-03-15 02:40:00,63.78,100.00
129-04110,2021-03-15 02:50:00,64.48,100.00
129-04110,2021-03-15 03:00:00,67.08,100.00
129-04110,2021-03-15 03:10:00,65.99,100.00
129-04110,2021-03-15 03:20:00,58.78,100.00
129-04110,2021-03-15 03:30:00,57.50,100.00
129-04110,2021-03-15 03:40:00,57.34,100.00
129-04110,2021-03-15 03:50:00,61.18,100.00
129-04110,2021-03-15 04:00:00,61.01,100.00
129-04110,2021-03-15 04:10:00,62.24,100.00
129-04110,2021-03-15 04:20:00,60.69,100.00
129-04110,2021-03-15 04:30:00,66.39,100.00
129-04110,2021-03-15 04:40:00,65.34,100.00
129-04110,2021-03-15 04:50:00,61.59,100.00
129-04110,2021-03-15 05:00:00,65.88,100.00
129-04110,2021-03-15 05:10:00,64.81,100.00
129-04110,2021-03-15 05:20:00,63.40,100.00
129-04110,2021-03-15 05:30:00,64.38,100.00
129-04110,2021-03-15 05:40:00,62.43,100.00
129-04110,2021-03-15 05:50:00,62.29,100.00
129-04110,2021-03-15 06:00:00,59.65,100.00
129-04110,2021-03-15 06:10:00,62.04,100.00
129-04110,2021-03-15 06:20:00,62.03,100.00
129-04110,2021-03-15 06:30:00,56.84,100.00
129-04110,2021-03-15 06:40:00,58.45,100.00
129-04110,2021-03-15 06:50:00,58.16,100.00
129-04110,2021-03-15 07:00:00,58.19,100.00
129-04110,2021-03-15 07:10:00,56.81,100.00
129-04110,2021-03-15 07:20:00,56.12,100.00
129-04110,2021-03-15 07:30:00,54.39,100.00
129-04110,2021-03-15 07:40:00,46.88,100.00
129-04110,2021-03-15 07:50:00,45.45,100.00
129-04110,2021-03-15 08:00:00,45.58,100.00
129-04110,2021-03-15 08:10:00,44.14,100.00
129-04110,2021-03-15 08:20:00,42.67,100.00
129-04110,2021-03-15 08:30:00,46.80,100.00
129-04110,2021-03-15 08:40:00,46.31,100.00
129-04110,2021-03-15 08:50:00,55.71,100.00
129-04110,2021-03-15 09:00:00,57.42,100.00
129-04110,2021-03-15 09:10:00,56.63,100.00
129-04110,2021-03-15 09:20:00,58.46,100.00
129-04110,2021-03-15 09:30:00,57.32,100.00
129-04110,2021-03-15 09:40:00,55.35,100.00
129-04110,2021-03-15 09:50:00,59.90,100.00
129-04110,2021-03-15 10:00:00,55.63,100.00
129-04110,2021-03-15 10:10:00,58.40,100.00
129-04110,2021-03-15 10:20:00,54.45,100.00
129-04110,2021-03-15 10:30:00,56.04,100.00
129-04110,2021-03-15 10:40:00,48.91,100.00
129-04110,2021-03-15 10:50:00,43.18,100.00
129-04110,2021-03-15 11:00:00,45.96,100.00
129-04110,2021-03-15 11:10:00,48.68,100.00
129-04110,2021-03-15 11:20:00,57.53,100.00
129-04110,2021-03-15 11:30:00,59.98,100.00
129-04110,2021-03-15 11:40:00,57.17,100.00
129-04110,2021-03-15 11:50:00,60.37,100.00
129-04110,2021-03-15 12:00:00,59.83,100.00
129-04110,2021-03-15 12:10:00,60.04,100.00
129-04110,2021-03-15 12:20:00,59.63,100.00
129-04110,2021-03-15 12:30:00,59.31,100.00
129-04110,2021-03-15 12:40:00,60.41,100.00
129-04110,2021-03-15 12:50:00,61.37,100.00
129-04110,2021-03-15 13:00:00,59.12,100.00
129-04110,2021-03-15 13:10:00,61.58,100.00
129-04110,2021-03-15 13:20:00,59.74,100.00
129-04110,2021-03-15 13:30:00,58.08,100.00
129-04110,2021-03-15 13:40:00,57.05,100.00
129-04110,2021-03-15 13:50:00,45.50,100.00
129-04110,2021-03-15 14:00:00,47.27,100.00
129-04110,2021-03-15 14:10:00,44.03,100.00
129-04110,2021-03-15 14:20:00,41.73,100.00
129-04110,2021-03-15 14:30:00,35.23,99.00
129-04110,2021-03-15 14:40:00,14.30,90.00
129-04110,2021-03-15 14:50:00,13.95,90.00
129-04110,2021-03-15 15:00:00,17.06,90.00
129-04110,2021-03-15 15:10:00,20.53,90.00
129-04110,2021-03-15 15:20:00,22.05,92.00
129-04110,2021-03-15 15:30:00,40.06,99.00
129-04110,2021-03-15 15:40:00,43.17,100.00
129-04110,2021-03-15 15:50:00,42.49,100.00
129-04110,2021-03-15 16:00:00,45.28,100.00
129-04110,2021-03-15 16:10:00,27.26,96.00
129-04110,2021-03-15 16:20:00,21.19,90.00
129-04110,2021-03-15 16:30:00,29.50,95.00
129-04110,2021-03-15 16:40:00,44.94,100.00
129-04110,2021-03-15 16:50:00,47.44,100.00
129-04110,2021-03-15 17:00:00,49.75,100.00
129-04110,2021-03-15 17:10:00,54.95,100.00
129-04110,2021-03-15 17:20:00,57.97,100.00
129-04110,2021-03-15 17:30:00,53.36,100.00
129-04110,2021-03-15 17:40:00,22.59,95.00
129-04110,2021-03-15 17:50:00,18.46,93.00
129-04110,2021-03-15 18:00:00,17.83,93.00
129-04110,2021-03-15 18:10:00,44.51,100.00
129-04110,2021-03-15 18:20:00,49.26,100.00
129-04110,2021-03-15 18:30:00,57.62,100.00
129-04110,2021-03-15 18:40:00,62.33,100.00
129-04110,2021-03-15 18:50:00,62.49,100.00
129-04110,2021-03-15 19:00:00,62.74,100.00
129-04110,2021-03-15 19:10:00,62.53,100.00
129-04110,2021-03-15 19:20:00,58.65,100.00
129-04110,2021-03-15 19:30:00,61.63,100.00
129-04110,2021-03-15 19:40:00,61.92,100.00
129-04110,2021-03-15 19:50:00,62.64,100.00
129-04110,2021-03-15 20:00:00,64.05,100.00
129-04110,2021-03-15 20:10:00,66.38,100.00
129-04110,2021-03-15 20:20:00,63.20,100.00
129-04110,2021-03-15 20:30:00,62.33,100.00
129-04110,2021-03-15 20:40:00,62.84,100.00
129-04110,2021-03-15 20:50:00,62.49,100.00
129-04110,2021-03-15 21:00:00,64.53,100.00
129-04110,2021-03-15 21:10:00,65.47,100.00
129-04110,2021-03-15 21:20:00,62.56,100.00
129-04110,2021-03-15 21:30:00,60.92,100.00
129-04110,2021-03-15 21:40:00,62.35,100.00
129-04110,2021-03-15 21:50:00,62.12,100.00
129-04110,2021-03-15 22:00:00,65.92,100.00
129-04110,2021-03-15 22:10:00,65.95,100.00
129-04110,2021-03-15 22:20:00,64.16,100.00
129-04110,2021-03-15 22:30:00,61.25,100.00
129-04110,2021-03-15 22:40:00,62.98,100.00
129-04110,2021-03-15 22:50:00,64.37,100.00
129-04110,2021-03-15 23:00:00,64.24,100.00
129-04110,2021-03-15 23:10:00,67.74,100.00
129-04110,2021-03-15 23:20:00,64.04,100.00
129-04110,2021-03-15 23:30:00,64.95,100.00
129-04110,2021-03-15 23:40:00,63.86,100.00
129-04110,2021-03-15 23:50:00,65.79,100.00
129N16182,2021-03-15 00:00:00,67.00,100.00
129N16182,2021-03-15 00:10:00,65.59,100.00
129N16182,2021-03-15 00:20:00,65.90,100.00
129N16182,2021-03-15 00:30:00,64.20,100.00
129N16182,2021-03-15 00:40:00,62.14,100.00
129N16182,2021-03-15 00:50:00,59.63,100.00
129N16182,2021-03-15 01:00:00,63.96,100.00
129N16182,2021-03-15 01:10:00,65.27,100.00
129N16182,2021-03-15 01:20:00,63.94,100.00
129N16182,2021-03-15 01:30:00,69.39,100.00
129N16182,2021-03-15 01:40:00,72.38,100.00
129N16182,2021-03-15 01:50:00,73.47,100.00
129N16182,2021-03-15 02:00:00,68.50,100.00
129N16182,2021-03-15 02:10:00,66.90,100.00
129N16182,2021-03-15 02:20:00,66.00,100.00
129N16182,2021-03-15 02:30:00,66.10,100.00
129N16182,2021-03-15 02:40:00,66.90,100.00
129N16182,2021-03-15 02:50:00,66.90,100.00
129N16182,2021-03-15 03:00:00,65.50,100.00
129N16182,2021-03-15 03:10:00,67.06,100.00
129N16182,2021-03-15 03:20:00,69.00,100.00
129N16182,2021-03-15 03:30:00,70.48,100.00
129N16182,2021-03-15 03:40:00,68.29,100.00
129N16182,2021-03-15 03:50:00,70.49,100.00
129N16182,2021-03-15 04:00:00,67.89,100.00
129N16182,2021-03-15 04:10:00,70.46,100.00
129N16182,2021-03-15 04:20:00,69.90,100.00
129N16182,2021-03-15 04:30:00,70.48,100.00
129N16182,2021-03-15 04:40:00,71.00,100.00
129N16182,2021-03-15 04:50:00,72.98,100.00
129N16182,2021-03-15 05:00:00,71.88,100.00
129N16182,2021-03-15 05:10:00,71.38,100.00
129N16182,2021-03-15 05:20:00,70.78,100.00
129N16182,2021-03-15 05:30:00,71.32,100.00
129N16182,2021-03-15 05:40:00,69.57,100.00
129N16182,2021-03-15 05:50:00,70.15,100.00
129N16182,2021-03-15 06:00:00,68.67,100.00
129N16182,2021-03-15 06:10:00,68.36,100.00
129N16182,2021-03-15 06:20:00,68.34,100.00
129N16182,2021-03-15 06:30:00,69.04,100.00
129N16182,2021-03-15 06:40:00,67.92,100.00
129N16182,2021-03-15 06:50:00,68.36,100.00
129N16182,2021-03-15 07:00:00,70.36,100.00
129N16182,2021-03-15 07:10:00,68.66,100.00
129N16182,2021-03-15 07:20:00,69.75,100.00
129N16182,2021-03-15 07:30:00,68.50,100.00
129N16182,2021-03-15 07:40:00,66.12,100.00
129N16182,2021-03-15 07:50:00,65.89,100.00
129N16182,2021-03-15 08:00:00,66.46,98.00
129N16182,2021-03-15 08:10:00,67.71,92.00
129N16182,2021-03-15 08:20:00,68.97,90.00
129N16182,2021-03-15 08:30:00,69.18,92.00
129N16182,2021-03-15 08:40:00,68.75,94.00
129N16182,2021-03-15 08:50:00,68.99,99.00
129N16182,2021-03-15 09:00:00,69.54,99.00
129N16182,2021-03-15 09:10:00,69.89,100.00
129N16182,2021-03-15 09:20:00,68.08,100.00
129N16182,2021-03-15 09:30:00,66.90,100.00
129N16182,2021-03-15 09:40:00,68.17,100.00
129N16182,2021-03-15 09:50:00,67.26,100.00
129N16182,2021-03-15 10:00:00,69.99,100.00
129N16182,2021-03-15 10:10:00,68.74,100.00
129N16182,2021-03-15 10:20:00,69.60,100.00
129N16182,2021-03-15 10:30:00,69.03,100.00
129N16182,2021-03-15 10:40:00,69.17,100.00
129N16182,2021-03-15 10:50:00,70.04,100.00
129N16182,2021-03-15 11:00:00,67.92,100.00
129N16182,2021-03-15 11:10:00,70.27,100.00
129N16182,2021-03-15 11:20:00,70.76,100.00
129N16182,2021-03-15 11:30:00,68.79,100.00
129N16182,2021-03-15 11:40:00,68.06,100.00
129N16182,2021-03-15 11:50:00,68.11,100.00
129N16182,2021-03-15 12:00:00,70.47,100.00
129N16182,2021-03-15 12:10:00,70.05,100.00
129N16182,2021-03-15 12:20:00,68.26,100.00
129N16182,2021-03-15 12:30:00,69.33,100.00
129N16182,2021-03-15 12:40:00,69.24,100.00
129N16182,2021-03-15 12:50:00,69.57,100.00
129N16182,2021-03-15 13:00:00,69.98,100.00
129N16182,2021-03-15 13:10:00,72.16,100.00
129N16182,2021-03-15 13:20:00,68.22,100.00
129N16182,2021-03-15 13:30:00,71.27,100.00
129N16182,2021-03-15 13:40:00,70.08,100.00
129N16182,2021-03-15 13:50:00,69.88,100.00
129N16182,2021-03-15 14:00:00,67.46,100.00
129N16182,2021-03-15 14:10:00,68.65,100.00
129N16182,2021-03-15 14:20:00,68.27,100.00
129N16182,2021-03-15 14:30:00,69.65,100.00
129N16182,2021-03-15 14:40:00,70.25,100.00
129N16182,2021-03-15 14:50:00,69.69,100.00
129N16182,2021-03-15 15:00:00,69.78,100.00
129N16182,2021-03-15 15:10:00,68.58,100.00
129N16182,2021-03-15 15:20:00,68.97,100.00
129N16182,2021-03-15 15:30:00,69.72,100.00
129N16182,2021-03-15 15:40:00,69.95,100.00
129N16182,2021-03-15 15:50:00,68.43,100.00
129N16182,2021-03-15 16:00:00,68.23,100.00
129N16182,2021-03-15 16:10:00,69.04,100.00
129N16182,2021-03-15 16:20:00,70.49,100.00
129N16182,2021-03-15 16:30:00,70.55,100.00
129N16182,2021-03-15 16:40:00,71.73,100.00
129N16182,2021-03-15 16:50:00,69.73,100.00
129N16182,2021-03-15 17:00:00,70.00,100.00
129N16182,2021-03-15 17:10:00,67.31,100.00
129N16182,2021-03-15 17:20:00,70.45,100.00
129N16182,2021-03-15 17:30:00,70.09,100.00
129N16182,2021-03-15 17:40:00,70.79,100.00
129N16182,2021-03-15 17:50:00,71.57,100.00
129N16182,2021-03-15 18:00:00,71.87,100.00
129N16182,2021-03-15 18:10:00,69.61,100.00
129N16182,2021-03-15 18:20:00,70.95,100.00
129N16182,2021-03-15 18:30:00,70.02,100.00
129N16182,2021-03-15 18:40:00,70.67,100.00
129N16182,2021-03-15 18:50:00,72.98,100.00
129N16182,2021-03-15 19:00:00,69.67,100.00
129N16182,2021-03-15 19:10:00,70.68,100.00
129N16182,2021-03-15 19:20:00,67.00,100.00
129N16182,2021-03-15 19:30:00,68.36,100.00
129N16182,2021-03-15 19:40:00,67.55,100.00
129N16182,2021-03-15 19:50:00,69.68,100.00
129N16182,2021-03-15 20:00:00,70.78,100.00
129N16182,2021-03-15 20:10:00,70.18,100.00
129N16182,2021-03-15 20:20:00,71.37,100.00
129N16182,2021-03-15 20:30:00,69.68,100.00
129N16182,2021-03-15 20:40:00,66.25,100.00
129N16182,2021-03-15 20:50:00,67.87,100.00
129N16182,2021-03-15 21:00:00,67.19,100.00
129N16182,2021-03-15 21:10:00,69.38,100.00
129N16182,2021-03-15 21:20:00,70.83,100.00
129N16182,2021-03-15 21:30:00,69.29,100.00
129N16182,2021-03-15 21:40:00,69.17,100.00
129N16182,2021-03-15 21:50:00,69.05,100.00
129N16182,2021-03-15 22:00:00,69.59,100.00
129N16182,2021-03-15 22:10:00,71.09,100.00
129N16182,2021-03-15 22:20:00,71.20,100.00
129N16182,2021-03-15 22:30:00,70.37,100.00
129N16182,2021-03-15 22:40:00,66.66,100.00
129N16182,2021-03-15 22:50:00,67.11,100.00
129N16182,2021-03-15 23:00:00,70.37,100.00
129N16182,2021-03-15 23:10:00,73.99,100.00
129N16182,2021-03-15 23:20:00,69.00,100.00
129N16182,2021-03-15 23:30:00,67.57,100.00
129N16182,2021-03-15 23:40:00,64.78,100.00
129N16182,2021-03-15 23:50:00,69.49,100.00
129N04128,2021-03-15 00:00:00,65.00,100.00
129N04128,2021-03-15 00:10:00,66.28,100.00
129N04128,2021-03-15 00:20:00,67.10,100.00
129N04128,2021-03-15 00:30:00,69.65,100.00
129N04128,2021-03-15 00:40:00,66.00,100.00
129N04128,2021-03-15 00:50:00,64.37,100.00
129N04128,2021-03-15 01:00:00,58.17,95.00
129N04128,2021-03-15 01:10:00,62.50,100.00
129N04128,2021-03-15 01:20:00,63.00,100.00
129N04128,2021-03-15 01:30:00,62.38,100.00
129N04128,2021-03-15 01:40:00,58.59,92.00
129N04128,2021-03-15 01:50:00,66.02,93.00
129N04128,2021-03-15 02:00:00,68.48,100.00
129N04128,2021-03-15 02:10:00,64.53,100.00
129N04128,2021-03-15 02:20:00,60.47,100.00
129N04128,2021-03-15 02:30:00,54.32,100.00
129N04128,2021-03-15 02:40:00,63.49,100.00
129N04128,2021-03-15 02:50:00,66.30,100.00
129N04128,2021-03-15 03:00:00,65.80,100.00
129N04128,2021-03-15 03:10:00,62.38,100.00
129N04128,2021-03-15 03:20:00,62.29,100.00
129N04128,2021-03-15 03:30:00,59.68,100.00
129N04128,2021-03-15 03:40:00,66.19,100.00
129N04128,2021-03-15 03:50:00,64.81,100.00
129N04128,2021-03-15 04:00:00,68.28,100.00
129N04128,2021-03-15 04:10:00,70.32,100.00
129N04128,2021-03-15 04:20:00,70.94,100.00
129N04128,2021-03-15 04:30:00,69.92,100.00
129N04128,2021-03-15 04:40:00,72.48,100.00
129N04128,2021-03-15 04:50:00,69.68,100.00
129N04128,2021-03-15 05:00:00,69.12,100.00
129N04128,2021-03-15 05:10:00,69.42,99.00
129N04128,2021-03-15 05:20:00,65.74,100.00
129N04128,2021-03-15 05:30:00,64.63,99.00
129N04128,2021-03-15 05:40:00,65.59,96.00
129N04128,2021-03-15 05:50:00,63.33,94.00
129N04128,2021-03-15 06:00:00,64.72,91.00
129N04128,2021-03-15 06:10:00,61.38,90.00
129N04128,2021-03-15 06:20:00,59.08,90.00
129N04128,2021-03-15 06:30:00,57.03,91.00
129N04128,2021-03-15 06:40:00,59.15,90.00
129N04128,2021-03-15 06:50:00,60.18,90.00
129N04128,2021-03-15 07:00:00,63.99,90.00
129N04128,2021-03-15 07:10:00,61.57,90.00
129N04128,2021-03-15 07:20:00,62.21,90.00
129N04128,2021-03-15 07:30:00,61.38,90.00
129N04128,2021-03-15 07:40:00,58.81,90.00
129N04128,2021-03-15 07:50:00,59.30,90.00
129N04128,2021-03-15 08:00:00,60.55,90.00
129N04128,2021-03-15 08:10:00,57.50,90.00
129N04128,2021-03-15 08:20:00,62.45,90.00
129N04128,2021-03-15 08:30:00,64.94,90.00
129N04128,2021-03-15 08:40:00,63.40,90.00
129N04128,2021-03-15 08:50:00,63.34,90.00
129N04128,2021-03-15 09:00:00,64.07,90.00
129N04128,2021-03-15 09:10:00,59.34,90.00
129N04128,2021-03-15 09:20:00,65.70,90.00
129N04128,2021-03-15 09:30:00,62.25,90.00
129N04128,2021-03-15 09:40:00,62.86,91.00
129N04128,2021-03-15 09:50:00,62.92,94.00
129N04128,2021-03-15 10:00:00,63.93,100.00
129N04128,2021-03-15 10:10:00,60.62,100.00
129N04128,2021-03-15 10:20:00,64.60,100.00
129N04128,2021-03-15 10:30:00,62.79,100.00
129N04128,2021-03-15 10:40:00,58.91,100.00
129N04128,2021-03-15 10:50:00,60.70,100.00
129N04128,2021-03-15 11:00:00,62.79,100.00
129N04128,2021-03-15 11:10:00,65.62,100.00
129N04128,2021-03-15 11:20:00,65.14,100.00
129N04128,2021-03-15 11:30:00,59.26,100.00
129N04128,2021-03-15 11:40:00,64.57,100.00
129N04128,2021-03-15 11:50:00,63.76,100.00
129N04128,2021-03-15 12:00:00,64.45,100.00
129N04128,2021-03-15 12:10:00,62.11,100.00
129N04128,2021-03-15 12:20:00,62.08,100.00
129N04128,2021-03-15 12:30:00,63.14,100.00
129N04128,2021-03-15 12:40:00,65.69,100.00
129N04128,2021-03-15 12:50:00,63.79,100.00
129N04128,2021-03-15 13:00:00,64.55,100.00
129N04128,2021-03-15 13:10:00,65.62,100.00
129N04128,2021-03-15 13:20:00,62.67,100.00
129N04128,2021-03-15 13:30:00,58.72,100.00
129N04128,2021-03-15 13:40:00,60.57,100.00
129N04128,2021-03-15 13:50:00,64.38,100.00
129N04128,2021-03-15 14:00:00,63.82,100.00
129N04128,2021-03-15 14:10:00,62.41,100.00
129N04128,2021-03-15 14:20:00,64.70,100.00
129N04128,2021-03-15 14:30:00,65.91,100.00
129N04128,2021-03-15 14:40:00,64.55,100.00
129N04128,2021-03-15 14:50:00,68.48,100.00
129N04128,2021-03-15 15:00:00,64.95,100.00
129N04128,2021-03-15 15:10:00,62.99,100.00
129N04128,2021-03-15 15:20:00,62.00,100.00
129N04128,2021-03-15 15:30:00,64.22,100.00
129N04128,2021-03-15 15:40:00,62.88,100.00
129N04128,2021-03-15 15:50:00,58.08,100.00
129N04128,2021-03-15 16:00:00,66.39,100.00
129N04128,2021-03-15 16:10:00,62.54,100.00
129N04128,2021-03-15 16:20:00,63.14,100.00
129N04128,2021-03-15 16:30:00,64.44,100.00
129N04128,2021-03-15 16:40:00,63.88,100.00
129N04128,2021-03-15 16:50:00,66.06,100.00
129N04128,2021-03-15 17:00:00,66.17,100.00
129N04128,2021-03-15 17:10:00,64.08,100.00
129N04128,2021-03-15 17:20:00,63.82,100.00
129N04128,2021-03-15 17:30:00,64.43,100.00
129N04128,2021-03-15 17:40:00,64.33,100.00
129N04128,2021-03-15 17:50:00,59.23,100.00
129N04128,2021-03-15 18:00:00,67.84,100.00
129N04128,2021-03-15 18:10:00,62.24,100.00
129N04128,2021-03-15 18:20:00,65.90,100.00
129N04128,2021-03-15 18:30:00,61.09,100.00
129N04128,2021-03-15 18:40:00,65.66,100.00
129N04128,2021-03-15 18:50:00,64.96,100.00
129N04128,2021-03-15 19:00:00,62.74,100.00
129N04128,2021-03-15 19:10:00,64.02,100.00
129N04128,2021-03-15 19:20:00,65.07,100.00
129N04128,2021-03-15 19:30:00,64.14,100.00
129N04128,2021-03-15 19:40:00,62.53,100.00
129N04128,2021-03-15 19:50:00,62.41,100.00
129N04128,2021-03-15 20:00:00,63.37,100.00
129N04128,2021-03-15 20:10:00,65.68,100.00
129N04128,2021-03-15 20:20:00,64.32,100.00
129N04128,2021-03-15 20:30:00,65.90,100.00
129N04128,2021-03-15 20:40:00,67.85,100.00
129N04128,2021-03-15 20:50:00,65.10,100.00
129N04128,2021-03-15 21:00:00,63.61,100.00
129N04128,2021-03-15 21:10:00,61.67,100.00
129N04128,2021-03-15 21:20:00,63.81,100.00
129N04128,2021-03-15 21:30:00,63.56,100.00
129N04128,2021-03-15 21:40:00,63.07,100.00
129N04128,2021-03-15 21:50:00,64.87,100.00
129N04128,2021-03-15 22:00:00,67.00,100.00
129N04128,2021-03-15 22:10:00,68.19,100.00
129N04128,2021-03-15 22:20:00,67.29,100.00
129N04128,2021-03-15 22:30:00,68.88,100.00
129N04128,2021-03-15 22:40:00,65.26,100.00
129N04128,2021-03-15 22:50:00,58.73,100.00
129N04128,2021-03-15 23:00:00,61.98,100.00
129N04128,2021-03-15 23:10:00,67.96,100.00
129N04128,2021-03-15 23:20:00,68.39,100.00
129N04128,2021-03-15 23:30:00,64.91,100.00
129N04128,2021-03-15 23:40:00,63.79,100.00
129N04128,2021-03-15 23:50:00,65.48,100.00
129N04127,2021-03-15 00:00:00,63.60,100.00
129N04127,2021-03-15 00:10:00,66.18,100.00
129N04127,2021-03-15 00:20:00,68.79,100.00
129N04127,2021-03-15 00:30:00,70.59,100.00
129N04127,2021-03-15 00:40:00,70.00,100.00
129N04127,2021-03-15 00:50:00,69.60,100.00
129N04127,2021-03-15 01:00:00,68.80,95.00
129N04127,2021-03-15 01:10:00,62.18,100.00
129N04127,2021-03-15 01:20:00,63.00,100.00
129N04127,2021-03-15 01:30:00,62.59,100.00
129N04127,2021-03-15 01:40:00,60.09,92.00
129N04127,2021-03-15 01:50:00,67.10,98.00
129N04127,2021-03-15 02:00:00,67.99,100.00
129N04127,2021-03-15 02:10:00,67.00,100.00
129N04127,2021-03-15 02:20:00,66.19,100.00
129N04127,2021-03-15 02:30:00,63.79,94.00
129N04127,2021-03-15 02:40:00,62.78,99.00
129N04127,2021-03-15 02:50:00,64.39,100.00
129N04127,2021-03-15 03:00:00,61.39,100.00
129N04127,2021-03-15 03:10:00,60.35,100.00
129N04127,2021-03-15 03:20:00,63.00,100.00
129N04127,2021-03-15 03:30:00,63.29,100.00
129N04127,2021-03-15 03:40:00,68.59,100.00
129N04127,2021-03-15 03:50:00,68.66,100.00
129N04127,2021-03-15 04:00:00,69.90,100.00
129N04127,2021-03-15 04:10:00,70.47,100.00
129N04127,2021-03-15 04:20:00,71.17,100.00
129N04127,2021-03-15 04:30:00,71.13,100.00
129N04127,2021-03-15 04:40:00,72.43,100.00
129N04127,2021-03-15 04:50:00,71.59,100.00
129N04127,2021-03-15 05:00:00,71.45,100.00
129N04127,2021-03-15 05:10:00,70.01,100.00
129N04127,2021-03-15 05:20:00,65.88,100.00
129N04127,2021-03-15 05:30:00,67.46,100.00
129N04127,2021-03-15 05:40:00,67.00,98.00
129N04127,2021-03-15 05:50:00,64.90,100.00
129N04127,2021-03-15 06:00:00,64.95,99.00
129N04127,2021-03-15 06:10:00,60.66,98.00
129N04127,2021-03-15 06:20:00,60.22,100.00
129N04127,2021-03-15 06:30:00,59.60,95.00
129N04127,2021-03-15 06:40:00,60.62,91.00
129N04127,2021-03-15 06:50:00,58.09,94.00
129N04127,2021-03-15 07:00:00,64.84,90.00
129N04127,2021-03-15 07:10:00,63.57,90.00
129N04127,2021-03-15 07:20:00,62.19,90.00
129N04127,2021-03-15 07:30:00,61.87,90.00
129N04127,2021-03-15 07:40:00,61.53,90.00
129N04127,2021-03-15 07:50:00,60.54,90.00
129N04127,2021-03-15 08:00:00,65.05,90.00
129N04127,2021-03-15 08:10:00,59.51,90.00
129N04127,2021-03-15 08:20:00,61.91,90.00
129N04127,2021-03-15 08:30:00,63.36,90.00
129N04127,2021-03-15 08:40:00,62.08,90.00
129N04127,2021-03-15 08:50:00,64.96,90.00
129N04127,2021-03-15 09:00:00,66.47,90.00
129N04127,2021-03-15 09:10:00,62.12,90.00
129N04127,2021-03-15 09:20:00,64.81,90.00
129N04127,2021-03-15 09:30:00,65.37,90.00
129N04127,2021-03-15 09:40:00,62.86,90.00
129N04127,2021-03-15 09:50:00,66.97,90.00
129N04127,2021-03-15 10:00:00,65.82,99.00
129N04127,2021-03-15 10:10:00,63.39,100.00
129N04127,2021-03-15 10:20:00,67.84,100.00
129N04127,2021-03-15 10:30:00,63.97,100.00
129N04127,2021-03-15 10:40:00,65.47,100.00
129N04127,2021-03-15 10:50:00,67.05,100.00
129N04127,2021-03-15 11:00:00,65.27,100.00
129N04127,2021-03-15 11:10:00,66.69,100.00
129N04127,2021-03-15 11:20:00,65.98,100.00
129N04127,2021-03-15 11:30:00,64.06,100.00
129N04127,2021-03-15 11:40:00,65.36,100.00
129N04127,2021-03-15 11:50:00,68.17,100.00
129N04127,2021-03-15 12:00:00,66.50,100.00
129N04127,2021-03-15 12:10:00,64.08,100.00
129N04127,2021-03-15 12:20:00,61.72,100.00
129N04127,2021-03-15 12:30:00,68.49,100.00
129N04127,2021-03-15 12:40:00,67.49,100.00
129N04127,2021-03-15 12:50:00,66.45,100.00
129N04127,2021-03-15 13:00:00,66.63,100.00
129N04127,2021-03-15 13:10:00,67.80,100.00
129N04127,2021-03-15 13:20:00,66.85,100.00
129N04127,2021-03-15 13:30:00,64.26,100.00
129N04127,2021-03-15 13:40:00,65.10,100.00
129N04127,2021-03-15 13:50:00,67.28,100.00
129N04127,2021-03-15 14:00:00,65.86,100.00
129N04127,2021-03-15 14:10:00,65.93,100.00
129N04127,2021-03-15 14:20:00,68.46,100.00
129N04127,2021-03-15 14:30:00,69.63,100.00
129N04127,2021-03-15 14:40:00,67.34,100.00
129N04127,2021-03-15 14:50:00,68.79,100.00
129N04127,2021-03-15 15:00:00,66.44,100.00
129N04127,2021-03-15 15:10:00,64.36,100.00
129N04127,2021-03-15 15:20:00,64.04,100.00
129N04127,2021-03-15 15:30:00,66.03,100.00
129N04127,2021-03-15 15:40:00,67.99,100.00
129N04127,2021-03-15 15:50:00,65.67,100.00
129N04127,2021-03-15 16:00:00,67.19,100.00
129N04127,2021-03-15 16:10:00,66.65,100.00
129N04127,2021-03-15 16:20:00,68.48,100.00
129N04127,2021-03-15 16:30:00,67.37,100.00
129N04127,2021-03-15 16:40:00,68.89,100.00
129N04127,2021-03-15 16:50:00,68.77,100.00
129N04127,2021-03-15 17:00:00,67.42,100.00
129N04127,2021-03-15 17:10:00,65.60,100.00
129N04127,2021-03-15 17:20:00,67.45,100.00
129N04127,2021-03-15 17:30:00,69.18,100.00
129N04127,2021-03-15 17:40:00,67.66,100.00
129N04127,2021-03-15 17:50:00,63.90,100.00
129N04127,2021-03-15 18:00:00,69.84,100.00
129N04127,2021-03-15 18:10:00,66.11,100.00
129N04127,2021-03-15 18:20:00,65.99,100.00
129N04127,2021-03-15 18:30:00,66.91,100.00
129N04127,2021-03-15 18:40:00,67.02,100.00
129N04127,2021-03-15 18:50:00,67.68,100.00
129N04127,2021-03-15 19:00:00,66.69,100.00
129N04127,2021-03-15 19:10:00,67.76,100.00
129N04127,2021-03-15 19:20:00,64.97,100.00
129N04127,2021-03-15 19:30:00,65.51,100.00
129N04127,2021-03-15 19:40:00,67.75,100.00
129N04127,2021-03-15 19:50:00,66.59,100.00
129N04127,2021-03-15 20:00:00,65.46,100.00
129N04127,2021-03-15 20:10:00,68.06,100.00
129N04127,2021-03-15 20:20:00,66.53,100.00
129N04127,2021-03-15 20:30:00,68.88,100.00
129N04127,2021-03-15 20:40:00,69.05,100.00
129N04127,2021-03-15 20:50:00,66.09,100.00
129N04127,2021-03-15 21:00:00,64.33,100.00
129N04127,2021-03-15 21:10:00,62.59,100.00
129N04127,2021-03-15 21:20:00,64.11,100.00
129N04127,2021-03-15 21:30:00,69.63,100.00
129N04127,2021-03-15 21:40:00,67.45,100.00
129N04127,2021-03-15 21:50:00,67.33,100.00
129N04127,2021-03-15 22:00:00,67.59,100.00
129N04127,2021-03-15 22:10:00,68.79,100.00
129N04127,2021-03-15 22:20:00,68.19,100.00
129N04127,2021-03-15 22:30:00,71.58,100.00
129N04127,2021-03-15 22:40:00,66.47,100.00
129N04127,2021-03-15 22:50:00,64.56,100.00
129N04127,2021-03-15 23:00:00,65.00,100.00
129N04127,2021-03-15 23:10:00,67.34,100.00
129N04127,2021-03-15 23:20:00,68.59,100.00
129N04127,2021-03-15 23:30:00,67.85,100.00
129N04127,2021-03-15 23:40:00,63.16,100.00
129N04127,2021-03-15 23:50:00,64.97,100.00
129N04129,2021-03-15 00:00:00,67.80,100.00
129N04129,2021-03-15 00:10:00,67.60,100.00
129N04129,2021-03-15 00:20:00,67.09,100.00
129N04129,2021-03-15 00:30:00,66.68,100.00
129N04129,2021-03-15 00:40:00,63.00,100.00
129N04129,2021-03-15 00:50:00,61.44,100.00
129N04129,2021-03-15 01:00:00,58.90,94.00
129N04129,2021-03-15 01:10:00,64.50,100.00
129N04129,2021-03-15 01:20:00,65.00,100.00
129N04129,2021-03-15 01:30:00,63.42,100.00
129N04129,2021-03-15 01:40:00,54.36,96.00
129N04129,2021-03-15 01:50:00,66.09,99.00
129N04129,2021-03-15 02:00:00,67.78,100.00
129N04129,2021-03-15 02:10:00,62.98,100.00
129N04129,2021-03-15 02:20:00,60.30,100.00
129N04129,2021-03-15 02:30:00,59.66,100.00
129N04129,2021-03-15 02:40:00,68.99,100.00
129N04129,2021-03-15 02:50:00,70.59,100.00
129N04129,2021-03-15 03:00:00,67.10,100.00
129N04129,2021-03-15 03:10:00,64.07,100.00
129N04129,2021-03-15 03:20:00,62.90,100.00
129N04129,2021-03-15 03:30:00,62.16,100.00
129N04129,2021-03-15 03:40:00,68.30,100.00
129N04129,2021-03-15 03:50:00,69.49,100.00
129N04129,2021-03-15 04:00:00,69.99,100.00
129N04129,2021-03-15 04:10:00,71.19,100.00
129N04129,2021-03-15 04:20:00,69.91,100.00
129N04129,2021-03-15 04:30:00,70.24,100.00
129N04129,2021-03-15 04:40:00,74.29,100.00
129N04129,2021-03-15 04:50:00,69.58,100.00
129N04129,2021-03-15 05:00:00,70.27,100.00
129N04129,2021-03-15 05:10:00,68.72,100.00
129N04129,2021-03-15 05:20:00,68.07,100.00
129N04129,2021-03-15 05:30:00,67.49,100.00
129N04129,2021-03-15 05:40:00,67.85,97.00
129N04129,2021-03-15 05:50:00,66.11,94.00
129N04129,2021-03-15 06:00:00,65.69,90.00
129N04129,2021-03-15 06:10:00,62.64,90.00
129N04129,2021-03-15 06:20:00,61.81,90.00
129N04129,2021-03-15 06:30:00,59.32,92.00
129N04129,2021-03-15 06:40:00,64.55,90.00
129N04129,2021-03-15 06:50:00,64.44,90.00
129N04129,2021-03-15 07:00:00,66.86,90.00
129N04129,2021-03-15 07:10:00,65.45,90.00
129N04129,2021-03-15 07:20:00,63.15,90.00
129N04129,2021-03-15 07:30:00,62.92,90.00
129N04129,2021-03-15 07:40:00,62.93,90.00
129N04129,2021-03-15 07:50:00,64.65,90.00
129N04129,2021-03-15 08:00:00,64.27,90.00
129N04129,2021-03-15 08:10:00,63.89,90.00
129N04129,2021-03-15 08:20:00,64.65,90.00
129N04129,2021-03-15 08:30:00,66.87,90.00
129N04129,2021-03-15 08:40:00,67.65,90.00
129N04129,2021-03-15 08:50:00,66.55,90.00
129N04129,2021-03-15 09:00:00,56.99,90.00
129N04129,2021-03-15 09:10:00,63.93,90.00
129N04129,2021-03-15 09:20:00,65.81,90.00
129N04129,2021-03-15 09:30:00,63.62,92.00
129N04129,2021-03-15 09:40:00,64.85,96.00
129N04129,2021-03-15 09:50:00,64.45,100.00
129N04129,2021-03-15 10:00:00,65.37,100.00
129N04129,2021-03-15 10:10:00,63.90,100.00
129N04129,2021-03-15 10:20:00,66.60,100.00
129N04129,2021-03-15 10:30:00,63.48,100.00
129N04129,2021-03-15 10:40:00,64.08,100.00
129N04129,2021-03-15 10:50:00,66.76,100.00
129N04129,2021-03-15 11:00:00,65.51,100.00
129N04129,2021-03-15 11:10:00,66.92,100.00
129N04129,2021-03-15 11:20:00,65.98,100.00
129N04129,2021-03-15 11:30:00,60.61,100.00
129N04129,2021-03-15 11:40:00,65.11,100.00
129N04129,2021-03-15 11:50:00,65.80,100.00
129N04129,2021-03-15 12:00:00,65.30,100.00
129N04129,2021-03-15 12:10:00,64.35,100.00
129N04129,2021-03-15 12:20:00,66.10,100.00
129N04129,2021-03-15 12:30:00,66.64,100.00
129N04129,2021-03-15 12:40:00,67.68,100.00
129N04129,2021-03-15 12:50:00,67.70,100.00
129N04129,2021-03-15 13:00:00,67.50,100.00
129N04129,2021-03-15 13:10:00,66.85,100.00
129N04129,2021-03-15 13:20:00,66.58,100.00
129N04129,2021-03-15 13:30:00,63.59,100.00
129N04129,2021-03-15 13:40:00,63.64,100.00
129N04129,2021-03-15 13:50:00,66.52,100.00
129N04129,2021-03-15 14:00:00,66.78,100.00
129N04129,2021-03-15 14:10:00,65.17,100.00
129N04129,2021-03-15 14:20:00,66.88,100.00
129N04129,2021-03-15 14:30:00,66.23,100.00
129N04129,2021-03-15 14:40:00,66.83,100.00
129N04129,2021-03-15 14:50:00,68.96,100.00
129N04129,2021-03-15 15:00:00,66.00,100.00
129N04129,2021-03-15 15:10:00,65.34,100.00
129N04129,2021-03-15 15:20:00,63.67,100.00
129N04129,2021-03-15 15:30:00,67.98,100.00
129N04129,2021-03-15 15:40:00,65.76,100.00
129N04129,2021-03-15 15:50:00,63.44,100.00
129N04129,2021-03-15 16:00:00,68.11,100.00
129N04129,2021-03-15 16:10:00,65.24,100.00
129N04129,2021-03-15 16:20:00,65.37,100.00
129N04129,2021-03-15 16:30:00,66.73,100.00
129N04129,2021-03-15 16:40:00,63.27,100.00
129N04129,2021-03-15 16:50:00,68.37,100.00
129N04129,2021-03-15 17:00:00,66.58,100.00
129N04129,2021-03-15 17:10:00,67.08,100.00
129N04129,2021-03-15 17:20:00,65.44,100.00
129N04129,2021-03-15 17:30:00,67.15,100.00
129N04129,2021-03-15 17:40:00,67.59,100.00
129N04129,2021-03-15 17:50:00,65.75,100.00
129N04129,2021-03-15 18:00:00,70.11,100.00
129N04129,2021-03-15 18:10:00,66.05,100.00
129N04129,2021-03-15 18:20:00,66.26,100.00
129N04129,2021-03-15 18:30:00,66.33,100.00
129N04129,2021-03-15 18:40:00,68.88,100.00
129N04129,2021-03-15 18:50:00,71.05,100.00
129N04129,2021-03-15 19:00:00,67.70,100.00
129N04129,2021-03-15 19:10:00,67.85,100.00
129N04129,2021-03-15 19:20:00,63.77,100.00
129N04129,2021-03-15 19:30:00,65.96,100.00
129N04129,2021-03-15 19:40:00,64.92,100.00
129N04129,2021-03-15 19:50:00,66.87,100.00
129N04129,2021-03-15 20:00:00,61.62,100.00
129N04129,2021-03-15 20:10:00,69.00,100.00
129N04129,2021-03-15 20:20:00,67.19,100.00
129N04129,2021-03-15 20:30:00,67.75,100.00
129N04129,2021-03-15 20:40:00,67.29,100.00
129N04129,2021-03-15 20:50:00,67.77,100.00
129N04129,2021-03-15 21:00:00,66.98,100.00
129N04129,2021-03-15 21:10:00,65.98,100.00
129N04129,2021-03-15 21:20:00,65.77,100.00
129N04129,2021-03-15 21:30:00,66.14,100.00
129N04129,2021-03-15 21:40:00,63.89,100.00
129N04129,2021-03-15 21:50:00,67.06,100.00
129N04129,2021-03-15 22:00:00,69.37,100.00
129N04129,2021-03-15 22:10:00,66.18,100.00
129N04129,2021-03-15 22:20:00,68.56,100.00
129N04129,2021-03-15 22:30:00,69.97,100.00
129N04129,2021-03-15 22:40:00,66.66,100.00
129N04129,2021-03-15 22:50:00,64.31,100.00
129N04129,2021-03-15 23:00:00,65.61,100.00
129N04129,2021-03-15 23:10:00,69.98,100.00
129N04129,2021-03-15 23:20:00,69.18,100.00
129N04129,2021-03-15 23:30:00,63.49,100.00
129N04129,2021-03-15 23:40:00,64.37,100.00
129N04129,2021-03-15 23:50:00,66.96,100.00
129N04124,2021-03-15 00:00:00,39.15,100.00
129N04124,2021-03-15 00:10:00,40.71,100.00
129N04124,2021-03-15 00:20:00,42.88,100.00
129N04124,2021-03-15 00:30:00,44.18,100.00
129N04124,2021-03-15 00:40:00,42.36,100.00
129N04124,2021-03-15 00:50:00,42.91,100.00
129N04124,2021-03-15 01:00:00,32.47,98.00
129N04124,2021-03-15 01:10:00,28.54,99.00
129N04124,2021-03-15 01:20:00,38.98,100.00
129N04124,2021-03-15 01:30:00,41.98,100.00
129N04124,2021-03-15 01:40:00,47.49,92.00
129N04124,2021-03-15 01:50:00,47.29,95.00
129N04124,2021-03-15 02:00:00,49.37,100.00
129N04124,2021-03-15 02:10:00,45.30,100.00
129N04124,2021-03-15 02:20:00,47.87,100.00
129N04124,2021-03-15 02:30:00,47.39,100.00
129N04124,2021-03-15 02:40:00,46.17,98.00
129N04124,2021-03-15 02:50:00,45.67,100.00
129N04124,2021-03-15 03:00:00,44.91,100.00
129N04124,2021-03-15 03:10:00,42.39,100.00
129N04124,2021-03-15 03:20:00,43.19,99.00
129N04124,2021-03-15 03:30:00,47.73,90.00
129N04124,2021-03-15 03:40:00,55.49,99.00
129N04124,2021-03-15 03:50:00,51.05,100.00
129N04124,2021-03-15 04:00:00,47.32,100.00
129N04124,2021-03-15 04:10:00,44.04,100.00
129N04124,2021-03-15 04:20:00,50.77,100.00
129N04124,2021-03-15 04:30:00,55.79,100.00
129N04124,2021-03-15 04:40:00,67.93,100.00
129N04124,2021-03-15 04:50:00,63.59,100.00
129N04124,2021-03-15 05:00:00,63.74,100.00
129N04124,2021-03-15 05:10:00,62.37,100.00
129N04124,2021-03-15 05:20:00,58.54,100.00
129N04124,2021-03-15 05:30:00,55.84,100.00
129N04124,2021-03-15 05:40:00,57.85,100.00
129N04124,2021-03-15 05:50:00,52.80,100.00
129N04124,2021-03-15 06:00:00,54.33,100.00
129N04124,2021-03-15 06:10:00,54.78,100.00
129N04124,2021-03-15 06:20:00,47.11,100.00
129N04124,2021-03-15 06:30:00,44.14,100.00
129N04124,2021-03-15 06:40:00,34.48,100.00
129N04124,2021-03-15 06:50:00,30.94,100.00
129N04124,2021-03-15 07:00:00,29.98,100.00
129N04124,2021-03-15 07:10:00,37.72,99.00
129N04124,2021-03-15 07:20:00,47.63,93.00
129N04124,2021-03-15 07:30:00,46.35,91.00
129N04124,2021-03-15 07:40:00,40.13,97.00
129N04124,2021-03-15 07:50:00,38.95,99.00
129N04124,2021-03-15 08:00:00,29.73,99.00
129N04124,2021-03-15 08:10:00,43.92,94.00
129N04124,2021-03-15 08:20:00,42.56,95.00
129N04124,2021-03-15 08:30:00,44.58,91.00
129N04124,2021-03-15 08:40:00,33.82,97.00
129N04124,2021-03-15 08:50:00,33.38,98.00
129N04124,2021-03-15 09:00:00,43.55,91.00
129N04124,2021-03-15 09:10:00,46.25,90.00
129N04124,2021-03-15 09:20:00,49.92,90.00
129N04124,2021-03-15 09:30:00,50.13,90.00
129N04124,2021-03-15 09:40:00,54.13,93.00
129N04124,2021-03-15 09:50:00,48.73,96.00
129N04124,2021-03-15 10:00:00,52.67,94.00
129N04124,2021-03-15 10:10:00,47.34,96.00
129N04124,2021-03-15 10:20:00,48.79,100.00
129N04124,2021-03-15 10:30:00,52.46,100.00
129N04124,2021-03-15 10:40:00,49.08,100.00
129N04124,2021-03-15 10:50:00,51.68,100.00
129N04124,2021-03-15 11:00:00,55.66,100.00
129N04124,2021-03-15 11:10:00,48.38,100.00
129N04124,2021-03-15 11:20:00,54.66,100.00
129N04124,2021-03-15 11:30:00,53.18,100.00
129N04124,2021-03-15 11:40:00,50.59,100.00
129N04124,2021-03-15 11:50:00,50.68,100.00
129N04124,2021-03-15 12:00:00,53.59,100.00
129N04124,2021-03-15 12:10:00,52.71,100.00
129N04124,2021-03-15 12:20:00,50.69,100.00
129N04124,2021-03-15 12:30:00,50.87,100.00
129N04124,2021-03-15 12:40:00,53.09,100.00
129N04124,2021-03-15 12:50:00,55.82,100.00
129N04124,2021-03-15 13:00:00,52.54,100.00
129N04124,2021-03-15 13:10:00,49.32,100.00
129N04124,2021-03-15 13:20:00,49.86,100.00
129N04124,2021-03-15 13:30:00,52.58,100.00
129N04124,2021-03-15 13:40:00,49.86,100.00
129N04124,2021-03-15 13:50:00,51.22,100.00
129N04124,2021-03-15 14:00:00,51.45,100.00
129N04124,2021-03-15 14:10:00,52.24,100.00
129N04124,2021-03-15 14:20:00,50.55,100.00
129N04124,2021-03-15 14:30:00,53.68,99.00
129N04124,2021-03-15 14:40:00,50.80,100.00
129N04124,2021-03-15 14:50:00,50.13,100.00
129N04124,2021-03-15 15:00:00,52.70,100.00
129N04124,2021-03-15 15:10:00,51.27,100.00
129N04124,2021-03-15 15:20:00,54.06,100.00
129N04124,2021-03-15 15:30:00,53.42,100.00
129N04124,2021-03-15 15:40:00,55.44,100.00
129N04124,2021-03-15 15:50:00,56.93,100.00
129N04124,2021-03-15 16:00:00,54.53,100.00
129N04124,2021-03-15 16:10:00,53.44,100.00
129N04124,2021-03-15 16:20:00,54.59,100.00
129N04124,2021-03-15 16:30:00,54.85,100.00
129N04124,2021-03-15 16:40:00,55.88,100.00
129N04124,2021-03-15 16:50:00,55.56,100.00
129N04124,2021-03-15 17:00:00,55.78,100.00
129N04124,2021-03-15 17:10:00,56.06,100.00
129N04124,2021-03-15 17:20:00,52.69,100.00
129N04124,2021-03-15 17:30:00,52.45,100.00
129N04124,2021-03-15 17:40:00,53.50,100.00
129N04124,2021-03-15 17:50:00,55.73,100.00
129N04124,2021-03-15 18:00:00,60.27,100.00
129N04124,2021-03-15 18:10:00,54.88,100.00
129N04124,2021-03-15 18:20:00,55.58,100.00
129N04124,2021-03-15 18:30:00,57.56,100.00
129N04124,2021-03-15 18:40:00,51.99,100.00
129N04124,2021-03-15 18:50:00,57.97,100.00
129N04124,2021-03-15 19:00:00,57.52,100.00
129N04124,2021-03-15 19:10:00,53.38,100.00
129N04124,2021-03-15 19:20:00,52.68,100.00
129N04124,2021-03-15 19:30:00,55.03,100.00
129N04124,2021-03-15 19:40:00,54.86,100.00
129N04124,2021-03-15 19:50:00,52.09,100.00
129N04124,2021-03-15 20:00:00,51.70,100.00
129N04124,2021-03-15 20:10:00,55.97,100.00
129N04124,2021-03-15 20:20:00,53.84,100.00
129N04124,2021-03-15 20:30:00,57.64,100.00
129N04124,2021-03-15 20:40:00,61.35,100.00
129N04124,2021-03-15 20:50:00,52.48,100.00
129N04124,2021-03-15 21:00:00,52.57,100.00
129N04124,2021-03-15 21:10:00,48.92,100.00
129N04124,2021-03-15 21:20:00,52.61,100.00
129N04124,2021-03-15 21:30:00,56.17,100.00
129N04124,2021-03-15 21:40:00,57.83,100.00
129N04124,2021-03-15 21:50:00,59.93,100.00
129N04124,2021-03-15 22:00:00,58.28,100.00
129N04124,2021-03-15 22:10:00,59.39,100.00
129N04124,2021-03-15 22:20:00,58.49,100.00
129N04124,2021-03-15 22:30:00,56.99,100.00
129N04124,2021-03-15 22:40:00,53.65,100.00
129N04124,2021-03-15 22:50:00,60.17,100.00
129N04124,2021-03-15 23:00:00,60.56,100.00
129N04124,2021-03-15 23:10:00,47.25,97.00
129N04124,2021-03-15 23:20:00,8.34,90.00
129N04124,2021-03-15 23:30:00,12.69,95.00
129N04124,2021-03-15 23:40:00,29.04,98.00
129N04124,2021-03-15 23:50:00,43.16,100.00
129N04123,2021-03-15 00:00:00,41.00,100.00
129N04123,2021-03-15 00:10:00,41.97,100.00
129N04123,2021-03-15 00:20:00,41.59,100.00
129N04123,2021-03-15 00:30:00,39.25,100.00
129N04123,2021-03-15 00:40:00,39.10,100.00
129N04123,2021-03-15 00:50:00,40.44,100.00
129N04123,2021-03-15 01:00:00,43.46,100.00
129N04123,2021-03-15 01:10:00,44.57,100.00
129N04123,2021-03-15 01:20:00,45.00,100.00
129N04123,2021-03-15 01:30:00,30.05,91.00
129N04123,2021-03-15 01:40:00,28.17,93.00
129N04123,2021-03-15 01:50:00,36.84,96.00
129N04123,2021-03-15 02:00:00,49.80,100.00
129N04123,2021-03-15 02:10:00,24.29,91.00
129N04123,2021-03-15 02:20:00,20.36,95.00
129N04123,2021-03-15 02:30:00,16.38,90.00
129N04123,2021-03-15 02:40:00,20.91,94.00
129N04123,2021-03-15 02:50:00,39.24,100.00
129N04123,2021-03-15 03:00:00,43.00,100.00
129N04123,2021-03-15 03:10:00,40.10,100.00
129N04123,2021-03-15 03:20:00,34.69,99.00
129N04123,2021-03-15 03:30:00,33.90,91.00
129N04123,2021-03-15 03:40:00,43.75,100.00
129N04123,2021-03-15 03:50:00,43.72,100.00
129N04123,2021-03-15 04:00:00,37.28,100.00
129N04123,2021-03-15 04:10:00,36.48,100.00
129N04123,2021-03-15 04:20:00,45.66,100.00
129N04123,2021-03-15 04:30:00,56.03,100.00
129N04123,2021-03-15 04:40:00,59.20,95.00
129N04123,2021-03-15 04:50:00,63.89,91.00
129N04123,2021-03-15 05:00:00,64.39,95.00
129N04123,2021-03-15 05:10:00,56.30,99.00
129N04123,2021-03-15 05:20:00,49.47,100.00
129N04123,2021-03-15 05:30:00,51.70,100.00
129N04123,2021-03-15 05:40:00,45.68,100.00
129N04123,2021-03-15 05:50:00,41.08,100.00
129N04123,2021-03-15 06:00:00,48.30,100.00
129N04123,2021-03-15 06:10:00,44.34,100.00
129N04123,2021-03-15 06:20:00,47.00,100.00
129N04123,2021-03-15 06:30:00,42.61,100.00
129N04123,2021-03-15 06:40:00,40.26,100.00
129N04123,2021-03-15 06:50:00,37.41,100.00
129N04123,2021-03-15 07:00:00,39.41,100.00
129N04123,2021-03-15 07:10:00,39.35,100.00
129N04123,2021-03-15 07:20:00,40.92,100.00
129N04123,2021-03-15 07:30:00,41.57,100.00
129N04123,2021-03-15 07:40:00,37.71,100.00
129N04123,2021-03-15 07:50:00,40.01,100.00
129N04123,2021-03-15 08:00:00,31.24,100.00
129N04123,2021-03-15 08:10:00,36.85,100.00
129N04123,2021-03-15 08:20:00,36.34,100.00
129N04123,2021-03-15 08:30:00,44.43,95.00
129N04123,2021-03-15 08:40:00,36.88,100.00
129N04123,2021-03-15 08:50:00,36.35,98.00
129N04123,2021-03-15 09:00:00,37.40,96.00
129N04123,2021-03-15 09:10:00,40.27,94.00
129N04123,2021-03-15 09:20:00,37.54,95.00
129N04123,2021-03-15 09:30:00,46.41,97.00
129N04123,2021-03-15 09:40:00,42.20,98.00
129N04123,2021-03-15 09:50:00,47.63,98.00
129N04123,2021-03-15 10:00:00,47.62,96.00
129N04123,2021-03-15 10:10:00,42.49,100.00
129N04123,2021-03-15 10:20:00,43.95,100.00
129N04123,2021-03-15 10:30:00,40.67,100.00
129N04123,2021-03-15 10:40:00,40.82,100.00
129N04123,2021-03-15 10:50:00,42.59,100.00
129N04123,2021-03-15 11:00:00,43.51,100.00
129N04123,2021-03-15 11:10:00,37.76,100.00
129N04123,2021-03-15 11:20:00,52.61,99.00
129N04123,2021-03-15 11:30:00,38.75,100.00
129N04123,2021-03-15 11:40:00,40.05,100.00
129N04123,2021-03-15 11:50:00,46.03,100.00
129N04123,2021-03-15 12:00:00,45.72,100.00
129N04123,2021-03-15 12:10:00,44.23,100.00
129N04123,2021-03-15 12:20:00,36.32,100.00
129N04123,2021-03-15 12:30:00,40.66,100.00
129N04123,2021-03-15 12:40:00,46.98,100.00
129N04123,2021-03-15 12:50:00,40.00,100.00
129N04123,2021-03-15 13:00:00,47.35,100.00
129N04123,2021-03-15 13:10:00,47.88,100.00
129N04123,2021-03-15 13:20:00,45.90,100.00
129N04123,2021-03-15 13:30:00,38.82,100.00
129N04123,2021-03-15 13:40:00,47.36,100.00
129N04123,2021-03-15 13:50:00,47.59,100.00
129N04123,2021-03-15 14:00:00,44.51,100.00
129N04123,2021-03-15 14:10:00,43.71,100.00
129N04123,2021-03-15 14:20:00,45.90,100.00
129N04123,2021-03-15 14:30:00,47.70,100.00
129N04123,2021-03-15 14:40:00,48.15,100.00
129N04123,2021-03-15 14:50:00,44.58,100.00
129N04123,2021-03-15 15:00:00,41.05,100.00
129N04123,2021-03-15 15:10:00,45.55,100.00
129N04123,2021-03-15 15:20:00,45.49,100.00
129N04123,2021-03-15 15:30:00,49.73,100.00
129N04123,2021-03-15 15:40:00,40.27,100.00
129N04123,2021-03-15 15:50:00,34.61,100.00
129N04123,2021-03-15 16:00:00,42.79,100.00
129N04123,2021-03-15 16:10:00,50.06,100.00
129N04123,2021-03-15 16:20:00,46.71,100.00
129N04123,2021-03-15 16:30:00,50.35,100.00
129N04123,2021-03-15 16:40:00,47.57,100.00
129N04123,2021-03-15 16:50:00,48.22,100.00
129N04123,2021-03-15 17:00:00,50.47,100.00
129N04123,2021-03-15 17:10:00,51.55,100.00
129N04123,2021-03-15 17:20:00,48.44,100.00
129N04123,2021-03-15 17:30:00,45.34,100.00
129N04123,2021-03-15 17:40:00,45.85,100.00
129N04123,2021-03-15 17:50:00,47.81,100.00
129N04123,2021-03-15 18:00:00,54.98,100.00
129N04123,2021-03-15 18:10:00,54.19,100.00
129N04123,2021-03-15 18:20:00,53.32,100.00
129N04123,2021-03-15 18:30:00,53.00,100.00
129N04123,2021-03-15 18:40:00,47.10,100.00
129N04123,2021-03-15 18:50:00,57.10,100.00
129N04123,2021-03-15 19:00:00,54.84,100.00
129N04123,2021-03-15 19:10:00,46.78,100.00
129N04123,2021-03-15 19:20:00,47.39,100.00
129N04123,2021-03-15 19:30:00,50.45,100.00
129N04123,2021-03-15 19:40:00,54.79,100.00
129N04123,2021-03-15 19:50:00,52.93,100.00
129N04123,2021-03-15 20:00:00,53.22,100.00
129N04123,2021-03-15 20:10:00,47.20,100.00
129N04123,2021-03-15 20:20:00,49.15,100.00
129N04123,2021-03-15 20:30:00,52.33,100.00
129N04123,2021-03-15 20:40:00,58.49,100.00
129N04123,2021-03-15 20:50:00,45.18,100.00
129N04123,2021-03-15 21:00:00,51.94,100.00
129N04123,2021-03-15 21:10:00,51.07,100.00
129N04123,2021-03-15 21:20:00,53.35,100.00
129N04123,2021-03-15 21:30:00,56.08,100.00
129N04123,2021-03-15 21:40:00,57.76,100.00
129N04123,2021-03-15 21:50:00,59.33,100.00
129N04123,2021-03-15 22:00:00,60.00,100.00
129N04123,2021-03-15 22:10:00,61.89,100.00
129N04123,2021-03-15 22:20:00,60.26,100.00
129N04123,2021-03-15 22:30:00,58.52,100.00
129N04123,2021-03-15 22:40:00,53.16,100.00
129N04123,2021-03-15 22:50:00,54.46,100.00
129N04123,2021-03-15 23:00:00,51.86,100.00
129N04123,2021-03-15 23:10:00,47.98,100.00
129N04123,2021-03-15 23:20:00,32.88,93.00
129N04123,2021-03-15 23:30:00,22.86,90.00
129N04123,2021-03-15 23:40:00,23.21,86.00
129N04123,2021-03-15 23:50:00,30.77,94.00
129N04126,2021-03-15 00:00:00,60.08,100.00
129N04126,2021-03-15 00:10:00,59.48,100.00
129N04126,2021-03-15 00:20:00,63.34,100.00
129N04126,2021-03-15 00:30:00,62.82,100.00
129N04126,2021-03-15 00:40:00,65.00,100.00
129N04126,2021-03-15 00:50:00,64.79,100.00
129N04126,2021-03-15 01:00:00,64.09,95.00
129N04126,2021-03-15 01:10:00,62.10,99.00
129N04126,2021-03-15 01:20:00,60.39,100.00
129N04126,2021-03-15 01:30:00,59.90,99.00
129N04126,2021-03-15 01:40:00,58.39,90.00
129N04126,2021-03-15 01:50:00,61.05,98.00
129N04126,2021-03-15 02:00:00,57.70,100.00
129N04126,2021-03-15 02:10:00,58.29,100.00
129N04126,2021-03-15 02:20:00,56.79,100.00
129N04126,2021-03-15 02:30:00,57.10,95.00
129N04126,2021-03-15 02:40:00,57.70,99.00
129N04126,2021-03-15 02:50:00,63.19,100.00
129N04126,2021-03-15 03:00:00,62.18,100.00
129N04126,2021-03-15 03:10:00,55.57,100.00
129N04126,2021-03-15 03:20:00,58.07,100.00
129N04126,2021-03-15 03:30:00,60.68,100.00
129N04126,2021-03-15 03:40:00,63.19,100.00
129N04126,2021-03-15 03:50:00,61.39,100.00
129N04126,2021-03-15 04:00:00,60.86,100.00
129N04126,2021-03-15 04:10:00,63.03,100.00
129N04126,2021-03-15 04:20:00,64.50,100.00
129N04126,2021-03-15 04:30:00,66.87,100.00
129N04126,2021-03-15 04:40:00,66.61,100.00
129N04126,2021-03-15 04:50:00,66.69,100.00
129N04126,2021-03-15 05:00:00,67.46,100.00
129N04126,2021-03-15 05:10:00,66.19,100.00
129N04126,2021-03-15 05:20:00,65.07,100.00
129N04126,2021-03-15 05:30:00,63.44,100.00
129N04126,2021-03-15 05:40:00,61.48,100.00
129N04126,2021-03-15 05:50:00,58.53,100.00
129N04126,2021-03-15 06:00:00,59.82,98.00
129N04126,2021-03-15 06:10:00,51.16,100.00
129N04126,2021-03-15 06:20:00,38.91,100.00
129N04126,2021-03-15 06:30:00,38.78,100.00
129N04126,2021-03-15 06:40:00,35.17,100.00
129N04126,2021-03-15 06:50:00,30.74,100.00
129N04126,2021-03-15 07:00:00,51.19,93.00
129N04126,2021-03-15 07:10:00,55.14,91.00
129N04126,2021-03-15 07:20:00,57.54,90.00
129N04126,2021-03-15 07:30:00,48.41,92.00
129N04126,2021-03-15 07:40:00,54.75,91.00
129N04126,2021-03-15 07:50:00,55.46,90.00
129N04126,2021-03-15 08:00:00,56.23,90.00
129N04126,2021-03-15 08:10:00,47.28,91.00
129N04126,2021-03-15 08:20:00,53.14,90.00
129N04126,2021-03-15 08:30:00,58.51,90.00
129N04126,2021-03-15 08:40:00,57.61,90.00
129N04126,2021-03-15 08:50:00,59.50,90.00
129N04126,2021-03-15 09:00:00,62.05,90.00
129N04126,2021-03-15 09:10:00,55.50,90.00
129N04126,2021-03-15 09:20:00,59.28,90.00
129N04126,2021-03-15 09:30:00,55.73,90.00
129N04126,2021-03-15 09:40:00,55.50,90.00
129N04126,2021-03-15 09:50:00,59.66,90.00
129N04126,2021-03-15 10:00:00,59.34,95.00
129N04126,2021-03-15 10:10:00,58.98,96.00
129N04126,2021-03-15 10:20:00,61.15,100.00
129N04126,2021-03-15 10:30:00,59.15,100.00
129N04126,2021-03-15 10:40:00,61.02,100.00
129N04126,2021-03-15 10:50:00,60.21,100.00
129N04126,2021-03-15 11:00:00,61.45,100.00
129N04126,2021-03-15 11:10:00,62.99,100.00
129N04126,2021-03-15 11:20:00,60.37,100.00
129N04126,2021-03-15 11:30:00,59.95,100.00
129N04126,2021-03-15 11:40:00,61.38,100.00
129N04126,2021-03-15 11:50:00,62.75,100.00
129N04126,2021-03-15 12:00:00,63.13,100.00
129N04126,2021-03-15 12:10:00,58.55,100.00
129N04126,2021-03-15 12:20:00,55.64,100.00
129N04126,2021-03-15 12:30:00,61.15,100.00
129N04126,2021-03-15 12:40:00,61.00,100.00
129N04126,2021-03-15 12:50:00,61.05,100.00
129N04126,2021-03-15 13:00:00,62.13,100.00
129N04126,2021-03-15 13:10:00,63.44,100.00
129N04126,2021-03-15 13:20:00,62.53,100.00
129N04126,2021-03-15 13:30:00,54.05,100.00
129N04126,2021-03-15 13:40:00,57.70,100.00
129N04126,2021-03-15 13:50:00,61.94,100.00
129N04126,2021-03-15 14:00:00,60.49,100.00
129N04126,2021-03-15 14:10:00,60.33,100.00
129N04126,2021-03-15 14:20:00,62.90,100.00
129N04126,2021-03-15 14:30:00,63.26,100.00
129N04126,2021-03-15 14:40:00,61.95,100.00
129N04126,2021-03-15 14:50:00,61.15,100.00
129N04126,2021-03-15 15:00:00,63.15,100.00
129N04126,2021-03-15 15:10:00,62.57,100.00
129N04126,2021-03-15 15:20:00,63.19,100.00
129N04126,2021-03-15 15:30:00,63.13,100.00
129N04126,2021-03-15 15:40:00,62.78,100.00
129N04126,2021-03-15 15:50:00,60.06,100.00
129N04126,2021-03-15 16:00:00,64.94,100.00
129N04126,2021-03-15 16:10:00,64.87,100.00
129N04126,2021-03-15 16:20:00,67.62,100.00
129N04126,2021-03-15 16:30:00,63.58,100.00
129N04126,2021-03-15 16:40:00,62.99,100.00
129N04126,2021-03-15 16:50:00,63.65,100.00
129N04126,2021-03-15 17:00:00,63.70,100.00
129N04126,2021-03-15 17:10:00,60.35,100.00
129N04126,2021-03-15 17:20:00,63.79,100.00
129N04126,2021-03-15 17:30:00,61.46,100.00
129N04126,2021-03-15 17:40:00,61.49,100.00
129N04126,2021-03-15 17:50:00,58.85,100.00
129N04126,2021-03-15 18:00:00,65.81,100.00
129N04126,2021-03-15 18:10:00,61.81,100.00
129N04126,2021-03-15 18:20:00,62.59,100.00
129N04126,2021-03-15 18:30:00,62.25,100.00
129N04126,2021-03-15 18:40:00,62.37,100.00
129N04126,2021-03-15 18:50:00,58.97,100.00
129N04126,2021-03-15 19:00:00,63.66,100.00
129N04126,2021-03-15 19:10:00,58.47,100.00
129N04126,2021-03-15 19:20:00,58.11,100.00
129N04126,2021-03-15 19:30:00,61.44,100.00
129N04126,2021-03-15 19:40:00,61.94,100.00
129N04126,2021-03-15 19:50:00,59.18,100.00
129N04126,2021-03-15 20:00:00,59.52,100.00
129N04126,2021-03-15 20:10:00,64.48,100.00
129N04126,2021-03-15 20:20:00,59.61,100.00
129N04126,2021-03-15 20:30:00,66.34,100.00
129N04126,2021-03-15 20:40:00,65.31,100.00
129N04126,2021-03-15 20:50:00,62.08,100.00
129N04126,2021-03-15 21:00:00,55.91,100.00
129N04126,2021-03-15 21:10:00,58.13,100.00
129N04126,2021-03-15 21:20:00,61.68,100.00
129N04126,2021-03-15 21:30:00,63.66,100.00
129N04126,2021-03-15 21:40:00,61.61,100.00
129N04126,2021-03-15 21:50:00,65.00,100.00
129N04126,2021-03-15 22:00:00,63.89,100.00
129N04126,2021-03-15 22:10:00,63.38,100.00
129N04126,2021-03-15 22:20:00,64.36,100.00
129N04126,2021-03-15 22:30:00,66.10,100.00
129N04126,2021-03-15 22:40:00,59.91,100.00
129N04126,2021-03-15 22:50:00,54.52,100.00
129N04126,2021-03-15 23:00:00,57.78,100.00
129N04126,2021-03-15 23:10:00,55.98,100.00
129N04126,2021-03-15 23:20:00,62.26,100.00
129N04126,2021-03-15 23:30:00,63.97,100.00
129N04126,2021-03-15 23:40:00,60.02,100.00
129N04126,2021-03-15 23:50:00,58.70,100.00
129N04125,2021-03-15 00:00:00,44.49,100.00
129N04125,2021-03-15 00:10:00,46.08,100.00
129N04125,2021-03-15 00:20:00,45.78,100.00
129N04125,2021-03-15 00:30:00,47.42,100.00
129N04125,2021-03-15 00:40:00,48.19,100.00
129N04125,2021-03-15 00:50:00,46.75,100.00
129N04125,2021-03-15 01:00:00,43.49,98.00
129N04125,2021-03-15 01:10:00,46.79,99.00
129N04125,2021-03-15 01:20:00,45.49,100.00
129N04125,2021-03-15 01:30:00,43.78,100.00
129N04125,2021-03-15 01:40:00,43.10,92.00
129N04125,2021-03-15 01:50:00,47.68,95.00
129N04125,2021-03-15 02:00:00,48.02,100.00
129N04125,2021-03-15 02:10:00,46.12,100.00
129N04125,2021-03-15 02:20:00,44.00,100.00
129N04125,2021-03-15 02:30:00,43.59,100.00
129N04125,2021-03-15 02:40:00,46.83,98.00
129N04125,2021-03-15 02:50:00,45.75,100.00
129N04125,2021-03-15 03:00:00,46.56,100.00
129N04125,2021-03-15 03:10:00,43.49,100.00
129N04125,2021-03-15 03:20:00,50.64,99.00
129N04125,2021-03-15 03:30:00,55.78,90.00
129N04125,2021-03-15 03:40:00,54.35,99.00
129N04125,2021-03-15 03:50:00,49.92,100.00
129N04125,2021-03-15 04:00:00,48.00,100.00
129N04125,2021-03-15 04:10:00,47.00,100.00
129N04125,2021-03-15 04:20:00,48.07,100.00
129N04125,2021-03-15 04:30:00,55.41,100.00
129N04125,2021-03-15 04:40:00,67.24,100.00
129N04125,2021-03-15 04:50:00,65.25,100.00
129N04125,2021-03-15 05:00:00,66.26,100.00
129N04125,2021-03-15 05:10:00,62.07,100.00
129N04125,2021-03-15 05:20:00,60.65,100.00
129N04125,2021-03-15 05:30:00,58.41,100.00
129N04125,2021-03-15 05:40:00,59.63,100.00
129N04125,2021-03-15 05:50:00,56.20,100.00
129N04125,2021-03-15 06:00:00,56.01,100.00
129N04125,2021-03-15 06:10:00,50.89,100.00
129N04125,2021-03-15 06:20:00,43.65,100.00
129N04125,2021-03-15 06:30:00,39.84,100.00
129N04125,2021-03-15 06:40:00,38.36,100.00
129N04125,2021-03-15 06:50:00,31.04,100.00
129N04125,2021-03-15 07:00:00,33.98,100.00
129N04125,2021-03-15 07:10:00,38.19,99.00
129N04125,2021-03-15 07:20:00,51.80,93.00
129N04125,2021-03-15 07:30:00,49.19,91.00
129N04125,2021-03-15 07:40:00,45.04,97.00
129N04125,2021-03-15 07:50:00,46.04,99.00
129N04125,2021-03-15 08:00:00,46.38,99.00
129N04125,2021-03-15 08:10:00,44.10,94.00
129N04125,2021-03-15 08:20:00,43.03,95.00
129N04125,2021-03-15 08:30:00,46.30,91.00
129N04125,2021-03-15 08:40:00,38.98,97.00
129N04125,2021-03-15 08:50:00,42.56,98.00
129N04125,2021-03-15 09:00:00,45.76,91.00
129N04125,2021-03-15 09:10:00,49.87,90.00
129N04125,2021-03-15 09:20:00,53.34,90.00
129N04125,2021-03-15 09:30:00,52.58,90.00
129N04125,2021-03-15 09:40:00,50.90,93.00
129N04125,2021-03-15 09:50:00,42.67,96.00
129N04125,2021-03-15 10:00:00,54.17,94.00
129N04125,2021-03-15 10:10:00,55.50,96.00
129N04125,2021-03-15 10:20:00,51.53,100.00
129N04125,2021-03-15 10:30:00,50.94,100.00
129N04125,2021-03-15 10:40:00,51.97,100.00
129N04125,2021-03-15 10:50:00,53.66,100.00
129N04125,2021-03-15 11:00:00,57.10,100.00
129N04125,2021-03-15 11:10:00,54.78,100.00
129N04125,2021-03-15 11:20:00,57.35,100.00
129N04125,2021-03-15 11:30:00,50.67,100.00
129N04125,2021-03-15 11:40:00,52.05,100.00
129N04125,2021-03-15 11:50:00,52.76,100.00
129N04125,2021-03-15 12:00:00,55.32,100.00
129N04125,2021-03-15 12:10:00,50.19,100.00
129N04125,2021-03-15 12:20:00,52.69,100.00
129N04125,2021-03-15 12:30:00,52.84,100.00
129N04125,2021-03-15 12:40:00,55.29,100.00
129N04125,2021-03-15 12:50:00,52.76,100.00
129N04125,2021-03-15 13:00:00,52.35,100.00
129N04125,2021-03-15 13:10:00,53.56,100.00
129N04125,2021-03-15 13:20:00,54.88,100.00
129N04125,2021-03-15 13:30:00,52.36,100.00
129N04125,2021-03-15 13:40:00,54.03,100.00
129N04125,2021-03-15 13:50:00,51.81,100.00
129N04125,2021-03-15 14:00:00,54.66,100.00
129N04125,2021-03-15 14:10:00,53.67,100.00
129N04125,2021-03-15 14:20:00,51.40,100.00
129N04125,2021-03-15 14:30:00,47.31,99.00
129N04125,2021-03-15 14:40:00,59.23,100.00
129N04125,2021-03-15 14:50:00,52.62,100.00
129N04125,2021-03-15 15:00:00,55.35,100.00
129N04125,2021-03-15 15:10:00,44.17,100.00
129N04125,2021-03-15 15:20:00,55.25,100.00
129N04125,2021-03-15 15:30:00,52.36,100.00
129N04125,2021-03-15 15:40:00,54.45,100.00
129N04125,2021-03-15 15:50:00,59.83,100.00
129N04125,2021-03-15 16:00:00,58.36,100.00
129N04125,2021-03-15 16:10:00,55.56,100.00
129N04125,2021-03-15 16:20:00,58.06,100.00
129N04125,2021-03-15 16:30:00,52.52,100.00
129N04125,2021-03-15 16:40:00,56.64,100.00
129N04125,2021-03-15 16:50:00,55.03,100.00
129N04125,2021-03-15 17:00:00,58.67,100.00
129N04125,2021-03-15 17:10:00,58.28,100.00
129N04125,2021-03-15 17:20:00,54.50,100.00
129N04125,2021-03-15 17:30:00,51.03,100.00
129N04125,2021-03-15 17:40:00,57.71,100.00
129N04125,2021-03-15 17:50:00,54.15,100.00
129N04125,2021-03-15 18:00:00,60.04,100.00
129N04125,2021-03-15 18:10:00,57.66,100.00
129N04125,2021-03-15 18:20:00,59.98,100.00
129N04125,2021-03-15 18:30:00,56.85,100.00
129N04125,2021-03-15 18:40:00,58.70,100.00
129N04125,2021-03-15 18:50:00,57.36,100.00
129N04125,2021-03-15 19:00:00,56.27,100.00
129N04125,2021-03-15 19:10:00,55.00,100.00
129N04125,2021-03-15 19:20:00,52.75,100.00
129N04125,2021-03-15 19:30:00,52.71,100.00
129N04125,2021-03-15 19:40:00,57.13,100.00
129N04125,2021-03-15 19:50:00,51.12,100.00
129N04125,2021-03-15 20:00:00,54.76,100.00
129N04125,2021-03-15 20:10:00,61.17,100.00
129N04125,2021-03-15 20:20:00,53.18,100.00
129N04125,2021-03-15 20:30:00,59.73,100.00
129N04125,2021-03-15 20:40:00,60.93,100.00
129N04125,2021-03-15 20:50:00,59.68,100.00
129N04125,2021-03-15 21:00:00,55.61,100.00
129N04125,2021-03-15 21:10:00,54.04,100.00
129N04125,2021-03-15 21:20:00,53.84,100.00
129N04125,2021-03-15 21:30:00,57.69,100.00
129N04125,2021-03-15 21:40:00,55.41,100.00
129N04125,2021-03-15 21:50:00,58.58,100.00
129N04125,2021-03-15 22:00:00,57.06,100.00
129N04125,2021-03-15 22:10:00,56.47,100.00
129N04125,2021-03-15 22:20:00,59.45,100.00
129N04125,2021-03-15 22:30:00,58.33,100.00
129N04125,2021-03-15 22:40:00,57.41,100.00
129N04125,2021-03-15 22:50:00,57.02,100.00
129N04125,2021-03-15 23:00:00,52.82,100.00
129N04125,2021-03-15 23:10:00,40.89,97.00
129N04125,2021-03-15 23:20:00,35.88,90.00
129N04125,2021-03-15 23:30:00,42.30,95.00
129N04125,2021-03-15 23:40:00,43.68,98.00
129N04125,2021-03-15 23:50:00,44.70,100.00
129N04120,2021-03-15 00:00:00,58.60,100.00
129N04120,2021-03-15 00:10:00,52.71,100.00
129N04120,2021-03-15 00:20:00,46.70,100.00
129N04120,2021-03-15 00:30:00,47.95,100.00
129N04120,2021-03-15 00:40:00,51.80,98.00
129N04120,2021-03-15 00:50:00,55.80,95.00
129N04120,2021-03-15 01:00:00,50.67,98.00
129N04120,2021-03-15 01:10:00,48.30,100.00
129N04120,2021-03-15 01:20:00,47.59,100.00
129N04120,2021-03-15 01:30:00,47.59,94.00
129N04120,2021-03-15 01:40:00,47.10,90.00
129N04120,2021-03-15 01:50:00,50.86,94.00
129N04120,2021-03-15 02:00:00,58.00,100.00
129N04120,2021-03-15 02:10:00,64.02,93.00
129N04120,2021-03-15 02:20:00,67.00,92.00
129N04120,2021-03-15 02:30:00,63.98,89.00
129N04120,2021-03-15 02:40:00,56.03,91.00
129N04120,2021-03-15 02:50:00,56.30,100.00
129N04120,2021-03-15 03:00:00,55.40,100.00
129N04120,2021-03-15 03:10:00,52.57,94.00
129N04120,2021-03-15 03:20:00,52.00,90.00
129N04120,2021-03-15 03:30:00,49.40,90.00
129N04120,2021-03-15 03:40:00,46.19,96.00
129N04120,2021-03-15 03:50:00,45.20,90.00
129N04120,2021-03-15 04:00:00,48.78,96.00
129N04120,2021-03-15 04:10:00,55.75,97.00
129N04120,2021-03-15 04:20:00,58.16,100.00
129N04120,2021-03-15 04:30:00,54.14,100.00
129N04120,2021-03-15 04:40:00,52.41,100.00
129N04120,2021-03-15 04:50:00,60.16,99.00
129N04120,2021-03-15 05:00:00,67.58,100.00
129N04120,2021-03-15 05:10:00,64.59,100.00
129N04120,2021-03-15 05:20:00,61.50,99.00
129N04120,2021-03-15 05:30:00,48.68,100.00
129N04120,2021-03-15 05:40:00,41.86,100.00
129N04120,2021-03-15 05:50:00,38.52,100.00
129N04120,2021-03-15 06:00:00,46.46,100.00
129N04120,2021-03-15 06:10:00,56.27,100.00
129N04120,2021-03-15 06:20:00,56.69,100.00
129N04120,2021-03-15 06:30:00,49.91,100.00
129N04120,2021-03-15 06:40:00,36.89,100.00
129N04120,2021-03-15 06:50:00,44.10,100.00
129N04120,2021-03-15 07:00:00,46.68,100.00
129N04120,2021-03-15 07:10:00,39.34,100.00
129N04120,2021-03-15 07:20:00,45.37,100.00
129N04120,2021-03-15 07:30:00,47.67,100.00
129N04120,2021-03-15 07:40:00,46.37,100.00
129N04120,2021-03-15 07:50:00,39.89,100.00
129N04120,2021-03-15 08:00:00,48.41,100.00
129N04120,2021-03-15 08:10:00,47.08,100.00
129N04120,2021-03-15 08:20:00,45.38,100.00
129N04120,2021-03-15 08:30:00,45.43,99.00
129N04120,2021-03-15 08:40:00,49.28,100.00
129N04120,2021-03-15 08:50:00,45.37,100.00
129N04120,2021-03-15 09:00:00,39.66,100.00
129N04120,2021-03-15 09:10:00,46.81,100.00
129N04120,2021-03-15 09:20:00,53.92,99.00
129N04120,2021-03-15 09:30:00,53.53,98.00
129N04120,2021-03-15 09:40:00,50.27,97.00
129N04120,2021-03-15 09:50:00,48.01,100.00
129N04120,2021-03-15 10:00:00,48.25,100.00
129N04120,2021-03-15 10:10:00,42.03,100.00
129N04120,2021-03-15 10:20:00,48.11,100.00
129N04120,2021-03-15 10:30:00,50.44,98.00
129N04120,2021-03-15 10:40:00,54.59,93.00
129N04120,2021-03-15 10:50:00,52.11,100.00
129N04120,2021-03-15 11:00:00,49.77,100.00
129N04120,2021-03-15 11:10:00,49.59,100.00
129N04120,2021-03-15 11:20:00,49.14,100.00
129N04120,2021-03-15 11:30:00,50.55,100.00
129N04120,2021-03-15 11:40:00,47.94,100.00
129N04120,2021-03-15 11:50:00,53.22,100.00
129N04120,2021-03-15 12:00:00,55.33,100.00
129N04120,2021-03-15 12:10:00,52.75,100.00
129N04120,2021-03-15 12:20:00,41.95,100.00
129N04120,2021-03-15 12:30:00,40.56,100.00
129N04120,2021-03-15 12:40:00,41.17,100.00
129N04120,2021-03-15 12:50:00,46.28,100.00
129N04120,2021-03-15 13:00:00,43.71,100.00
129N04120,2021-03-15 13:10:00,49.28,100.00
129N04120,2021-03-15 13:20:00,44.90,100.00
129N04120,2021-03-15 13:30:00,46.89,100.00
129N04120,2021-03-15 13:40:00,48.77,100.00
129N04120,2021-03-15 13:50:00,49.05,100.00
129N04120,2021-03-15 14:00:00,53.19,100.00
129N04120,2021-03-15 14:10:00,40.93,100.00
129N04120,2021-03-15 14:20:00,29.12,98.00
129N04120,2021-03-15 14:30:00,16.42,93.00
129N04120,2021-03-15 14:40:00,13.97,90.00
129N04120,2021-03-15 14:50:00,22.28,97.00
129N04120,2021-03-15 15:00:00,31.72,97.00
129N04120,2021-03-15 15:10:00,37.01,100.00
129N04120,2021-03-15 15:20:00,28.00,100.00
129N04120,2021-03-15 15:30:00,22.30,100.00
129N04120,2021-03-15 15:40:00,15.84,90.00
129N04120,2021-03-15 15:50:00,15.75,92.00
129N04120,2021-03-15 16:00:00,15.20,90.00
129N04120,2021-03-15 16:10:00,32.82,99.00
129N04120,2021-03-15 16:20:00,50.68,98.00
129N04120,2021-03-15 16:30:00,51.09,99.00
129N04120,2021-03-15 16:40:00,49.99,100.00
129N04120,2021-03-15 16:50:00,49.09,100.00
129N04120,2021-03-15 17:00:00,44.05,100.00
129N04120,2021-03-15 17:10:00,47.22,100.00
129N04120,2021-03-15 17:20:00,45.96,100.00
129N04120,2021-03-15 17:30:00,46.39,100.00
129N04120,2021-03-15 17:40:00,54.62,97.00
129N04120,2021-03-15 17:50:00,55.11,94.00
129N04120,2021-03-15 18:00:00,50.96,100.00
129N04120,2021-03-15 18:10:00,48.98,100.00
129N04120,2021-03-15 18:20:00,49.03,100.00
129N04120,2021-03-15 18:30:00,54.69,100.00
129N04120,2021-03-15 18:40:00,51.45,100.00
129N04120,2021-03-15 18:50:00,52.68,100.00
129N04120,2021-03-15 19:00:00,50.55,100.00
129N04120,2021-03-15 19:10:00,52.51,100.00
129N04120,2021-03-15 19:20:00,54.81,100.00
129N04120,2021-03-15 19:30:00,55.17,100.00
129N04120,2021-03-15 19:40:00,54.36,100.00
129N04120,2021-03-15 19:50:00,54.88,100.00
129N04120,2021-03-15 20:00:00,58.25,100.00
129N04120,2021-03-15 20:10:00,54.05,100.00
129N04120,2021-03-15 20:20:00,49.50,100.00
129N04120,2021-03-15 20:30:00,54.04,100.00
129N04120,2021-03-15 20:40:00,58.99,100.00
129N04120,2021-03-15 20:50:00,58.18,100.00
129N04120,2021-03-15 21:00:00,54.08,100.00
129N04120,2021-03-15 21:10:00,54.57,100.00
129N04120,2021-03-15 21:20:00,56.57,100.00
129N04120,2021-03-15 21:30:00,51.24,100.00
129N04120,2021-03-15 21:40:00,53.49,100.00
129N04120,2021-03-15 21:50:00,56.09,100.00
129N04120,2021-03-15 22:00:00,57.46,100.00
129N04120,2021-03-15 22:10:00,54.38,100.00
129N04120,2021-03-15 22:20:00,51.15,100.00
129N04120,2021-03-15 22:30:00,61.85,100.00
129N04120,2021-03-15 22:40:00,57.94,100.00
129N04120,2021-03-15 22:50:00,54.84,100.00
129N04120,2021-03-15 23:00:00,55.95,100.00
129N04120,2021-03-15 23:10:00,55.19,100.00
129N04120,2021-03-15 23:20:00,53.19,100.00
129N04120,2021-03-15 23:30:00,51.48,100.00
129N04120,2021-03-15 23:40:00,49.06,100.00
129N04120,2021-03-15 23:50:00,47.59,100.00
129N04122,2021-03-15 00:00:00,36.14,100.00
129N04122,2021-03-15 00:10:00,43.84,100.00
129N04122,2021-03-15 00:20:00,34.76,94.00
129N04122,2021-03-15 00:30:00,33.30,97.00
129N04122,2021-03-15 00:40:00,34.28,99.00
129N04122,2021-03-15 00:50:00,41.80,100.00
129N04122,2021-03-15 01:00:00,43.95,100.00
129N04122,2021-03-15 01:10:00,43.97,100.00
129N04122,2021-03-15 01:20:00,44.49,100.00
129N04122,2021-03-15 01:30:00,46.18,93.00
129N04122,2021-03-15 01:40:00,48.69,89.00
129N04122,2021-03-15 01:50:00,48.48,95.00
129N04122,2021-03-15 02:00:00,48.49,100.00
129N04122,2021-03-15 02:10:00,56.12,93.00
129N04122,2021-03-15 02:20:00,58.85,95.00
129N04122,2021-03-15 02:30:00,51.03,91.00
129N04122,2021-03-15 02:40:00,48.10,90.00
129N04122,2021-03-15 02:50:00,55.30,100.00
129N04122,2021-03-15 03:00:00,50.35,100.00
129N04122,2021-03-15 03:10:00,44.32,100.00
129N04122,2021-03-15 03:20:00,44.10,90.00
129N04122,2021-03-15 03:30:00,46.57,90.00
129N04122,2021-03-15 03:40:00,29.65,96.00
129N04122,2021-03-15 03:50:00,32.00,91.00
129N04122,2021-03-15 04:00:00,33.15,90.00
129N04122,2021-03-15 04:10:00,48.76,97.00
129N04122,2021-03-15 04:20:00,51.25,100.00
129N04122,2021-03-15 04:30:00,51.94,100.00
129N04122,2021-03-15 04:40:00,54.05,100.00
129N04122,2021-03-15 04:50:00,63.31,94.00
129N04122,2021-03-15 05:00:00,60.15,99.00
129N04122,2021-03-15 05:10:00,58.35,100.00
129N04122,2021-03-15 05:20:00,52.75,100.00
129N04122,2021-03-15 05:30:00,44.79,100.00
129N04122,2021-03-15 05:40:00,42.95,100.00
129N04122,2021-03-15 05:50:00,44.16,100.00
129N04122,2021-03-15 06:00:00,51.86,100.00
129N04122,2021-03-15 06:10:00,51.68,100.00
129N04122,2021-03-15 06:20:00,53.02,100.00
129N04122,2021-03-15 06:30:00,50.66,100.00
129N04122,2021-03-15 06:40:00,47.08,100.00
129N04122,2021-03-15 06:50:00,38.12,100.00
129N04122,2021-03-15 07:00:00,41.49,100.00
129N04122,2021-03-15 07:10:00,44.09,100.00
129N04122,2021-03-15 07:20:00,44.34,100.00
129N04122,2021-03-15 07:30:00,43.41,100.00
129N04122,2021-03-15 07:40:00,42.57,100.00
129N04122,2021-03-15 07:50:00,43.64,100.00
129N04122,2021-03-15 08:00:00,39.38,100.00
129N04122,2021-03-15 08:10:00,39.00,100.00
129N04122,2021-03-15 08:20:00,44.07,100.00
129N04122,2021-03-15 08:30:00,47.98,100.00
129N04122,2021-03-15 08:40:00,42.58,100.00
129N04122,2021-03-15 08:50:00,38.57,100.00
129N04122,2021-03-15 09:00:00,41.72,98.00
129N04122,2021-03-15 09:10:00,41.37,100.00
129N04122,2021-03-15 09:20:00,47.72,98.00
129N04122,2021-03-15 09:30:00,43.95,100.00
129N04122,2021-03-15 09:40:00,46.46,100.00
129N04122,2021-03-15 09:50:00,47.57,100.00
129N04122,2021-03-15 10:00:00,48.31,100.00
129N04122,2021-03-15 10:10:00,43.16,100.00
129N04122,2021-03-15 10:20:00,43.89,100.00
129N04122,2021-03-15 10:30:00,41.04,100.00
129N04122,2021-03-15 10:40:00,41.19,100.00
129N04122,2021-03-15 10:50:00,47.42,100.00
129N04122,2021-03-15 11:00:00,50.48,100.00
129N04122,2021-03-15 11:10:00,43.75,100.00
129N04122,2021-03-15 11:20:00,55.92,100.00
129N04122,2021-03-15 11:30:00,47.74,100.00
129N04122,2021-03-15 11:40:00,45.21,100.00
129N04122,2021-03-15 11:50:00,48.33,100.00
129N04122,2021-03-15 12:00:00,47.14,100.00
129N04122,2021-03-15 12:10:00,42.01,100.00
129N04122,2021-03-15 12:20:00,45.29,100.00
129N04122,2021-03-15 12:30:00,45.53,100.00
129N04122,2021-03-15 12:40:00,46.71,100.00
129N04122,2021-03-15 12:50:00,44.07,100.00
129N04122,2021-03-15 13:00:00,48.18,100.00
129N04122,2021-03-15 13:10:00,45.91,100.00
129N04122,2021-03-15 13:20:00,45.06,100.00
129N04122,2021-03-15 13:30:00,42.27,100.00
129N04122,2021-03-15 13:40:00,49.39,100.00
129N04122,2021-03-15 13:50:00,47.39,100.00
129N04122,2021-03-15 14:00:00,46.55,100.00
129N04122,2021-03-15 14:10:00,46.96,100.00
129N04122,2021-03-15 14:20:00,46.51,100.00
129N04122,2021-03-15 14:30:00,41.49,100.00
129N04122,2021-03-15 14:40:00,43.14,100.00
129N04122,2021-03-15 14:50:00,45.72,100.00
129N04122,2021-03-15 15:00:00,47.87,100.00
129N04122,2021-03-15 15:10:00,43.24,100.00
129N04122,2021-03-15 15:20:00,39.48,100.00
129N04122,2021-03-15 15:30:00,45.37,100.00
129N04122,2021-03-15 15:40:00,21.43,97.00
129N04122,2021-03-15 15:50:00,18.05,92.00
129N04122,2021-03-15 16:00:00,30.65,100.00
129N04122,2021-03-15 16:10:00,50.52,100.00
129N04122,2021-03-15 16:20:00,43.71,100.00
129N04122,2021-03-15 16:30:00,47.84,100.00
129N04122,2021-03-15 16:40:00,47.91,100.00
129N04122,2021-03-15 16:50:00,47.41,100.00
129N04122,2021-03-15 17:00:00,48.04,100.00
129N04122,2021-03-15 17:10:00,52.55,100.00
129N04122,2021-03-15 17:20:00,48.49,100.00
129N04122,2021-03-15 17:30:00,47.28,100.00
129N04122,2021-03-15 17:40:00,40.74,100.00
129N04122,2021-03-15 17:50:00,48.32,100.00
129N04122,2021-03-15 18:00:00,52.59,100.00
129N04122,2021-03-15 18:10:00,55.62,100.00
129N04122,2021-03-15 18:20:00,54.07,100.00
129N04122,2021-03-15 18:30:00,51.74,100.00
129N04122,2021-03-15 18:40:00,47.62,100.00
129N04122,2021-03-15 18:50:00,56.11,100.00
129N04122,2021-03-15 19:00:00,55.62,100.00
129N04122,2021-03-15 19:10:00,50.70,100.00
129N04122,2021-03-15 19:20:00,52.36,100.00
129N04122,2021-03-15 19:30:00,52.91,100.00
129N04122,2021-03-15 19:40:00,53.97,100.00
129N04122,2021-03-15 19:50:00,52.23,100.00
129N04122,2021-03-15 20:00:00,50.11,100.00
129N04122,2021-03-15 20:10:00,46.84,100.00
129N04122,2021-03-15 20:20:00,44.38,100.00
129N04122,2021-03-15 20:30:00,51.67,100.00
129N04122,2021-03-15 20:40:00,51.85,100.00
129N04122,2021-03-15 20:50:00,58.04,100.00
129N04122,2021-03-15 21:00:00,53.11,100.00
129N04122,2021-03-15 21:10:00,51.17,100.00
129N04122,2021-03-15 21:20:00,51.79,100.00
129N04122,2021-03-15 21:30:00,50.52,100.00
129N04122,2021-03-15 21:40:00,55.15,100.00
129N04122,2021-03-15 21:50:00,61.57,100.00
129N04122,2021-03-15 22:00:00,64.22,100.00
129N04122,2021-03-15 22:10:00,61.25,100.00
129N04122,2021-03-15 22:20:00,58.14,100.00
129N04122,2021-03-15 22:30:00,61.78,100.00
129N04122,2021-03-15 22:40:00,55.48,100.00
129N04122,2021-03-15 22:50:00,55.03,100.00
129N04122,2021-03-15 23:00:00,59.18,100.00
129N04122,2021-03-15 23:10:00,59.60,100.00
129N04122,2021-03-15 23:20:00,47.25,100.00
129N04122,2021-03-15 23:30:00,37.35,92.00
129N04122,2021-03-15 23:40:00,31.76,90.00
129N04122,2021-03-15 23:50:00,33.08,93.00
129N04121,2021-03-15 00:00:00,45.00,99.00
129N04121,2021-03-15 00:10:00,49.98,100.00
129N04121,2021-03-15 00:20:00,44.00,100.00
129N04121,2021-03-15 00:30:00,46.50,100.00
129N04121,2021-03-15 00:40:00,51.68,98.00
129N04121,2021-03-15 00:50:00,55.60,95.00
129N04121,2021-03-15 01:00:00,49.24,98.00
129N04121,2021-03-15 01:10:00,45.10,100.00
129N04121,2021-03-15 01:20:00,44.59,100.00
129N04121,2021-03-15 01:30:00,44.89,93.00
129N04121,2021-03-15 01:40:00,46.00,81.00
129N04121,2021-03-15 01:50:00,48.52,88.00
129N04121,2021-03-15 02:00:00,53.00,100.00
129N04121,2021-03-15 02:10:00,59.60,94.00
129N04121,2021-03-15 02:20:00,65.98,90.00
129N04121,2021-03-15 02:30:00,63.59,89.00
129N04121,2021-03-15 02:40:00,55.73,91.00
129N04121,2021-03-15 02:50:00,56.30,100.00
129N04121,2021-03-15 03:00:00,49.93,100.00
129N04121,2021-03-15 03:10:00,44.33,94.00
129N04121,2021-03-15 03:20:00,43.59,90.00
129N04121,2021-03-15 03:30:00,45.27,90.00
129N04121,2021-03-15 03:40:00,46.30,87.00
129N04121,2021-03-15 03:50:00,45.30,81.00
129N04121,2021-03-15 04:00:00,48.15,87.00
129N04121,2021-03-15 04:10:00,55.38,97.00
129N04121,2021-03-15 04:20:00,59.00,100.00
129N04121,2021-03-15 04:30:00,51.51,100.00
129N04121,2021-03-15 04:40:00,52.87,100.00
129N04121,2021-03-15 04:50:00,61.02,99.00
129N04121,2021-03-15 05:00:00,58.94,100.00
129N04121,2021-03-15 05:10:00,57.49,100.00
129N04121,2021-03-15 05:20:00,60.60,97.00
129N04121,2021-03-15 05:30:00,47.60,100.00
129N04121,2021-03-15 05:40:00,40.44,100.00
129N04121,2021-03-15 05:50:00,35.91,96.00
129N04121,2021-03-15 06:00:00,51.32,100.00
129N04121,2021-03-15 06:10:00,56.33,98.00
129N04121,2021-03-15 06:20:00,56.52,100.00
129N04121,2021-03-15 06:30:00,49.61,100.00
129N04121,2021-03-15 06:40:00,37.12,100.00
129N04121,2021-03-15 06:50:00,35.48,100.00
129N04121,2021-03-15 07:00:00,40.36,100.00
129N04121,2021-03-15 07:10:00,38.76,100.00
129N04121,2021-03-15 07:20:00,43.32,100.00
129N04121,2021-03-15 07:30:00,44.22,100.00
129N04121,2021-03-15 07:40:00,44.67,100.00
129N04121,2021-03-15 07:50:00,41.18,100.00
129N04121,2021-03-15 08:00:00,49.35,100.00
129N04121,2021-03-15 08:10:00,46.24,100.00
129N04121,2021-03-15 08:20:00,44.43,100.00
129N04121,2021-03-15 08:30:00,39.84,100.00
129N04121,2021-03-15 08:40:00,40.51,100.00
129N04121,2021-03-15 08:50:00,34.31,100.00
129N04121,2021-03-15 09:00:00,30.45,100.00
129N04121,2021-03-15 09:10:00,37.86,100.00
129N04121,2021-03-15 09:20:00,52.10,92.00
129N04121,2021-03-15 09:30:00,52.78,96.00
129N04121,2021-03-15 09:40:00,46.97,99.00
129N04121,2021-03-15 09:50:00,44.69,100.00
129N04121,2021-03-15 10:00:00,49.54,100.00
129N04121,2021-03-15 10:10:00,41.63,100.00
129N04121,2021-03-15 10:20:00,43.96,100.00
129N04121,2021-03-15 10:30:00,47.60,100.00
129N04121,2021-03-15 10:40:00,50.06,100.00
129N04121,2021-03-15 10:50:00,53.84,100.00
129N04121,2021-03-15 11:00:00,48.82,100.00
129N04121,2021-03-15 11:10:00,40.47,100.00
129N04121,2021-03-15 11:20:00,52.36,100.00
129N04121,2021-03-15 11:30:00,53.25,100.00
129N04121,2021-03-15 11:40:00,43.75,100.00
129N04121,2021-03-15 11:50:00,52.46,100.00
129N04121,2021-03-15 12:00:00,51.10,100.00
129N04121,2021-03-15 12:10:00,40.64,100.00
129N04121,2021-03-15 12:20:00,43.14,100.00
129N04121,2021-03-15 12:30:00,41.39,100.00
129N04121,2021-03-15 12:40:00,41.60,100.00
129N04121,2021-03-15 12:50:00,40.64,100.00
129N04121,2021-03-15 13:00:00,43.11,100.00
129N04121,2021-03-15 13:10:00,49.32,100.00
129N04121,2021-03-15 13:20:00,46.09,100.00
129N04121,2021-03-15 13:30:00,45.32,100.00
129N04121,2021-03-15 13:40:00,51.60,100.00
129N04121,2021-03-15 13:50:00,45.42,100.00
129N04121,2021-03-15 14:00:00,52.67,100.00
129N04121,2021-03-15 14:10:00,45.09,100.00
129N04121,2021-03-15 14:20:00,39.51,100.00
129N04121,2021-03-15 14:30:00,26.87,100.00
129N04121,2021-03-15 14:40:00,22.07,100.00
129N04121,2021-03-15 14:50:00,32.63,100.00
129N04121,2021-03-15 15:00:00,48.87,97.00
129N04121,2021-03-15 15:10:00,39.61,100.00
129N04121,2021-03-15 15:20:00,32.97,100.00
129N04121,2021-03-15 15:30:00,22.10,96.00
129N04121,2021-03-15 15:40:00,15.69,88.00
129N04121,2021-03-15 15:50:00,10.35,90.00
129N04121,2021-03-15 16:00:00,19.82,93.00
129N04121,2021-03-15 16:10:00,40.95,100.00
129N04121,2021-03-15 16:20:00,39.47,100.00
129N04121,2021-03-15 16:30:00,46.14,100.00
129N04121,2021-03-15 16:40:00,51.65,100.00
129N04121,2021-03-15 16:50:00,49.94,100.00
129N04121,2021-03-15 17:00:00,48.50,100.00
129N04121,2021-03-15 17:10:00,50.22,100.00
129N04121,2021-03-15 17:20:00,48.78,100.00
129N04121,2021-03-15 17:30:00,45.10,100.00
129N04121,2021-03-15 17:40:00,43.92,100.00
129N04121,2021-03-15 17:50:00,55.34,100.00
129N04121,2021-03-15 18:00:00,47.13,100.00
129N04121,2021-03-15 18:10:00,49.38,100.00
129N04121,2021-03-15 18:20:00,51.18,100.00
129N04121,2021-03-15 18:30:00,55.72,100.00
129N04121,2021-03-15 18:40:00,53.02,100.00
129N04121,2021-03-15 18:50:00,51.43,100.00
129N04121,2021-03-15 19:00:00,52.89,100.00
129N04121,2021-03-15 19:10:00,55.55,100.00
129N04121,2021-03-15 19:20:00,58.88,100.00
129N04121,2021-03-15 19:30:00,55.54,100.00
129N04121,2021-03-15 19:40:00,51.66,100.00
129N04121,2021-03-15 19:50:00,50.05,100.00
129N04121,2021-03-15 20:00:00,53.54,100.00
129N04121,2021-03-15 20:10:00,39.72,95.00
129N04121,2021-03-15 20:20:00,41.63,100.00
129N04121,2021-03-15 20:30:00,49.47,99.00
129N04121,2021-03-15 20:40:00,60.69,100.00
129N04121,2021-03-15 20:50:00,60.17,100.00
129N04121,2021-03-15 21:00:00,55.98,100.00
129N04121,2021-03-15 21:10:00,56.07,100.00
129N04121,2021-03-15 21:20:00,56.69,100.00
129N04121,2021-03-15 21:30:00,48.98,100.00
129N04121,2021-03-15 21:40:00,52.51,100.00
129N04121,2021-03-15 21:50:00,58.85,100.00
129N04121,2021-03-15 22:00:00,60.34,100.00
129N04121,2021-03-15 22:10:00,54.95,100.00
129N04121,2021-03-15 22:20:00,52.19,100.00
129N04121,2021-03-15 22:30:00,59.85,100.00
129N04121,2021-03-15 22:40:00,58.38,100.00
129N04121,2021-03-15 22:50:00,56.25,100.00
129N04121,2021-03-15 23:00:00,58.55,100.00
129N04121,2021-03-15 23:10:00,59.19,100.00
129N04121,2021-03-15 23:20:00,51.53,100.00
129N04121,2021-03-15 23:30:00,39.39,93.00
129N04121,2021-03-15 23:40:00,38.57,90.00
129N04121,2021-03-15 23:50:00,40.95,96.00
129-04108,2021-03-15 00:00:00,67.96,100.00
129-04108,2021-03-15 00:10:00,59.99,100.00
129-04108,2021-03-15 00:20:00,59.58,100.00
129-04108,2021-03-15 00:30:00,64.53,100.00
129-04108,2021-03-15 00:40:00,68.87,100.00
129-04108,2021-03-15 00:50:00,67.68,100.00
129-04108,2021-03-15 01:00:00,66.37,100.00
129-04108,2021-03-15 01:10:00,66.95,100.00
129-04108,2021-03-15 01:20:00,64.21,100.00
129-04108,2021-03-15 01:30:00,65.98,100.00
129-04108,2021-03-15 01:40:00,62.15,100.00
129-04108,2021-03-15 01:50:00,60.80,100.00
129-04108,2021-03-15 02:00:00,63.34,100.00
129-04108,2021-03-15 02:10:00,63.98,100.00
129-04108,2021-03-15 02:20:00,59.96,100.00
129-04108,2021-03-15 02:30:00,62.78,100.00
129-04108,2021-03-15 02:40:00,63.39,100.00
129-04108,2021-03-15 02:50:00,63.67,100.00
129-04108,2021-03-15 03:00:00,64.47,100.00
129-04108,2021-03-15 03:10:00,65.29,100.00
129-04108,2021-03-15 03:20:00,59.76,100.00
129-04108,2021-03-15 03:30:00,60.94,100.00
129-04108,2021-03-15 03:40:00,66.19,100.00
129-04108,2021-03-15 03:50:00,62.50,100.00
129-04108,2021-03-15 04:00:00,61.35,100.00
129-04108,2021-03-15 04:10:00,62.27,100.00
129-04108,2021-03-15 04:20:00,62.98,100.00
129-04108,2021-03-15 04:30:00,65.18,100.00
129-04108,2021-03-15 04:40:00,63.88,100.00
129-04108,2021-03-15 04:50:00,59.96,100.00
129-04108,2021-03-15 05:00:00,62.79,100.00
129-04108,2021-03-15 05:10:00,62.74,100.00
129-04108,2021-03-15 05:20:00,63.41,100.00
129-04108,2021-03-15 05:30:00,62.26,100.00
129-04108,2021-03-15 05:40:00,64.47,100.00
129-04108,2021-03-15 05:50:00,64.59,100.00
129-04108,2021-03-15 06:00:00,60.84,100.00
129-04108,2021-03-15 06:10:00,60.13,100.00
129-04108,2021-03-15 06:20:00,57.09,100.00
129-04108,2021-03-15 06:30:00,58.65,100.00
129-04108,2021-03-15 06:40:00,56.59,100.00
129-04108,2021-03-15 06:50:00,57.79,100.00
129-04108,2021-03-15 07:00:00,59.39,100.00
129-04108,2021-03-15 07:10:00,57.88,100.00
129-04108,2021-03-15 07:20:00,57.08,100.00
129-04108,2021-03-15 07:30:00,55.96,100.00
129-04108,2021-03-15 07:40:00,54.19,100.00
129-04108,2021-03-15 07:50:00,55.51,100.00
129-04108,2021-03-15 08:00:00,59.46,100.00
129-04108,2021-03-15 08:10:00,53.04,100.00
129-04108,2021-03-15 08:20:00,53.44,100.00
129-04108,2021-03-15 08:30:00,53.24,100.00
129-04108,2021-03-15 08:40:00,55.46,100.00
129-04108,2021-03-15 08:50:00,58.47,100.00
129-04108,2021-03-15 09:00:00,59.43,100.00
129-04108,2021-03-15 09:10:00,57.91,100.00
129-04108,2021-03-15 09:20:00,58.59,100.00
129-04108,2021-03-15 09:30:00,57.12,100.00
129-04108,2021-03-15 09:40:00,57.75,100.00
129-04108,2021-03-15 09:50:00,59.28,100.00
129-04108,2021-03-15 10:00:00,58.18,100.00
129-04108,2021-03-15 10:10:00,59.84,100.00
129-04108,2021-03-15 10:20:00,56.12,100.00
129-04108,2021-03-15 10:30:00,56.67,100.00
129-04108,2021-03-15 10:40:00,56.88,100.00
129-04108,2021-03-15 10:50:00,55.65,100.00
129-04108,2021-03-15 11:00:00,57.87,100.00
129-04108,2021-03-15 11:10:00,59.68,100.00
129-04108,2021-03-15 11:20:00,59.48,100.00
129-04108,2021-03-15 11:30:00,64.73,100.00
129-04108,2021-03-15 11:40:00,58.66,100.00
129-04108,2021-03-15 11:50:00,61.84,100.00
129-04108,2021-03-15 12:00:00,59.79,100.00
129-04108,2021-03-15 12:10:00,61.44,100.00
129-04108,2021-03-15 12:20:00,62.20,100.00
129-04108,2021-03-15 12:30:00,60.71,100.00
129-04108,2021-03-15 12:40:00,57.94,100.00
129-04108,2021-03-15 12:50:00,57.88,100.00
129-04108,2021-03-15 13:00:00,57.88,100.00
129-04108,2021-03-15 13:10:00,60.82,100.00
129-04108,2021-03-15 13:20:00,61.82,100.00
129-04108,2021-03-15 13:30:00,58.41,100.00
129-04108,2021-03-15 13:40:00,58.45,100.00
129-04108,2021-03-15 13:50:00,54.71,100.00
129-04108,2021-03-15 14:00:00,56.34,100.00
129-04108,2021-03-15 14:10:00,54.70,100.00
129-04108,2021-03-15 14:20:00,49.71,100.00
129-04108,2021-03-15 14:30:00,19.03,93.00
129-04108,2021-03-15 14:40:00,12.85,90.00
129-04108,2021-03-15 14:50:00,13.12,90.00
129-04108,2021-03-15 15:00:00,14.28,90.00
129-04108,2021-03-15 15:10:00,19.29,90.00
129-04108,2021-03-15 15:20:00,21.00,92.00
129-04108,2021-03-15 15:30:00,44.67,100.00
129-04108,2021-03-15 15:40:00,46.15,100.00
129-04108,2021-03-15 15:50:00,46.49,100.00
129-04108,2021-03-15 16:00:00,51.09,100.00
129-04108,2021-03-15 16:10:00,41.05,100.00
129-04108,2021-03-15 16:20:00,43.13,100.00
129-04108,2021-03-15 16:30:00,50.49,100.00
129-04108,2021-03-15 16:40:00,52.10,100.00
129-04108,2021-03-15 16:50:00,53.97,100.00
129-04108,2021-03-15 17:00:00,56.43,100.00
129-04108,2021-03-15 17:10:00,56.74,100.00
129-04108,2021-03-15 17:20:00,55.84,98.00
129-04108,2021-03-15 17:30:00,41.08,98.00
129-04108,2021-03-15 17:40:00,30.62,93.00
129-04108,2021-03-15 17:50:00,33.87,96.00
129-04108,2021-03-15 18:00:00,41.46,98.00
129-04108,2021-03-15 18:10:00,53.42,100.00
129-04108,2021-03-15 18:20:00,57.19,100.00
129-04108,2021-03-15 18:30:00,60.69,100.00
129-04108,2021-03-15 18:40:00,60.82,100.00
129-04108,2021-03-15 18:50:00,62.10,100.00
129-04108,2021-03-15 19:00:00,62.23,100.00
129-04108,2021-03-15 19:10:00,61.86,100.00
129-04108,2021-03-15 19:20:00,59.52,100.00
129-04108,2021-03-15 19:30:00,62.14,100.00
129-04108,2021-03-15 19:40:00,59.72,100.00
129-04108,2021-03-15 19:50:00,63.97,100.00
129-04108,2021-03-15 20:00:00,62.95,100.00
129-04108,2021-03-15 20:10:00,67.97,100.00
129-04108,2021-03-15 20:20:00,63.22,100.00
129-04108,2021-03-15 20:30:00,64.55,100.00
129-04108,2021-03-15 20:40:00,64.22,100.00
129-04108,2021-03-15 20:50:00,61.28,100.00
129-04108,2021-03-15 21:00:00,64.87,100.00
129-04108,2021-03-15 21:10:00,65.54,100.00
129-04108,2021-03-15 21:20:00,62.88,100.00
129-04108,2021-03-15 21:30:00,58.58,100.00
129-04108,2021-03-15 21:40:00,59.84,100.00
129-04108,2021-03-15 21:50:00,61.93,100.00
129-04108,2021-03-15 22:00:00,62.18,100.00
129-04108,2021-03-15 22:10:00,66.45,100.00
129-04108,2021-03-15 22:20:00,67.04,100.00
129-04108,2021-03-15 22:30:00,67.08,100.00
129-04108,2021-03-15 22:40:00,65.77,100.00
129-04108,2021-03-15 22:50:00,62.77,100.00
129-04108,2021-03-15 23:00:00,64.12,100.00
129-04108,2021-03-15 23:10:00,67.95,100.00
129-04108,2021-03-15 23:20:00,66.96,100.00
129-04108,2021-03-15 23:30:00,65.89,100.00
129-04108,2021-03-15 23:40:00,64.83,100.00
129-04108,2021-03-15 23:50:00,66.59,100.00
129-04109,2021-03-15 00:00:00,66.99,100.00
129-04109,2021-03-15 00:10:00,62.85,100.00
129-04109,2021-03-15 00:20:00,60.89,100.00
129-04109,2021-03-15 00:30:00,66.22,100.00
129-04109,2021-03-15 00:40:00,67.86,100.00
129-04109,2021-03-15 00:50:00,66.36,100.00
129-04109,2021-03-15 01:00:00,64.35,100.00
129-04109,2021-03-15 01:10:00,64.94,100.00
129-04109,2021-03-15 01:20:00,61.73,100.00
129-04109,2021-03-15 01:30:00,63.78,100.00
129-04109,2021-03-15 01:40:00,61.39,100.00
129-04109,2021-03-15 01:50:00,61.89,100.00
129-04109,2021-03-15 02:00:00,61.19,100.00
129-04109,2021-03-15 02:10:00,60.17,100.00
129-04109,2021-03-15 02:20:00,60.20,100.00
129-04109,2021-03-15 02:30:00,61.98,100.00
129-04109,2021-03-15 02:40:00,63.20,100.00
129-04109,2021-03-15 02:50:00,62.94,100.00
129-04109,2021-03-15 03:00:00,65.00,100.00
129-04109,2021-03-15 03:10:00,65.00,100.00
129-04109,2021-03-15 03:20:00,58.66,100.00
129-04109,2021-03-15 03:30:00,59.29,100.00
129-04109,2021-03-15 03:40:00,61.14,100.00
129-04109,2021-03-15 03:50:00,62.28,100.00
129-04109,2021-03-15 04:00:00,60.53,100.00
129-04109,2021-03-15 04:10:00,62.14,100.00
129-04109,2021-03-15 04:20:00,62.79,100.00
129-04109,2021-03-15 04:30:00,67.07,100.00
129-04109,2021-03-15 04:40:00,64.93,100.00
129-04109,2021-03-15 04:50:00,60.31,100.00
129-04109,2021-03-15 05:00:00,64.39,100.00
129-04109,2021-03-15 05:10:00,60.19,100.00
129-04109,2021-03-15 05:20:00,62.11,100.00
129-04109,2021-03-15 05:30:00,61.37,100.00
129-04109,2021-03-15 05:40:00,61.02,100.00
129-04109,2021-03-15 05:50:00,60.50,100.00
129-04109,2021-03-15 06:00:00,60.14,100.00
129-04109,2021-03-15 06:10:00,59.21,100.00
129-04109,2021-03-15 06:20:00,59.41,100.00
129-04109,2021-03-15 06:30:00,55.25,100.00
129-04109,2021-03-15 06:40:00,56.45,100.00
129-04109,2021-03-15 06:50:00,56.58,100.00
129-04109,2021-03-15 07:00:00,55.46,100.00
129-04109,2021-03-15 07:10:00,53.42,100.00
129-04109,2021-03-15 07:20:00,54.51,100.00
129-04109,2021-03-15 07:30:00,51.01,100.00
129-04109,2021-03-15 07:40:00,52.31,100.00
129-04109,2021-03-15 07:50:00,51.53,100.00
129-04109,2021-03-15 08:00:00,52.14,100.00
129-04109,2021-03-15 08:10:00,49.19,100.00
129-04109,2021-03-15 08:20:00,45.17,100.00
129-04109,2021-03-15 08:30:00,49.76,100.00
129-04109,2021-03-15 08:40:00,46.60,100.00
129-04109,2021-03-15 08:50:00,54.22,100.00
129-04109,2021-03-15 09:00:00,55.27,100.00
129-04109,2021-03-15 09:10:00,55.06,100.00
129-04109,2021-03-15 09:20:00,57.04,100.00
129-04109,2021-03-15 09:30:00,54.55,100.00
129-04109,2021-03-15 09:40:00,54.78,100.00
129-04109,2021-03-15 09:50:00,58.12,100.00
129-04109,2021-03-15 10:00:00,54.07,100.00
129-04109,2021-03-15 10:10:00,55.87,100.00
129-04109,2021-03-15 10:20:00,49.38,100.00
129-04109,2021-03-15 10:30:00,51.98,100.00
129-04109,2021-03-15 10:40:00,48.41,100.00
129-04109,2021-03-15 10:50:00,49.62,100.00
129-04109,2021-03-15 11:00:00,51.12,100.00
129-04109,2021-03-15 11:10:00,56.83,100.00
129-04109,2021-03-15 11:20:00,59.30,100.00
129-04109,2021-03-15 11:30:00,58.73,100.00
129-04109,2021-03-15 11:40:00,55.41,100.00
129-04109,2021-03-15 11:50:00,57.61,100.00
129-04109,2021-03-15 12:00:00,59.04,100.00
129-04109,2021-03-15 12:10:00,57.40,100.00
129-04109,2021-03-15 12:20:00,58.82,100.00
129-04109,2021-03-15 12:30:00,57.92,100.00
129-04109,2021-03-15 12:40:00,57.98,100.00
129-04109,2021-03-15 12:50:00,56.64,100.00
129-04109,2021-03-15 13:00:00,57.34,100.00
129-04109,2021-03-15 13:10:00,58.64,100.00
129-04109,2021-03-15 13:20:00,59.55,100.00
129-04109,2021-03-15 13:30:00,55.01,100.00
129-04109,2021-03-15 13:40:00,55.00,100.00
129-04109,2021-03-15 13:50:00,50.86,100.00
129-04109,2021-03-15 14:00:00,52.13,100.00
129-04109,2021-03-15 14:10:00,49.41,100.00
129-04109,2021-03-15 14:20:00,43.75,100.00
129-04109,2021-03-15 14:30:00,24.51,94.00
129-04109,2021-03-15 14:40:00,13.53,90.00
129-04109,2021-03-15 14:50:00,14.65,90.00
129-04109,2021-03-15 15:00:00,14.03,90.00
129-04109,2021-03-15 15:10:00,19.09,91.00
129-04109,2021-03-15 15:20:00,24.84,95.00
129-04109,2021-03-15 15:30:00,44.06,100.00
129-04109,2021-03-15 15:40:00,42.03,100.00
129-04109,2021-03-15 15:50:00,42.19,100.00
129-04109,2021-03-15 16:00:00,47.00,100.00
129-04109,2021-03-15 16:10:00,22.55,93.00
129-04109,2021-03-15 16:20:00,17.69,91.00
129-04109,2021-03-15 16:30:00,41.78,99.00
129-04109,2021-03-15 16:40:00,45.38,100.00
129-04109,2021-03-15 16:50:00,49.56,100.00
129-04109,2021-03-15 17:00:00,50.64,100.00
129-04109,2021-03-15 17:10:00,53.74,100.00
129-04109,2021-03-15 17:20:00,50.80,100.00
129-04109,2021-03-15 17:30:00,41.97,99.00
129-04109,2021-03-15 17:40:00,16.05,92.00
129-04109,2021-03-15 17:50:00,18.01,92.00
129-04109,2021-03-15 18:00:00,26.71,97.00
129-04109,2021-03-15 18:10:00,48.63,100.00
129-04109,2021-03-15 18:20:00,51.61,100.00
129-04109,2021-03-15 18:30:00,57.36,100.00
129-04109,2021-03-15 18:40:00,59.59,100.00
129-04109,2021-03-15 18:50:00,59.50,100.00
129-04109,2021-03-15 19:00:00,59.61,100.00
129-04109,2021-03-15 19:10:00,59.42,100.00
129-04109,2021-03-15 19:20:00,55.91,100.00
129-04109,2021-03-15 19:30:00,59.98,100.00
129-04109,2021-03-15 19:40:00,60.10,100.00
129-04109,2021-03-15 19:50:00,61.37,100.00
129-04109,2021-03-15 20:00:00,60.41,100.00
129-04109,2021-03-15 20:10:00,64.64,100.00
129-04109,2021-03-15 20:20:00,60.58,100.00
129-04109,2021-03-15 20:30:00,61.16,100.00
129-04109,2021-03-15 20:40:00,63.57,100.00
129-04109,2021-03-15 20:50:00,61.75,100.00
129-04109,2021-03-15 21:00:00,62.92,100.00
129-04109,2021-03-15 21:10:00,65.01,100.00
129-04109,2021-03-15 21:20:00,60.75,100.00
129-04109,2021-03-15 21:30:00,59.74,100.00
129-04109,2021-03-15 21:40:00,60.85,100.00
129-04109,2021-03-15 21:50:00,58.74,100.00
129-04109,2021-03-15 22:00:00,63.53,100.00
129-04109,2021-03-15 22:10:00,62.64,100.00
129-04109,2021-03-15 22:20:00,63.19,100.00
129-04109,2021-03-15 22:30:00,57.89,100.00
129-04109,2021-03-15 22:40:00,59.67,100.00
129-04109,2021-03-15 22:50:00,63.33,100.00
129-04109,2021-03-15 23:00:00,62.70,100.00
129-04109,2021-03-15 23:10:00,64.91,100.00
129-04109,2021-03-15 23:20:00,62.50,100.00
129-04109,2021-03-15 23:30:00,64.20,100.00
129-04109,2021-03-15 23:40:00,61.66,100.00
129-04109,2021-03-15 23:50:00,62.26,100.00
129N14199,2021-03-15 00:00:00,60.00,100.00
129N14199,2021-03-15 00:10:00,53.58,100.00
129N14199,2021-03-15 00:20:00,51.64,100.00
129N14199,2021-03-15 00:30:00,55.94,97.00
129N14199,2021-03-15 00:40:00,61.27,91.00
129N14199,2021-03-15 00:50:00,55.97,100.00
129N14199,2021-03-15 01:00:00,48.40,100.00
129N14199,2021-03-15 01:10:00,48.38,100.00
129N14199,2021-03-15 01:20:00,49.40,100.00
129N14199,2021-03-15 01:30:00,50.30,95.00
129N14199,2021-03-15 01:40:00,50.00,84.00
129N14199,2021-03-15 01:50:00,50.00,86.00
129N14199,2021-03-15 02:00:00,49.10,90.00
129N14199,2021-03-15 02:10:00,49.00,90.00
129N14199,2021-03-15 02:20:00,48.10,99.00
129N14199,2021-03-15 02:30:00,48.40,93.00
129N14199,2021-03-15 02:40:00,49.90,92.00
129N14199,2021-03-15 02:50:00,54.00,100.00
129N14199,2021-03-15 03:00:00,54.00,100.00
129N14199,2021-03-15 03:10:00,53.00,94.00
129N14199,2021-03-15 03:20:00,53.00,90.00
129N14199,2021-03-15 03:30:00,53.00,90.00
129N14199,2021-03-15 03:40:00,31.91,92.00
129N14199,2021-03-15 03:50:00,35.14,94.00
129N14199,2021-03-15 04:00:00,41.71,100.00
129N14199,2021-03-15 04:10:00,54.04,100.00
129N14199,2021-03-15 04:20:00,58.14,100.00
129N14199,2021-03-15 04:30:00,59.07,100.00
129N14199,2021-03-15 04:40:00,56.39,100.00
129N14199,2021-03-15 04:50:00,63.28,96.00
129N14199,2021-03-15 05:00:00,65.00,100.00
129N14199,2021-03-15 05:10:00,64.39,97.00
129N14199,2021-03-15 05:20:00,61.60,100.00
129N14199,2021-03-15 05:30:00,57.62,100.00
129N14199,2021-03-15 05:40:00,55.39,100.00
129N14199,2021-03-15 05:50:00,53.99,100.00
129N14199,2021-03-15 06:00:00,55.58,100.00
129N14199,2021-03-15 06:10:00,56.10,100.00
129N14199,2021-03-15 06:20:00,41.82,100.00
129N14199,2021-03-15 06:30:00,45.20,100.00
129N14199,2021-03-15 06:40:00,47.73,100.00
129N14199,2021-03-15 06:50:00,50.85,100.00
129N14199,2021-03-15 07:00:00,47.98,100.00
129N14199,2021-03-15 07:10:00,50.56,100.00
129N14199,2021-03-15 07:20:00,50.78,100.00
129N14199,2021-03-15 07:30:00,50.00,100.00
129N14199,2021-03-15 07:40:00,49.07,100.00
129N14199,2021-03-15 07:50:00,46.75,100.00
129N14199,2021-03-15 08:00:00,52.39,100.00
129N14199,2021-03-15 08:10:00,49.59,100.00
129N14199,2021-03-15 08:20:00,45.52,100.00
129N14199,2021-03-15 08:30:00,45.15,100.00
129N14199,2021-03-15 08:40:00,50.60,100.00
129N14199,2021-03-15 08:50:00,51.17,100.00
129N14199,2021-03-15 09:00:00,50.33,100.00
129N14199,2021-03-15 09:10:00,51.54,100.00
129N14199,2021-03-15 09:20:00,49.22,100.00
129N14199,2021-03-15 09:30:00,52.98,100.00
129N14199,2021-03-15 09:40:00,38.31,100.00
129N14199,2021-03-15 09:50:00,44.85,100.00
129N14199,2021-03-15 10:00:00,47.66,100.00
129N14199,2021-03-15 10:10:00,53.79,100.00
129N14199,2021-03-15 10:20:00,49.26,100.00
129N14199,2021-03-15 10:30:00,44.25,100.00
129N14199,2021-03-15 10:40:00,43.37,99.00
129N14199,2021-03-15 10:50:00,46.27,100.00
129N14199,2021-03-15 11:00:00,54.27,100.00
129N14199,2021-03-15 11:10:00,51.60,100.00
129N14199,2021-03-15 11:20:00,50.10,100.00
129N14199,2021-03-15 11:30:00,45.32,100.00
129N14199,2021-03-15 11:40:00,40.39,100.00
129N14199,2021-03-15 11:50:00,48.42,100.00
129N14199,2021-03-15 12:00:00,50.94,100.00
129N14199,2021-03-15 12:10:00,47.52,100.00
129N14199,2021-03-15 12:20:00,44.90,100.00
129N14199,2021-03-15 12:30:00,43.63,100.00
129N14199,2021-03-15 12:40:00,43.28,100.00
129N14199,2021-03-15 12:50:00,49.02,100.00
129N14199,2021-03-15 13:00:00,52.32,100.00
129N14199,2021-03-15 13:10:00,46.08,100.00
129N14199,2021-03-15 13:20:00,52.33,100.00
129N14199,2021-03-15 13:30:00,40.27,100.00
129N14199,2021-03-15 13:40:00,45.64,100.00
129N14199,2021-03-15 13:50:00,48.18,100.00
129N14199,2021-03-15 14:00:00,50.86,98.00
129N14199,2021-03-15 14:10:00,27.04,100.00
129N14199,2021-03-15 14:20:00,16.83,100.00
129N14199,2021-03-15 14:30:00,10.73,100.00
129N14199,2021-03-15 14:40:00,9.05,100.00
129N14199,2021-03-15 14:50:00,10.54,100.00
129N14199,2021-03-15 15:00:00,13.59,100.00
129N14199,2021-03-15 15:10:00,11.73,100.00
129N14199,2021-03-15 15:20:00,9.14,100.00
129N14199,2021-03-15 15:30:00,7.00,100.00
129N14199,2021-03-15 15:40:00,13.57,100.00
129N14199,2021-03-15 15:50:00,11.78,100.00
129N14199,2021-03-15 16:00:00,13.03,100.00
129N14199,2021-03-15 16:10:00,16.57,100.00
129N14199,2021-03-15 16:20:00,14.82,100.00
129N14199,2021-03-15 16:30:00,10.56,100.00
129N14199,2021-03-15 16:40:00,9.40,100.00
129N14199,2021-03-15 16:50:00,17.13,100.00
129N14199,2021-03-15 17:00:00,19.04,98.00
129N14199,2021-03-15 17:10:00,44.32,88.00
129N14199,2021-03-15 17:20:00,33.59,92.00
129N14199,2021-03-15 17:30:00,24.17,90.00
129N14199,2021-03-15 17:40:00,38.22,90.00
129N14199,2021-03-15 17:50:00,50.99,90.00
129N14199,2021-03-15 18:00:00,42.26,90.00
129N14199,2021-03-15 18:10:00,52.97,90.00
129N14199,2021-03-15 18:20:00,48.43,90.00
129N14199,2021-03-15 18:30:00,52.48,89.00
129N14199,2021-03-15 18:40:00,51.77,89.00
129N14199,2021-03-15 18:50:00,50.19,90.00
129N14199,2021-03-15 19:00:00,51.05,97.00
129N14199,2021-03-15 19:10:00,48.48,100.00
129N14199,2021-03-15 19:20:00,48.74,100.00
129N14199,2021-03-15 19:30:00,52.08,100.00
129N14199,2021-03-15 19:40:00,52.87,100.00
129N14199,2021-03-15 19:50:00,52.72,100.00
129N14199,2021-03-15 20:00:00,44.24,100.00
129N14199,2021-03-15 20:10:00,54.29,100.00
129N14199,2021-03-15 20:20:00,56.39,100.00
129N14199,2021-03-15 20:30:00,55.69,100.00
129N14199,2021-03-15 20:40:00,57.76,100.00
129N14199,2021-03-15 20:50:00,57.30,100.00
129N14199,2021-03-15 21:00:00,56.40,100.00
129N14199,2021-03-15 21:10:00,55.14,100.00
129N14199,2021-03-15 21:20:00,52.65,100.00
129N14199,2021-03-15 21:30:00,52.00,100.00
129N14199,2021-03-15 21:40:00,51.38,100.00
129N14199,2021-03-15 21:50:00,40.55,100.00
129N14199,2021-03-15 22:00:00,46.21,100.00
129N14199,2021-03-15 22:10:00,55.89,100.00
129N14199,2021-03-15 22:20:00,58.12,100.00
129N14199,2021-03-15 22:30:00,62.99,100.00
129N14199,2021-03-15 22:40:00,58.97,100.00
129N14199,2021-03-15 22:50:00,56.06,100.00
129N14199,2021-03-15 23:00:00,54.57,100.00
129N14199,2021-03-15 23:10:00,48.00,100.00
129N14199,2021-03-15 23:20:00,49.59,100.00
129N14199,2021-03-15 23:30:00,52.41,100.00
129N14199,2021-03-15 23:40:00,52.90,100.00
129N14199,2021-03-15 23:50:00,46.27,100.00
129N04145,2021-03-15 00:00:00,66.06,100.00
129N04145,2021-03-15 00:10:00,69.68,100.00
129N04145,2021-03-15 00:20:00,69.00,100.00
129N04145,2021-03-15 00:30:00,67.08,100.00
129N04145,2021-03-15 00:40:00,65.00,96.80
129N04145,2021-03-15 00:50:00,64.55,95.00
129N04145,2021-03-15 01:00:00,64.66,100.00
129N04145,2021-03-15 01:10:00,67.54,100.00
129N04145,2021-03-15 01:20:00,70.19,100.00
129N04145,2021-03-15 01:30:00,70.45,100.00
129N04145,2021-03-15 01:40:00,68.59,100.00
129N04145,2021-03-15 01:50:00,68.38,100.00
129N04145,2021-03-15 02:00:00,67.10,100.00
129N04145,2021-03-15 02:10:00,66.39,99.60
129N04145,2021-03-15 02:20:00,65.90,100.00
129N04145,2021-03-15 02:30:00,66.99,100.00
129N04145,2021-03-15 02:40:00,65.58,100.00
129N04145,2021-03-15 02:50:00,63.39,100.00
129N04145,2021-03-15 03:00:00,66.64,100.00
129N04145,2021-03-15 03:10:00,69.69,100.00
129N04145,2021-03-15 03:20:00,71.77,100.00
129N04145,2021-03-15 03:30:00,71.20,100.00
129N04145,2021-03-15 03:40:00,70.07,100.00
129N04145,2021-03-15 03:50:00,70.70,100.00
129N04145,2021-03-15 04:00:00,70.69,100.00
129N04145,2021-03-15 04:10:00,71.57,100.00
129N04145,2021-03-15 04:20:00,69.78,100.00
129N04145,2021-03-15 04:30:00,71.20,100.00
129N04145,2021-03-15 04:40:00,74.16,100.00
129N04145,2021-03-15 04:50:00,70.59,100.00
129N04145,2021-03-15 05:00:00,72.76,100.00
129N04145,2021-03-15 05:10:00,70.79,100.00
129N04145,2021-03-15 05:20:00,70.83,100.00
129N04145,2021-03-15 05:30:00,72.17,100.00
129N04145,2021-03-15 05:40:00,71.44,100.00
129N04145,2021-03-15 05:50:00,72.29,100.00
129N04145,2021-03-15 06:00:00,70.73,100.00
129N04145,2021-03-15 06:10:00,70.08,100.00
129N04145,2021-03-15 06:20:00,71.95,100.00
129N04145,2021-03-15 06:30:00,70.91,100.00
129N04145,2021-03-15 06:40:00,70.79,100.00
129N04145,2021-03-15 06:50:00,72.09,100.00
129N04145,2021-03-15 07:00:00,69.87,100.00
129N04145,2021-03-15 07:10:00,69.99,100.00
129N04145,2021-03-15 07:20:00,69.26,100.00
129N04145,2021-03-15 07:30:00,69.69,100.00
129N04145,2021-03-15 07:40:00,70.17,100.00
129N04145,2021-03-15 07:50:00,70.45,100.00
129N04145,2021-03-15 08:00:00,69.25,100.00
129N04145,2021-03-15 08:10:00,70.58,100.00
129N04145,2021-03-15 08:20:00,71.88,100.00
129N04145,2021-03-15 08:30:00,71.67,100.00
129N04145,2021-03-15 08:40:00,69.19,100.00
129N04145,2021-03-15 08:50:00,71.73,100.00
129N04145,2021-03-15 09:00:00,72.26,100.00
129N04145,2021-03-15 09:10:00,69.42,100.00
129N04145,2021-03-15 09:20:00,71.07,100.00
129N04145,2021-03-15 09:30:00,69.82,100.00
129N04145,2021-03-15 09:40:00,71.59,100.00
129N04145,2021-03-15 09:50:00,71.07,100.00
129N04145,2021-03-15 10:00:00,71.98,100.00
129N04145,2021-03-15 10:10:00,69.68,100.00
129N04145,2021-03-15 10:20:00,69.48,100.00
129N04145,2021-03-15 10:30:00,69.27,100.00
129N04145,2021-03-15 10:40:00,68.68,100.00
129N04145,2021-03-15 10:50:00,72.27,100.00
129N04145,2021-03-15 11:00:00,70.74,100.00
129N04145,2021-03-15 11:10:00,68.82,100.00
129N04145,2021-03-15 11:20:00,69.67,100.00
129N04145,2021-03-15 11:30:00,69.26,100.00
129N04145,2021-03-15 11:40:00,69.08,100.00
129N04145,2021-03-15 11:50:00,68.87,100.00
129N04145,2021-03-15 12:00:00,70.50,100.00
129N04145,2021-03-15 12:10:00,69.30,100.00
129N04145,2021-03-15 12:20:00,70.08,100.00
129N04145,2021-03-15 12:30:00,69.69,100.00
129N04145,2021-03-15 12:40:00,69.40,100.00
129N04145,2021-03-15 12:50:00,68.12,100.00
129N04145,2021-03-15 13:00:00,69.34,100.00
129N04145,2021-03-15 13:10:00,67.88,100.00
129N04145,2021-03-15 13:20:00,71.27,100.00
129N04145,2021-03-15 13:30:00,70.63,100.00
129N04145,2021-03-15 13:40:00,71.24,100.00
129N04145,2021-03-15 13:50:00,67.59,100.00
129N04145,2021-03-15 14:00:00,70.26,100.00
129N04145,2021-03-15 14:10:00,67.46,100.00
129N04145,2021-03-15 14:20:00,70.54,100.00
129N04145,2021-03-15 14:30:00,68.44,100.00
129N04145,2021-03-15 14:40:00,68.42,100.00
129N04145,2021-03-15 14:50:00,71.06,100.00
129N04145,2021-03-15 15:00:00,68.94,100.00
129N04145,2021-03-15 15:10:00,69.18,100.00
129N04145,2021-03-15 15:20:00,69.07,100.00
129N04145,2021-03-15 15:30:00,71.16,100.00
129N04145,2021-03-15 15:40:00,71.19,100.00
129N04145,2021-03-15 15:50:00,70.32,100.00
129N04145,2021-03-15 16:00:00,68.03,100.00
129N04145,2021-03-15 16:10:00,69.69,100.00
129N04145,2021-03-15 16:20:00,69.66,100.00
129N04145,2021-03-15 16:30:00,70.44,100.00
129N04145,2021-03-15 16:40:00,71.18,100.00
129N04145,2021-03-15 16:50:00,71.14,100.00
129N04145,2021-03-15 17:00:00,69.19,100.00
129N04145,2021-03-15 17:10:00,69.18,100.00
129N04145,2021-03-15 17:20:00,69.64,100.00
129N04145,2021-03-15 17:30:00,70.26,100.00
129N04145,2021-03-15 17:40:00,71.29,100.00
129N04145,2021-03-15 17:50:00,71.26,100.00
129N04145,2021-03-15 18:00:00,72.76,100.00
129N04145,2021-03-15 18:10:00,70.14,100.00
129N04145,2021-03-15 18:20:00,70.09,100.00
129N04145,2021-03-15 18:30:00,71.19,100.00
129N04145,2021-03-15 18:40:00,70.04,100.00
129N04145,2021-03-15 18:50:00,69.49,100.00
129N04145,2021-03-15 19:00:00,69.70,100.00
129N04145,2021-03-15 19:10:00,70.67,100.00
129N04145,2021-03-15 19:20:00,70.47,100.00
129N04145,2021-03-15 19:30:00,70.04,100.00
129N04145,2021-03-15 19:40:00,70.33,100.00
129N04145,2021-03-15 19:50:00,68.86,100.00
129N04145,2021-03-15 20:00:00,68.60,100.00
129N04145,2021-03-15 20:10:00,67.89,100.00
129N04145,2021-03-15 20:20:00,70.02,100.00
129N04145,2021-03-15 20:30:00,69.13,100.00
129N04145,2021-03-15 20:40:00,68.05,100.00
129N04145,2021-03-15 20:50:00,71.27,100.00
129N04145,2021-03-15 21:00:00,72.59,100.00
129N04145,2021-03-15 21:10:00,70.29,100.00
129N04145,2021-03-15 21:20:00,69.49,100.00
129N04145,2021-03-15 21:30:00,69.39,100.00
129N04145,2021-03-15 21:40:00,72.08,100.00
129N04145,2021-03-15 21:50:00,71.00,100.00
129N04145,2021-03-15 22:00:00,71.00,100.00
129N04145,2021-03-15 22:10:00,70.90,100.00
129N04145,2021-03-15 22:20:00,67.10,100.00
129N04145,2021-03-15 22:30:00,67.10,100.00
129N04145,2021-03-15 22:40:00,73.10,100.00
129N04145,2021-03-15 22:50:00,71.20,100.00
129N04145,2021-03-15 23:00:00,72.17,100.00
129N04145,2021-03-15 23:10:00,74.19,100.00
129N04145,2021-03-15 23:20:00,71.00,100.00
129N04145,2021-03-15 23:30:00,69.47,100.00
129N04145,2021-03-15 23:40:00,67.36,100.00
129N04145,2021-03-15 23:50:00,69.49,100.00
129N04142,2021-03-15 00:00:00,66.29,100.00
129N04142,2021-03-15 00:10:00,66.75,100.00
129N04142,2021-03-15 00:20:00,69.00,100.00
129N04142,2021-03-15 00:30:00,68.59,100.00
129N04142,2021-03-15 00:40:00,63.76,99.00
129N04142,2021-03-15 00:50:00,62.31,100.00
129N04142,2021-03-15 01:00:00,67.00,100.00
129N04142,2021-03-15 01:10:00,67.95,100.00
129N04142,2021-03-15 01:20:00,69.00,100.00
129N04142,2021-03-15 01:30:00,70.90,100.00
129N04142,2021-03-15 01:40:00,69.10,100.00
129N04142,2021-03-15 01:50:00,69.27,100.00
129N04142,2021-03-15 02:00:00,65.66,100.00
129N04142,2021-03-15 02:10:00,62.65,100.00
129N04142,2021-03-15 02:20:00,65.98,100.00
129N04142,2021-03-15 02:30:00,65.59,100.00
129N04142,2021-03-15 02:40:00,65.98,100.00
129N04142,2021-03-15 02:50:00,62.59,100.00
129N04142,2021-03-15 03:00:00,64.06,100.00
129N04142,2021-03-15 03:10:00,67.00,100.00
129N04142,2021-03-15 03:20:00,70.96,100.00
129N04142,2021-03-15 03:30:00,68.49,100.00
129N04142,2021-03-15 03:40:00,68.59,100.00
129N04142,2021-03-15 03:50:00,68.68,100.00
129N04142,2021-03-15 04:00:00,70.56,100.00
129N04142,2021-03-15 04:10:00,70.45,100.00
129N04142,2021-03-15 04:20:00,70.19,100.00
129N04142,2021-03-15 04:30:00,73.75,100.00
129N04142,2021-03-15 04:40:00,73.67,100.00
129N04142,2021-03-15 04:50:00,70.87,100.00
129N04142,2021-03-15 05:00:00,71.58,100.00
129N04142,2021-03-15 05:10:00,73.77,100.00
129N04142,2021-03-15 05:20:00,72.96,100.00
129N04142,2021-03-15 05:30:00,70.38,100.00
129N04142,2021-03-15 05:40:00,69.26,100.00
129N04142,2021-03-15 05:50:00,69.86,100.00
129N04142,2021-03-15 06:00:00,70.37,100.00
129N04142,2021-03-15 06:10:00,68.65,100.00
129N04142,2021-03-15 06:20:00,70.07,100.00
129N04142,2021-03-15 06:30:00,69.13,100.00
129N04142,2021-03-15 06:40:00,68.82,100.00
129N04142,2021-03-15 06:50:00,68.05,100.00
129N04142,2021-03-15 07:00:00,69.67,100.00
129N04142,2021-03-15 07:10:00,68.89,100.00
129N04142,2021-03-15 07:20:00,66.78,100.00
129N04142,2021-03-15 07:30:00,65.58,100.00
129N04142,2021-03-15 07:40:00,68.13,100.00
129N04142,2021-03-15 07:50:00,66.96,100.00
129N04142,2021-03-15 08:00:00,68.99,100.00
129N04142,2021-03-15 08:10:00,68.41,100.00
129N04142,2021-03-15 08:20:00,67.17,100.00
129N04142,2021-03-15 08:30:00,68.91,100.00
129N04142,2021-03-15 08:40:00,68.45,100.00
129N04142,2021-03-15 08:50:00,70.36,100.00
129N04142,2021-03-15 09:00:00,72.10,100.00
129N04142,2021-03-15 09:10:00,69.52,100.00
129N04142,2021-03-15 09:20:00,69.68,100.00
129N04142,2021-03-15 09:30:00,69.80,100.00
129N04142,2021-03-15 09:40:00,69.17,100.00
129N04142,2021-03-15 09:50:00,69.89,100.00
129N04142,2021-03-15 10:00:00,69.03,100.00
129N04142,2021-03-15 10:10:00,70.02,100.00
129N04142,2021-03-15 10:20:00,69.36,100.00
129N04142,2021-03-15 10:30:00,69.29,100.00
129N04142,2021-03-15 10:40:00,66.58,100.00
129N04142,2021-03-15 10:50:00,70.08,100.00
129N04142,2021-03-15 11:00:00,69.97,100.00
129N04142,2021-03-15 11:10:00,67.73,100.00
129N04142,2021-03-15 11:20:00,67.18,100.00
129N04142,2021-03-15 11:30:00,67.88,100.00
129N04142,2021-03-15 11:40:00,69.16,100.00
129N04142,2021-03-15 11:50:00,67.77,100.00
129N04142,2021-03-15 12:00:00,67.48,100.00
129N04142,2021-03-15 12:10:00,68.37,100.00
129N04142,2021-03-15 12:20:00,68.26,100.00
129N04142,2021-03-15 12:30:00,71.72,100.00
129N04142,2021-03-15 12:40:00,68.46,100.00
129N04142,2021-03-15 12:50:00,69.46,100.00
129N04142,2021-03-15 13:00:00,69.61,100.00
129N04142,2021-03-15 13:10:00,68.57,100.00
129N04142,2021-03-15 13:20:00,69.55,100.00
129N04142,2021-03-15 13:30:00,66.45,100.00
129N04142,2021-03-15 13:40:00,67.95,100.00
129N04142,2021-03-15 13:50:00,67.48,100.00
129N04142,2021-03-15 14:00:00,69.73,100.00
129N04142,2021-03-15 14:10:00,67.47,100.00
129N04142,2021-03-15 14:20:00,70.15,100.00
129N04142,2021-03-15 14:30:00,67.25,100.00
129N04142,2021-03-15 14:40:00,68.52,100.00
129N04142,2021-03-15 14:50:00,69.85,100.00
129N04142,2021-03-15 15:00:00,68.76,100.00
129N04142,2021-03-15 15:10:00,68.67,100.00
129N04142,2021-03-15 15:20:00,72.17,100.00
129N04142,2021-03-15 15:30:00,66.61,100.00
129N04142,2021-03-15 15:40:00,68.60,100.00
129N04142,2021-03-15 15:50:00,67.52,100.00
129N04142,2021-03-15 16:00:00,68.71,100.00
129N04142,2021-03-15 16:10:00,68.87,100.00
129N04142,2021-03-15 16:20:00,66.79,100.00
129N04142,2021-03-15 16:30:00,66.68,100.00
129N04142,2021-03-15 16:40:00,67.96,100.00
129N04142,2021-03-15 16:50:00,71.22,100.00
129N04142,2021-03-15 17:00:00,70.36,100.00
129N04142,2021-03-15 17:10:00,70.57,100.00
129N04142,2021-03-15 17:20:00,69.29,100.00
129N04142,2021-03-15 17:30:00,68.46,100.00
129N04142,2021-03-15 17:40:00,71.90,100.00
129N04142,2021-03-15 17:50:00,70.10,100.00
129N04142,2021-03-15 18:00:00,70.54,100.00
129N04142,2021-03-15 18:10:00,68.97,100.00
129N04142,2021-03-15 18:20:00,70.69,100.00
129N04142,2021-03-15 18:30:00,70.59,100.00
129N04142,2021-03-15 18:40:00,69.15,100.00
129N04142,2021-03-15 18:50:00,68.68,100.00
129N04142,2021-03-15 19:00:00,69.31,100.00
129N04142,2021-03-15 19:10:00,67.15,100.00
129N04142,2021-03-15 19:20:00,70.23,100.00
129N04142,2021-03-15 19:30:00,71.00,100.00
129N04142,2021-03-15 19:40:00,69.28,100.00
129N04142,2021-03-15 19:50:00,69.37,100.00
129N04142,2021-03-15 20:00:00,66.79,100.00
129N04142,2021-03-15 20:10:00,66.71,100.00
129N04142,2021-03-15 20:20:00,70.49,100.00
129N04142,2021-03-15 20:30:00,70.74,100.00
129N04142,2021-03-15 20:40:00,69.37,100.00
129N04142,2021-03-15 20:50:00,69.78,100.00
129N04142,2021-03-15 21:00:00,69.17,100.00
129N04142,2021-03-15 21:10:00,67.98,100.00
129N04142,2021-03-15 21:20:00,68.46,100.00
129N04142,2021-03-15 21:30:00,71.29,100.00
129N04142,2021-03-15 21:40:00,71.77,100.00
129N04142,2021-03-15 21:50:00,70.79,100.00
129N04142,2021-03-15 22:00:00,69.40,100.00
129N04142,2021-03-15 22:10:00,69.78,100.00
129N04142,2021-03-15 22:20:00,68.60,100.00
129N04142,2021-03-15 22:30:00,65.16,100.00
129N04142,2021-03-15 22:40:00,70.95,100.00
129N04142,2021-03-15 22:50:00,68.78,100.00
129N04142,2021-03-15 23:00:00,68.18,100.00
129N04142,2021-03-15 23:10:00,70.99,100.00
129N04142,2021-03-15 23:20:00,73.00,100.00
129N04142,2021-03-15 23:30:00,72.10,100.00
129N04142,2021-03-15 23:40:00,68.05,100.00
129N04142,2021-03-15 23:50:00,66.69,100.00
129N04141,2021-03-15 00:00:00,60.29,100.00
129N04141,2021-03-15 00:10:00,61.28,100.00
129N04141,2021-03-15 00:20:00,61.60,100.00
129N04141,2021-03-15 00:30:00,66.00,100.00
129N04141,2021-03-15 00:40:00,65.59,100.00
129N04141,2021-03-15 00:50:00,59.16,100.00
129N04141,2021-03-15 01:00:00,65.08,100.00
129N04141,2021-03-15 01:10:00,63.49,100.00
129N04141,2021-03-15 01:20:00,63.46,100.00
129N04141,2021-03-15 01:30:00,64.46,100.00
129N04141,2021-03-15 01:40:00,65.99,100.00
129N04141,2021-03-15 01:50:00,66.37,100.00
129N04141,2021-03-15 02:00:00,63.47,100.00
129N04141,2021-03-15 02:10:00,59.89,98.50
129N04141,2021-03-15 02:20:00,60.41,97.50
129N04141,2021-03-15 02:30:00,57.79,97.10
129N04141,2021-03-15 02:40:00,57.51,97.00
129N04141,2021-03-15 02:50:00,60.98,98.50
129N04141,2021-03-15 03:00:00,61.46,100.00
129N04141,2021-03-15 03:10:00,62.10,100.00
129N04141,2021-03-15 03:20:00,66.98,100.00
129N04141,2021-03-15 03:30:00,69.19,100.00
129N04141,2021-03-15 03:40:00,66.08,100.00
129N04141,2021-03-15 03:50:00,63.58,100.00
129N04141,2021-03-15 04:00:00,67.84,100.00
129N04141,2021-03-15 04:10:00,69.99,100.00
129N04141,2021-03-15 04:20:00,70.49,100.00
129N04141,2021-03-15 04:30:00,68.39,100.00
129N04141,2021-03-15 04:40:00,72.66,99.40
129N04141,2021-03-15 04:50:00,67.16,100.00
129N04141,2021-03-15 05:00:00,67.93,99.00
129N04141,2021-03-15 05:10:00,70.62,93.70
129N04141,2021-03-15 05:20:00,69.39,93.60
129N04141,2021-03-15 05:30:00,68.91,96.40
129N04141,2021-03-15 05:40:00,64.05,100.00
129N04141,2021-03-15 05:50:00,65.08,99.90
129N04141,2021-03-15 06:00:00,67.23,98.00
129N04141,2021-03-15 06:10:00,62.21,100.00
129N04141,2021-03-15 06:20:00,64.80,100.00
129N04141,2021-03-15 06:30:00,61.19,100.00
129N04141,2021-03-15 06:40:00,64.14,100.00
129N04141,2021-03-15 06:50:00,62.64,100.00
129N04141,2021-03-15 07:00:00,64.12,100.00
129N04141,2021-03-15 07:10:00,64.58,100.00
129N04141,2021-03-15 07:20:00,64.16,100.00
129N04141,2021-03-15 07:30:00,63.66,100.00
129N04141,2021-03-15 07:40:00,60.78,100.00
129N04141,2021-03-15 07:50:00,60.49,100.00
129N04141,2021-03-15 08:00:00,60.40,100.00
129N04141,2021-03-15 08:10:00,64.54,100.00
129N04141,2021-03-15 08:20:00,61.91,100.00
129N04141,2021-03-15 08:30:00,67.07,100.00
129N04141,2021-03-15 08:40:00,65.56,100.00
129N04141,2021-03-15 08:50:00,67.81,100.00
129N04141,2021-03-15 09:00:00,66.83,100.00
129N04141,2021-03-15 09:10:00,65.12,100.00
129N04141,2021-03-15 09:20:00,66.65,100.00
129N04141,2021-03-15 09:30:00,65.91,100.00
129N04141,2021-03-15 09:40:00,66.83,100.00
129N04141,2021-03-15 09:50:00,68.43,100.00
129N04141,2021-03-15 10:00:00,66.66,100.00
129N04141,2021-03-15 10:10:00,63.17,100.00
129N04141,2021-03-15 10:20:00,63.25,100.00
129N04141,2021-03-15 10:30:00,63.56,100.00
129N04141,2021-03-15 10:40:00,65.85,100.00
129N04141,2021-03-15 10:50:00,63.36,100.00
129N04141,2021-03-15 11:00:00,66.75,100.00
129N04141,2021-03-15 11:10:00,66.75,100.00
129N04141,2021-03-15 11:20:00,60.13,100.00
129N04141,2021-03-15 11:30:00,63.32,100.00
129N04141,2021-03-15 11:40:00,62.25,100.00
129N04141,2021-03-15 11:50:00,53.96,99.50
129N04141,2021-03-15 12:00:00,57.63,100.00
129N04141,2021-03-15 12:10:00,57.74,100.00
129N04141,2021-03-15 12:20:00,55.93,100.00
129N04141,2021-03-15 12:30:00,54.15,100.00
129N04141,2021-03-15 12:40:00,53.59,100.00
129N04141,2021-03-15 12:50:00,54.32,100.00
129N04141,2021-03-15 13:00:00,64.18,100.00
129N04141,2021-03-15 13:10:00,65.68,100.00
129N04141,2021-03-15 13:20:00,65.19,100.00
129N04141,2021-03-15 13:30:00,65.84,100.00
129N04141,2021-03-15 13:40:00,62.10,100.00
129N04141,2021-03-15 13:50:00,60.23,100.00
129N04141,2021-03-15 14:00:00,63.23,100.00
129N04141,2021-03-15 14:10:00,64.27,100.00
129N04141,2021-03-15 14:20:00,66.45,100.00
129N04141,2021-03-15 14:30:00,63.84,100.00
129N04141,2021-03-15 14:40:00,64.49,100.00
129N04141,2021-03-15 14:50:00,66.21,100.00
129N04141,2021-03-15 15:00:00,67.32,100.00
129N04141,2021-03-15 15:10:00,64.96,100.00
129N04141,2021-03-15 15:20:00,62.17,100.00
129N04141,2021-03-15 15:30:00,61.57,100.00
129N04141,2021-03-15 15:40:00,68.03,100.00
129N04141,2021-03-15 15:50:00,65.80,100.00
129N04141,2021-03-15 16:00:00,66.68,100.00
129N04141,2021-03-15 16:10:00,67.04,100.00
129N04141,2021-03-15 16:20:00,64.90,100.00
129N04141,2021-03-15 16:30:00,63.83,100.00
129N04141,2021-03-15 16:40:00,67.55,100.00
129N04141,2021-03-15 16:50:00,67.87,100.00
129N04141,2021-03-15 17:00:00,66.12,100.00
129N04141,2021-03-15 17:10:00,65.90,100.00
129N04141,2021-03-15 17:20:00,66.18,100.00
129N04141,2021-03-15 17:30:00,67.45,100.00
129N04141,2021-03-15 17:40:00,68.66,100.00
129N04141,2021-03-15 17:50:00,67.04,100.00
129N04141,2021-03-15 18:00:00,67.54,100.00
129N04141,2021-03-15 18:10:00,67.21,100.00
129N04141,2021-03-15 18:20:00,68.05,100.00
129N04141,2021-03-15 18:30:00,67.54,100.00
129N04141,2021-03-15 18:40:00,67.60,100.00
129N04141,2021-03-15 18:50:00,68.26,100.00
129N04141,2021-03-15 19:00:00,65.11,100.00
129N04141,2021-03-15 19:10:00,65.83,100.00
129N04141,2021-03-15 19:20:00,68.49,100.00
129N04141,2021-03-15 19:30:00,67.92,100.00
129N04141,2021-03-15 19:40:00,63.31,100.00
129N04141,2021-03-15 19:50:00,64.38,100.00
129N04141,2021-03-15 20:00:00,66.74,100.00
129N04141,2021-03-15 20:10:00,65.90,100.00
129N04141,2021-03-15 20:20:00,63.97,100.00
129N04141,2021-03-15 20:30:00,70.39,100.00
129N04141,2021-03-15 20:40:00,67.95,100.00
129N04141,2021-03-15 20:50:00,67.55,100.00
129N04141,2021-03-15 21:00:00,63.43,100.00
129N04141,2021-03-15 21:10:00,61.06,100.00
129N04141,2021-03-15 21:20:00,64.86,100.00
129N04141,2021-03-15 21:30:00,71.48,100.00
129N04141,2021-03-15 21:40:00,71.39,100.00
129N04141,2021-03-15 21:50:00,67.08,100.00
129N04141,2021-03-15 22:00:00,68.26,100.00
129N04141,2021-03-15 22:10:00,69.39,100.00
129N04141,2021-03-15 22:20:00,68.03,100.00
129N04141,2021-03-15 22:30:00,66.49,100.00
129N04141,2021-03-15 22:40:00,66.35,99.50
129N04141,2021-03-15 22:50:00,67.25,100.00
129N04141,2021-03-15 23:00:00,57.35,100.00
129N04141,2021-03-15 23:10:00,65.30,100.00
129N04141,2021-03-15 23:20:00,67.29,99.70
129N04141,2021-03-15 23:30:00,67.19,99.80
129N04141,2021-03-15 23:40:00,66.26,100.00
129N04141,2021-03-15 23:50:00,67.79,100.00
129N04144,2021-03-15 00:00:00,67.49,100.00
129N04144,2021-03-15 00:10:00,69.15,100.00
129N04144,2021-03-15 00:20:00,69.00,100.00
129N04144,2021-03-15 00:30:00,67.58,100.00
129N04144,2021-03-15 00:40:00,65.00,96.00
129N04144,2021-03-15 00:50:00,66.33,95.00
129N04144,2021-03-15 01:00:00,66.42,100.00
129N04144,2021-03-15 01:10:00,70.28,100.00
129N04144,2021-03-15 01:20:00,69.97,100.00
129N04144,2021-03-15 01:30:00,70.85,100.00
129N04144,2021-03-15 01:40:00,68.39,100.00
129N04144,2021-03-15 01:50:00,67.79,100.00
129N04144,2021-03-15 02:00:00,65.98,100.00
129N04144,2021-03-15 02:10:00,64.47,98.00
129N04144,2021-03-15 02:20:00,66.00,100.00
129N04144,2021-03-15 02:30:00,66.59,100.00
129N04144,2021-03-15 02:40:00,65.17,100.00
129N04144,2021-03-15 02:50:00,62.59,100.00
129N04144,2021-03-15 03:00:00,66.63,100.00
129N04144,2021-03-15 03:10:00,69.19,100.00
129N04144,2021-03-15 03:20:00,71.49,100.00
129N04144,2021-03-15 03:30:00,71.79,100.00
129N04144,2021-03-15 03:40:00,70.07,100.00
129N04144,2021-03-15 03:50:00,70.60,100.00
129N04144,2021-03-15 04:00:00,71.57,100.00
129N04144,2021-03-15 04:10:00,72.80,100.00
129N04144,2021-03-15 04:20:00,70.39,100.00
129N04144,2021-03-15 04:30:00,73.18,100.00
129N04144,2021-03-15 04:40:00,73.89,100.00
129N04144,2021-03-15 04:50:00,71.50,100.00
129N04144,2021-03-15 05:00:00,73.48,100.00
129N04144,2021-03-15 05:10:00,71.78,100.00
129N04144,2021-03-15 05:20:00,70.93,100.00
129N04144,2021-03-15 05:30:00,72.05,100.00
129N04144,2021-03-15 05:40:00,70.24,100.00
129N04144,2021-03-15 05:50:00,72.39,100.00
129N04144,2021-03-15 06:00:00,71.08,100.00
129N04144,2021-03-15 06:10:00,70.06,100.00
129N04144,2021-03-15 06:20:00,71.35,100.00
129N04144,2021-03-15 06:30:00,70.37,100.00
129N04144,2021-03-15 06:40:00,71.18,100.00
129N04144,2021-03-15 06:50:00,71.78,100.00
129N04144,2021-03-15 07:00:00,70.18,100.00
129N04144,2021-03-15 07:10:00,69.98,100.00
129N04144,2021-03-15 07:20:00,69.06,100.00
129N04144,2021-03-15 07:30:00,69.68,100.00
129N04144,2021-03-15 07:40:00,70.09,100.00
129N04144,2021-03-15 07:50:00,68.47,100.00
129N04144,2021-03-15 08:00:00,69.73,100.00
129N04144,2021-03-15 08:10:00,70.88,100.00
129N04144,2021-03-15 08:20:00,71.09,100.00
129N04144,2021-03-15 08:30:00,71.48,100.00
129N04144,2021-03-15 08:40:00,68.68,100.00
129N04144,2021-03-15 08:50:00,71.18,100.00
129N04144,2021-03-15 09:00:00,71.06,100.00
129N04144,2021-03-15 09:10:00,68.66,100.00
129N04144,2021-03-15 09:20:00,70.67,100.00
129N04144,2021-03-15 09:30:00,70.07,100.00
129N04144,2021-03-15 09:40:00,71.58,100.00
129N04144,2021-03-15 09:50:00,71.33,100.00
129N04144,2021-03-15 10:00:00,71.39,100.00
129N04144,2021-03-15 10:10:00,68.73,100.00
129N04144,2021-03-15 10:20:00,69.29,100.00
129N04144,2021-03-15 10:30:00,69.26,100.00
129N04144,2021-03-15 10:40:00,68.79,100.00
129N04144,2021-03-15 10:50:00,71.42,100.00
129N04144,2021-03-15 11:00:00,71.00,100.00
129N04144,2021-03-15 11:10:00,67.91,100.00
129N04144,2021-03-15 11:20:00,69.78,100.00
129N04144,2021-03-15 11:30:00,69.39,100.00
129N04144,2021-03-15 11:40:00,70.34,100.00
129N04144,2021-03-15 11:50:00,67.06,100.00
129N04144,2021-03-15 12:00:00,71.59,100.00
129N04144,2021-03-15 12:10:00,68.58,100.00
129N04144,2021-03-15 12:20:00,70.23,100.00
129N04144,2021-03-15 12:30:00,71.07,100.00
129N04144,2021-03-15 12:40:00,68.10,100.00
129N04144,2021-03-15 12:50:00,68.54,100.00
129N04144,2021-03-15 13:00:00,68.56,100.00
129N04144,2021-03-15 13:10:00,68.39,100.00
129N04144,2021-03-15 13:20:00,70.59,100.00
129N04144,2021-03-15 13:30:00,70.26,100.00
129N04144,2021-03-15 13:40:00,70.45,100.00
129N04144,2021-03-15 13:50:00,66.78,100.00
129N04144,2021-03-15 14:00:00,69.39,100.00
129N04144,2021-03-15 14:10:00,67.04,100.00
129N04144,2021-03-15 14:20:00,70.45,100.00
129N04144,2021-03-15 14:30:00,67.74,100.00
129N04144,2021-03-15 14:40:00,68.93,100.00
129N04144,2021-03-15 14:50:00,70.42,100.00
129N04144,2021-03-15 15:00:00,69.66,100.00
129N04144,2021-03-15 15:10:00,68.47,100.00
129N04144,2021-03-15 15:20:00,69.18,100.00
129N04144,2021-03-15 15:30:00,69.85,100.00
129N04144,2021-03-15 15:40:00,70.06,100.00
129N04144,2021-03-15 15:50:00,70.31,100.00
129N04144,2021-03-15 16:00:00,66.83,100.00
129N04144,2021-03-15 16:10:00,69.78,100.00
129N04144,2021-03-15 16:20:00,70.99,100.00
129N04144,2021-03-15 16:30:00,69.65,100.00
129N04144,2021-03-15 16:40:00,70.28,100.00
129N04144,2021-03-15 16:50:00,69.95,100.00
129N04144,2021-03-15 17:00:00,69.39,100.00
129N04144,2021-03-15 17:10:00,70.58,100.00
129N04144,2021-03-15 17:20:00,68.43,100.00
129N04144,2021-03-15 17:30:00,70.65,100.00
129N04144,2021-03-15 17:40:00,71.06,100.00
129N04144,2021-03-15 17:50:00,70.98,100.00
129N04144,2021-03-15 18:00:00,71.36,100.00
129N04144,2021-03-15 18:10:00,70.18,100.00
129N04144,2021-03-15 18:20:00,71.47,100.00
129N04144,2021-03-15 18:30:00,72.48,100.00
129N04144,2021-03-15 18:40:00,70.14,100.00
129N04144,2021-03-15 18:50:00,69.79,100.00
129N04144,2021-03-15 19:00:00,70.77,100.00
129N04144,2021-03-15 19:10:00,70.47,100.00
129N04144,2021-03-15 19:20:00,69.67,100.00
129N04144,2021-03-15 19:30:00,71.07,100.00
129N04144,2021-03-15 19:40:00,71.35,100.00
129N04144,2021-03-15 19:50:00,69.18,100.00
129N04144,2021-03-15 20:00:00,68.68,100.00
129N04144,2021-03-15 20:10:00,69.00,100.00
129N04144,2021-03-15 20:20:00,68.37,100.00
129N04144,2021-03-15 20:30:00,68.69,100.00
129N04144,2021-03-15 20:40:00,67.64,100.00
129N04144,2021-03-15 20:50:00,72.04,100.00
129N04144,2021-03-15 21:00:00,72.83,100.00
129N04144,2021-03-15 21:10:00,69.79,100.00
129N04144,2021-03-15 21:20:00,68.59,100.00
129N04144,2021-03-15 21:30:00,69.68,100.00
129N04144,2021-03-15 21:40:00,71.38,100.00
129N04144,2021-03-15 21:50:00,70.09,100.00
129N04144,2021-03-15 22:00:00,69.10,100.00
129N04144,2021-03-15 22:10:00,69.00,100.00
129N04144,2021-03-15 22:20:00,67.19,100.00
129N04144,2021-03-15 22:30:00,67.20,100.00
129N04144,2021-03-15 22:40:00,72.61,100.00
129N04144,2021-03-15 22:50:00,70.39,100.00
129N04144,2021-03-15 23:00:00,71.47,100.00
129N04144,2021-03-15 23:10:00,72.70,100.00
129N04144,2021-03-15 23:20:00,70.90,100.00
129N04144,2021-03-15 23:30:00,67.28,100.00
129N04144,2021-03-15 23:40:00,65.29,100.00
129N04144,2021-03-15 23:50:00,65.97,100.00
129N04143,2021-03-15 00:00:00,60.62,100.00
129N04143,2021-03-15 00:10:00,68.03,100.00
129N04143,2021-03-15 00:20:00,70.00,100.00
129N04143,2021-03-15 00:30:00,68.77,100.00
129N04143,2021-03-15 00:40:00,64.90,98.80
129N04143,2021-03-15 00:50:00,65.29,94.00
129N04143,2021-03-15 01:00:00,67.00,100.00
129N04143,2021-03-15 01:10:00,68.43,100.00
129N04143,2021-03-15 01:20:00,72.19,100.00
129N04143,2021-03-15 01:30:00,66.65,100.00
129N04143,2021-03-15 01:40:00,66.07,100.00
129N04143,2021-03-15 01:50:00,66.17,100.00
129N04143,2021-03-15 02:00:00,66.19,100.00
129N04143,2021-03-15 02:10:00,64.65,100.00
129N04143,2021-03-15 02:20:00,66.59,100.00
129N04143,2021-03-15 02:30:00,65.30,100.00
129N04143,2021-03-15 02:40:00,65.19,100.00
129N04143,2021-03-15 02:50:00,61.27,100.00
129N04143,2021-03-15 03:00:00,64.37,100.00
129N04143,2021-03-15 03:10:00,68.50,100.00
129N04143,2021-03-15 03:20:00,69.99,100.00
129N04143,2021-03-15 03:30:00,70.29,100.00
129N04143,2021-03-15 03:40:00,70.17,100.00
129N04143,2021-03-15 03:50:00,68.68,100.00
129N04143,2021-03-15 04:00:00,67.40,100.00
129N04143,2021-03-15 04:10:00,70.66,100.00
129N04143,2021-03-15 04:20:00,70.59,100.00
129N04143,2021-03-15 04:30:00,73.18,100.00
129N04143,2021-03-15 04:40:00,71.67,100.00
129N04143,2021-03-15 04:50:00,68.65,100.00
129N04143,2021-03-15 05:00:00,71.38,100.00
129N04143,2021-03-15 05:10:00,71.38,100.00
129N04143,2021-03-15 05:20:00,69.24,100.00
129N04143,2021-03-15 05:30:00,71.97,100.00
129N04143,2021-03-15 05:40:00,70.05,100.00
129N04143,2021-03-15 05:50:00,68.04,100.00
129N04143,2021-03-15 06:00:00,68.96,100.00
129N04143,2021-03-15 06:10:00,67.34,100.00
129N04143,2021-03-15 06:20:00,69.46,100.00
129N04143,2021-03-15 06:30:00,67.33,100.00
129N04143,2021-03-15 06:40:00,67.72,100.00
129N04143,2021-03-15 06:50:00,70.56,100.00
129N04143,2021-03-15 07:00:00,69.58,100.00
129N04143,2021-03-15 07:10:00,70.05,100.00
129N04143,2021-03-15 07:20:00,66.11,100.00
129N04143,2021-03-15 07:30:00,64.44,100.00
129N04143,2021-03-15 07:40:00,67.76,100.00
129N04143,2021-03-15 07:50:00,65.06,100.00
129N04143,2021-03-15 08:00:00,69.37,100.00
129N04143,2021-03-15 08:10:00,67.53,100.00
129N04143,2021-03-15 08:20:00,68.45,100.00
129N04143,2021-03-15 08:30:00,69.92,100.00
129N04143,2021-03-15 08:40:00,67.14,100.00
129N04143,2021-03-15 08:50:00,68.12,100.00
129N04143,2021-03-15 09:00:00,70.12,100.00
129N04143,2021-03-15 09:10:00,68.18,100.00
129N04143,2021-03-15 09:20:00,69.33,100.00
129N04143,2021-03-15 09:30:00,68.64,100.00
129N04143,2021-03-15 09:40:00,69.46,100.00
129N04143,2021-03-15 09:50:00,69.48,100.00
129N04143,2021-03-15 10:00:00,70.66,100.00
129N04143,2021-03-15 10:10:00,69.07,100.00
129N04143,2021-03-15 10:20:00,68.28,100.00
129N04143,2021-03-15 10:30:00,67.76,100.00
129N04143,2021-03-15 10:40:00,67.19,100.00
129N04143,2021-03-15 10:50:00,69.66,100.00
129N04143,2021-03-15 11:00:00,69.04,100.00
129N04143,2021-03-15 11:10:00,68.10,100.00
129N04143,2021-03-15 11:20:00,68.62,100.00
129N04143,2021-03-15 11:30:00,66.06,100.00
129N04143,2021-03-15 11:40:00,67.82,100.00
129N04143,2021-03-15 11:50:00,66.53,100.00
129N04143,2021-03-15 12:00:00,68.34,100.00
129N04143,2021-03-15 12:10:00,66.53,100.00
129N04143,2021-03-15 12:20:00,69.00,100.00
129N04143,2021-03-15 12:30:00,70.22,100.00
129N04143,2021-03-15 12:40:00,67.37,100.00
129N04143,2021-03-15 12:50:00,67.94,100.00
129N04143,2021-03-15 13:00:00,69.07,100.00
129N04143,2021-03-15 13:10:00,69.57,100.00
129N04143,2021-03-15 13:20:00,65.66,100.00
129N04143,2021-03-15 13:30:00,70.95,100.00
129N04143,2021-03-15 13:40:00,68.94,100.00
129N04143,2021-03-15 13:50:00,66.68,100.00
129N04143,2021-03-15 14:00:00,68.95,100.00
129N04143,2021-03-15 14:10:00,67.47,100.00
129N04143,2021-03-15 14:20:00,68.77,100.00
129N04143,2021-03-15 14:30:00,63.01,100.00
129N04143,2021-03-15 14:40:00,65.14,100.00
129N04143,2021-03-15 14:50:00,67.88,100.00
129N04143,2021-03-15 15:00:00,68.16,100.00
129N04143,2021-03-15 15:10:00,67.92,100.00
129N04143,2021-03-15 15:20:00,70.86,100.00
129N04143,2021-03-15 15:30:00,68.48,100.00
129N04143,2021-03-15 15:40:00,65.76,100.00
129N04143,2021-03-15 15:50:00,69.40,100.00
129N04143,2021-03-15 16:00:00,65.51,100.00
129N04143,2021-03-15 16:10:00,70.44,100.00
129N04143,2021-03-15 16:20:00,69.07,100.00
129N04143,2021-03-15 16:30:00,69.89,100.00
129N04143,2021-03-15 16:40:00,69.17,100.00
129N04143,2021-03-15 16:50:00,69.17,100.00
129N04143,2021-03-15 17:00:00,68.63,100.00
129N04143,2021-03-15 17:10:00,69.17,100.00
129N04143,2021-03-15 17:20:00,65.90,100.00
129N04143,2021-03-15 17:30:00,69.97,100.00
129N04143,2021-03-15 17:40:00,71.56,100.00
129N04143,2021-03-15 17:50:00,69.89,100.00
129N04143,2021-03-15 18:00:00,70.29,100.00
129N04143,2021-03-15 18:10:00,68.18,100.00
129N04143,2021-03-15 18:20:00,71.08,100.00
129N04143,2021-03-15 18:30:00,71.66,100.00
129N04143,2021-03-15 18:40:00,68.93,100.00
129N04143,2021-03-15 18:50:00,69.54,100.00
129N04143,2021-03-15 19:00:00,70.29,100.00
129N04143,2021-03-15 19:10:00,69.75,100.00
129N04143,2021-03-15 19:20:00,69.59,100.00
129N04143,2021-03-15 19:30:00,70.69,100.00
129N04143,2021-03-15 19:40:00,66.00,100.00
129N04143,2021-03-15 19:50:00,67.78,100.00
129N04143,2021-03-15 20:00:00,69.35,100.00
129N04143,2021-03-15 20:10:00,64.06,100.00
129N04143,2021-03-15 20:20:00,66.69,100.00
129N04143,2021-03-15 20:30:00,67.59,100.00
129N04143,2021-03-15 20:40:00,69.79,100.00
129N04143,2021-03-15 20:50:00,71.19,100.00
129N04143,2021-03-15 21:00:00,69.26,100.00
129N04143,2021-03-15 21:10:00,69.19,100.00
129N04143,2021-03-15 21:20:00,70.28,100.00
129N04143,2021-03-15 21:30:00,69.77,100.00
129N04143,2021-03-15 21:40:00,70.79,100.00
129N04143,2021-03-15 21:50:00,69.35,100.00
129N04143,2021-03-15 22:00:00,68.00,100.00
129N04143,2021-03-15 22:10:00,68.29,100.00
129N04143,2021-03-15 22:20:00,69.79,100.00
129N04143,2021-03-15 22:30:00,66.26,100.00
129N04143,2021-03-15 22:40:00,70.56,100.00
129N04143,2021-03-15 22:50:00,68.43,100.00
129N04143,2021-03-15 23:00:00,69.58,100.00
129N04143,2021-03-15 23:10:00,72.49,100.00
129N04143,2021-03-15 23:20:00,73.99,100.00
129N04143,2021-03-15 23:30:00,75.00,100.00
129N04143,2021-03-15 23:40:00,70.90,100.00
129N04143,2021-03-15 23:50:00,70.80,100.00
129N04140,2021-03-15 00:00:00,67.20,100.00
129N04140,2021-03-15 00:10:00,67.88,100.00
129N04140,2021-03-15 00:20:00,67.80,100.00
129N04140,2021-03-15 00:30:00,67.00,100.00
129N04140,2021-03-15 00:40:00,66.10,100.00
129N04140,2021-03-15 00:50:00,65.79,100.00
129N04140,2021-03-15 01:00:00,67.59,100.00
129N04140,2021-03-15 01:10:00,68.90,100.00
129N04140,2021-03-15 01:20:00,70.17,100.00
129N04140,2021-03-15 01:30:00,68.88,100.00
129N04140,2021-03-15 01:40:00,68.34,100.00
129N04140,2021-03-15 01:50:00,67.68,100.00
129N04140,2021-03-15 02:00:00,67.00,100.00
129N04140,2021-03-15 02:10:00,65.90,100.00
129N04140,2021-03-15 02:20:00,65.80,100.00
129N04140,2021-03-15 02:30:00,66.20,100.00
129N04140,2021-03-15 02:40:00,66.00,100.00
129N04140,2021-03-15 02:50:00,63.98,95.20
129N04140,2021-03-15 03:00:00,63.41,100.00
129N04140,2021-03-15 03:10:00,68.80,100.00
129N04140,2021-03-15 03:20:00,68.66,100.00
129N04140,2021-03-15 03:30:00,69.99,100.00
129N04140,2021-03-15 03:40:00,68.98,100.00
129N04140,2021-03-15 03:50:00,70.69,100.00
129N04140,2021-03-15 04:00:00,71.58,100.00
129N04140,2021-03-15 04:10:00,73.57,100.00
129N04140,2021-03-15 04:20:00,71.19,100.00
129N04140,2021-03-15 04:30:00,72.19,100.00
129N04140,2021-03-15 04:40:00,73.57,100.00
129N04140,2021-03-15 04:50:00,71.28,100.00
129N04140,2021-03-15 05:00:00,71.19,100.00
129N04140,2021-03-15 05:10:00,70.47,99.60
129N04140,2021-03-15 05:20:00,70.14,100.00
129N04140,2021-03-15 05:30:00,69.54,100.00
129N04140,2021-03-15 05:40:00,68.07,100.00
129N04140,2021-03-15 05:50:00,65.81,100.00
129N04140,2021-03-15 06:00:00,67.24,100.00
129N04140,2021-03-15 06:10:00,66.49,100.00
129N04140,2021-03-15 06:20:00,67.55,100.00
129N04140,2021-03-15 06:30:00,65.69,100.00
129N04140,2021-03-15 06:40:00,65.60,100.00
129N04140,2021-03-15 06:50:00,65.69,100.00
129N04140,2021-03-15 07:00:00,67.99,100.00
129N04140,2021-03-15 07:10:00,65.55,100.00
129N04140,2021-03-15 07:20:00,65.89,100.00
129N04140,2021-03-15 07:30:00,65.34,100.00
129N04140,2021-03-15 07:40:00,63.01,100.00
129N04140,2021-03-15 07:50:00,63.87,100.00
129N04140,2021-03-15 08:00:00,66.36,100.00
129N04140,2021-03-15 08:10:00,67.29,100.00
129N04140,2021-03-15 08:20:00,67.19,100.00
129N04140,2021-03-15 08:30:00,68.08,100.00
129N04140,2021-03-15 08:40:00,67.28,100.00
129N04140,2021-03-15 08:50:00,69.82,100.00
129N04140,2021-03-15 09:00:00,70.19,100.00
129N04140,2021-03-15 09:10:00,69.04,100.00
129N04140,2021-03-15 09:20:00,68.55,100.00
129N04140,2021-03-15 09:30:00,66.51,100.00
129N04140,2021-03-15 09:40:00,69.28,100.00
129N04140,2021-03-15 09:50:00,69.98,100.00
129N04140,2021-03-15 10:00:00,67.52,100.00
129N04140,2021-03-15 10:10:00,68.17,100.00
129N04140,2021-03-15 10:20:00,67.98,100.00
129N04140,2021-03-15 10:30:00,69.92,100.00
129N04140,2021-03-15 10:40:00,68.66,100.00
129N04140,2021-03-15 10:50:00,66.23,100.00
129N04140,2021-03-15 11:00:00,69.77,100.00
129N04140,2021-03-15 11:10:00,70.08,100.00
129N04140,2021-03-15 11:20:00,67.26,100.00
129N04140,2021-03-15 11:30:00,66.96,100.00
129N04140,2021-03-15 11:40:00,67.70,100.00
129N04140,2021-03-15 11:50:00,67.14,100.00
129N04140,2021-03-15 12:00:00,67.95,100.00
129N04140,2021-03-15 12:10:00,68.36,100.00
129N04140,2021-03-15 12:20:00,67.04,100.00
129N04140,2021-03-15 12:30:00,68.06,100.00
129N04140,2021-03-15 12:40:00,67.28,100.00
129N04140,2021-03-15 12:50:00,65.94,100.00
129N04140,2021-03-15 13:00:00,68.21,100.00
129N04140,2021-03-15 13:10:00,69.11,100.00
129N04140,2021-03-15 13:20:00,67.84,100.00
129N04140,2021-03-15 13:30:00,69.06,100.00
129N04140,2021-03-15 13:40:00,65.43,100.00
129N04140,2021-03-15 13:50:00,67.25,100.00
129N04140,2021-03-15 14:00:00,68.08,100.00
129N04140,2021-03-15 14:10:00,68.36,100.00
129N04140,2021-03-15 14:20:00,68.92,100.00
129N04140,2021-03-15 14:30:00,68.37,100.00
129N04140,2021-03-15 14:40:00,68.64,100.00
129N04140,2021-03-15 14:50:00,69.08,100.00
129N04140,2021-03-15 15:00:00,68.66,100.00
129N04140,2021-03-15 15:10:00,67.47,100.00
129N04140,2021-03-15 15:20:00,66.76,100.00
129N04140,2021-03-15 15:30:00,67.78,100.00
129N04140,2021-03-15 15:40:00,66.63,100.00
129N04140,2021-03-15 15:50:00,68.45,100.00
129N04140,2021-03-15 16:00:00,68.88,100.00
129N04140,2021-03-15 16:10:00,67.92,100.00
129N04140,2021-03-15 16:20:00,66.64,100.00
129N04140,2021-03-15 16:30:00,67.58,100.00
129N04140,2021-03-15 16:40:00,68.65,100.00
129N04140,2021-03-15 16:50:00,70.14,100.00
129N04140,2021-03-15 17:00:00,70.82,100.00
129N04140,2021-03-15 17:10:00,67.01,100.00
129N04140,2021-03-15 17:20:00,69.20,100.00
129N04140,2021-03-15 17:30:00,69.86,100.00
129N04140,2021-03-15 17:40:00,68.96,100.00
129N04140,2021-03-15 17:50:00,69.54,100.00
129N04140,2021-03-15 18:00:00,70.19,100.00
129N04140,2021-03-15 18:10:00,71.39,100.00
129N04140,2021-03-15 18:20:00,69.77,100.00
129N04140,2021-03-15 18:30:00,68.46,100.00
129N04140,2021-03-15 18:40:00,70.81,100.00
129N04140,2021-03-15 18:50:00,69.79,100.00
129N04140,2021-03-15 19:00:00,69.38,100.00
129N04140,2021-03-15 19:10:00,67.86,100.00
129N04140,2021-03-15 19:20:00,69.77,100.00
129N04140,2021-03-15 19:30:00,71.56,100.00
129N04140,2021-03-15 19:40:00,67.36,100.00
129N04140,2021-03-15 19:50:00,65.44,100.00
129N04140,2021-03-15 20:00:00,71.38,100.00
129N04140,2021-03-15 20:10:00,69.99,100.00
129N04140,2021-03-15 20:20:00,68.37,100.00
129N04140,2021-03-15 20:30:00,71.19,100.00
129N04140,2021-03-15 20:40:00,69.01,100.00
129N04140,2021-03-15 20:50:00,70.95,100.00
129N04140,2021-03-15 21:00:00,68.65,100.00
129N04140,2021-03-15 21:10:00,67.75,100.00
129N04140,2021-03-15 21:20:00,66.74,100.00
129N04140,2021-03-15 21:30:00,73.00,100.00
129N04140,2021-03-15 21:40:00,70.07,100.00
129N04140,2021-03-15 21:50:00,71.00,100.00
129N04140,2021-03-15 22:00:00,67.39,100.00
129N04140,2021-03-15 22:10:00,71.85,100.00
129N04140,2021-03-15 22:20:00,71.17,100.00
129N04140,2021-03-15 22:30:00,67.59,100.00
129N04140,2021-03-15 22:40:00,68.76,100.00
129N04140,2021-03-15 22:50:00,68.58,100.00
129N04140,2021-03-15 23:00:00,62.34,100.00
129N04140,2021-03-15 23:10:00,65.84,100.00
129N04140,2021-03-15 23:20:00,68.66,100.00
129N04140,2021-03-15 23:30:00,71.19,100.00
129N04140,2021-03-15 23:40:00,71.18,100.00
129N04140,2021-03-15 23:50:00,69.59,100.00
129-04144,2021-03-15 00:00:00,67.69,100.00
129-04144,2021-03-15 00:10:00,69.37,100.00
129-04144,2021-03-15 00:20:00,69.00,100.00
129-04144,2021-03-15 00:30:00,66.98,100.00
129-04144,2021-03-15 00:40:00,65.00,96.00
129-04144,2021-03-15 00:50:00,64.15,95.00
129-04144,2021-03-15 01:00:00,64.69,100.00
129-04144,2021-03-15 01:10:00,69.99,100.00
129-04144,2021-03-15 01:20:00,69.97,100.00
129-04144,2021-03-15 01:30:00,70.85,100.00
129-04144,2021-03-15 01:40:00,68.59,100.00
129-04144,2021-03-15 01:50:00,67.79,100.00
129-04144,2021-03-15 02:00:00,66.39,100.00
129-04144,2021-03-15 02:10:00,65.98,98.00
129-04144,2021-03-15 02:20:00,67.00,100.00
129-04144,2021-03-15 02:30:00,67.99,100.00
129-04144,2021-03-15 02:40:00,65.16,100.00
129-04144,2021-03-15 02:50:00,62.48,100.00
129-04144,2021-03-15 03:00:00,66.98,100.00
129-04144,2021-03-15 03:10:00,69.19,100.00
129-04144,2021-03-15 03:20:00,71.00,100.00
129-04144,2021-03-15 03:30:00,71.20,100.00
129-04144,2021-03-15 03:40:00,69.96,100.00
129-04144,2021-03-15 03:50:00,71.00,100.00
129-04144,2021-03-15 04:00:00,72.19,100.00
129-04144,2021-03-15 04:10:00,73.00,100.00
129-04144,2021-03-15 04:20:00,70.19,100.00
129-04144,2021-03-15 04:30:00,72.69,100.00
129-04144,2021-03-15 04:40:00,73.88,100.00
129-04144,2021-03-15 04:50:00,72.18,100.00
129-04144,2021-03-15 05:00:00,73.99,100.00
129-04144,2021-03-15 05:10:00,72.68,100.00
129-04144,2021-03-15 05:20:00,71.09,100.00
129-04144,2021-03-15 05:30:00,72.37,100.00
129-04144,2021-03-15 05:40:00,70.61,100.00
129-04144,2021-03-15 05:50:00,72.19,100.00
129-04144,2021-03-15 06:00:00,71.59,100.00
129-04144,2021-03-15 06:10:00,71.32,100.00
129-04144,2021-03-15 06:20:00,71.93,100.00
129-04144,2021-03-15 06:30:00,71.15,100.00
129-04144,2021-03-15 06:40:00,71.53,100.00
129-04144,2021-03-15 06:50:00,71.78,100.00
129-04144,2021-03-15 07:00:00,70.48,100.00
129-04144,2021-03-15 07:10:00,70.59,100.00
129-04144,2021-03-15 07:20:00,69.55,100.00
129-04144,2021-03-15 07:30:00,69.58,100.00
129-04144,2021-03-15 07:40:00,70.09,100.00
129-04144,2021-03-15 07:50:00,70.35,100.00
129-04144,2021-03-15 08:00:00,69.17,100.00
129-04144,2021-03-15 08:10:00,71.19,100.00
129-04144,2021-03-15 08:20:00,72.77,100.00
129-04144,2021-03-15 08:30:00,72.36,100.00
129-04144,2021-03-15 08:40:00,68.98,100.00
129-04144,2021-03-15 08:50:00,71.92,100.00
129-04144,2021-03-15 09:00:00,72.05,100.00
129-04144,2021-03-15 09:10:00,68.69,100.00
129-04144,2021-03-15 09:20:00,71.08,100.00
129-04144,2021-03-15 09:30:00,70.45,100.00
129-04144,2021-03-15 09:40:00,72.19,100.00
129-04144,2021-03-15 09:50:00,71.97,100.00
129-04144,2021-03-15 10:00:00,72.32,100.00
129-04144,2021-03-15 10:10:00,69.15,100.00
129-04144,2021-03-15 10:20:00,69.99,100.00
129-04144,2021-03-15 10:30:00,70.04,100.00
129-04144,2021-03-15 10:40:00,68.79,100.00
129-04144,2021-03-15 10:50:00,72.96,100.00
129-04144,2021-03-15 11:00:00,70.81,100.00
129-04144,2021-03-15 11:10:00,68.63,100.00
129-04144,2021-03-15 11:20:00,70.39,100.00
129-04144,2021-03-15 11:30:00,70.17,100.00
129-04144,2021-03-15 11:40:00,70.56,100.00
129-04144,2021-03-15 11:50:00,68.16,100.00
129-04144,2021-03-15 12:00:00,73.38,100.00
129-04144,2021-03-15 12:10:00,69.17,100.00
129-04144,2021-03-15 12:20:00,70.37,100.00
129-04144,2021-03-15 12:30:00,72.57,100.00
129-04144,2021-03-15 12:40:00,68.79,100.00
129-04144,2021-03-15 12:50:00,68.12,100.00
129-04144,2021-03-15 13:00:00,69.34,100.00
129-04144,2021-03-15 13:10:00,69.00,100.00
129-04144,2021-03-15 13:20:00,71.38,100.00
129-04144,2021-03-15 13:30:00,70.83,100.00
129-04144,2021-03-15 13:40:00,71.16,100.00
129-04144,2021-03-15 13:50:00,67.59,100.00
129-04144,2021-03-15 14:00:00,69.65,100.00
129-04144,2021-03-15 14:10:00,66.47,100.00
129-04144,2021-03-15 14:20:00,70.91,100.00
129-04144,2021-03-15 14:30:00,68.03,100.00
129-04144,2021-03-15 14:40:00,69.16,100.00
129-04144,2021-03-15 14:50:00,70.82,100.00
129-04144,2021-03-15 15:00:00,68.72,100.00
129-04144,2021-03-15 15:10:00,68.26,100.00
129-04144,2021-03-15 15:20:00,69.65,100.00
129-04144,2021-03-15 15:30:00,70.34,100.00
129-04144,2021-03-15 15:40:00,71.15,100.00
129-04144,2021-03-15 15:50:00,71.14,100.00
129-04144,2021-03-15 16:00:00,67.03,100.00
129-04144,2021-03-15 16:10:00,69.95,100.00
129-04144,2021-03-15 16:20:00,71.18,100.00
129-04144,2021-03-15 16:30:00,70.06,100.00
129-04144,2021-03-15 16:40:00,71.57,100.00
129-04144,2021-03-15 16:50:00,71.14,100.00
129-04144,2021-03-15 17:00:00,69.20,100.00
129-04144,2021-03-15 17:10:00,70.67,100.00
129-04144,2021-03-15 17:20:00,70.52,100.00
129-04144,2021-03-15 17:30:00,71.42,100.00
129-04144,2021-03-15 17:40:00,70.95,100.00
129-04144,2021-03-15 17:50:00,71.74,100.00
129-04144,2021-03-15 18:00:00,73.35,100.00
129-04144,2021-03-15 18:10:00,71.09,100.00
129-04144,2021-03-15 18:20:00,71.47,100.00
129-04144,2021-03-15 18:30:00,73.15,100.00
129-04144,2021-03-15 18:40:00,70.11,100.00
129-04144,2021-03-15 18:50:00,70.19,100.00
129-04144,2021-03-15 19:00:00,70.88,100.00
129-04144,2021-03-15 19:10:00,70.14,100.00
129-04144,2021-03-15 19:20:00,70.06,100.00
129-04144,2021-03-15 19:30:00,70.75,100.00
129-04144,2021-03-15 19:40:00,70.93,100.00
129-04144,2021-03-15 19:50:00,69.38,100.00
129-04144,2021-03-15 20:00:00,69.48,100.00
129-04144,2021-03-15 20:10:00,69.00,100.00
129-04144,2021-03-15 20:20:00,69.68,100.00
129-04144,2021-03-15 20:30:00,68.09,100.00
129-04144,2021-03-15 20:40:00,67.94,100.00
129-04144,2021-03-15 20:50:00,72.56,100.00
129-04144,2021-03-15 21:00:00,73.56,100.00
129-04144,2021-03-15 21:10:00,69.99,100.00
129-04144,2021-03-15 21:20:00,69.29,100.00
129-04144,2021-03-15 21:30:00,70.28,100.00
129-04144,2021-03-15 21:40:00,71.99,100.00
129-04144,2021-03-15 21:50:00,71.00,100.00
129-04144,2021-03-15 22:00:00,70.90,100.00
129-04144,2021-03-15 22:10:00,70.50,100.00
129-04144,2021-03-15 22:20:00,67.19,100.00
129-04144,2021-03-15 22:30:00,67.39,100.00
129-04144,2021-03-15 22:40:00,73.51,100.00
129-04144,2021-03-15 22:50:00,71.39,100.00
129-04144,2021-03-15 23:00:00,71.99,100.00
129-04144,2021-03-15 23:10:00,74.39,100.00
129-04144,2021-03-15 23:20:00,71.00,100.00
129-04144,2021-03-15 23:30:00,68.05,100.00
129-04144,2021-03-15 23:40:00,64.59,100.00
129-04144,2021-03-15 23:50:00,66.26,100.00
129-04145,2021-03-15 00:00:00,65.49,100.00
129-04145,2021-03-15 00:10:00,69.58,100.00
129-04145,2021-03-15 00:20:00,69.00,100.00
129-04145,2021-03-15 00:30:00,66.37,100.00
129-04145,2021-03-15 00:40:00,64.79,100.00
129-04145,2021-03-15 00:50:00,64.54,100.00
129-04145,2021-03-15 01:00:00,66.66,100.00
129-04145,2021-03-15 01:10:00,72.19,100.00
129-04145,2021-03-15 01:20:00,72.55,100.00
129-04145,2021-03-15 01:30:00,71.69,100.00
129-04145,2021-03-15 01:40:00,70.09,100.00
129-04145,2021-03-15 01:50:00,69.39,100.00
129-04145,2021-03-15 02:00:00,67.79,100.00
129-04145,2021-03-15 02:10:00,66.49,99.00
129-04145,2021-03-15 02:20:00,63.98,100.00
129-04145,2021-03-15 02:30:00,64.94,100.00
129-04145,2021-03-15 02:40:00,65.39,100.00
129-04145,2021-03-15 02:50:00,64.39,100.00
129-04145,2021-03-15 03:00:00,66.95,100.00
129-04145,2021-03-15 03:10:00,69.59,100.00
129-04145,2021-03-15 03:20:00,71.20,100.00
129-04145,2021-03-15 03:30:00,71.59,100.00
129-04145,2021-03-15 03:40:00,70.08,100.00
129-04145,2021-03-15 03:50:00,72.19,100.00
129-04145,2021-03-15 04:00:00,72.16,100.00
129-04145,2021-03-15 04:10:00,70.85,100.00
129-04145,2021-03-15 04:20:00,70.67,100.00
129-04145,2021-03-15 04:30:00,71.59,100.00
129-04145,2021-03-15 04:40:00,74.36,100.00
129-04145,2021-03-15 04:50:00,71.74,100.00
129-04145,2021-03-15 05:00:00,73.99,100.00
129-04145,2021-03-15 05:10:00,71.86,100.00
129-04145,2021-03-15 05:20:00,70.96,100.00
129-04145,2021-03-15 05:30:00,72.66,100.00
129-04145,2021-03-15 05:40:00,70.55,100.00
129-04145,2021-03-15 05:50:00,69.26,100.00
129-04145,2021-03-15 06:00:00,70.43,100.00
129-04145,2021-03-15 06:10:00,70.98,100.00
129-04145,2021-03-15 06:20:00,71.74,100.00
129-04145,2021-03-15 06:30:00,70.35,100.00
129-04145,2021-03-15 06:40:00,70.26,100.00
129-04145,2021-03-15 06:50:00,69.40,100.00
129-04145,2021-03-15 07:00:00,69.62,100.00
129-04145,2021-03-15 07:10:00,70.56,100.00
129-04145,2021-03-15 07:20:00,69.04,100.00
129-04145,2021-03-15 07:30:00,66.22,100.00
129-04145,2021-03-15 07:40:00,68.21,100.00
129-04145,2021-03-15 07:50:00,67.67,100.00
129-04145,2021-03-15 08:00:00,67.36,100.00
129-04145,2021-03-15 08:10:00,67.26,100.00
129-04145,2021-03-15 08:20:00,68.54,100.00
129-04145,2021-03-15 08:30:00,70.14,100.00
129-04145,2021-03-15 08:40:00,67.48,100.00
129-04145,2021-03-15 08:50:00,69.02,100.00
129-04145,2021-03-15 09:00:00,68.69,100.00
129-04145,2021-03-15 09:10:00,69.48,100.00
129-04145,2021-03-15 09:20:00,69.77,100.00
129-04145,2021-03-15 09:30:00,66.21,100.00
129-04145,2021-03-15 09:40:00,70.77,100.00
129-04145,2021-03-15 09:50:00,68.47,100.00
129-04145,2021-03-15 10:00:00,71.63,100.00
129-04145,2021-03-15 10:10:00,66.60,100.00
129-04145,2021-03-15 10:20:00,68.76,100.00
129-04145,2021-03-15 10:30:00,69.47,100.00
129-04145,2021-03-15 10:40:00,68.13,100.00
129-04145,2021-03-15 10:50:00,71.98,100.00
129-04145,2021-03-15 11:00:00,68.63,100.00
129-04145,2021-03-15 11:10:00,67.91,100.00
129-04145,2021-03-15 11:20:00,69.48,100.00
129-04145,2021-03-15 11:30:00,66.06,100.00
129-04145,2021-03-15 11:40:00,70.64,100.00
129-04145,2021-03-15 11:50:00,68.06,100.00
129-04145,2021-03-15 12:00:00,70.17,100.00
129-04145,2021-03-15 12:10:00,68.28,100.00
129-04145,2021-03-15 12:20:00,70.12,100.00
129-04145,2021-03-15 12:30:00,67.46,100.00
129-04145,2021-03-15 12:40:00,67.88,100.00
129-04145,2021-03-15 12:50:00,66.35,100.00
129-04145,2021-03-15 13:00:00,66.98,100.00
129-04145,2021-03-15 13:10:00,68.42,100.00
129-04145,2021-03-15 13:20:00,71.14,100.00
129-04145,2021-03-15 13:30:00,71.52,100.00
129-04145,2021-03-15 13:40:00,69.62,100.00
129-04145,2021-03-15 13:50:00,65.66,100.00
129-04145,2021-03-15 14:00:00,66.72,100.00
129-04145,2021-03-15 14:10:00,68.02,100.00
129-04145,2021-03-15 14:20:00,69.98,100.00
129-04145,2021-03-15 14:30:00,64.58,100.00
129-04145,2021-03-15 14:40:00,68.13,100.00
129-04145,2021-03-15 14:50:00,67.79,100.00
129-04145,2021-03-15 15:00:00,64.29,100.00
129-04145,2021-03-15 15:10:00,66.52,100.00
129-04145,2021-03-15 15:20:00,65.27,100.00
129-04145,2021-03-15 15:30:00,68.32,100.00
129-04145,2021-03-15 15:40:00,68.70,100.00
129-04145,2021-03-15 15:50:00,64.92,100.00
129-04145,2021-03-15 16:00:00,66.23,100.00
129-04145,2021-03-15 16:10:00,68.15,100.00
129-04145,2021-03-15 16:20:00,69.67,100.00
129-04145,2021-03-15 16:30:00,67.32,100.00
129-04145,2021-03-15 16:40:00,64.32,100.00
129-04145,2021-03-15 16:50:00,66.33,100.00
129-04145,2021-03-15 17:00:00,69.56,100.00
129-04145,2021-03-15 17:10:00,65.91,100.00
129-04145,2021-03-15 17:20:00,64.13,100.00
129-04145,2021-03-15 17:30:00,67.09,100.00
129-04145,2021-03-15 17:40:00,70.73,100.00
129-04145,2021-03-15 17:50:00,67.27,100.00
129-04145,2021-03-15 18:00:00,65.46,100.00
129-04145,2021-03-15 18:10:00,66.42,100.00
129-04145,2021-03-15 18:20:00,68.57,100.00
129-04145,2021-03-15 18:30:00,68.28,100.00
129-04145,2021-03-15 18:40:00,67.32,100.00
129-04145,2021-03-15 18:50:00,66.84,100.00
129-04145,2021-03-15 19:00:00,67.24,100.00
129-04145,2021-03-15 19:10:00,68.19,100.00
129-04145,2021-03-15 19:20:00,69.77,100.00
129-04145,2021-03-15 19:30:00,68.15,100.00
129-04145,2021-03-15 19:40:00,69.75,100.00
129-04145,2021-03-15 19:50:00,69.49,100.00
129-04145,2021-03-15 20:00:00,65.45,100.00
129-04145,2021-03-15 20:10:00,66.08,100.00
129-04145,2021-03-15 20:20:00,67.19,100.00
129-04145,2021-03-15 20:30:00,67.79,100.00
129-04145,2021-03-15 20:40:00,68.78,100.00
129-04145,2021-03-15 20:50:00,69.52,100.00
129-04145,2021-03-15 21:00:00,69.78,100.00
129-04145,2021-03-15 21:10:00,68.75,100.00
129-04145,2021-03-15 21:20:00,68.59,100.00
129-04145,2021-03-15 21:30:00,68.16,100.00
129-04145,2021-03-15 21:40:00,70.05,100.00
129-04145,2021-03-15 21:50:00,68.50,100.00
129-04145,2021-03-15 22:00:00,69.90,100.00
129-04145,2021-03-15 22:10:00,66.97,100.00
129-04145,2021-03-15 22:20:00,66.56,100.00
129-04145,2021-03-15 22:30:00,66.00,100.00
129-04145,2021-03-15 22:40:00,69.85,100.00
129-04145,2021-03-15 22:50:00,69.20,100.00
129-04145,2021-03-15 23:00:00,70.93,100.00
129-04145,2021-03-15 23:10:00,74.80,100.00
129-04145,2021-03-15 23:20:00,69.76,100.00
129-04145,2021-03-15 23:30:00,65.64,100.00
129-04145,2021-03-15 23:40:00,66.51,100.00
129-04145,2021-03-15 23:50:00,70.57,100.00
129-04142,2021-03-15 00:00:00,64.60,100.00
129-04142,2021-03-15 00:10:00,67.67,100.00
129-04142,2021-03-15 00:20:00,69.00,100.00
129-04142,2021-03-15 00:30:00,68.10,100.00
129-04142,2021-03-15 00:40:00,65.20,100.00
129-04142,2021-03-15 00:50:00,65.94,97.00
129-04142,2021-03-15 01:00:00,68.60,100.00
129-04142,2021-03-15 01:10:00,68.47,100.00
129-04142,2021-03-15 01:20:00,72.40,100.00
129-04142,2021-03-15 01:30:00,68.77,100.00
129-04142,2021-03-15 01:40:00,67.68,100.00
129-04142,2021-03-15 01:50:00,67.79,100.00
129-04142,2021-03-15 02:00:00,66.90,100.00
129-04142,2021-03-15 02:10:00,64.16,100.00
129-04142,2021-03-15 02:20:00,66.29,100.00
129-04142,2021-03-15 02:30:00,65.59,100.00
129-04142,2021-03-15 02:40:00,65.79,100.00
129-04142,2021-03-15 02:50:00,61.59,100.00
129-04142,2021-03-15 03:00:00,64.46,100.00
129-04142,2021-03-15 03:10:00,67.00,100.00
129-04142,2021-03-15 03:20:00,70.06,100.00
129-04142,2021-03-15 03:30:00,70.19,100.00
129-04142,2021-03-15 03:40:00,69.89,100.00
129-04142,2021-03-15 03:50:00,67.18,100.00
129-04142,2021-03-15 04:00:00,68.79,100.00
129-04142,2021-03-15 04:10:00,69.11,100.00
129-04142,2021-03-15 04:20:00,70.50,100.00
129-04142,2021-03-15 04:30:00,73.75,100.00
129-04142,2021-03-15 04:40:00,73.07,100.00
129-04142,2021-03-15 04:50:00,69.61,100.00
129-04142,2021-03-15 05:00:00,71.98,100.00
129-04142,2021-03-15 05:10:00,72.08,100.00
129-04142,2021-03-15 05:20:00,70.75,100.00
129-04142,2021-03-15 05:30:00,70.87,100.00
129-04142,2021-03-15 05:40:00,69.95,100.00
129-04142,2021-03-15 05:50:00,68.85,100.00
129-04142,2021-03-15 06:00:00,70.48,100.00
129-04142,2021-03-15 06:10:00,67.14,100.00
129-04142,2021-03-15 06:20:00,69.28,100.00
129-04142,2021-03-15 06:30:00,66.01,100.00
129-04142,2021-03-15 06:40:00,66.76,100.00
129-04142,2021-03-15 06:50:00,68.95,100.00
129-04142,2021-03-15 07:00:00,68.15,100.00
129-04142,2021-03-15 07:10:00,68.98,100.00
129-04142,2021-03-15 07:20:00,65.82,100.00
129-04142,2021-03-15 07:30:00,62.65,100.00
129-04142,2021-03-15 07:40:00,67.15,100.00
129-04142,2021-03-15 07:50:00,65.53,100.00
129-04142,2021-03-15 08:00:00,69.17,100.00
129-04142,2021-03-15 08:10:00,67.42,100.00
129-04142,2021-03-15 08:20:00,68.17,100.00
129-04142,2021-03-15 08:30:00,67.69,100.00
129-04142,2021-03-15 08:40:00,67.46,100.00
129-04142,2021-03-15 08:50:00,68.13,100.00
129-04142,2021-03-15 09:00:00,69.28,100.00
129-04142,2021-03-15 09:10:00,68.12,100.00
129-04142,2021-03-15 09:20:00,69.38,100.00
129-04142,2021-03-15 09:30:00,69.35,100.00
129-04142,2021-03-15 09:40:00,68.71,100.00
129-04142,2021-03-15 09:50:00,69.45,100.00
129-04142,2021-03-15 10:00:00,70.46,100.00
129-04142,2021-03-15 10:10:00,69.14,100.00
129-04142,2021-03-15 10:20:00,67.18,100.00
129-04142,2021-03-15 10:30:00,68.84,100.00
129-04142,2021-03-15 10:40:00,67.66,100.00
129-04142,2021-03-15 10:50:00,69.34,100.00
129-04142,2021-03-15 11:00:00,70.06,100.00
129-04142,2021-03-15 11:10:00,68.25,100.00
129-04142,2021-03-15 11:20:00,68.74,100.00
129-04142,2021-03-15 11:30:00,67.05,100.00
129-04142,2021-03-15 11:40:00,67.91,100.00
129-04142,2021-03-15 11:50:00,66.41,100.00
129-04142,2021-03-15 12:00:00,66.83,100.00
129-04142,2021-03-15 12:10:00,67.06,100.00
129-04142,2021-03-15 12:20:00,68.41,100.00
129-04142,2021-03-15 12:30:00,70.16,100.00
129-04142,2021-03-15 12:40:00,67.77,100.00
129-04142,2021-03-15 12:50:00,68.10,100.00
129-04142,2021-03-15 13:00:00,69.36,100.00
129-04142,2021-03-15 13:10:00,67.77,100.00
129-04142,2021-03-15 13:20:00,67.72,100.00
129-04142,2021-03-15 13:30:00,68.41,100.00
129-04142,2021-03-15 13:40:00,67.00,100.00
129-04142,2021-03-15 13:50:00,66.31,100.00
129-04142,2021-03-15 14:00:00,68.79,100.00
129-04142,2021-03-15 14:10:00,67.58,100.00
129-04142,2021-03-15 14:20:00,67.99,100.00
129-04142,2021-03-15 14:30:00,63.86,100.00
129-04142,2021-03-15 14:40:00,65.31,100.00
129-04142,2021-03-15 14:50:00,67.66,100.00
129-04142,2021-03-15 15:00:00,67.75,100.00
129-04142,2021-03-15 15:10:00,68.43,100.00
129-04142,2021-03-15 15:20:00,70.39,100.00
129-04142,2021-03-15 15:30:00,66.62,100.00
129-04142,2021-03-15 15:40:00,66.20,100.00
129-04142,2021-03-15 15:50:00,68.09,100.00
129-04142,2021-03-15 16:00:00,66.06,100.00
129-04142,2021-03-15 16:10:00,69.94,100.00
129-04142,2021-03-15 16:20:00,66.63,100.00
129-04142,2021-03-15 16:30:00,68.82,100.00
129-04142,2021-03-15 16:40:00,67.07,100.00
129-04142,2021-03-15 16:50:00,68.94,100.00
129-04142,2021-03-15 17:00:00,69.14,100.00
129-04142,2021-03-15 17:10:00,68.02,100.00
129-04142,2021-03-15 17:20:00,67.65,100.00
129-04142,2021-03-15 17:30:00,68.16,100.00
129-04142,2021-03-15 17:40:00,70.67,100.00
129-04142,2021-03-15 17:50:00,69.84,100.00
129-04142,2021-03-15 18:00:00,70.04,100.00
129-04142,2021-03-15 18:10:00,68.15,100.00
129-04142,2021-03-15 18:20:00,70.99,100.00
129-04142,2021-03-15 18:30:00,70.59,100.00
129-04142,2021-03-15 18:40:00,68.67,100.00
129-04142,2021-03-15 18:50:00,68.56,100.00
129-04142,2021-03-15 19:00:00,67.92,100.00
129-04142,2021-03-15 19:10:00,66.90,100.00
129-04142,2021-03-15 19:20:00,68.17,100.00
129-04142,2021-03-15 19:30:00,70.39,100.00
129-04142,2021-03-15 19:40:00,67.34,100.00
129-04142,2021-03-15 19:50:00,68.18,100.00
129-04142,2021-03-15 20:00:00,66.08,100.00
129-04142,2021-03-15 20:10:00,65.03,100.00
129-04142,2021-03-15 20:20:00,66.69,100.00
129-04142,2021-03-15 20:30:00,68.38,100.00
129-04142,2021-03-15 20:40:00,65.86,100.00
129-04142,2021-03-15 20:50:00,68.95,100.00
129-04142,2021-03-15 21:00:00,66.77,100.00
129-04142,2021-03-15 21:10:00,68.89,100.00
129-04142,2021-03-15 21:20:00,70.02,100.00
129-04142,2021-03-15 21:30:00,70.25,100.00
129-04142,2021-03-15 21:40:00,70.39,100.00
129-04142,2021-03-15 21:50:00,69.43,100.00
129-04142,2021-03-15 22:00:00,67.98,100.00
129-04142,2021-03-15 22:10:00,70.99,100.00
129-04142,2021-03-15 22:20:00,70.14,100.00
129-04142,2021-03-15 22:30:00,65.66,100.00
129-04142,2021-03-15 22:40:00,70.48,100.00
129-04142,2021-03-15 22:50:00,64.35,100.00
129-04142,2021-03-15 23:00:00,64.03,100.00
129-04142,2021-03-15 23:10:00,70.65,100.00
129-04142,2021-03-15 23:20:00,73.99,100.00
129-04142,2021-03-15 23:30:00,70.47,100.00
129-04142,2021-03-15 23:40:00,66.88,100.00
129-04142,2021-03-15 23:50:00,67.50,100.00
129-04143,2021-03-15 00:00:00,67.43,100.00
129-04143,2021-03-15 00:10:00,71.09,100.00
129-04143,2021-03-15 00:20:00,70.80,100.00
129-04143,2021-03-15 00:30:00,68.46,100.00
129-04143,2021-03-15 00:40:00,65.00,98.00
129-04143,2021-03-15 00:50:00,65.38,95.00
129-04143,2021-03-15 01:00:00,67.15,100.00
129-04143,2021-03-15 01:10:00,69.79,100.00
129-04143,2021-03-15 01:20:00,70.49,100.00
129-04143,2021-03-15 01:30:00,71.84,100.00
129-04143,2021-03-15 01:40:00,67.99,100.00
129-04143,2021-03-15 01:50:00,67.49,100.00
129-04143,2021-03-15 02:00:00,65.58,100.00
129-04143,2021-03-15 02:10:00,55.00,98.00
129-04143,2021-03-15 02:20:00,64.17,100.00
129-04143,2021-03-15 02:30:00,66.00,100.00
129-04143,2021-03-15 02:40:00,65.10,100.00
129-04143,2021-03-15 02:50:00,62.16,100.00
129-04143,2021-03-15 03:00:00,65.88,100.00
129-04143,2021-03-15 03:10:00,68.90,100.00
129-04143,2021-03-15 03:20:00,71.18,100.00
129-04143,2021-03-15 03:30:00,71.10,100.00
129-04143,2021-03-15 03:40:00,70.27,100.00
129-04143,2021-03-15 03:50:00,69.50,100.00
129-04143,2021-03-15 04:00:00,70.08,100.00
129-04143,2021-03-15 04:10:00,71.71,100.00
129-04143,2021-03-15 04:20:00,71.19,100.00
129-04143,2021-03-15 04:30:00,73.38,100.00
129-04143,2021-03-15 04:40:00,73.45,100.00
129-04143,2021-03-15 04:50:00,70.65,100.00
129-04143,2021-03-15 05:00:00,70.38,100.00
129-04143,2021-03-15 05:10:00,70.79,100.00
129-04143,2021-03-15 05:20:00,70.59,100.00
129-04143,2021-03-15 05:30:00,70.53,100.00
129-04143,2021-03-15 05:40:00,68.30,100.00
129-04143,2021-03-15 05:50:00,71.07,100.00
129-04143,2021-03-15 06:00:00,67.93,100.00
129-04143,2021-03-15 06:10:00,67.65,100.00
129-04143,2021-03-15 06:20:00,70.79,100.00
129-04143,2021-03-15 06:30:00,68.89,100.00
129-04143,2021-03-15 06:40:00,69.86,100.00
129-04143,2021-03-15 06:50:00,70.64,100.00
129-04143,2021-03-15 07:00:00,68.68,100.00
129-04143,2021-03-15 07:10:00,68.35,100.00
129-04143,2021-03-15 07:20:00,67.84,100.00
129-04143,2021-03-15 07:30:00,67.29,100.00
129-04143,2021-03-15 07:40:00,67.76,100.00
129-04143,2021-03-15 07:50:00,65.21,100.00
129-04143,2021-03-15 08:00:00,67.43,100.00
129-04143,2021-03-15 08:10:00,68.94,100.00
129-04143,2021-03-15 08:20:00,67.15,100.00
129-04143,2021-03-15 08:30:00,69.35,100.00
129-04143,2021-03-15 08:40:00,67.28,100.00
129-04143,2021-03-15 08:50:00,69.79,100.00
129-04143,2021-03-15 09:00:00,69.28,100.00
129-04143,2021-03-15 09:10:00,67.77,100.00
129-04143,2021-03-15 09:20:00,69.46,100.00
129-04143,2021-03-15 09:30:00,68.75,100.00
129-04143,2021-03-15 09:40:00,70.15,100.00
129-04143,2021-03-15 09:50:00,69.18,100.00
129-04143,2021-03-15 10:00:00,68.77,100.00
129-04143,2021-03-15 10:10:00,68.28,100.00
129-04143,2021-03-15 10:20:00,68.78,100.00
129-04143,2021-03-15 10:30:00,68.28,100.00
129-04143,2021-03-15 10:40:00,68.39,100.00
129-04143,2021-03-15 10:50:00,69.71,100.00
129-04143,2021-03-15 11:00:00,69.52,100.00
129-04143,2021-03-15 11:10:00,66.83,100.00
129-04143,2021-03-15 11:20:00,68.07,100.00
129-04143,2021-03-15 11:30:00,65.10,100.00
129-04143,2021-03-15 11:40:00,67.59,100.00
129-04143,2021-03-15 11:50:00,65.87,100.00
129-04143,2021-03-15 12:00:00,66.37,100.00
129-04143,2021-03-15 12:10:00,66.11,100.00
129-04143,2021-03-15 12:20:00,68.01,100.00
129-04143,2021-03-15 12:30:00,67.54,100.00
129-04143,2021-03-15 12:40:00,66.95,100.00
129-04143,2021-03-15 12:50:00,69.58,100.00
129-04143,2021-03-15 13:00:00,66.02,100.00
129-04143,2021-03-15 13:10:00,67.15,100.00
129-04143,2021-03-15 13:20:00,65.94,100.00
129-04143,2021-03-15 13:30:00,68.84,100.00
129-04143,2021-03-15 13:40:00,69.04,100.00
129-04143,2021-03-15 13:50:00,67.44,100.00
129-04143,2021-03-15 14:00:00,67.82,100.00
129-04143,2021-03-15 14:10:00,65.57,100.00
129-04143,2021-03-15 14:20:00,69.43,100.00
129-04143,2021-03-15 14:30:00,65.45,100.00
129-04143,2021-03-15 14:40:00,66.85,100.00
129-04143,2021-03-15 14:50:00,67.78,100.00
129-04143,2021-03-15 15:00:00,68.27,100.00
129-04143,2021-03-15 15:10:00,67.32,100.00
129-04143,2021-03-15 15:20:00,67.93,100.00
129-04143,2021-03-15 15:30:00,67.36,100.00
129-04143,2021-03-15 15:40:00,66.15,100.00
129-04143,2021-03-15 15:50:00,67.61,100.00
129-04143,2021-03-15 16:00:00,65.46,100.00
129-04143,2021-03-15 16:10:00,66.52,100.00
129-04143,2021-03-15 16:20:00,68.17,100.00
129-04143,2021-03-15 16:30:00,68.05,100.00
129-04143,2021-03-15 16:40:00,65.35,100.00
129-04143,2021-03-15 16:50:00,67.07,100.00
129-04143,2021-03-15 17:00:00,66.66,100.00
129-04143,2021-03-15 17:10:00,67.15,100.00
129-04143,2021-03-15 17:20:00,67.86,100.00
129-04143,2021-03-15 17:30:00,68.45,100.00
129-04143,2021-03-15 17:40:00,68.41,100.00
129-04143,2021-03-15 17:50:00,68.45,100.00
129-04143,2021-03-15 18:00:00,63.42,100.00
129-04143,2021-03-15 18:10:00,67.08,100.00
129-04143,2021-03-15 18:20:00,70.37,100.00
129-04143,2021-03-15 18:30:00,71.30,100.00
129-04143,2021-03-15 18:40:00,67.83,100.00
129-04143,2021-03-15 18:50:00,68.37,100.00
129-04143,2021-03-15 19:00:00,70.28,100.00
129-04143,2021-03-15 19:10:00,69.18,100.00
129-04143,2021-03-15 19:20:00,67.27,100.00
129-04143,2021-03-15 19:30:00,66.87,100.00
129-04143,2021-03-15 19:40:00,68.54,100.00
129-04143,2021-03-15 19:50:00,67.46,100.00
129-04143,2021-03-15 20:00:00,67.39,100.00
129-04143,2021-03-15 20:10:00,67.45,100.00
129-04143,2021-03-15 20:20:00,66.59,100.00
129-04143,2021-03-15 20:30:00,66.67,100.00
129-04143,2021-03-15 20:40:00,67.37,100.00
129-04143,2021-03-15 20:50:00,69.25,100.00
129-04143,2021-03-15 21:00:00,67.13,100.00
129-04143,2021-03-15 21:10:00,67.67,100.00
129-04143,2021-03-15 21:20:00,68.18,100.00
129-04143,2021-03-15 21:30:00,67.36,100.00
129-04143,2021-03-15 21:40:00,70.96,100.00
129-04143,2021-03-15 21:50:00,67.93,100.00
129-04143,2021-03-15 22:00:00,65.60,100.00
129-04143,2021-03-15 22:10:00,67.29,100.00
129-04143,2021-03-15 22:20:00,68.38,100.00
129-04143,2021-03-15 22:30:00,66.79,100.00
129-04143,2021-03-15 22:40:00,72.22,100.00
129-04143,2021-03-15 22:50:00,69.77,100.00
129-04143,2021-03-15 23:00:00,69.88,100.00
129-04143,2021-03-15 23:10:00,71.19,100.00
129-04143,2021-03-15 23:20:00,71.10,100.00
129-04143,2021-03-15 23:30:00,68.38,100.00
129-04143,2021-03-15 23:40:00,67.89,100.00
129-04143,2021-03-15 23:50:00,68.59,100.00
129-04140,2021-03-15 00:00:00,66.39,100.00
129-04140,2021-03-15 00:10:00,64.10,100.00
129-04140,2021-03-15 00:20:00,62.67,100.00
129-04140,2021-03-15 00:30:00,66.50,100.00
129-04140,2021-03-15 00:40:00,66.90,100.00
129-04140,2021-03-15 00:50:00,65.40,100.00
129-04140,2021-03-15 01:00:00,66.79,100.00
129-04140,2021-03-15 01:10:00,65.00,100.00
129-04140,2021-03-15 01:20:00,64.35,100.00
129-04140,2021-03-15 01:30:00,63.32,100.00
129-04140,2021-03-15 01:40:00,65.75,100.00
129-04140,2021-03-15 01:50:00,66.99,100.00
129-04140,2021-03-15 02:00:00,65.69,100.00
129-04140,2021-03-15 02:10:00,63.80,100.00
129-04140,2021-03-15 02:20:00,62.97,100.00
129-04140,2021-03-15 02:30:00,64.80,100.00
129-04140,2021-03-15 02:40:00,63.50,100.00
129-04140,2021-03-15 02:50:00,63.48,96.00
129-04140,2021-03-15 03:00:00,62.09,100.00
129-04140,2021-03-15 03:10:00,67.70,100.00
129-04140,2021-03-15 03:20:00,68.15,100.00
129-04140,2021-03-15 03:30:00,67.75,100.00
129-04140,2021-03-15 03:40:00,66.86,100.00
129-04140,2021-03-15 03:50:00,67.49,100.00
129-04140,2021-03-15 04:00:00,69.58,100.00
129-04140,2021-03-15 04:10:00,71.69,100.00
129-04140,2021-03-15 04:20:00,70.90,100.00
129-04140,2021-03-15 04:30:00,71.35,100.00
129-04140,2021-03-15 04:40:00,72.94,100.00
129-04140,2021-03-15 04:50:00,70.46,100.00
129-04140,2021-03-15 05:00:00,69.45,100.00
129-04140,2021-03-15 05:10:00,70.68,98.00
129-04140,2021-03-15 05:20:00,69.29,99.00
129-04140,2021-03-15 05:30:00,69.18,97.00
129-04140,2021-03-15 05:40:00,65.51,100.00
129-04140,2021-03-15 05:50:00,63.83,100.00
129-04140,2021-03-15 06:00:00,65.61,100.00
129-04140,2021-03-15 06:10:00,65.47,100.00
129-04140,2021-03-15 06:20:00,66.01,100.00
129-04140,2021-03-15 06:30:00,65.42,100.00
129-04140,2021-03-15 06:40:00,65.54,100.00
129-04140,2021-03-15 06:50:00,64.17,100.00
129-04140,2021-03-15 07:00:00,65.95,100.00
129-04140,2021-03-15 07:10:00,64.41,100.00
129-04140,2021-03-15 07:20:00,64.27,100.00
129-04140,2021-03-15 07:30:00,63.94,100.00
129-04140,2021-03-15 07:40:00,62.42,100.00
129-04140,2021-03-15 07:50:00,62.85,100.00
129-04140,2021-03-15 08:00:00,64.93,100.00
129-04140,2021-03-15 08:10:00,64.77,100.00
129-04140,2021-03-15 08:20:00,66.36,100.00
129-04140,2021-03-15 08:30:00,68.17,100.00
129-04140,2021-03-15 08:40:00,66.96,100.00
129-04140,2021-03-15 08:50:00,68.31,100.00
129-04140,2021-03-15 09:00:00,69.08,100.00
129-04140,2021-03-15 09:10:00,67.59,100.00
129-04140,2021-03-15 09:20:00,67.29,100.00
129-04140,2021-03-15 09:30:00,64.90,100.00
129-04140,2021-03-15 09:40:00,68.46,100.00
129-04140,2021-03-15 09:50:00,68.87,100.00
129-04140,2021-03-15 10:00:00,67.47,100.00
129-04140,2021-03-15 10:10:00,67.94,100.00
129-04140,2021-03-15 10:20:00,65.39,100.00
129-04140,2021-03-15 10:30:00,68.68,100.00
129-04140,2021-03-15 10:40:00,68.06,100.00
129-04140,2021-03-15 10:50:00,65.39,100.00
129-04140,2021-03-15 11:00:00,68.17,100.00
129-04140,2021-03-15 11:10:00,68.57,100.00
129-04140,2021-03-15 11:20:00,64.76,100.00
129-04140,2021-03-15 11:30:00,65.79,100.00
129-04140,2021-03-15 11:40:00,65.36,100.00
129-04140,2021-03-15 11:50:00,61.38,100.00
129-04140,2021-03-15 12:00:00,62.90,100.00
129-04140,2021-03-15 12:10:00,63.21,100.00
129-04140,2021-03-15 12:20:00,62.57,100.00
129-04140,2021-03-15 12:30:00,62.62,100.00
129-04140,2021-03-15 12:40:00,61.28,100.00
129-04140,2021-03-15 12:50:00,60.71,100.00
129-04140,2021-03-15 13:00:00,66.44,100.00
129-04140,2021-03-15 13:10:00,67.31,100.00
129-04140,2021-03-15 13:20:00,66.51,100.00
129-04140,2021-03-15 13:30:00,66.96,100.00
129-04140,2021-03-15 13:40:00,63.48,100.00
129-04140,2021-03-15 13:50:00,64.83,100.00
129-04140,2021-03-15 14:00:00,66.25,100.00
129-04140,2021-03-15 14:10:00,66.08,100.00
129-04140,2021-03-15 14:20:00,68.02,100.00
129-04140,2021-03-15 14:30:00,65.14,100.00
129-04140,2021-03-15 14:40:00,65.74,100.00
129-04140,2021-03-15 14:50:00,67.66,100.00
129-04140,2021-03-15 15:00:00,67.83,100.00
129-04140,2021-03-15 15:10:00,66.25,100.00
129-04140,2021-03-15 15:20:00,65.43,100.00
129-04140,2021-03-15 15:30:00,67.55,100.00
129-04140,2021-03-15 15:40:00,68.03,100.00
129-04140,2021-03-15 15:50:00,67.95,100.00
129-04140,2021-03-15 16:00:00,68.88,100.00
129-04140,2021-03-15 16:10:00,67.51,100.00
129-04140,2021-03-15 16:20:00,64.30,100.00
129-04140,2021-03-15 16:30:00,65.56,100.00
129-04140,2021-03-15 16:40:00,67.38,100.00
129-04140,2021-03-15 16:50:00,70.16,100.00
129-04140,2021-03-15 17:00:00,68.06,100.00
129-04140,2021-03-15 17:10:00,65.36,100.00
129-04140,2021-03-15 17:20:00,70.99,100.00
129-04140,2021-03-15 17:30:00,68.91,100.00
129-04140,2021-03-15 17:40:00,68.01,100.00
129-04140,2021-03-15 17:50:00,69.15,100.00
129-04140,2021-03-15 18:00:00,69.57,100.00
129-04140,2021-03-15 18:10:00,69.77,100.00
129-04140,2021-03-15 18:20:00,68.72,100.00
129-04140,2021-03-15 18:30:00,67.85,100.00
129-04140,2021-03-15 18:40:00,69.66,100.00
129-04140,2021-03-15 18:50:00,69.47,100.00
129-04140,2021-03-15 19:00:00,68.26,100.00
129-04140,2021-03-15 19:10:00,66.34,100.00
129-04140,2021-03-15 19:20:00,70.29,100.00
129-04140,2021-03-15 19:30:00,69.35,100.00
129-04140,2021-03-15 19:40:00,67.26,100.00
129-04140,2021-03-15 19:50:00,66.62,100.00
129-04140,2021-03-15 20:00:00,67.75,100.00
129-04140,2021-03-15 20:10:00,68.17,100.00
129-04140,2021-03-15 20:20:00,65.89,100.00
129-04140,2021-03-15 20:30:00,69.97,100.00
129-04140,2021-03-15 20:40:00,68.09,100.00
129-04140,2021-03-15 20:50:00,68.43,100.00
129-04140,2021-03-15 21:00:00,67.49,100.00
129-04140,2021-03-15 21:10:00,65.34,100.00
129-04140,2021-03-15 21:20:00,68.79,100.00
129-04140,2021-03-15 21:30:00,72.78,100.00
129-04140,2021-03-15 21:40:00,71.27,100.00
129-04140,2021-03-15 21:50:00,69.39,100.00
129-04140,2021-03-15 22:00:00,68.39,100.00
129-04140,2021-03-15 22:10:00,71.88,100.00
129-04140,2021-03-15 22:20:00,70.39,100.00
129-04140,2021-03-15 22:30:00,67.00,100.00
129-04140,2021-03-15 22:40:00,67.99,100.00
129-04140,2021-03-15 22:50:00,66.42,100.00
129-04140,2021-03-15 23:00:00,57.29,100.00
129-04140,2021-03-15 23:10:00,64.47,100.00
129-04140,2021-03-15 23:20:00,64.48,100.00
129-04140,2021-03-15 23:30:00,66.40,100.00
129-04140,2021-03-15 23:40:00,65.76,100.00
129-04140,2021-03-15 23:50:00,66.69,100.00
129-04141,2021-03-15 00:00:00,64.00,100.00
129-04141,2021-03-15 00:10:00,64.77,100.00
129-04141,2021-03-15 00:20:00,66.99,100.00
129-04141,2021-03-15 00:30:00,67.80,100.00
129-04141,2021-03-15 00:40:00,63.25,100.00
129-04141,2021-03-15 00:50:00,62.82,100.00
129-04141,2021-03-15 01:00:00,67.79,100.00
129-04141,2021-03-15 01:10:00,68.29,100.00
129-04141,2021-03-15 01:20:00,68.63,100.00
129-04141,2021-03-15 01:30:00,71.08,100.00
129-04141,2021-03-15 01:40:00,69.29,100.00
129-04141,2021-03-15 01:50:00,69.29,100.00
129-04141,2021-03-15 02:00:00,64.17,100.00
129-04141,2021-03-15 02:10:00,60.10,100.00
129-04141,2021-03-15 02:20:00,62.64,100.00
129-04141,2021-03-15 02:30:00,63.48,100.00
129-04141,2021-03-15 02:40:00,62.30,100.00
129-04141,2021-03-15 02:50:00,59.47,100.00
129-04141,2021-03-15 03:00:00,62.83,100.00
129-04141,2021-03-15 03:10:00,66.90,100.00
129-04141,2021-03-15 03:20:00,70.64,100.00
129-04141,2021-03-15 03:30:00,66.24,100.00
129-04141,2021-03-15 03:40:00,65.60,100.00
129-04141,2021-03-15 03:50:00,66.88,100.00
129-04141,2021-03-15 04:00:00,69.38,100.00
129-04141,2021-03-15 04:10:00,68.62,100.00
129-04141,2021-03-15 04:20:00,68.38,100.00
129-04141,2021-03-15 04:30:00,71.67,100.00
129-04141,2021-03-15 04:40:00,73.27,100.00
129-04141,2021-03-15 04:50:00,71.37,100.00
129-04141,2021-03-15 05:00:00,70.46,100.00
129-04141,2021-03-15 05:10:00,72.38,100.00
129-04141,2021-03-15 05:20:00,71.35,100.00
129-04141,2021-03-15 05:30:00,70.47,100.00
129-04141,2021-03-15 05:40:00,68.47,100.00
129-04141,2021-03-15 05:50:00,68.68,100.00
129-04141,2021-03-15 06:00:00,68.77,100.00
129-04141,2021-03-15 06:10:00,66.77,100.00
129-04141,2021-03-15 06:20:00,69.78,100.00
129-04141,2021-03-15 06:30:00,66.97,100.00
129-04141,2021-03-15 06:40:00,68.47,100.00
129-04141,2021-03-15 06:50:00,67.79,100.00
129-04141,2021-03-15 07:00:00,67.08,100.00
129-04141,2021-03-15 07:10:00,66.67,100.00
129-04141,2021-03-15 07:20:00,65.69,100.00
129-04141,2021-03-15 07:30:00,66.61,100.00
129-04141,2021-03-15 07:40:00,66.47,100.00
129-04141,2021-03-15 07:50:00,65.23,100.00
129-04141,2021-03-15 08:00:00,67.47,100.00
129-04141,2021-03-15 08:10:00,66.85,100.00
129-04141,2021-03-15 08:20:00,66.18,100.00
129-04141,2021-03-15 08:30:00,68.06,100.00
129-04141,2021-03-15 08:40:00,67.08,100.00
129-04141,2021-03-15 08:50:00,68.96,100.00
129-04141,2021-03-15 09:00:00,70.23,100.00
129-04141,2021-03-15 09:10:00,66.65,100.00
129-04141,2021-03-15 09:20:00,67.95,100.00
129-04141,2021-03-15 09:30:00,67.11,100.00
129-04141,2021-03-15 09:40:00,68.69,100.00
129-04141,2021-03-15 09:50:00,68.17,100.00
129-04141,2021-03-15 10:00:00,68.37,100.00
129-04141,2021-03-15 10:10:00,68.67,100.00
129-04141,2021-03-15 10:20:00,68.16,100.00
129-04141,2021-03-15 10:30:00,68.08,100.00
129-04141,2021-03-15 10:40:00,65.66,100.00
129-04141,2021-03-15 10:50:00,69.56,100.00
129-04141,2021-03-15 11:00:00,68.67,100.00
129-04141,2021-03-15 11:10:00,66.72,100.00
129-04141,2021-03-15 11:20:00,65.26,100.00
129-04141,2021-03-15 11:30:00,67.77,100.00
129-04141,2021-03-15 11:40:00,60.50,100.00
129-04141,2021-03-15 11:50:00,64.81,100.00
129-04141,2021-03-15 12:00:00,66.38,100.00
129-04141,2021-03-15 12:10:00,66.67,100.00
129-04141,2021-03-15 12:20:00,66.36,100.00
129-04141,2021-03-15 12:30:00,69.89,100.00
129-04141,2021-03-15 12:40:00,66.64,100.00
129-04141,2021-03-15 12:50:00,66.76,100.00
129-04141,2021-03-15 13:00:00,68.94,100.00
129-04141,2021-03-15 13:10:00,68.05,100.00
129-04141,2021-03-15 13:20:00,66.70,100.00
129-04141,2021-03-15 13:30:00,67.78,100.00
129-04141,2021-03-15 13:40:00,66.15,100.00
129-04141,2021-03-15 13:50:00,67.47,100.00
129-04141,2021-03-15 14:00:00,67.43,100.00
129-04141,2021-03-15 14:10:00,66.74,100.00
129-04141,2021-03-15 14:20:00,69.72,100.00
129-04141,2021-03-15 14:30:00,66.96,100.00
129-04141,2021-03-15 14:40:00,68.63,100.00
129-04141,2021-03-15 14:50:00,69.16,100.00
129-04141,2021-03-15 15:00:00,68.38,100.00
129-04141,2021-03-15 15:10:00,67.03,100.00
129-04141,2021-03-15 15:20:00,67.86,100.00
129-04141,2021-03-15 15:30:00,65.98,100.00
129-04141,2021-03-15 15:40:00,68.45,100.00
129-04141,2021-03-15 15:50:00,67.03,100.00
129-04141,2021-03-15 16:00:00,67.55,100.00
129-04141,2021-03-15 16:10:00,68.17,100.00
129-04141,2021-03-15 16:20:00,66.58,100.00
129-04141,2021-03-15 16:30:00,64.85,100.00
129-04141,2021-03-15 16:40:00,65.78,100.00
129-04141,2021-03-15 16:50:00,69.63,100.00
129-04141,2021-03-15 17:00:00,69.00,100.00
129-04141,2021-03-15 17:10:00,68.06,100.00
129-04141,2021-03-15 17:20:00,67.66,100.00
129-04141,2021-03-15 17:30:00,67.42,100.00
129-04141,2021-03-15 17:40:00,69.73,100.00
129-04141,2021-03-15 17:50:00,69.86,100.00
129-04141,2021-03-15 18:00:00,69.28,100.00
129-04141,2021-03-15 18:10:00,68.78,100.00
129-04141,2021-03-15 18:20:00,69.69,100.00
129-04141,2021-03-15 18:30:00,69.23,100.00
129-04141,2021-03-15 18:40:00,69.85,100.00
129-04141,2021-03-15 18:50:00,68.87,100.00
129-04141,2021-03-15 19:00:00,67.97,100.00
129-04141,2021-03-15 19:10:00,66.10,100.00
129-04141,2021-03-15 19:20:00,67.22,100.00
129-04141,2021-03-15 19:30:00,69.57,100.00
129-04141,2021-03-15 19:40:00,67.65,100.00
129-04141,2021-03-15 19:50:00,69.38,100.00
129-04141,2021-03-15 20:00:00,65.37,100.00
129-04141,2021-03-15 20:10:00,66.38,100.00
129-04141,2021-03-15 20:20:00,68.96,100.00
129-04141,2021-03-15 20:30:00,71.68,100.00
129-04141,2021-03-15 20:40:00,69.59,100.00
129-04141,2021-03-15 20:50:00,69.44,100.00
129-04141,2021-03-15 21:00:00,66.95,100.00
129-04141,2021-03-15 21:10:00,67.84,100.00
129-04141,2021-03-15 21:20:00,69.39,100.00
129-04141,2021-03-15 21:30:00,69.65,100.00
129-04141,2021-03-15 21:40:00,71.99,100.00
129-04141,2021-03-15 21:50:00,70.70,100.00
129-04141,2021-03-15 22:00:00,69.57,100.00
129-04141,2021-03-15 22:10:00,69.28,100.00
129-04141,2021-03-15 22:20:00,67.57,100.00
129-04141,2021-03-15 22:30:00,65.29,100.00
129-04141,2021-03-15 22:40:00,70.22,100.00
129-04141,2021-03-15 22:50:00,70.78,100.00
129-04141,2021-03-15 23:00:00,67.46,100.00
129-04141,2021-03-15 23:10:00,68.08,100.00
129-04141,2021-03-15 23:20:00,73.00,100.00
129-04141,2021-03-15 23:30:00,73.00,100.00
129-04141,2021-03-15 23:40:00,67.78,100.00
129-04141,2021-03-15 23:50:00,62.38,100.00
129-14199,2021-03-15 00:00:00,62.80,100.00
129-14199,2021-03-15 00:10:00,53.27,100.00
129-14199,2021-03-15 00:20:00,51.96,100.00
129-14199,2021-03-15 00:30:00,54.20,97.00
129-14199,2021-03-15 00:40:00,60.02,91.00
129-14199,2021-03-15 00:50:00,57.80,100.00
129-14199,2021-03-15 01:00:00,50.94,100.00
129-14199,2021-03-15 01:10:00,48.80,100.00
129-14199,2021-03-15 01:20:00,48.40,100.00
129-14199,2021-03-15 01:30:00,48.30,95.00
129-14199,2021-03-15 01:40:00,48.00,84.00
129-14199,2021-03-15 01:50:00,30.46,86.00
129-14199,2021-03-15 02:00:00,24.69,90.00
129-14199,2021-03-15 02:10:00,27.09,90.00
129-14199,2021-03-15 02:20:00,45.28,99.00
129-14199,2021-03-15 02:30:00,48.00,93.00
129-14199,2021-03-15 02:40:00,47.99,92.00
129-14199,2021-03-15 02:50:00,49.20,100.00
129-14199,2021-03-15 03:00:00,48.80,100.00
129-14199,2021-03-15 03:10:00,48.60,94.00
129-14199,2021-03-15 03:20:00,49.00,90.00
129-14199,2021-03-15 03:30:00,49.00,90.00
129-14199,2021-03-15 03:40:00,33.27,92.00
129-14199,2021-03-15 03:50:00,32.39,94.00
129-14199,2021-03-15 04:00:00,40.19,100.00
129-14199,2021-03-15 04:10:00,54.03,100.00
129-14199,2021-03-15 04:20:00,58.87,100.00
129-14199,2021-03-15 04:30:00,59.07,100.00
129-14199,2021-03-15 04:40:00,54.99,100.00
129-14199,2021-03-15 04:50:00,63.46,96.00
129-14199,2021-03-15 05:00:00,65.70,100.00
129-14199,2021-03-15 05:10:00,65.00,97.00
129-14199,2021-03-15 05:20:00,61.30,100.00
129-14199,2021-03-15 05:30:00,57.73,100.00
129-14199,2021-03-15 05:40:00,56.08,100.00
129-14199,2021-03-15 05:50:00,55.30,100.00
129-14199,2021-03-15 06:00:00,56.70,100.00
129-14199,2021-03-15 06:10:00,53.59,100.00
129-14199,2021-03-15 06:20:00,41.71,100.00
129-14199,2021-03-15 06:30:00,42.71,100.00
129-14199,2021-03-15 06:40:00,46.14,100.00
129-14199,2021-03-15 06:50:00,50.84,100.00
129-14199,2021-03-15 07:00:00,47.39,100.00
129-14199,2021-03-15 07:10:00,47.80,100.00
129-14199,2021-03-15 07:20:00,49.35,100.00
129-14199,2021-03-15 07:30:00,47.49,100.00
129-14199,2021-03-15 07:40:00,49.78,100.00
129-14199,2021-03-15 07:50:00,47.48,100.00
129-14199,2021-03-15 08:00:00,53.54,100.00
129-14199,2021-03-15 08:10:00,50.77,100.00
129-14199,2021-03-15 08:20:00,46.36,100.00
129-14199,2021-03-15 08:30:00,44.76,100.00
129-14199,2021-03-15 08:40:00,48.07,100.00
129-14199,2021-03-15 08:50:00,47.95,100.00
129-14199,2021-03-15 09:00:00,46.55,100.00
129-14199,2021-03-15 09:10:00,49.20,100.00
129-14199,2021-03-15 09:20:00,47.90,100.00
129-14199,2021-03-15 09:30:00,53.44,100.00
129-14199,2021-03-15 09:40:00,37.60,100.00
129-14199,2021-03-15 09:50:00,42.93,100.00
129-14199,2021-03-15 10:00:00,49.55,100.00
129-14199,2021-03-15 10:10:00,54.70,100.00
129-14199,2021-03-15 10:20:00,49.62,100.00
129-14199,2021-03-15 10:30:00,43.67,100.00
129-14199,2021-03-15 10:40:00,42.05,99.00
129-14199,2021-03-15 10:50:00,42.57,100.00
129-14199,2021-03-15 11:00:00,54.65,100.00
129-14199,2021-03-15 11:10:00,52.59,100.00
129-14199,2021-03-15 11:20:00,49.33,100.00
129-14199,2021-03-15 11:30:00,47.38,100.00
129-14199,2021-03-15 11:40:00,37.55,100.00
129-14199,2021-03-15 11:50:00,46.61,100.00
129-14199,2021-03-15 12:00:00,52.08,100.00
129-14199,2021-03-15 12:10:00,48.14,100.00
129-14199,2021-03-15 12:20:00,45.24,100.00
129-14199,2021-03-15 12:30:00,37.99,100.00
129-14199,2021-03-15 12:40:00,42.49,100.00
129-14199,2021-03-15 12:50:00,49.94,100.00
129-14199,2021-03-15 13:00:00,53.29,100.00
129-14199,2021-03-15 13:10:00,45.38,100.00
129-14199,2021-03-15 13:20:00,51.03,100.00
129-14199,2021-03-15 13:30:00,37.51,100.00
129-14199,2021-03-15 13:40:00,46.81,100.00
129-14199,2021-03-15 13:50:00,48.88,100.00
129-14199,2021-03-15 14:00:00,48.40,98.00
129-14199,2021-03-15 14:10:00,31.33,100.00
129-14199,2021-03-15 14:20:00,21.57,100.00
129-14199,2021-03-15 14:30:00,12.39,100.00
129-14199,2021-03-15 14:40:00,9.92,100.00
129-14199,2021-03-15 14:50:00,13.02,100.00
129-14199,2021-03-15 15:00:00,18.22,100.00
129-14199,2021-03-15 15:10:00,17.83,100.00
129-14199,2021-03-15 15:20:00,12.27,100.00
129-14199,2021-03-15 15:30:00,10.89,100.00
129-14199,2021-03-15 15:40:00,20.11,100.00
129-14199,2021-03-15 15:50:00,17.16,100.00
129-14199,2021-03-15 16:00:00,17.77,100.00
129-14199,2021-03-15 16:10:00,22.13,100.00
129-14199,2021-03-15 16:20:00,20.66,100.00
129-14199,2021-03-15 16:30:00,12.63,100.00
129-14199,2021-03-15 16:40:00,14.06,100.00
129-14199,2021-03-15 16:50:00,23.78,100.00
129-14199,2021-03-15 17:00:00,26.34,98.00
129-14199,2021-03-15 17:10:00,44.35,88.00
129-14199,2021-03-15 17:20:00,37.94,92.00
129-14199,2021-03-15 17:30:00,34.93,90.00
129-14199,2021-03-15 17:40:00,45.64,90.00
129-14199,2021-03-15 17:50:00,52.06,90.00
129-14199,2021-03-15 18:00:00,44.81,90.00
129-14199,2021-03-15 18:10:00,54.67,90.00
129-14199,2021-03-15 18:20:00,48.37,90.00
129-14199,2021-03-15 18:30:00,50.87,89.00
129-14199,2021-03-15 18:40:00,51.27,89.00
129-14199,2021-03-15 18:50:00,48.70,90.00
129-14199,2021-03-15 19:00:00,49.62,97.00
129-14199,2021-03-15 19:10:00,49.29,100.00
129-14199,2021-03-15 19:20:00,49.58,100.00
129-14199,2021-03-15 19:30:00,49.94,100.00
129-14199,2021-03-15 19:40:00,52.36,100.00
129-14199,2021-03-15 19:50:00,52.37,100.00
129-14199,2021-03-15 20:00:00,46.23,100.00
129-14199,2021-03-15 20:10:00,54.10,100.00
129-14199,2021-03-15 20:20:00,55.19,100.00
129-14199,2021-03-15 20:30:00,56.39,100.00
129-14199,2021-03-15 20:40:00,58.49,100.00
129-14199,2021-03-15 20:50:00,56.69,100.00
129-14199,2021-03-15 21:00:00,56.15,100.00
129-14199,2021-03-15 21:10:00,55.67,100.00
129-14199,2021-03-15 21:20:00,53.41,100.00
129-14199,2021-03-15 21:30:00,52.30,100.00
129-14199,2021-03-15 21:40:00,50.98,100.00
129-14199,2021-03-15 21:50:00,40.14,100.00
129-14199,2021-03-15 22:00:00,39.59,100.00
129-14199,2021-03-15 22:10:00,52.23,100.00
129-14199,2021-03-15 22:20:00,57.55,100.00
129-14199,2021-03-15 22:30:00,63.79,100.00
129-14199,2021-03-15 22:40:00,56.22,100.00
129-14199,2021-03-15 22:50:00,52.80,100.00
129-14199,2021-03-15 23:00:00,53.93,100.00
129-14199,2021-03-15 23:10:00,52.10,100.00
129-14199,2021-03-15 23:20:00,50.49,100.00
129-14199,2021-03-15 23:30:00,51.28,100.00
129-14199,2021-03-15 23:40:00,52.40,100.00
129-14199,2021-03-15 23:50:00,44.10,100.00
129-14217,2021-03-15 00:00:00,64.39,100.00
129-14217,2021-03-15 00:10:00,66.52,100.00
129-14217,2021-03-15 00:20:00,68.79,100.00
129-14217,2021-03-15 00:30:00,70.29,100.00
129-14217,2021-03-15 00:40:00,69.10,100.00
129-14217,2021-03-15 00:50:00,69.30,100.00
129-14217,2021-03-15 01:00:00,69.00,95.00
129-14217,2021-03-15 01:10:00,59.86,100.00
129-14217,2021-03-15 01:20:00,62.37,100.00
129-14217,2021-03-15 01:30:00,61.19,100.00
129-14217,2021-03-15 01:40:00,60.09,92.00
129-14217,2021-03-15 01:50:00,67.10,98.00
129-14217,2021-03-15 02:00:00,67.67,100.00
129-14217,2021-03-15 02:10:00,66.50,100.00
129-14217,2021-03-15 02:20:00,65.89,100.00
129-14217,2021-03-15 02:30:00,63.59,94.00
129-14217,2021-03-15 02:40:00,61.16,99.00
129-14217,2021-03-15 02:50:00,65.50,100.00
129-14217,2021-03-15 03:00:00,62.77,100.00
129-14217,2021-03-15 03:10:00,56.62,100.00
129-14217,2021-03-15 03:20:00,57.10,100.00
129-14217,2021-03-15 03:30:00,58.29,100.00
129-14217,2021-03-15 03:40:00,66.07,100.00
129-14217,2021-03-15 03:50:00,67.74,100.00
129-14217,2021-03-15 04:00:00,69.90,100.00
129-14217,2021-03-15 04:10:00,69.95,100.00
129-14217,2021-03-15 04:20:00,70.75,100.00
129-14217,2021-03-15 04:30:00,70.68,100.00
129-14217,2021-03-15 04:40:00,70.89,100.00
129-14217,2021-03-15 04:50:00,71.39,100.00
129-14217,2021-03-15 05:00:00,71.06,100.00
129-14217,2021-03-15 05:10:00,70.00,100.00
129-14217,2021-03-15 05:20:00,65.74,100.00
129-14217,2021-03-15 05:30:00,66.85,100.00
129-14217,2021-03-15 05:40:00,67.11,98.00
129-14217,2021-03-15 05:50:00,64.79,100.00
129-14217,2021-03-15 06:00:00,64.67,99.00
129-14217,2021-03-15 06:10:00,60.15,98.00
129-14217,2021-03-15 06:20:00,58.31,100.00
129-14217,2021-03-15 06:30:00,58.34,95.00
129-14217,2021-03-15 06:40:00,59.60,91.00
129-14217,2021-03-15 06:50:00,52.79,94.00
129-14217,2021-03-15 07:00:00,64.05,90.00
129-14217,2021-03-15 07:10:00,63.88,90.00
129-14217,2021-03-15 07:20:00,62.41,90.00
129-14217,2021-03-15 07:30:00,60.43,90.00
129-14217,2021-03-15 07:40:00,61.87,90.00
129-14217,2021-03-15 07:50:00,60.32,90.00
129-14217,2021-03-15 08:00:00,63.11,90.00
129-14217,2021-03-15 08:10:00,59.11,90.00
129-14217,2021-03-15 08:20:00,61.94,90.00
129-14217,2021-03-15 08:30:00,62.54,90.00
129-14217,2021-03-15 08:40:00,62.26,90.00
129-14217,2021-03-15 08:50:00,64.41,90.00
129-14217,2021-03-15 09:00:00,66.17,90.00
129-14217,2021-03-15 09:10:00,61.69,90.00
129-14217,2021-03-15 09:20:00,65.05,90.00
129-14217,2021-03-15 09:30:00,64.07,90.00
129-14217,2021-03-15 09:40:00,61.98,90.00
129-14217,2021-03-15 09:50:00,66.32,90.00
129-14217,2021-03-15 10:00:00,65.48,99.00
129-14217,2021-03-15 10:10:00,62.92,100.00
129-14217,2021-03-15 10:20:00,67.36,100.00
129-14217,2021-03-15 10:30:00,63.75,100.00
129-14217,2021-03-15 10:40:00,64.92,100.00
129-14217,2021-03-15 10:50:00,67.07,100.00
129-14217,2021-03-15 11:00:00,65.75,100.00
129-14217,2021-03-15 11:10:00,64.91,100.00
129-14217,2021-03-15 11:20:00,66.19,100.00
129-14217,2021-03-15 11:30:00,65.14,100.00
129-14217,2021-03-15 11:40:00,66.06,100.00
129-14217,2021-03-15 11:50:00,67.87,100.00
129-14217,2021-03-15 12:00:00,66.89,100.00
129-14217,2021-03-15 12:10:00,64.08,100.00
129-14217,2021-03-15 12:20:00,62.56,100.00
129-14217,2021-03-15 12:30:00,68.55,100.00
129-14217,2021-03-15 12:40:00,67.38,100.00
129-14217,2021-03-15 12:50:00,66.46,100.00
129-14217,2021-03-15 13:00:00,67.18,100.00
129-14217,2021-03-15 13:10:00,67.65,100.00
129-14217,2021-03-15 13:20:00,66.89,100.00
129-14217,2021-03-15 13:30:00,63.96,100.00
129-14217,2021-03-15 13:40:00,64.42,100.00
129-14217,2021-03-15 13:50:00,67.37,100.00
129-14217,2021-03-15 14:00:00,64.95,100.00
129-14217,2021-03-15 14:10:00,65.65,100.00
129-14217,2021-03-15 14:20:00,68.38,100.00
129-14217,2021-03-15 14:30:00,68.73,100.00
129-14217,2021-03-15 14:40:00,67.47,100.00
129-14217,2021-03-15 14:50:00,68.59,100.00
129-14217,2021-03-15 15:00:00,66.91,100.00
129-14217,2021-03-15 15:10:00,64.19,100.00
129-14217,2021-03-15 15:20:00,63.36,100.00
129-14217,2021-03-15 15:30:00,66.44,100.00
129-14217,2021-03-15 15:40:00,66.98,100.00
129-14217,2021-03-15 15:50:00,66.47,100.00
129-14217,2021-03-15 16:00:00,67.96,100.00
129-14217,2021-03-15 16:10:00,67.08,100.00
129-14217,2021-03-15 16:20:00,68.25,100.00
129-14217,2021-03-15 16:30:00,66.42,100.00
129-14217,2021-03-15 16:40:00,68.28,100.00
129-14217,2021-03-15 16:50:00,67.85,100.00
129-14217,2021-03-15 17:00:00,66.69,100.00
129-14217,2021-03-15 17:10:00,65.61,100.00
129-14217,2021-03-15 17:20:00,66.56,100.00
129-14217,2021-03-15 17:30:00,68.82,100.00
129-14217,2021-03-15 17:40:00,67.97,100.00
129-14217,2021-03-15 17:50:00,64.04,100.00
129-14217,2021-03-15 18:00:00,69.42,100.00
129-14217,2021-03-15 18:10:00,65.92,100.00
129-14217,2021-03-15 18:20:00,65.81,100.00
129-14217,2021-03-15 18:30:00,66.21,100.00
129-14217,2021-03-15 18:40:00,67.46,100.00
129-14217,2021-03-15 18:50:00,66.95,100.00
129-14217,2021-03-15 19:00:00,68.23,100.00
129-14217,2021-03-15 19:10:00,67.89,100.00
129-14217,2021-03-15 19:20:00,65.86,100.00
129-14217,2021-03-15 19:30:00,65.69,100.00
129-14217,2021-03-15 19:40:00,66.76,100.00
129-14217,2021-03-15 19:50:00,65.09,100.00
129-14217,2021-03-15 20:00:00,65.41,100.00
129-14217,2021-03-15 20:10:00,68.48,100.00
129-14217,2021-03-15 20:20:00,65.60,100.00
129-14217,2021-03-15 20:30:00,69.16,100.00
129-14217,2021-03-15 20:40:00,67.71,100.00
129-14217,2021-03-15 20:50:00,64.94,100.00
129-14217,2021-03-15 21:00:00,62.35,100.00
129-14217,2021-03-15 21:10:00,62.18,100.00
129-14217,2021-03-15 21:20:00,65.16,100.00
129-14217,2021-03-15 21:30:00,69.36,100.00
129-14217,2021-03-15 21:40:00,67.35,100.00
129-14217,2021-03-15 21:50:00,66.85,100.00
129-14217,2021-03-15 22:00:00,67.29,100.00
129-14217,2021-03-15 22:10:00,67.46,100.00
129-14217,2021-03-15 22:20:00,68.47,100.00
129-14217,2021-03-15 22:30:00,72.08,100.00
129-14217,2021-03-15 22:40:00,65.95,100.00
129-14217,2021-03-15 22:50:00,63.74,100.00
129-14217,2021-03-15 23:00:00,64.10,100.00
129-14217,2021-03-15 23:10:00,67.14,100.00
129-14217,2021-03-15 23:20:00,68.49,100.00
129-14217,2021-03-15 23:30:00,68.48,100.00
129-14217,2021-03-15 23:40:00,63.51,100.00
129-14217,2021-03-15 23:50:00,62.87,100.00
