tmc,tstamp,speed,cvalue
129-04368,2020-08-15 00:00:00,68.87,65.90
129-04368,2020-08-15 00:10:00,67.94,87.50
129-04368,2020-08-15 00:20:00,61.80,46.00
129-04368,2020-08-15 00:30:00,71.69,62.33
129-04368,2020-08-15 00:40:00,78.44,37.80
129-04368,2020-08-15 00:50:00,68.72,86.30
129-04368,2020-08-15 01:00:00,72.18,93.70
129-04368,2020-08-15 01:10:00,67.38,62.33
129-04368,2020-08-15 01:20:00,,
129-04368,2020-08-15 01:30:00,62.38,45.71
129-04368,2020-08-15 01:40:00,65.79,92.60
129-04368,2020-08-15 01:50:00,63.78,94.80
129-04368,2020-08-15 02:00:00,65.41,88.00
129-04368,2020-08-15 02:10:00,59.35,66.14
129-04368,2020-08-15 02:20:00,62.00,96.25
129-04368,2020-08-15 02:30:00,64.07,87.13
129-04368,2020-08-15 02:40:00,65.62,78.10
129-04368,2020-08-15 02:50:00,69.00,62.33
129-04368,2020-08-15 03:00:00,63.00,95.38
129-04368,2020-08-15 03:10:00,63.00,93.90
129-04368,2020-08-15 03:20:00,62.60,90.60
129-04368,2020-08-15 03:30:00,65.67,88.13
129-04368,2020-08-15 03:40:00,64.61,70.10
129-04368,2020-08-15 03:50:00,66.45,67.33
129-04368,2020-08-15 04:00:00,70.19,63.50
129-04368,2020-08-15 04:10:00,71.00,79.13
129-04368,2020-08-15 04:20:00,68.20,91.00
129-04368,2020-08-15 04:30:00,69.68,95.30
129-04368,2020-08-15 04:40:00,73.45,63.40
129-04368,2020-08-15 04:50:00,68.56,63.00
129-04368,2020-08-15 05:00:00,78.59,39.00
129-04368,2020-08-15 05:10:00,70.56,40.38
129-04368,2020-08-15 05:20:00,69.28,88.10
129-04368,2020-08-15 05:30:00,74.26,71.20
129-04368,2020-08-15 05:40:00,73.62,93.60
129-04368,2020-08-15 05:50:00,77.35,81.80
129-04368,2020-08-15 06:00:00,75.86,99.80
129-04368,2020-08-15 06:10:00,75.23,95.40
129-04368,2020-08-15 06:20:00,74.52,93.00
129-04368,2020-08-15 06:30:00,70.47,99.40
129-04368,2020-08-15 06:40:00,70.48,100.00
129-04368,2020-08-15 06:50:00,69.76,100.00
129-04368,2020-08-15 07:00:00,70.95,99.30
129-04368,2020-08-15 07:10:00,70.59,100.00
129-04368,2020-08-15 07:20:00,74.98,100.00
129-04368,2020-08-15 07:30:00,72.88,100.00
129-04368,2020-08-15 07:40:00,74.89,100.00
129-04368,2020-08-15 07:50:00,72.89,100.00
129-04368,2020-08-15 08:00:00,68.69,100.00
129-04368,2020-08-15 08:10:00,69.15,100.00
129-04368,2020-08-15 08:20:00,68.08,100.00
129-04368,2020-08-15 08:30:00,69.93,100.00
129-04368,2020-08-15 08:40:00,70.68,100.00
129-04368,2020-08-15 08:50:00,68.67,100.00
129-04368,2020-08-15 09:00:00,72.59,95.90
129-04368,2020-08-15 09:10:00,69.35,100.00
129-04368,2020-08-15 09:20:00,72.08,100.00
129-04368,2020-08-15 09:30:00,72.78,100.00
129-04368,2020-08-15 09:40:00,69.18,100.00
129-04368,2020-08-15 09:50:00,68.68,100.00
129-04368,2020-08-15 10:00:00,69.89,100.00
129-04368,2020-08-15 10:10:00,68.47,100.00
129-04368,2020-08-15 10:20:00,70.29,100.00
129-04368,2020-08-15 10:30:00,64.63,100.00
129-04368,2020-08-15 10:40:00,64.91,100.00
129-04368,2020-08-15 10:50:00,70.39,100.00
129-04368,2020-08-15 11:00:00,69.69,100.00
129-04368,2020-08-15 11:10:00,67.39,100.00
129-04368,2020-08-15 11:20:00,66.87,100.00
129-04368,2020-08-15 11:30:00,70.13,100.00
129-04368,2020-08-15 11:40:00,68.44,100.00
129-04368,2020-08-15 11:50:00,69.48,100.00
129-04368,2020-08-15 12:00:00,67.94,100.00
129-04368,2020-08-15 12:10:00,68.77,100.00
129-04368,2020-08-15 12:20:00,68.15,100.00
129-04368,2020-08-15 12:30:00,70.07,100.00
129-04368,2020-08-15 12:40:00,68.85,100.00
129-04368,2020-08-15 12:50:00,68.50,100.00
129-04368,2020-08-15 13:00:00,64.66,100.00
129-04368,2020-08-15 13:10:00,67.29,100.00
129-04368,2020-08-15 13:20:00,70.77,100.00
129-04368,2020-08-15 13:30:00,67.47,100.00
129-04368,2020-08-15 13:40:00,68.57,100.00
129-04368,2020-08-15 13:50:00,70.04,100.00
129-04368,2020-08-15 14:00:00,69.97,100.00
129-04368,2020-08-15 14:10:00,68.39,100.00
129-04368,2020-08-15 14:20:00,70.50,100.00
129-04368,2020-08-15 14:30:00,68.97,100.00
129-04368,2020-08-15 14:40:00,67.58,100.00
129-04368,2020-08-15 14:50:00,68.29,100.00
129-04368,2020-08-15 15:00:00,69.58,100.00
129-04368,2020-08-15 15:10:00,68.67,100.00
129-04368,2020-08-15 15:20:00,70.28,100.00
129-04368,2020-08-15 15:30:00,68.98,100.00
129-04368,2020-08-15 15:40:00,70.17,100.00
129-04368,2020-08-15 15:50:00,73.20,100.00
129-04368,2020-08-15 16:00:00,74.26,100.00
129-04368,2020-08-15 16:10:00,72.09,100.00
129-04368,2020-08-15 16:20:00,71.69,100.00
129-04368,2020-08-15 16:30:00,71.09,100.00
129-04368,2020-08-15 16:40:00,72.87,100.00
129-04368,2020-08-15 16:50:00,69.23,100.00
129-04368,2020-08-15 17:00:00,69.17,100.00
129-04368,2020-08-15 17:10:00,70.00,100.00
129-04368,2020-08-15 17:20:00,69.46,100.00
129-04368,2020-08-15 17:30:00,72.19,100.00
129-04368,2020-08-15 17:40:00,70.89,100.00
129-04368,2020-08-15 17:50:00,70.05,100.00
129-04368,2020-08-15 18:00:00,69.49,100.00
129-04368,2020-08-15 18:10:00,70.48,100.00
129-04368,2020-08-15 18:20:00,71.94,100.00
129-04368,2020-08-15 18:30:00,72.12,100.00
129-04368,2020-08-15 18:40:00,70.57,100.00
129-04368,2020-08-15 18:50:00,70.72,100.00
129-04368,2020-08-15 19:00:00,72.34,100.00
129-04368,2020-08-15 19:10:00,70.09,100.00
129-04368,2020-08-15 19:20:00,71.96,99.00
129-04368,2020-08-15 19:30:00,71.06,100.00
129-04368,2020-08-15 19:40:00,74.26,100.00
129-04368,2020-08-15 19:50:00,73.89,100.00
129-04368,2020-08-15 20:00:00,71.47,100.00
129-04368,2020-08-15 20:10:00,72.99,100.00
129-04368,2020-08-15 20:20:00,69.25,98.80
129-04368,2020-08-15 20:30:00,65.65,100.00
129-04368,2020-08-15 20:40:00,69.79,100.00
129-04368,2020-08-15 20:50:00,71.28,91.90
129-04368,2020-08-15 21:00:00,68.07,100.00
129-04368,2020-08-15 21:10:00,68.87,97.40
129-04368,2020-08-15 21:20:00,69.62,100.00
129-04368,2020-08-15 21:30:00,65.38,100.00
129-04368,2020-08-15 21:40:00,70.47,90.50
129-04368,2020-08-15 21:50:00,72.40,90.30
129-04368,2020-08-15 22:00:00,70.33,100.00
129-04368,2020-08-15 22:10:00,67.99,100.00
129-04368,2020-08-15 22:20:00,71.51,90.80
129-04368,2020-08-15 22:30:00,69.38,100.00
129-04368,2020-08-15 22:40:00,73.99,95.60
129-04368,2020-08-15 22:50:00,71.88,96.60
129-04368,2020-08-15 23:00:00,70.76,97.30
129-04368,2020-08-15 23:10:00,64.57,70.20
129-04368,2020-08-15 23:20:00,67.60,77.50
129-04368,2020-08-15 23:30:00,70.98,91.20
129-04368,2020-08-15 23:40:00,68.33,73.90
129-04368,2020-08-15 23:50:00,63.78,67.80
129-04369,2020-08-15 00:00:00,72.28,48.90
129-04369,2020-08-15 00:10:00,64.83,71.20
129-04369,2020-08-15 00:20:00,62.55,71.78
129-04369,2020-08-15 00:30:00,71.32,74.50
129-04369,2020-08-15 00:40:00,72.52,67.90
129-04369,2020-08-15 00:50:00,69.88,73.40
129-04369,2020-08-15 01:00:00,72.29,82.00
129-04369,2020-08-15 01:10:00,67.91,79.25
129-04369,2020-08-15 01:20:00,,
129-04369,2020-08-15 01:30:00,64.09,54.25
129-04369,2020-08-15 01:40:00,64.72,76.00
129-04369,2020-08-15 01:50:00,62.26,82.10
129-04369,2020-08-15 02:00:00,62.50,92.90
129-04369,2020-08-15 02:10:00,63.00,96.00
129-04369,2020-08-15 02:20:00,60.50,85.13
129-04369,2020-08-15 02:30:00,65.24,64.67
129-04369,2020-08-15 02:40:00,68.60,63.90
129-04369,2020-08-15 02:50:00,68.00,80.33
129-04369,2020-08-15 03:00:00,62.00,79.89
129-04369,2020-08-15 03:10:00,61.77,77.33
129-04369,2020-08-15 03:20:00,61.00,73.00
129-04369,2020-08-15 03:30:00,66.68,66.88
129-04369,2020-08-15 03:40:00,63.43,55.22
129-04369,2020-08-15 03:50:00,68.87,67.88
129-04369,2020-08-15 04:00:00,70.80,60.60
129-04369,2020-08-15 04:10:00,71.00,79.86
129-04369,2020-08-15 04:20:00,67.42,87.30
129-04369,2020-08-15 04:30:00,65.43,81.40
129-04369,2020-08-15 04:40:00,74.60,46.00
129-04369,2020-08-15 04:50:00,67.85,85.20
129-04369,2020-08-15 05:00:00,74.49,65.50
129-04369,2020-08-15 05:10:00,70.76,73.70
129-04369,2020-08-15 05:20:00,68.64,84.70
129-04369,2020-08-15 05:30:00,74.04,65.10
129-04369,2020-08-15 05:40:00,75.10,74.90
129-04369,2020-08-15 05:50:00,77.19,87.40
129-04369,2020-08-15 06:00:00,74.07,99.90
129-04369,2020-08-15 06:10:00,75.20,99.50
129-04369,2020-08-15 06:20:00,75.17,96.70
129-04369,2020-08-15 06:30:00,72.72,98.50
129-04369,2020-08-15 06:40:00,70.70,96.20
129-04369,2020-08-15 06:50:00,70.89,99.60
129-04369,2020-08-15 07:00:00,70.47,99.80
129-04369,2020-08-15 07:10:00,71.61,100.00
129-04369,2020-08-15 07:20:00,74.48,100.00
129-04369,2020-08-15 07:30:00,73.18,100.00
129-04369,2020-08-15 07:40:00,74.08,100.00
129-04369,2020-08-15 07:50:00,71.99,100.00
129-04369,2020-08-15 08:00:00,69.09,100.00
129-04369,2020-08-15 08:10:00,69.94,98.90
129-04369,2020-08-15 08:20:00,69.58,100.00
129-04369,2020-08-15 08:30:00,72.24,99.70
129-04369,2020-08-15 08:40:00,71.94,100.00
129-04369,2020-08-15 08:50:00,70.50,100.00
129-04369,2020-08-15 09:00:00,71.65,99.00
129-04369,2020-08-15 09:10:00,70.68,100.00
129-04369,2020-08-15 09:20:00,70.99,100.00
129-04369,2020-08-15 09:30:00,70.39,100.00
129-04369,2020-08-15 09:40:00,68.69,100.00
129-04369,2020-08-15 09:50:00,68.69,100.00
129-04369,2020-08-15 10:00:00,70.59,100.00
129-04369,2020-08-15 10:10:00,71.96,100.00
129-04369,2020-08-15 10:20:00,70.55,100.00
129-04369,2020-08-15 10:30:00,66.87,100.00
129-04369,2020-08-15 10:40:00,67.69,100.00
129-04369,2020-08-15 10:50:00,70.30,100.00
129-04369,2020-08-15 11:00:00,69.38,100.00
129-04369,2020-08-15 11:10:00,68.29,100.00
129-04369,2020-08-15 11:20:00,68.17,100.00
129-04369,2020-08-15 11:30:00,69.09,100.00
129-04369,2020-08-15 11:40:00,67.07,100.00
129-04369,2020-08-15 11:50:00,69.18,100.00
129-04369,2020-08-15 12:00:00,68.30,100.00
129-04369,2020-08-15 12:10:00,69.79,100.00
129-04369,2020-08-15 12:20:00,69.98,100.00
129-04369,2020-08-15 12:30:00,69.19,100.00
129-04369,2020-08-15 12:40:00,68.49,100.00
129-04369,2020-08-15 12:50:00,68.48,100.00
129-04369,2020-08-15 13:00:00,66.78,100.00
129-04369,2020-08-15 13:10:00,69.59,100.00
129-04369,2020-08-15 13:20:00,69.99,100.00
129-04369,2020-08-15 13:30:00,68.99,100.00
129-04369,2020-08-15 13:40:00,69.67,100.00
129-04369,2020-08-15 13:50:00,70.49,100.00
129-04369,2020-08-15 14:00:00,70.39,100.00
129-04369,2020-08-15 14:10:00,69.29,100.00
129-04369,2020-08-15 14:20:00,70.18,100.00
129-04369,2020-08-15 14:30:00,67.49,100.00
129-04369,2020-08-15 14:40:00,69.49,100.00
129-04369,2020-08-15 14:50:00,69.59,100.00
129-04369,2020-08-15 15:00:00,68.79,100.00
129-04369,2020-08-15 15:10:00,67.83,100.00
129-04369,2020-08-15 15:20:00,68.19,100.00
129-04369,2020-08-15 15:30:00,68.89,100.00
129-04369,2020-08-15 15:40:00,69.79,100.00
129-04369,2020-08-15 15:50:00,70.70,100.00
129-04369,2020-08-15 16:00:00,72.98,100.00
129-04369,2020-08-15 16:10:00,70.90,100.00
129-04369,2020-08-15 16:20:00,72.55,100.00
129-04369,2020-08-15 16:30:00,72.38,100.00
129-04369,2020-08-15 16:40:00,72.69,100.00
129-04369,2020-08-15 16:50:00,68.87,100.00
129-04369,2020-08-15 17:00:00,70.29,100.00
129-04369,2020-08-15 17:10:00,70.19,100.00
129-04369,2020-08-15 17:20:00,69.07,100.00
129-04369,2020-08-15 17:30:00,72.38,100.00
129-04369,2020-08-15 17:40:00,71.40,100.00
129-04369,2020-08-15 17:50:00,71.29,100.00
129-04369,2020-08-15 18:00:00,70.80,100.00
129-04369,2020-08-15 18:10:00,72.29,100.00
129-04369,2020-08-15 18:20:00,70.66,100.00
129-04369,2020-08-15 18:30:00,71.49,100.00
129-04369,2020-08-15 18:40:00,73.59,100.00
129-04369,2020-08-15 18:50:00,72.69,100.00
129-04369,2020-08-15 19:00:00,72.80,100.00
129-04369,2020-08-15 19:10:00,70.16,100.00
129-04369,2020-08-15 19:20:00,70.48,100.00
129-04369,2020-08-15 19:30:00,68.79,100.00
129-04369,2020-08-15 19:40:00,72.66,98.20
129-04369,2020-08-15 19:50:00,73.79,100.00
129-04369,2020-08-15 20:00:00,72.30,100.00
129-04369,2020-08-15 20:10:00,71.20,99.90
129-04369,2020-08-15 20:20:00,68.25,99.70
129-04369,2020-08-15 20:30:00,66.28,100.00
129-04369,2020-08-15 20:40:00,66.08,100.00
129-04369,2020-08-15 20:50:00,70.88,93.70
129-04369,2020-08-15 21:00:00,67.46,98.60
129-04369,2020-08-15 21:10:00,66.39,100.00
129-04369,2020-08-15 21:20:00,71.46,100.00
129-04369,2020-08-15 21:30:00,69.08,100.00
129-04369,2020-08-15 21:40:00,68.11,100.00
129-04369,2020-08-15 21:50:00,72.56,92.10
129-04369,2020-08-15 22:00:00,68.79,100.00
129-04369,2020-08-15 22:10:00,67.78,100.00
129-04369,2020-08-15 22:20:00,69.89,93.20
129-04369,2020-08-15 22:30:00,68.45,100.00
129-04369,2020-08-15 22:40:00,70.69,100.00
129-04369,2020-08-15 22:50:00,70.13,94.90
129-04369,2020-08-15 23:00:00,69.33,96.20
129-04369,2020-08-15 23:10:00,62.07,50.10
129-04369,2020-08-15 23:20:00,65.67,89.80
129-04369,2020-08-15 23:30:00,73.48,49.70
129-04369,2020-08-15 23:40:00,70.09,80.50
129-04369,2020-08-15 23:50:00,69.69,93.50
129-04366,2020-08-15 00:00:00,63.66,72.40
129-04366,2020-08-15 00:10:00,69.85,86.90
129-04366,2020-08-15 00:20:00,65.37,62.90
129-04366,2020-08-15 00:30:00,67.88,69.25
129-04366,2020-08-15 00:40:00,68.58,96.10
129-04366,2020-08-15 00:50:00,66.48,96.00
129-04366,2020-08-15 01:00:00,68.56,75.60
129-04366,2020-08-15 01:10:00,61.20,52.11
129-04366,2020-08-15 01:20:00,62.33,68.33
129-04366,2020-08-15 01:30:00,54.12,59.13
129-04366,2020-08-15 01:40:00,60.61,69.10
129-04366,2020-08-15 01:50:00,65.19,72.60
129-04366,2020-08-15 02:00:00,66.75,51.30
129-04366,2020-08-15 02:10:00,70.15,43.20
129-04366,2020-08-15 02:20:00,65.22,83.75
129-04366,2020-08-15 02:30:00,63.20,77.80
129-04366,2020-08-15 02:40:00,65.73,90.20
129-04366,2020-08-15 02:50:00,69.33,85.67
129-04366,2020-08-15 03:00:00,62.00,83.17
129-04366,2020-08-15 03:10:00,62.70,92.50
129-04366,2020-08-15 03:20:00,65.00,99.43
129-04366,2020-08-15 03:30:00,63.40,97.60
129-04366,2020-08-15 03:40:00,64.00,100.00
129-04366,2020-08-15 03:50:00,68.20,76.20
129-04366,2020-08-15 04:00:00,69.68,69.00
129-04366,2020-08-15 04:10:00,70.60,73.10
129-04366,2020-08-15 04:20:00,66.90,70.89
129-04366,2020-08-15 04:30:00,71.37,81.60
129-04366,2020-08-15 04:40:00,71.51,76.50
129-04366,2020-08-15 04:50:00,69.70,85.50
129-04366,2020-08-15 05:00:00,74.66,79.70
129-04366,2020-08-15 05:10:00,70.63,57.00
129-04366,2020-08-15 05:20:00,69.05,87.40
129-04366,2020-08-15 05:30:00,74.96,76.80
129-04366,2020-08-15 05:40:00,71.20,97.20
129-04366,2020-08-15 05:50:00,74.52,92.00
129-04366,2020-08-15 06:00:00,75.85,93.80
129-04366,2020-08-15 06:10:00,75.81,96.40
129-04366,2020-08-15 06:20:00,74.15,97.40
129-04366,2020-08-15 06:30:00,75.17,95.70
129-04366,2020-08-15 06:40:00,69.05,100.00
129-04366,2020-08-15 06:50:00,68.09,100.00
129-04366,2020-08-15 07:00:00,70.26,99.80
129-04366,2020-08-15 07:10:00,70.09,100.00
129-04366,2020-08-15 07:20:00,74.43,100.00
129-04366,2020-08-15 07:30:00,71.72,100.00
129-04366,2020-08-15 07:40:00,74.49,100.00
129-04366,2020-08-15 07:50:00,72.89,100.00
129-04366,2020-08-15 08:00:00,70.97,100.00
129-04366,2020-08-15 08:10:00,72.47,100.00
129-04366,2020-08-15 08:20:00,69.86,100.00
129-04366,2020-08-15 08:30:00,65.69,100.00
129-04366,2020-08-15 08:40:00,71.27,100.00
129-04366,2020-08-15 08:50:00,68.69,100.00
129-04366,2020-08-15 09:00:00,67.19,100.00
129-04366,2020-08-15 09:10:00,69.99,100.00
129-04366,2020-08-15 09:20:00,69.28,100.00
129-04366,2020-08-15 09:30:00,70.49,100.00
129-04366,2020-08-15 09:40:00,68.19,100.00
129-04366,2020-08-15 09:50:00,67.98,100.00
129-04366,2020-08-15 10:00:00,69.97,100.00
129-04366,2020-08-15 10:10:00,70.65,100.00
129-04366,2020-08-15 10:20:00,70.59,100.00
129-04366,2020-08-15 10:30:00,69.42,100.00
129-04366,2020-08-15 10:40:00,67.09,100.00
129-04366,2020-08-15 10:50:00,67.99,100.00
129-04366,2020-08-15 11:00:00,68.97,100.00
129-04366,2020-08-15 11:10:00,68.89,100.00
129-04366,2020-08-15 11:20:00,67.97,100.00
129-04366,2020-08-15 11:30:00,65.96,100.00
129-04366,2020-08-15 11:40:00,66.99,100.00
129-04366,2020-08-15 11:50:00,67.99,100.00
129-04366,2020-08-15 12:00:00,67.56,100.00
129-04366,2020-08-15 12:10:00,69.19,100.00
129-04366,2020-08-15 12:20:00,69.46,100.00
129-04366,2020-08-15 12:30:00,68.19,100.00
129-04366,2020-08-15 12:40:00,69.99,100.00
129-04366,2020-08-15 12:50:00,66.38,100.00
129-04366,2020-08-15 13:00:00,64.59,100.00
129-04366,2020-08-15 13:10:00,66.23,100.00
129-04366,2020-08-15 13:20:00,70.10,100.00
129-04366,2020-08-15 13:30:00,69.29,100.00
129-04366,2020-08-15 13:40:00,70.60,100.00
129-04366,2020-08-15 13:50:00,70.70,100.00
129-04366,2020-08-15 14:00:00,68.88,100.00
129-04366,2020-08-15 14:10:00,69.68,100.00
129-04366,2020-08-15 14:20:00,68.39,100.00
129-04366,2020-08-15 14:30:00,66.75,100.00
129-04366,2020-08-15 14:40:00,67.38,100.00
129-04366,2020-08-15 14:50:00,69.08,100.00
129-04366,2020-08-15 15:00:00,70.10,100.00
129-04366,2020-08-15 15:10:00,67.89,100.00
129-04366,2020-08-15 15:20:00,70.19,100.00
129-04366,2020-08-15 15:30:00,68.57,100.00
129-04366,2020-08-15 15:40:00,69.17,100.00
129-04366,2020-08-15 15:50:00,72.59,100.00
129-04366,2020-08-15 16:00:00,70.99,100.00
129-04366,2020-08-15 16:10:00,69.18,100.00
129-04366,2020-08-15 16:20:00,69.89,100.00
129-04366,2020-08-15 16:30:00,72.07,100.00
129-04366,2020-08-15 16:40:00,69.59,100.00
129-04366,2020-08-15 16:50:00,70.29,100.00
129-04366,2020-08-15 17:00:00,70.10,100.00
129-04366,2020-08-15 17:10:00,67.95,100.00
129-04366,2020-08-15 17:20:00,68.47,100.00
129-04366,2020-08-15 17:30:00,74.38,100.00
129-04366,2020-08-15 17:40:00,73.05,100.00
129-04366,2020-08-15 17:50:00,69.90,100.00
129-04366,2020-08-15 18:00:00,69.78,100.00
129-04366,2020-08-15 18:10:00,68.81,100.00
129-04366,2020-08-15 18:20:00,73.15,100.00
129-04366,2020-08-15 18:30:00,71.56,100.00
129-04366,2020-08-15 18:40:00,71.47,100.00
129-04366,2020-08-15 18:50:00,69.26,100.00
129-04366,2020-08-15 19:00:00,74.39,100.00
129-04366,2020-08-15 19:10:00,73.28,99.10
129-04366,2020-08-15 19:20:00,70.24,100.00
129-04366,2020-08-15 19:30:00,73.05,100.00
129-04366,2020-08-15 19:40:00,71.39,100.00
129-04366,2020-08-15 19:50:00,69.57,100.00
129-04366,2020-08-15 20:00:00,68.76,100.00
129-04366,2020-08-15 20:10:00,70.48,100.00
129-04366,2020-08-15 20:20:00,67.90,100.00
129-04366,2020-08-15 20:30:00,64.57,100.00
129-04366,2020-08-15 20:40:00,64.98,100.00
129-04366,2020-08-15 20:50:00,67.17,100.00
129-04366,2020-08-15 21:00:00,63.48,100.00
129-04366,2020-08-15 21:10:00,63.37,100.00
129-04366,2020-08-15 21:20:00,68.64,100.00
129-04366,2020-08-15 21:30:00,67.86,100.00
129-04366,2020-08-15 21:40:00,69.69,100.00
129-04366,2020-08-15 21:50:00,72.19,87.30
129-04366,2020-08-15 22:00:00,66.66,100.00
129-04366,2020-08-15 22:10:00,65.80,100.00
129-04366,2020-08-15 22:20:00,68.79,98.20
129-04366,2020-08-15 22:30:00,67.47,100.00
129-04366,2020-08-15 22:40:00,70.98,100.00
129-04366,2020-08-15 22:50:00,70.04,91.70
129-04366,2020-08-15 23:00:00,65.69,84.00
129-04366,2020-08-15 23:10:00,64.30,87.20
129-04366,2020-08-15 23:20:00,66.13,91.00
129-04366,2020-08-15 23:30:00,64.83,85.30
129-04366,2020-08-15 23:40:00,65.78,90.80
129-04366,2020-08-15 23:50:00,71.09,52.20
129-04367,2020-08-15 00:00:00,60.37,72.50
129-04367,2020-08-15 00:10:00,72.07,55.90
129-04367,2020-08-15 00:20:00,67.63,66.10
129-04367,2020-08-15 00:30:00,69.63,84.44
129-04367,2020-08-15 00:40:00,67.69,98.30
129-04367,2020-08-15 00:50:00,67.55,93.10
129-04367,2020-08-15 01:00:00,72.28,79.40
129-04367,2020-08-15 01:10:00,64.91,71.14
129-04367,2020-08-15 01:20:00,65.00,85.00
129-04367,2020-08-15 01:30:00,55.89,68.13
129-04367,2020-08-15 01:40:00,65.79,97.50
129-04367,2020-08-15 01:50:00,65.18,91.20
129-04367,2020-08-15 02:00:00,66.96,73.80
129-04367,2020-08-15 02:10:00,67.32,74.33
129-04367,2020-08-15 02:20:00,63.00,95.75
129-04367,2020-08-15 02:30:00,64.38,90.78
129-04367,2020-08-15 02:40:00,66.39,72.80
129-04367,2020-08-15 02:50:00,69.49,77.75
129-04367,2020-08-15 03:00:00,64.00,90.17
129-04367,2020-08-15 03:10:00,64.42,95.43
129-04367,2020-08-15 03:20:00,65.00,100.00
129-04367,2020-08-15 03:30:00,65.84,93.57
129-04367,2020-08-15 03:40:00,67.00,88.63
129-04367,2020-08-15 03:50:00,69.00,87.60
129-04367,2020-08-15 04:00:00,70.98,73.20
129-04367,2020-08-15 04:10:00,71.00,88.00
129-04367,2020-08-15 04:20:00,70.35,95.63
129-04367,2020-08-15 04:30:00,71.76,91.70
129-04367,2020-08-15 04:40:00,73.57,61.90
129-04367,2020-08-15 04:50:00,65.70,41.40
129-04367,2020-08-15 05:00:00,75.89,66.00
129-04367,2020-08-15 05:10:00,69.30,44.90
129-04367,2020-08-15 05:20:00,67.91,85.30
129-04367,2020-08-15 05:30:00,75.78,61.30
129-04367,2020-08-15 05:40:00,71.80,92.60
129-04367,2020-08-15 05:50:00,74.28,96.60
129-04367,2020-08-15 06:00:00,75.38,90.50
129-04367,2020-08-15 06:10:00,74.32,93.70
129-04367,2020-08-15 06:20:00,74.30,87.70
129-04367,2020-08-15 06:30:00,73.04,97.40
129-04367,2020-08-15 06:40:00,68.65,100.00
129-04367,2020-08-15 06:50:00,68.64,100.00
129-04367,2020-08-15 07:00:00,72.38,100.00
129-04367,2020-08-15 07:10:00,70.89,100.00
129-04367,2020-08-15 07:20:00,74.06,100.00
129-04367,2020-08-15 07:30:00,73.26,100.00
129-04367,2020-08-15 07:40:00,75.39,100.00
129-04367,2020-08-15 07:50:00,73.29,100.00
129-04367,2020-08-15 08:00:00,71.08,100.00
129-04367,2020-08-15 08:10:00,71.00,100.00
129-04367,2020-08-15 08:20:00,70.18,100.00
129-04367,2020-08-15 08:30:00,67.52,100.00
129-04367,2020-08-15 08:40:00,70.75,100.00
129-04367,2020-08-15 08:50:00,69.67,100.00
129-04367,2020-08-15 09:00:00,67.78,100.00
129-04367,2020-08-15 09:10:00,70.75,100.00
129-04367,2020-08-15 09:20:00,69.58,100.00
129-04367,2020-08-15 09:30:00,70.50,100.00
129-04367,2020-08-15 09:40:00,66.69,100.00
129-04367,2020-08-15 09:50:00,67.58,100.00
129-04367,2020-08-15 10:00:00,69.18,100.00
129-04367,2020-08-15 10:10:00,71.76,100.00
129-04367,2020-08-15 10:20:00,70.49,100.00
129-04367,2020-08-15 10:30:00,68.88,100.00
129-04367,2020-08-15 10:40:00,66.98,100.00
129-04367,2020-08-15 10:50:00,68.08,100.00
129-04367,2020-08-15 11:00:00,68.88,100.00
129-04367,2020-08-15 11:10:00,69.58,100.00
129-04367,2020-08-15 11:20:00,69.27,100.00
129-04367,2020-08-15 11:30:00,66.17,100.00
129-04367,2020-08-15 11:40:00,66.58,100.00
129-04367,2020-08-15 11:50:00,67.68,100.00
129-04367,2020-08-15 12:00:00,66.50,100.00
129-04367,2020-08-15 12:10:00,69.89,100.00
129-04367,2020-08-15 12:20:00,69.66,100.00
129-04367,2020-08-15 12:30:00,69.48,100.00
129-04367,2020-08-15 12:40:00,71.69,100.00
129-04367,2020-08-15 12:50:00,67.29,100.00
129-04367,2020-08-15 13:00:00,67.29,100.00
129-04367,2020-08-15 13:10:00,65.77,100.00
129-04367,2020-08-15 13:20:00,70.79,100.00
129-04367,2020-08-15 13:30:00,70.47,100.00
129-04367,2020-08-15 13:40:00,70.19,100.00
129-04367,2020-08-15 13:50:00,70.99,100.00
129-04367,2020-08-15 14:00:00,68.69,100.00
129-04367,2020-08-15 14:10:00,70.20,100.00
129-04367,2020-08-15 14:20:00,69.89,100.00
129-04367,2020-08-15 14:30:00,68.07,100.00
129-04367,2020-08-15 14:40:00,68.79,100.00
129-04367,2020-08-15 14:50:00,69.99,100.00
129-04367,2020-08-15 15:00:00,70.30,100.00
129-04367,2020-08-15 15:10:00,69.58,100.00
129-04367,2020-08-15 15:20:00,69.59,100.00
129-04367,2020-08-15 15:30:00,69.36,100.00
129-04367,2020-08-15 15:40:00,71.06,100.00
129-04367,2020-08-15 15:50:00,73.16,100.00
129-04367,2020-08-15 16:00:00,73.04,100.00
129-04367,2020-08-15 16:10:00,72.29,100.00
129-04367,2020-08-15 16:20:00,71.58,100.00
129-04367,2020-08-15 16:30:00,71.58,100.00
129-04367,2020-08-15 16:40:00,71.39,100.00
129-04367,2020-08-15 16:50:00,69.26,100.00
129-04367,2020-08-15 17:00:00,70.55,100.00
129-04367,2020-08-15 17:10:00,70.10,100.00
129-04367,2020-08-15 17:20:00,67.56,100.00
129-04367,2020-08-15 17:30:00,74.58,100.00
129-04367,2020-08-15 17:40:00,72.46,100.00
129-04367,2020-08-15 17:50:00,70.09,100.00
129-04367,2020-08-15 18:00:00,69.87,100.00
129-04367,2020-08-15 18:10:00,70.33,100.00
129-04367,2020-08-15 18:20:00,72.63,100.00
129-04367,2020-08-15 18:30:00,71.28,100.00
129-04367,2020-08-15 18:40:00,71.58,100.00
129-04367,2020-08-15 18:50:00,70.26,100.00
129-04367,2020-08-15 19:00:00,74.68,100.00
129-04367,2020-08-15 19:10:00,73.47,100.00
129-04367,2020-08-15 19:20:00,73.19,100.00
129-04367,2020-08-15 19:30:00,72.37,100.00
129-04367,2020-08-15 19:40:00,72.18,100.00
129-04367,2020-08-15 19:50:00,71.77,100.00
129-04367,2020-08-15 20:00:00,73.58,100.00
129-04367,2020-08-15 20:10:00,72.48,100.00
129-04367,2020-08-15 20:20:00,66.39,98.50
129-04367,2020-08-15 20:30:00,64.13,92.60
129-04367,2020-08-15 20:40:00,68.49,100.00
129-04367,2020-08-15 20:50:00,65.77,100.00
129-04367,2020-08-15 21:00:00,66.98,100.00
129-04367,2020-08-15 21:10:00,66.17,100.00
129-04367,2020-08-15 21:20:00,69.97,100.00
129-04367,2020-08-15 21:30:00,68.46,100.00
129-04367,2020-08-15 21:40:00,71.61,100.00
129-04367,2020-08-15 21:50:00,73.34,80.20
129-04367,2020-08-15 22:00:00,69.16,100.00
129-04367,2020-08-15 22:10:00,65.96,100.00
129-04367,2020-08-15 22:20:00,70.31,100.00
129-04367,2020-08-15 22:30:00,69.29,100.00
129-04367,2020-08-15 22:40:00,73.76,92.80
129-04367,2020-08-15 22:50:00,72.16,92.10
129-04367,2020-08-15 23:00:00,68.90,90.30
129-04367,2020-08-15 23:10:00,65.10,77.80
129-04367,2020-08-15 23:20:00,69.19,71.30
129-04367,2020-08-15 23:30:00,71.98,86.70
129-04367,2020-08-15 23:40:00,69.98,94.70
129-04367,2020-08-15 23:50:00,69.94,81.10
129-04364,2020-08-15 00:00:00,60.98,96.80
129-04364,2020-08-15 00:10:00,66.75,55.30
129-04364,2020-08-15 00:20:00,64.62,87.60
129-04364,2020-08-15 00:30:00,63.27,95.30
129-04364,2020-08-15 00:40:00,69.16,75.40
129-04364,2020-08-15 00:50:00,71.38,51.20
129-04364,2020-08-15 01:00:00,64.58,84.60
129-04364,2020-08-15 01:10:00,62.77,70.20
129-04364,2020-08-15 01:20:00,58.65,37.67
129-04364,2020-08-15 01:30:00,72.12,50.33
129-04364,2020-08-15 01:40:00,64.41,34.70
129-04364,2020-08-15 01:50:00,59.80,80.80
129-04364,2020-08-15 02:00:00,63.56,70.50
129-04364,2020-08-15 02:10:00,74.14,67.43
129-04364,2020-08-15 02:20:00,,
129-04364,2020-08-15 02:30:00,60.05,80.44
129-04364,2020-08-15 02:40:00,66.69,94.00
129-04364,2020-08-15 02:50:00,68.44,98.33
129-04364,2020-08-15 03:00:00,63.65,93.67
129-04364,2020-08-15 03:10:00,62.17,87.10
129-04364,2020-08-15 03:20:00,64.88,99.56
129-04364,2020-08-15 03:30:00,64.00,98.50
129-04364,2020-08-15 03:40:00,64.00,100.00
129-04364,2020-08-15 03:50:00,56.84,49.33
129-04364,2020-08-15 04:00:00,69.39,50.80
129-04364,2020-08-15 04:10:00,67.70,84.40
129-04364,2020-08-15 04:20:00,64.28,82.70
129-04364,2020-08-15 04:30:00,69.68,86.90
129-04364,2020-08-15 04:40:00,65.08,71.10
129-04364,2020-08-15 04:50:00,71.87,45.20
129-04364,2020-08-15 05:00:00,69.29,99.60
129-04364,2020-08-15 05:10:00,66.99,89.00
129-04364,2020-08-15 05:20:00,66.40,93.30
129-04364,2020-08-15 05:30:00,67.52,81.80
129-04364,2020-08-15 05:40:00,73.20,67.40
129-04364,2020-08-15 05:50:00,73.56,95.30
129-04364,2020-08-15 06:00:00,70.97,99.30
129-04364,2020-08-15 06:10:00,73.04,100.00
129-04364,2020-08-15 06:20:00,70.50,98.70
129-04364,2020-08-15 06:30:00,75.18,83.40
129-04364,2020-08-15 06:40:00,68.85,100.00
129-04364,2020-08-15 06:50:00,66.48,100.00
129-04364,2020-08-15 07:00:00,72.83,89.70
129-04364,2020-08-15 07:10:00,67.67,100.00
129-04364,2020-08-15 07:20:00,71.27,100.00
129-04364,2020-08-15 07:30:00,69.98,100.00
129-04364,2020-08-15 07:40:00,70.60,100.00
129-04364,2020-08-15 07:50:00,71.68,100.00
129-04364,2020-08-15 08:00:00,68.18,100.00
129-04364,2020-08-15 08:10:00,70.20,99.70
129-04364,2020-08-15 08:20:00,70.39,100.00
129-04364,2020-08-15 08:30:00,65.89,100.00
129-04364,2020-08-15 08:40:00,66.65,100.00
129-04364,2020-08-15 08:50:00,67.98,100.00
129-04364,2020-08-15 09:00:00,68.37,100.00
129-04364,2020-08-15 09:10:00,69.56,97.50
129-04364,2020-08-15 09:20:00,68.73,100.00
129-04364,2020-08-15 09:30:00,67.18,100.00
129-04364,2020-08-15 09:40:00,64.67,100.00
129-04364,2020-08-15 09:50:00,63.99,100.00
129-04364,2020-08-15 10:00:00,66.68,100.00
129-04364,2020-08-15 10:10:00,66.77,100.00
129-04364,2020-08-15 10:20:00,67.69,100.00
129-04364,2020-08-15 10:30:00,65.59,100.00
129-04364,2020-08-15 10:40:00,67.18,100.00
129-04364,2020-08-15 10:50:00,65.78,100.00
129-04364,2020-08-15 11:00:00,67.28,100.00
129-04364,2020-08-15 11:10:00,65.30,100.00
129-04364,2020-08-15 11:20:00,64.15,100.00
129-04364,2020-08-15 11:30:00,63.77,100.00
129-04364,2020-08-15 11:40:00,64.57,100.00
129-04364,2020-08-15 11:50:00,63.39,100.00
129-04364,2020-08-15 12:00:00,62.59,100.00
129-04364,2020-08-15 12:10:00,66.18,100.00
129-04364,2020-08-15 12:20:00,65.97,100.00
129-04364,2020-08-15 12:30:00,66.26,100.00
129-04364,2020-08-15 12:40:00,65.79,100.00
129-04364,2020-08-15 12:50:00,65.90,100.00
129-04364,2020-08-15 13:00:00,65.99,100.00
129-04364,2020-08-15 13:10:00,64.70,100.00
129-04364,2020-08-15 13:20:00,66.39,100.00
129-04364,2020-08-15 13:30:00,67.19,100.00
129-04364,2020-08-15 13:40:00,67.28,100.00
129-04364,2020-08-15 13:50:00,67.10,100.00
129-04364,2020-08-15 14:00:00,67.19,100.00
129-04364,2020-08-15 14:10:00,66.58,100.00
129-04364,2020-08-15 14:20:00,63.76,100.00
129-04364,2020-08-15 14:30:00,66.98,100.00
129-04364,2020-08-15 14:40:00,67.68,100.00
129-04364,2020-08-15 14:50:00,66.79,100.00
129-04364,2020-08-15 15:00:00,66.99,100.00
129-04364,2020-08-15 15:10:00,66.58,100.00
129-04364,2020-08-15 15:20:00,67.87,100.00
129-04364,2020-08-15 15:30:00,69.19,100.00
129-04364,2020-08-15 15:40:00,65.99,100.00
129-04364,2020-08-15 15:50:00,69.16,100.00
129-04364,2020-08-15 16:00:00,68.69,100.00
129-04364,2020-08-15 16:10:00,67.77,100.00
129-04364,2020-08-15 16:20:00,70.10,100.00
129-04364,2020-08-15 16:30:00,69.69,100.00
129-04364,2020-08-15 16:40:00,69.98,100.00
129-04364,2020-08-15 16:50:00,68.98,100.00
129-04364,2020-08-15 17:00:00,67.28,100.00
129-04364,2020-08-15 17:10:00,68.30,100.00
129-04364,2020-08-15 17:20:00,68.39,100.00
129-04364,2020-08-15 17:30:00,69.48,100.00
129-04364,2020-08-15 17:40:00,69.89,100.00
129-04364,2020-08-15 17:50:00,68.19,100.00
129-04364,2020-08-15 18:00:00,69.79,100.00
129-04364,2020-08-15 18:10:00,67.16,100.00
129-04364,2020-08-15 18:20:00,69.08,100.00
129-04364,2020-08-15 18:30:00,69.97,100.00
129-04364,2020-08-15 18:40:00,71.00,100.00
129-04364,2020-08-15 18:50:00,68.92,100.00
129-04364,2020-08-15 19:00:00,71.27,100.00
129-04364,2020-08-15 19:10:00,72.57,100.00
129-04364,2020-08-15 19:20:00,70.27,100.00
129-04364,2020-08-15 19:30:00,71.96,100.00
129-04364,2020-08-15 19:40:00,70.60,100.00
129-04364,2020-08-15 19:50:00,70.76,99.80
129-04364,2020-08-15 20:00:00,65.15,100.00
129-04364,2020-08-15 20:10:00,69.10,100.00
129-04364,2020-08-15 20:20:00,68.99,99.20
129-04364,2020-08-15 20:30:00,66.18,100.00
129-04364,2020-08-15 20:40:00,67.70,100.00
129-04364,2020-08-15 20:50:00,66.48,100.00
129-04364,2020-08-15 21:00:00,64.87,100.00
129-04364,2020-08-15 21:10:00,61.59,100.00
129-04364,2020-08-15 21:20:00,65.65,100.00
129-04364,2020-08-15 21:30:00,69.67,100.00
129-04364,2020-08-15 21:40:00,69.96,98.70
129-04364,2020-08-15 21:50:00,69.99,94.60
129-04364,2020-08-15 22:00:00,68.55,93.40
129-04364,2020-08-15 22:10:00,66.86,100.00
129-04364,2020-08-15 22:20:00,67.20,100.00
129-04364,2020-08-15 22:30:00,70.65,90.50
129-04364,2020-08-15 22:40:00,68.09,100.00
129-04364,2020-08-15 22:50:00,69.48,99.80
129-04364,2020-08-15 23:00:00,66.85,91.70
129-04364,2020-08-15 23:10:00,68.86,99.20
129-04364,2020-08-15 23:20:00,64.72,75.60
129-04364,2020-08-15 23:30:00,66.88,98.00
129-04364,2020-08-15 23:40:00,66.53,92.30
129-04364,2020-08-15 23:50:00,63.58,84.00
129-04365,2020-08-15 00:00:00,59.09,59.63
129-04365,2020-08-15 00:10:00,66.95,86.67
129-04365,2020-08-15 00:20:00,63.67,91.80
129-04365,2020-08-15 00:30:00,67.29,82.80
129-04365,2020-08-15 00:40:00,71.69,81.60
129-04365,2020-08-15 00:50:00,67.41,75.30
129-04365,2020-08-15 01:00:00,67.32,87.70
129-04365,2020-08-15 01:10:00,62.58,61.30
129-04365,2020-08-15 01:20:00,61.00,49.00
129-04365,2020-08-15 01:30:00,58.00,42.00
129-04365,2020-08-15 01:40:00,58.91,70.90
129-04365,2020-08-15 01:50:00,65.00,80.70
129-04365,2020-08-15 02:00:00,68.31,51.00
129-04365,2020-08-15 02:10:00,71.00,42.80
129-04365,2020-08-15 02:20:00,65.00,98.00
129-04365,2020-08-15 02:30:00,62.64,72.67
129-04365,2020-08-15 02:40:00,67.07,93.50
129-04365,2020-08-15 02:50:00,69.57,85.43
129-04365,2020-08-15 03:00:00,62.93,72.50
129-04365,2020-08-15 03:10:00,62.00,79.80
129-04365,2020-08-15 03:20:00,30.31,64.11
129-04365,2020-08-15 03:30:00,18.96,57.83
129-04365,2020-08-15 03:40:00,65.00,85.17
129-04365,2020-08-15 03:50:00,63.74,80.00
129-04365,2020-08-15 04:00:00,68.39,78.60
129-04365,2020-08-15 04:10:00,70.40,81.20
129-04365,2020-08-15 04:20:00,65.15,89.50
129-04365,2020-08-15 04:30:00,70.48,83.40
129-04365,2020-08-15 04:40:00,68.53,78.90
129-04365,2020-08-15 04:50:00,71.64,74.90
129-04365,2020-08-15 05:00:00,73.77,83.60
129-04365,2020-08-15 05:10:00,72.32,63.10
129-04365,2020-08-15 05:20:00,68.24,76.80
129-04365,2020-08-15 05:30:00,71.02,69.10
129-04365,2020-08-15 05:40:00,73.17,87.00
129-04365,2020-08-15 05:50:00,75.29,100.00
129-04365,2020-08-15 06:00:00,73.69,100.00
129-04365,2020-08-15 06:10:00,75.83,100.00
129-04365,2020-08-15 06:20:00,73.41,97.70
129-04365,2020-08-15 06:30:00,74.98,98.50
129-04365,2020-08-15 06:40:00,70.62,99.40
129-04365,2020-08-15 06:50:00,68.38,100.00
129-04365,2020-08-15 07:00:00,72.85,95.40
129-04365,2020-08-15 07:10:00,69.79,100.00
129-04365,2020-08-15 07:20:00,74.18,100.00
129-04365,2020-08-15 07:30:00,71.57,100.00
129-04365,2020-08-15 07:40:00,74.19,100.00
129-04365,2020-08-15 07:50:00,74.09,100.00
129-04365,2020-08-15 08:00:00,72.15,100.00
129-04365,2020-08-15 08:10:00,72.57,100.00
129-04365,2020-08-15 08:20:00,70.86,100.00
129-04365,2020-08-15 08:30:00,67.48,100.00
129-04365,2020-08-15 08:40:00,70.25,100.00
129-04365,2020-08-15 08:50:00,69.77,100.00
129-04365,2020-08-15 09:00:00,67.99,100.00
129-04365,2020-08-15 09:10:00,68.77,100.00
129-04365,2020-08-15 09:20:00,69.17,100.00
129-04365,2020-08-15 09:30:00,70.80,100.00
129-04365,2020-08-15 09:40:00,67.98,100.00
129-04365,2020-08-15 09:50:00,68.78,100.00
129-04365,2020-08-15 10:00:00,69.67,100.00
129-04365,2020-08-15 10:10:00,70.41,100.00
129-04365,2020-08-15 10:20:00,71.70,100.00
129-04365,2020-08-15 10:30:00,69.00,100.00
129-04365,2020-08-15 10:40:00,67.49,100.00
129-04365,2020-08-15 10:50:00,67.69,100.00
129-04365,2020-08-15 11:00:00,68.89,100.00
129-04365,2020-08-15 11:10:00,68.64,100.00
129-04365,2020-08-15 11:20:00,67.39,100.00
129-04365,2020-08-15 11:30:00,65.57,100.00
129-04365,2020-08-15 11:40:00,66.17,100.00
129-04365,2020-08-15 11:50:00,65.88,100.00
129-04365,2020-08-15 12:00:00,67.16,100.00
129-04365,2020-08-15 12:10:00,68.58,100.00
129-04365,2020-08-15 12:20:00,69.69,100.00
129-04365,2020-08-15 12:30:00,68.27,100.00
129-04365,2020-08-15 12:40:00,70.48,100.00
129-04365,2020-08-15 12:50:00,66.49,100.00
129-04365,2020-08-15 13:00:00,65.79,100.00
129-04365,2020-08-15 13:10:00,64.37,100.00
129-04365,2020-08-15 13:20:00,69.39,100.00
129-04365,2020-08-15 13:30:00,67.59,100.00
129-04365,2020-08-15 13:40:00,68.90,100.00
129-04365,2020-08-15 13:50:00,70.29,100.00
129-04365,2020-08-15 14:00:00,67.44,100.00
129-04365,2020-08-15 14:10:00,67.77,100.00
129-04365,2020-08-15 14:20:00,66.84,100.00
129-04365,2020-08-15 14:30:00,69.26,100.00
129-04365,2020-08-15 14:40:00,66.19,100.00
129-04365,2020-08-15 14:50:00,68.27,100.00
129-04365,2020-08-15 15:00:00,70.80,100.00
129-04365,2020-08-15 15:10:00,69.19,100.00
129-04365,2020-08-15 15:20:00,69.09,100.00
129-04365,2020-08-15 15:30:00,69.37,100.00
129-04365,2020-08-15 15:40:00,68.10,100.00
129-04365,2020-08-15 15:50:00,70.20,100.00
129-04365,2020-08-15 16:00:00,70.39,100.00
129-04365,2020-08-15 16:10:00,71.08,100.00
129-04365,2020-08-15 16:20:00,71.59,100.00
129-04365,2020-08-15 16:30:00,70.67,100.00
129-04365,2020-08-15 16:40:00,68.78,100.00
129-04365,2020-08-15 16:50:00,69.06,100.00
129-04365,2020-08-15 17:00:00,68.69,100.00
129-04365,2020-08-15 17:10:00,66.95,100.00
129-04365,2020-08-15 17:20:00,68.39,100.00
129-04365,2020-08-15 17:30:00,71.78,100.00
129-04365,2020-08-15 17:40:00,71.39,100.00
129-04365,2020-08-15 17:50:00,70.88,100.00
129-04365,2020-08-15 18:00:00,71.19,100.00
129-04365,2020-08-15 18:10:00,69.77,100.00
129-04365,2020-08-15 18:20:00,71.39,100.00
129-04365,2020-08-15 18:30:00,72.95,100.00
129-04365,2020-08-15 18:40:00,71.88,100.00
129-04365,2020-08-15 18:50:00,69.53,100.00
129-04365,2020-08-15 19:00:00,75.10,100.00
129-04365,2020-08-15 19:10:00,75.00,100.00
129-04365,2020-08-15 19:20:00,71.20,100.00
129-04365,2020-08-15 19:30:00,73.68,100.00
129-04365,2020-08-15 19:40:00,69.97,100.00
129-04365,2020-08-15 19:50:00,69.88,100.00
129-04365,2020-08-15 20:00:00,65.39,100.00
129-04365,2020-08-15 20:10:00,69.48,100.00
129-04365,2020-08-15 20:20:00,69.87,100.00
129-04365,2020-08-15 20:30:00,67.58,100.00
129-04365,2020-08-15 20:40:00,65.58,100.00
129-04365,2020-08-15 20:50:00,69.28,100.00
129-04365,2020-08-15 21:00:00,65.97,100.00
129-04365,2020-08-15 21:10:00,63.36,100.00
129-04365,2020-08-15 21:20:00,68.48,100.00
129-04365,2020-08-15 21:30:00,70.45,100.00
129-04365,2020-08-15 21:40:00,68.30,100.00
129-04365,2020-08-15 21:50:00,70.65,97.30
129-04365,2020-08-15 22:00:00,68.12,97.60
129-04365,2020-08-15 22:10:00,65.22,100.00
129-04365,2020-08-15 22:20:00,67.39,88.40
129-04365,2020-08-15 22:30:00,67.17,91.30
129-04365,2020-08-15 22:40:00,70.94,100.00
129-04365,2020-08-15 22:50:00,72.58,84.40
129-04365,2020-08-15 23:00:00,67.29,91.70
129-04365,2020-08-15 23:10:00,65.20,76.80
129-04365,2020-08-15 23:20:00,66.61,82.70
129-04365,2020-08-15 23:30:00,67.58,98.00
129-04365,2020-08-15 23:40:00,64.04,80.90
129-04365,2020-08-15 23:50:00,67.51,71.50
129-04362,2020-08-15 00:00:00,63.00,99.50
129-04362,2020-08-15 00:10:00,66.40,39.50
129-04362,2020-08-15 00:20:00,64.51,79.70
129-04362,2020-08-15 00:30:00,67.97,95.00
129-04362,2020-08-15 00:40:00,73.00,66.43
129-04362,2020-08-15 00:50:00,71.89,77.63
129-04362,2020-08-15 01:00:00,63.19,76.70
129-04362,2020-08-15 01:10:00,63.00,55.80
129-04362,2020-08-15 01:20:00,63.00,79.00
129-04362,2020-08-15 01:30:00,81.00,7.33
129-04362,2020-08-15 01:40:00,70.58,62.30
129-04362,2020-08-15 01:50:00,57.00,48.00
129-04362,2020-08-15 02:00:00,73.00,87.00
129-04362,2020-08-15 02:10:00,73.00,96.00
129-04362,2020-08-15 02:20:00,,
129-04362,2020-08-15 02:30:00,57.00,54.13
129-04362,2020-08-15 02:40:00,67.06,76.78
129-04362,2020-08-15 02:50:00,67.65,89.89
129-04362,2020-08-15 03:00:00,58.00,52.50
129-04362,2020-08-15 03:10:00,58.00,64.60
129-04362,2020-08-15 03:20:00,60.42,90.40
129-04362,2020-08-15 03:30:00,49.64,23.11
129-04362,2020-08-15 03:40:00,55.00,99.44
129-04362,2020-08-15 03:50:00,69.00,24.00
129-04362,2020-08-15 04:00:00,69.00,39.90
129-04362,2020-08-15 04:10:00,69.00,56.75
129-04362,2020-08-15 04:20:00,61.78,81.00
129-04362,2020-08-15 04:30:00,72.59,68.30
129-04362,2020-08-15 04:40:00,68.83,48.70
129-04362,2020-08-15 04:50:00,72.10,46.80
129-04362,2020-08-15 05:00:00,68.47,86.60
129-04362,2020-08-15 05:10:00,68.05,80.63
129-04362,2020-08-15 05:20:00,65.00,95.50
129-04362,2020-08-15 05:30:00,73.71,55.11
129-04362,2020-08-15 05:40:00,76.02,58.70
129-04362,2020-08-15 05:50:00,69.55,90.10
129-04362,2020-08-15 06:00:00,69.59,96.10
129-04362,2020-08-15 06:10:00,75.01,65.10
129-04362,2020-08-15 06:20:00,70.01,94.30
129-04362,2020-08-15 06:30:00,75.56,80.80
129-04362,2020-08-15 06:40:00,69.70,99.40
129-04362,2020-08-15 06:50:00,67.47,91.30
129-04362,2020-08-15 07:00:00,65.50,100.00
129-04362,2020-08-15 07:10:00,73.12,77.10
129-04362,2020-08-15 07:20:00,72.27,94.30
129-04362,2020-08-15 07:30:00,69.30,100.00
129-04362,2020-08-15 07:40:00,71.88,100.00
129-04362,2020-08-15 07:50:00,73.18,100.00
129-04362,2020-08-15 08:00:00,67.11,100.00
129-04362,2020-08-15 08:10:00,65.77,100.00
129-04362,2020-08-15 08:20:00,70.58,97.20
129-04362,2020-08-15 08:30:00,64.40,100.00
129-04362,2020-08-15 08:40:00,65.65,86.40
129-04362,2020-08-15 08:50:00,66.34,96.30
129-04362,2020-08-15 09:00:00,66.90,100.00
129-04362,2020-08-15 09:10:00,67.95,95.20
129-04362,2020-08-15 09:20:00,72.57,100.00
129-04362,2020-08-15 09:30:00,74.18,97.60
129-04362,2020-08-15 09:40:00,67.65,98.10
129-04362,2020-08-15 09:50:00,64.94,100.00
129-04362,2020-08-15 10:00:00,69.47,100.00
129-04362,2020-08-15 10:10:00,69.96,99.70
129-04362,2020-08-15 10:20:00,67.83,99.70
129-04362,2020-08-15 10:30:00,67.38,100.00
129-04362,2020-08-15 10:40:00,64.73,100.00
129-04362,2020-08-15 10:50:00,63.59,100.00
129-04362,2020-08-15 11:00:00,62.60,100.00
129-04362,2020-08-15 11:10:00,65.86,100.00
129-04362,2020-08-15 11:20:00,65.29,100.00
129-04362,2020-08-15 11:30:00,64.58,100.00
129-04362,2020-08-15 11:40:00,66.79,98.50
129-04362,2020-08-15 11:50:00,66.01,100.00
129-04362,2020-08-15 12:00:00,59.68,100.00
129-04362,2020-08-15 12:10:00,65.79,100.00
129-04362,2020-08-15 12:20:00,66.72,100.00
129-04362,2020-08-15 12:30:00,67.17,100.00
129-04362,2020-08-15 12:40:00,62.71,100.00
129-04362,2020-08-15 12:50:00,66.47,100.00
129-04362,2020-08-15 13:00:00,62.35,100.00
129-04362,2020-08-15 13:10:00,59.25,100.00
129-04362,2020-08-15 13:20:00,65.14,100.00
129-04362,2020-08-15 13:30:00,66.99,100.00
129-04362,2020-08-15 13:40:00,66.98,99.80
129-04362,2020-08-15 13:50:00,63.94,100.00
129-04362,2020-08-15 14:00:00,67.49,100.00
129-04362,2020-08-15 14:10:00,65.79,100.00
129-04362,2020-08-15 14:20:00,64.76,100.00
129-04362,2020-08-15 14:30:00,65.94,100.00
129-04362,2020-08-15 14:40:00,66.96,100.00
129-04362,2020-08-15 14:50:00,64.78,99.40
129-04362,2020-08-15 15:00:00,65.34,100.00
129-04362,2020-08-15 15:10:00,63.72,100.00
129-04362,2020-08-15 15:20:00,67.03,100.00
129-04362,2020-08-15 15:30:00,65.89,99.50
129-04362,2020-08-15 15:40:00,61.36,100.00
129-04362,2020-08-15 15:50:00,68.91,100.00
129-04362,2020-08-15 16:00:00,68.33,100.00
129-04362,2020-08-15 16:10:00,67.13,99.60
129-04362,2020-08-15 16:20:00,68.78,100.00
129-04362,2020-08-15 16:30:00,66.71,100.00
129-04362,2020-08-15 16:40:00,66.56,99.90
129-04362,2020-08-15 16:50:00,66.05,100.00
129-04362,2020-08-15 17:00:00,65.96,100.00
129-04362,2020-08-15 17:10:00,69.12,100.00
129-04362,2020-08-15 17:20:00,67.48,98.40
129-04362,2020-08-15 17:30:00,70.07,83.50
129-04362,2020-08-15 17:40:00,69.94,100.00
129-04362,2020-08-15 17:50:00,69.29,100.00
129-04362,2020-08-15 18:00:00,66.34,100.00
129-04362,2020-08-15 18:10:00,69.12,100.00
129-04362,2020-08-15 18:20:00,66.55,100.00
129-04362,2020-08-15 18:30:00,73.37,100.00
129-04362,2020-08-15 18:40:00,71.82,100.00
129-04362,2020-08-15 18:50:00,68.79,99.60
129-04362,2020-08-15 19:00:00,72.94,95.10
129-04362,2020-08-15 19:10:00,72.92,98.50
129-04362,2020-08-15 19:20:00,66.15,100.00
129-04362,2020-08-15 19:30:00,71.01,91.40
129-04362,2020-08-15 19:40:00,71.36,100.00
129-04362,2020-08-15 19:50:00,70.02,98.80
129-04362,2020-08-15 20:00:00,64.24,100.00
129-04362,2020-08-15 20:10:00,67.21,99.80
129-04362,2020-08-15 20:20:00,66.95,100.00
129-04362,2020-08-15 20:30:00,64.59,100.00
129-04362,2020-08-15 20:40:00,64.59,96.40
129-04362,2020-08-15 20:50:00,69.76,70.60
129-04362,2020-08-15 21:00:00,61.98,100.00
129-04362,2020-08-15 21:10:00,61.34,100.00
129-04362,2020-08-15 21:20:00,63.97,99.60
129-04362,2020-08-15 21:30:00,71.13,52.60
129-04362,2020-08-15 21:40:00,66.08,86.90
129-04362,2020-08-15 21:50:00,67.10,87.40
129-04362,2020-08-15 22:00:00,64.53,93.40
129-04362,2020-08-15 22:10:00,67.99,99.20
129-04362,2020-08-15 22:20:00,63.77,100.00
129-04362,2020-08-15 22:30:00,67.49,68.50
129-04362,2020-08-15 22:40:00,64.73,95.70
129-04362,2020-08-15 22:50:00,70.59,86.60
129-04362,2020-08-15 23:00:00,72.83,72.60
129-04362,2020-08-15 23:10:00,70.94,80.80
129-04362,2020-08-15 23:20:00,61.60,49.40
129-04362,2020-08-15 23:30:00,55.17,29.10
129-04362,2020-08-15 23:40:00,65.27,84.60
129-04362,2020-08-15 23:50:00,63.63,93.70
129-04363,2020-08-15 00:00:00,63.00,98.50
129-04363,2020-08-15 00:10:00,67.32,31.71
129-04363,2020-08-15 00:20:00,64.52,79.40
129-04363,2020-08-15 00:30:00,66.32,97.67
129-04363,2020-08-15 00:40:00,73.56,52.43
129-04363,2020-08-15 00:50:00,71.74,70.00
129-04363,2020-08-15 01:00:00,65.00,91.10
129-04363,2020-08-15 01:10:00,65.00,71.90
129-04363,2020-08-15 01:20:00,65.00,87.50
129-04363,2020-08-15 01:30:00,81.00,8.00
129-04363,2020-08-15 01:40:00,71.98,45.20
129-04363,2020-08-15 01:50:00,57.00,36.70
129-04363,2020-08-15 02:00:00,65.16,78.71
129-04363,2020-08-15 02:10:00,73.00,92.63
129-04363,2020-08-15 02:20:00,,
129-04363,2020-08-15 02:30:00,60.00,82.50
129-04363,2020-08-15 02:40:00,68.40,88.25
129-04363,2020-08-15 02:50:00,67.65,99.11
129-04363,2020-08-15 03:00:00,61.00,76.00
129-04363,2020-08-15 03:10:00,61.00,87.70
129-04363,2020-08-15 03:20:00,66.00,96.33
129-04363,2020-08-15 03:30:00,61.17,79.00
129-04363,2020-08-15 03:40:00,57.00,74.11
129-04363,2020-08-15 03:50:00,69.00,57.00
129-04363,2020-08-15 04:00:00,69.00,56.30
129-04363,2020-08-15 04:10:00,69.00,72.00
129-04363,2020-08-15 04:20:00,62.88,59.44
129-04363,2020-08-15 04:30:00,72.77,52.40
129-04363,2020-08-15 04:40:00,62.16,45.90
129-04363,2020-08-15 04:50:00,74.31,48.60
129-04363,2020-08-15 05:00:00,69.34,98.10
129-04363,2020-08-15 05:10:00,68.90,91.50
129-04363,2020-08-15 05:20:00,67.00,95.63
129-04363,2020-08-15 05:30:00,74.55,83.22
129-04363,2020-08-15 05:40:00,76.02,51.00
129-04363,2020-08-15 05:50:00,69.55,93.20
129-04363,2020-08-15 06:00:00,71.00,99.60
129-04363,2020-08-15 06:10:00,74.63,81.80
129-04363,2020-08-15 06:20:00,70.03,98.80
129-04363,2020-08-15 06:30:00,78.15,57.40
129-04363,2020-08-15 06:40:00,70.93,99.80
129-04363,2020-08-15 06:50:00,69.00,100.00
129-04363,2020-08-15 07:00:00,71.99,96.20
129-04363,2020-08-15 07:10:00,72.47,92.10
129-04363,2020-08-15 07:20:00,74.17,86.60
129-04363,2020-08-15 07:30:00,71.83,100.00
129-04363,2020-08-15 07:40:00,72.35,100.00
129-04363,2020-08-15 07:50:00,74.39,100.00
129-04363,2020-08-15 08:00:00,68.53,100.00
129-04363,2020-08-15 08:10:00,66.99,100.00
129-04363,2020-08-15 08:20:00,68.61,97.60
129-04363,2020-08-15 08:30:00,67.23,99.70
129-04363,2020-08-15 08:40:00,63.10,100.00
129-04363,2020-08-15 08:50:00,67.04,96.20
129-04363,2020-08-15 09:00:00,68.94,98.70
129-04363,2020-08-15 09:10:00,71.24,85.90
129-04363,2020-08-15 09:20:00,72.99,100.00
129-04363,2020-08-15 09:30:00,73.78,98.90
129-04363,2020-08-15 09:40:00,68.57,100.00
129-04363,2020-08-15 09:50:00,68.76,99.30
129-04363,2020-08-15 10:00:00,70.64,99.50
129-04363,2020-08-15 10:10:00,69.96,99.60
129-04363,2020-08-15 10:20:00,70.14,100.00
129-04363,2020-08-15 10:30:00,67.29,100.00
129-04363,2020-08-15 10:40:00,67.53,100.00
129-04363,2020-08-15 10:50:00,65.55,100.00
129-04363,2020-08-15 11:00:00,67.79,100.00
129-04363,2020-08-15 11:10:00,68.98,100.00
129-04363,2020-08-15 11:20:00,67.89,100.00
129-04363,2020-08-15 11:30:00,66.45,100.00
129-04363,2020-08-15 11:40:00,67.79,100.00
129-04363,2020-08-15 11:50:00,66.11,100.00
129-04363,2020-08-15 12:00:00,62.28,100.00
129-04363,2020-08-15 12:10:00,68.28,100.00
129-04363,2020-08-15 12:20:00,67.37,100.00
129-04363,2020-08-15 12:30:00,68.17,100.00
129-04363,2020-08-15 12:40:00,65.50,100.00
129-04363,2020-08-15 12:50:00,70.37,100.00
129-04363,2020-08-15 13:00:00,66.78,100.00
129-04363,2020-08-15 13:10:00,62.56,100.00
129-04363,2020-08-15 13:20:00,67.59,100.00
129-04363,2020-08-15 13:30:00,67.99,100.00
129-04363,2020-08-15 13:40:00,69.96,100.00
129-04363,2020-08-15 13:50:00,68.95,100.00
129-04363,2020-08-15 14:00:00,69.96,100.00
129-04363,2020-08-15 14:10:00,68.39,100.00
129-04363,2020-08-15 14:20:00,67.31,100.00
129-04363,2020-08-15 14:30:00,68.99,100.00
129-04363,2020-08-15 14:40:00,67.59,100.00
129-04363,2020-08-15 14:50:00,67.77,99.90
129-04363,2020-08-15 15:00:00,69.39,100.00
129-04363,2020-08-15 15:10:00,67.76,100.00
129-04363,2020-08-15 15:20:00,68.30,100.00
129-04363,2020-08-15 15:30:00,69.49,100.00
129-04363,2020-08-15 15:40:00,63.79,100.00
129-04363,2020-08-15 15:50:00,70.95,100.00
129-04363,2020-08-15 16:00:00,70.35,100.00
129-04363,2020-08-15 16:10:00,69.65,99.30
129-04363,2020-08-15 16:20:00,70.27,100.00
129-04363,2020-08-15 16:30:00,70.16,100.00
129-04363,2020-08-15 16:40:00,69.52,100.00
129-04363,2020-08-15 16:50:00,69.93,100.00
129-04363,2020-08-15 17:00:00,68.39,100.00
129-04363,2020-08-15 17:10:00,69.36,100.00
129-04363,2020-08-15 17:20:00,69.75,96.50
129-04363,2020-08-15 17:30:00,71.14,100.00
129-04363,2020-08-15 17:40:00,70.56,100.00
129-04363,2020-08-15 17:50:00,70.73,100.00
129-04363,2020-08-15 18:00:00,70.93,100.00
129-04363,2020-08-15 18:10:00,71.54,99.40
129-04363,2020-08-15 18:20:00,71.26,100.00
129-04363,2020-08-15 18:30:00,74.98,94.40
129-04363,2020-08-15 18:40:00,72.84,98.90
129-04363,2020-08-15 18:50:00,70.39,99.60
129-04363,2020-08-15 19:00:00,73.37,97.70
129-04363,2020-08-15 19:10:00,73.51,100.00
129-04363,2020-08-15 19:20:00,71.96,98.80
129-04363,2020-08-15 19:30:00,74.01,90.50
129-04363,2020-08-15 19:40:00,71.58,100.00
129-04363,2020-08-15 19:50:00,72.53,99.40
129-04363,2020-08-15 20:00:00,65.76,100.00
129-04363,2020-08-15 20:10:00,67.74,99.30
129-04363,2020-08-15 20:20:00,69.58,100.00
129-04363,2020-08-15 20:30:00,66.60,100.00
129-04363,2020-08-15 20:40:00,64.87,100.00
129-04363,2020-08-15 20:50:00,67.69,88.40
129-04363,2020-08-15 21:00:00,63.29,100.00
129-04363,2020-08-15 21:10:00,62.56,100.00
129-04363,2020-08-15 21:20:00,65.59,99.10
129-04363,2020-08-15 21:30:00,73.16,100.00
129-04363,2020-08-15 21:40:00,70.95,70.90
129-04363,2020-08-15 21:50:00,69.73,93.00
129-04363,2020-08-15 22:00:00,69.05,90.70
129-04363,2020-08-15 22:10:00,68.19,98.50
129-04363,2020-08-15 22:20:00,65.86,97.50
129-04363,2020-08-15 22:30:00,71.97,87.00
129-04363,2020-08-15 22:40:00,66.35,100.00
129-04363,2020-08-15 22:50:00,71.20,85.70
129-04363,2020-08-15 23:00:00,70.26,92.40
129-04363,2020-08-15 23:10:00,70.94,90.50
129-04363,2020-08-15 23:20:00,65.39,77.70
129-04363,2020-08-15 23:30:00,57.90,23.30
129-04363,2020-08-15 23:40:00,65.68,90.80
129-04363,2020-08-15 23:50:00,64.77,92.80
129-04360,2020-08-15 00:00:00,61.85,93.20
129-04360,2020-08-15 00:10:00,75.55,19.33
129-04360,2020-08-15 00:20:00,59.98,85.60
129-04360,2020-08-15 00:30:00,63.00,98.67
129-04360,2020-08-15 00:40:00,73.65,50.33
129-04360,2020-08-15 00:50:00,71.94,73.33
129-04360,2020-08-15 01:00:00,63.00,81.70
129-04360,2020-08-15 01:10:00,60.28,57.40
129-04360,2020-08-15 01:20:00,61.00,69.50
129-04360,2020-08-15 01:30:00,63.00,98.67
129-04360,2020-08-15 01:40:00,61.17,92.00
129-04360,2020-08-15 01:50:00,58.00,90.67
129-04360,2020-08-15 02:00:00,69.00,48.00
129-04360,2020-08-15 02:10:00,69.00,66.50
129-04360,2020-08-15 02:20:00,,
129-04360,2020-08-15 02:30:00,60.28,80.29
129-04360,2020-08-15 02:40:00,67.24,75.44
129-04360,2020-08-15 02:50:00,71.81,56.17
129-04360,2020-08-15 03:00:00,66.59,97.80
129-04360,2020-08-15 03:10:00,60.98,70.20
129-04360,2020-08-15 03:20:00,65.90,91.43
129-04360,2020-08-15 03:30:00,67.00,99.00
129-04360,2020-08-15 03:40:00,,
129-04360,2020-08-15 03:50:00,66.00,96.00
129-04360,2020-08-15 04:00:00,68.96,85.50
129-04360,2020-08-15 04:10:00,70.00,95.20
129-04360,2020-08-15 04:20:00,40.10,47.44
129-04360,2020-08-15 04:30:00,67.97,93.20
129-04360,2020-08-15 04:40:00,63.78,66.20
129-04360,2020-08-15 04:50:00,71.61,50.90
129-04360,2020-08-15 05:00:00,68.91,94.10
129-04360,2020-08-15 05:10:00,65.30,76.50
129-04360,2020-08-15 05:20:00,65.94,91.90
129-04360,2020-08-15 05:30:00,68.12,93.00
129-04360,2020-08-15 05:40:00,72.45,58.90
129-04360,2020-08-15 05:50:00,68.83,83.60
129-04360,2020-08-15 06:00:00,71.60,79.50
129-04360,2020-08-15 06:10:00,75.75,54.20
129-04360,2020-08-15 06:20:00,69.08,96.00
129-04360,2020-08-15 06:30:00,70.00,95.70
129-04360,2020-08-15 06:40:00,69.20,95.90
129-04360,2020-08-15 06:50:00,69.20,98.50
129-04360,2020-08-15 07:00:00,72.72,82.10
129-04360,2020-08-15 07:10:00,74.87,70.50
129-04360,2020-08-15 07:20:00,70.29,100.00
129-04360,2020-08-15 07:30:00,71.25,100.00
129-04360,2020-08-15 07:40:00,72.13,100.00
129-04360,2020-08-15 07:50:00,73.99,100.00
129-04360,2020-08-15 08:00:00,69.33,100.00
129-04360,2020-08-15 08:10:00,68.98,100.00
129-04360,2020-08-15 08:20:00,71.00,95.00
129-04360,2020-08-15 08:30:00,66.97,100.00
129-04360,2020-08-15 08:40:00,69.43,94.90
129-04360,2020-08-15 08:50:00,67.77,100.00
129-04360,2020-08-15 09:00:00,69.70,100.00
129-04360,2020-08-15 09:10:00,68.91,96.10
129-04360,2020-08-15 09:20:00,72.29,83.00
129-04360,2020-08-15 09:30:00,72.17,100.00
129-04360,2020-08-15 09:40:00,67.82,100.00
129-04360,2020-08-15 09:50:00,65.18,100.00
129-04360,2020-08-15 10:00:00,68.44,100.00
129-04360,2020-08-15 10:10:00,67.49,100.00
129-04360,2020-08-15 10:20:00,67.27,100.00
129-04360,2020-08-15 10:30:00,66.19,100.00
129-04360,2020-08-15 10:40:00,68.34,100.00
129-04360,2020-08-15 10:50:00,68.16,100.00
129-04360,2020-08-15 11:00:00,57.86,100.00
129-04360,2020-08-15 11:10:00,62.42,100.00
129-04360,2020-08-15 11:20:00,65.78,100.00
129-04360,2020-08-15 11:30:00,66.99,100.00
129-04360,2020-08-15 11:40:00,67.99,100.00
129-04360,2020-08-15 11:50:00,67.36,97.50
129-04360,2020-08-15 12:00:00,63.96,100.00
129-04360,2020-08-15 12:10:00,67.59,100.00
129-04360,2020-08-15 12:20:00,67.00,99.90
129-04360,2020-08-15 12:30:00,67.68,100.00
129-04360,2020-08-15 12:40:00,65.95,100.00
129-04360,2020-08-15 12:50:00,67.87,100.00
129-04360,2020-08-15 13:00:00,67.19,100.00
129-04360,2020-08-15 13:10:00,65.49,100.00
129-04360,2020-08-15 13:20:00,67.35,100.00
129-04360,2020-08-15 13:30:00,69.19,100.00
129-04360,2020-08-15 13:40:00,69.59,100.00
129-04360,2020-08-15 13:50:00,67.19,100.00
129-04360,2020-08-15 14:00:00,67.59,100.00
129-04360,2020-08-15 14:10:00,68.29,100.00
129-04360,2020-08-15 14:20:00,65.79,100.00
129-04360,2020-08-15 14:30:00,68.59,100.00
129-04360,2020-08-15 14:40:00,68.38,100.00
129-04360,2020-08-15 14:50:00,66.08,100.00
129-04360,2020-08-15 15:00:00,68.39,100.00
129-04360,2020-08-15 15:10:00,66.59,100.00
129-04360,2020-08-15 15:20:00,68.17,100.00
129-04360,2020-08-15 15:30:00,66.50,100.00
129-04360,2020-08-15 15:40:00,65.19,100.00
129-04360,2020-08-15 15:50:00,67.59,100.00
129-04360,2020-08-15 16:00:00,68.57,100.00
129-04360,2020-08-15 16:10:00,66.46,100.00
129-04360,2020-08-15 16:20:00,66.74,100.00
129-04360,2020-08-15 16:30:00,67.06,100.00
129-04360,2020-08-15 16:40:00,70.27,100.00
129-04360,2020-08-15 16:50:00,71.39,100.00
129-04360,2020-08-15 17:00:00,68.30,100.00
129-04360,2020-08-15 17:10:00,66.57,100.00
129-04360,2020-08-15 17:20:00,67.89,99.90
129-04360,2020-08-15 17:30:00,70.93,100.00
129-04360,2020-08-15 17:40:00,72.76,100.00
129-04360,2020-08-15 17:50:00,69.38,100.00
129-04360,2020-08-15 18:00:00,68.48,100.00
129-04360,2020-08-15 18:10:00,68.27,100.00
129-04360,2020-08-15 18:20:00,68.28,100.00
129-04360,2020-08-15 18:30:00,72.55,100.00
129-04360,2020-08-15 18:40:00,69.40,97.70
129-04360,2020-08-15 18:50:00,67.19,100.00
129-04360,2020-08-15 19:00:00,71.37,100.00
129-04360,2020-08-15 19:10:00,71.48,100.00
129-04360,2020-08-15 19:20:00,72.26,100.00
129-04360,2020-08-15 19:30:00,71.29,100.00
129-04360,2020-08-15 19:40:00,69.39,100.00
129-04360,2020-08-15 19:50:00,69.13,100.00
129-04360,2020-08-15 20:00:00,64.45,100.00
129-04360,2020-08-15 20:10:00,67.55,91.60
129-04360,2020-08-15 20:20:00,66.75,99.60
129-04360,2020-08-15 20:30:00,66.49,100.00
129-04360,2020-08-15 20:40:00,68.65,90.30
129-04360,2020-08-15 20:50:00,69.75,89.50
129-04360,2020-08-15 21:00:00,64.14,100.00
129-04360,2020-08-15 21:10:00,64.06,100.00
129-04360,2020-08-15 21:20:00,63.89,100.00
129-04360,2020-08-15 21:30:00,74.19,54.90
129-04360,2020-08-15 21:40:00,67.42,82.00
129-04360,2020-08-15 21:50:00,63.30,100.00
129-04360,2020-08-15 22:00:00,61.94,98.10
129-04360,2020-08-15 22:10:00,64.36,100.00
129-04360,2020-08-15 22:20:00,64.83,94.40
129-04360,2020-08-15 22:30:00,70.19,72.10
129-04360,2020-08-15 22:40:00,61.56,98.90
129-04360,2020-08-15 22:50:00,67.14,94.30
129-04360,2020-08-15 23:00:00,68.27,92.10
129-04360,2020-08-15 23:10:00,70.28,82.70
129-04360,2020-08-15 23:20:00,66.65,94.80
129-04360,2020-08-15 23:30:00,63.00,71.40
129-04360,2020-08-15 23:40:00,60.57,48.90
129-04360,2020-08-15 23:50:00,63.49,87.70
129-04361,2020-08-15 00:00:00,58.69,90.40
129-04361,2020-08-15 00:10:00,58.46,94.50
129-04361,2020-08-15 00:20:00,60.71,80.90
129-04361,2020-08-15 00:30:00,62.66,81.50
129-04361,2020-08-15 00:40:00,71.92,15.86
129-04361,2020-08-15 00:50:00,69.02,46.70
129-04361,2020-08-15 01:00:00,63.00,86.30
129-04361,2020-08-15 01:10:00,58.76,52.50
129-04361,2020-08-15 01:20:00,60.00,74.50
129-04361,2020-08-15 01:30:00,81.00,7.33
129-04361,2020-08-15 01:40:00,68.42,61.90
129-04361,2020-08-15 01:50:00,55.75,62.38
129-04361,2020-08-15 02:00:00,59.16,66.60
129-04361,2020-08-15 02:10:00,66.73,83.75
129-04361,2020-08-15 02:20:00,,
129-04361,2020-08-15 02:30:00,61.00,100.00
129-04361,2020-08-15 02:40:00,67.18,69.56
129-04361,2020-08-15 02:50:00,71.21,84.78
129-04361,2020-08-15 03:00:00,66.16,93.40
129-04361,2020-08-15 03:10:00,62.50,80.10
129-04361,2020-08-15 03:20:00,67.33,93.50
129-04361,2020-08-15 03:30:00,67.29,85.20
129-04361,2020-08-15 03:40:00,55.00,46.44
129-04361,2020-08-15 03:50:00,69.00,54.00
129-04361,2020-08-15 04:00:00,69.00,45.20
129-04361,2020-08-15 04:10:00,69.00,60.00
129-04361,2020-08-15 04:20:00,59.82,65.11
129-04361,2020-08-15 04:30:00,68.36,89.30
129-04361,2020-08-15 04:40:00,64.25,57.40
129-04361,2020-08-15 04:50:00,73.65,42.10
129-04361,2020-08-15 05:00:00,66.06,76.10
129-04361,2020-08-15 05:10:00,65.61,68.70
129-04361,2020-08-15 05:20:00,65.94,88.90
129-04361,2020-08-15 05:30:00,73.45,58.00
129-04361,2020-08-15 05:40:00,72.45,70.30
129-04361,2020-08-15 05:50:00,67.54,89.60
129-04361,2020-08-15 06:00:00,71.74,90.30
129-04361,2020-08-15 06:10:00,75.87,66.20
129-04361,2020-08-15 06:20:00,69.22,98.40
129-04361,2020-08-15 06:30:00,71.03,92.90
129-04361,2020-08-15 06:40:00,68.06,99.90
129-04361,2020-08-15 06:50:00,67.70,100.00
129-04361,2020-08-15 07:00:00,64.62,97.00
129-04361,2020-08-15 07:10:00,74.92,65.50
129-04361,2020-08-15 07:20:00,70.07,100.00
129-04361,2020-08-15 07:30:00,67.75,100.00
129-04361,2020-08-15 07:40:00,70.93,100.00
129-04361,2020-08-15 07:50:00,70.97,100.00
129-04361,2020-08-15 08:00:00,67.32,100.00
129-04361,2020-08-15 08:10:00,65.98,100.00
129-04361,2020-08-15 08:20:00,68.78,95.20
129-04361,2020-08-15 08:30:00,65.34,100.00
129-04361,2020-08-15 08:40:00,65.91,100.00
129-04361,2020-08-15 08:50:00,63.77,100.00
129-04361,2020-08-15 09:00:00,67.77,100.00
129-04361,2020-08-15 09:10:00,66.70,100.00
129-04361,2020-08-15 09:20:00,72.16,100.00
129-04361,2020-08-15 09:30:00,72.83,100.00
129-04361,2020-08-15 09:40:00,65.30,100.00
129-04361,2020-08-15 09:50:00,62.36,100.00
129-04361,2020-08-15 10:00:00,67.72,100.00
129-04361,2020-08-15 10:10:00,66.88,100.00
129-04361,2020-08-15 10:20:00,65.31,100.00
129-04361,2020-08-15 10:30:00,64.97,100.00
129-04361,2020-08-15 10:40:00,68.13,100.00
129-04361,2020-08-15 10:50:00,64.99,100.00
129-04361,2020-08-15 11:00:00,57.98,100.00
129-04361,2020-08-15 11:10:00,60.59,100.00
129-04361,2020-08-15 11:20:00,63.44,100.00
129-04361,2020-08-15 11:30:00,64.68,100.00
129-04361,2020-08-15 11:40:00,66.86,98.30
129-04361,2020-08-15 11:50:00,65.67,98.40
129-04361,2020-08-15 12:00:00,61.36,100.00
129-04361,2020-08-15 12:10:00,65.57,100.00
129-04361,2020-08-15 12:20:00,65.28,99.60
129-04361,2020-08-15 12:30:00,66.28,100.00
129-04361,2020-08-15 12:40:00,63.14,100.00
129-04361,2020-08-15 12:50:00,66.44,100.00
129-04361,2020-08-15 13:00:00,64.99,100.00
129-04361,2020-08-15 13:10:00,61.99,100.00
129-04361,2020-08-15 13:20:00,65.74,100.00
129-04361,2020-08-15 13:30:00,67.79,100.00
129-04361,2020-08-15 13:40:00,68.08,100.00
129-04361,2020-08-15 13:50:00,65.08,100.00
129-04361,2020-08-15 14:00:00,65.49,100.00
129-04361,2020-08-15 14:10:00,66.49,100.00
129-04361,2020-08-15 14:20:00,63.78,100.00
129-04361,2020-08-15 14:30:00,66.19,100.00
129-04361,2020-08-15 14:40:00,65.96,100.00
129-04361,2020-08-15 14:50:00,63.07,100.00
129-04361,2020-08-15 15:00:00,65.18,100.00
129-04361,2020-08-15 15:10:00,64.18,100.00
129-04361,2020-08-15 15:20:00,65.17,100.00
129-04361,2020-08-15 15:30:00,64.39,100.00
129-04361,2020-08-15 15:40:00,63.39,100.00
129-04361,2020-08-15 15:50:00,65.99,100.00
129-04361,2020-08-15 16:00:00,67.17,100.00
129-04361,2020-08-15 16:10:00,64.57,100.00
129-04361,2020-08-15 16:20:00,63.47,100.00
129-04361,2020-08-15 16:30:00,64.41,100.00
129-04361,2020-08-15 16:40:00,68.39,97.80
129-04361,2020-08-15 16:50:00,67.74,100.00
129-04361,2020-08-15 17:00:00,66.29,100.00
129-04361,2020-08-15 17:10:00,64.27,100.00
129-04361,2020-08-15 17:20:00,65.67,100.00
129-04361,2020-08-15 17:30:00,66.69,100.00
129-04361,2020-08-15 17:40:00,70.19,100.00
129-04361,2020-08-15 17:50:00,68.59,100.00
129-04361,2020-08-15 18:00:00,65.75,100.00
129-04361,2020-08-15 18:10:00,67.17,100.00
129-04361,2020-08-15 18:20:00,65.83,100.00
129-04361,2020-08-15 18:30:00,68.15,100.00
129-04361,2020-08-15 18:40:00,66.10,100.00
129-04361,2020-08-15 18:50:00,64.58,100.00
129-04361,2020-08-15 19:00:00,69.39,100.00
129-04361,2020-08-15 19:10:00,70.79,100.00
129-04361,2020-08-15 19:20:00,72.55,100.00
129-04361,2020-08-15 19:30:00,69.38,100.00
129-04361,2020-08-15 19:40:00,68.46,100.00
129-04361,2020-08-15 19:50:00,67.41,100.00
129-04361,2020-08-15 20:00:00,61.75,100.00
129-04361,2020-08-15 20:10:00,63.69,100.00
129-04361,2020-08-15 20:20:00,64.70,100.00
129-04361,2020-08-15 20:30:00,65.68,100.00
129-04361,2020-08-15 20:40:00,65.69,100.00
129-04361,2020-08-15 20:50:00,68.78,80.10
129-04361,2020-08-15 21:00:00,61.90,100.00
129-04361,2020-08-15 21:10:00,62.84,100.00
129-04361,2020-08-15 21:20:00,63.18,100.00
129-04361,2020-08-15 21:30:00,70.26,100.00
129-04361,2020-08-15 21:40:00,64.34,95.90
129-04361,2020-08-15 21:50:00,64.07,87.90
129-04361,2020-08-15 22:00:00,58.58,100.00
129-04361,2020-08-15 22:10:00,64.27,100.00
129-04361,2020-08-15 22:20:00,64.93,98.30
129-04361,2020-08-15 22:30:00,70.98,60.90
129-04361,2020-08-15 22:40:00,62.05,100.00
129-04361,2020-08-15 22:50:00,67.43,91.50
129-04361,2020-08-15 23:00:00,67.97,99.90
129-04361,2020-08-15 23:10:00,70.39,83.00
129-04361,2020-08-15 23:20:00,63.23,74.40
129-04361,2020-08-15 23:30:00,59.54,36.90
129-04361,2020-08-15 23:40:00,61.57,63.50
129-04361,2020-08-15 23:50:00,63.24,89.70
129N04358,2020-08-15 00:00:00,68.14,79.40
129N04358,2020-08-15 00:10:00,61.98,72.25
129N04358,2020-08-15 00:20:00,67.68,80.56
129N04358,2020-08-15 00:30:00,67.90,95.30
129N04358,2020-08-15 00:40:00,73.00,74.50
129N04358,2020-08-15 00:50:00,72.45,76.20
129N04358,2020-08-15 01:00:00,70.29,97.20
129N04358,2020-08-15 01:10:00,68.72,86.80
129N04358,2020-08-15 01:20:00,66.67,75.86
129N04358,2020-08-15 01:30:00,63.84,47.70
129N04358,2020-08-15 01:40:00,57.95,26.83
129N04358,2020-08-15 01:50:00,,
129N04358,2020-08-15 02:00:00,,
129N04358,2020-08-15 02:10:00,72.79,45.80
129N04358,2020-08-15 02:20:00,73.00,56.00
129N04358,2020-08-15 02:30:00,68.00,68.00
129N04358,2020-08-15 02:40:00,69.32,79.80
129N04358,2020-08-15 02:50:00,73.33,91.56
129N04358,2020-08-15 03:00:00,,
129N04358,2020-08-15 03:10:00,62.33,36.00
129N04358,2020-08-15 03:20:00,62.00,51.50
129N04358,2020-08-15 03:30:00,,
129N04358,2020-08-15 03:40:00,,
129N04358,2020-08-15 03:50:00,,
129N04358,2020-08-15 04:00:00,68.30,64.20
129N04358,2020-08-15 04:10:00,72.24,73.50
129N04358,2020-08-15 04:20:00,67.17,70.33
129N04358,2020-08-15 04:30:00,68.67,96.30
129N04358,2020-08-15 04:40:00,67.88,76.20
129N04358,2020-08-15 04:50:00,65.66,72.67
129N04358,2020-08-15 05:00:00,65.48,70.89
129N04358,2020-08-15 05:10:00,71.03,71.50
129N04358,2020-08-15 05:20:00,67.80,83.70
129N04358,2020-08-15 05:30:00,67.06,84.75
129N04358,2020-08-15 05:40:00,70.31,44.30
129N04358,2020-08-15 05:50:00,66.69,86.10
129N04358,2020-08-15 06:00:00,72.03,76.20
129N04358,2020-08-15 06:10:00,69.58,90.30
129N04358,2020-08-15 06:20:00,70.39,100.00
129N04358,2020-08-15 06:30:00,69.78,100.00
129N04358,2020-08-15 06:40:00,71.28,100.00
129N04358,2020-08-15 06:50:00,69.50,100.00
129N04358,2020-08-15 07:00:00,74.19,100.00
129N04358,2020-08-15 07:10:00,72.47,100.00
129N04358,2020-08-15 07:20:00,73.89,100.00
129N04358,2020-08-15 07:30:00,71.20,100.00
129N04358,2020-08-15 07:40:00,71.78,100.00
129N04358,2020-08-15 07:50:00,75.27,100.00
129N04358,2020-08-15 08:00:00,74.34,98.20
129N04358,2020-08-15 08:10:00,73.29,100.00
129N04358,2020-08-15 08:20:00,73.28,100.00
129N04358,2020-08-15 08:30:00,73.11,97.10
129N04358,2020-08-15 08:40:00,70.50,95.40
129N04358,2020-08-15 08:50:00,72.89,95.80
129N04358,2020-08-15 09:00:00,73.20,100.00
129N04358,2020-08-15 09:10:00,71.48,100.00
129N04358,2020-08-15 09:20:00,72.96,95.80
129N04358,2020-08-15 09:30:00,69.43,100.00
129N04358,2020-08-15 09:40:00,71.86,100.00
129N04358,2020-08-15 09:50:00,70.29,100.00
129N04358,2020-08-15 10:00:00,70.69,100.00
129N04358,2020-08-15 10:10:00,72.58,100.00
129N04358,2020-08-15 10:20:00,73.69,98.60
129N04358,2020-08-15 10:30:00,69.95,100.00
129N04358,2020-08-15 10:40:00,72.09,100.00
129N04358,2020-08-15 10:50:00,73.38,100.00
129N04358,2020-08-15 11:00:00,69.90,100.00
129N04358,2020-08-15 11:10:00,70.68,100.00
129N04358,2020-08-15 11:20:00,67.86,100.00
129N04358,2020-08-15 11:30:00,67.98,100.00
129N04358,2020-08-15 11:40:00,70.47,100.00
129N04358,2020-08-15 11:50:00,70.49,100.00
129N04358,2020-08-15 12:00:00,68.18,100.00
129N04358,2020-08-15 12:10:00,69.97,100.00
129N04358,2020-08-15 12:20:00,70.48,100.00
129N04358,2020-08-15 12:30:00,68.99,100.00
129N04358,2020-08-15 12:40:00,70.09,100.00
129N04358,2020-08-15 12:50:00,70.10,100.00
129N04358,2020-08-15 13:00:00,71.39,100.00
129N04358,2020-08-15 13:10:00,69.18,100.00
129N04358,2020-08-15 13:20:00,67.70,100.00
129N04358,2020-08-15 13:30:00,69.39,100.00
129N04358,2020-08-15 13:40:00,69.59,100.00
129N04358,2020-08-15 13:50:00,70.88,100.00
129N04358,2020-08-15 14:00:00,70.69,100.00
129N04358,2020-08-15 14:10:00,73.39,100.00
129N04358,2020-08-15 14:20:00,69.43,100.00
129N04358,2020-08-15 14:30:00,70.29,100.00
129N04358,2020-08-15 14:40:00,69.89,100.00
129N04358,2020-08-15 14:50:00,69.49,100.00
129N04358,2020-08-15 15:00:00,69.89,100.00
129N04358,2020-08-15 15:10:00,69.68,100.00
129N04358,2020-08-15 15:20:00,70.19,100.00
129N04358,2020-08-15 15:30:00,71.09,100.00
129N04358,2020-08-15 15:40:00,69.38,100.00
129N04358,2020-08-15 15:50:00,70.79,100.00
129N04358,2020-08-15 16:00:00,73.60,100.00
129N04358,2020-08-15 16:10:00,72.87,100.00
129N04358,2020-08-15 16:20:00,71.38,100.00
129N04358,2020-08-15 16:30:00,70.09,100.00
129N04358,2020-08-15 16:40:00,72.08,100.00
129N04358,2020-08-15 16:50:00,73.89,100.00
129N04358,2020-08-15 17:00:00,73.57,100.00
129N04358,2020-08-15 17:10:00,71.39,100.00
129N04358,2020-08-15 17:20:00,71.69,100.00
129N04358,2020-08-15 17:30:00,71.39,100.00
129N04358,2020-08-15 17:40:00,74.59,99.60
129N04358,2020-08-15 17:50:00,73.19,100.00
129N04358,2020-08-15 18:00:00,69.97,100.00
129N04358,2020-08-15 18:10:00,72.13,100.00
129N04358,2020-08-15 18:20:00,71.69,100.00
129N04358,2020-08-15 18:30:00,74.68,100.00
129N04358,2020-08-15 18:40:00,74.87,100.00
129N04358,2020-08-15 18:50:00,71.19,100.00
129N04358,2020-08-15 19:00:00,72.49,100.00
129N04358,2020-08-15 19:10:00,74.99,100.00
129N04358,2020-08-15 19:20:00,73.87,98.40
129N04358,2020-08-15 19:30:00,74.98,100.00
129N04358,2020-08-15 19:40:00,70.95,100.00
129N04358,2020-08-15 19:50:00,73.08,100.00
129N04358,2020-08-15 20:00:00,69.59,100.00
129N04358,2020-08-15 20:10:00,70.37,100.00
129N04358,2020-08-15 20:20:00,69.80,98.70
129N04358,2020-08-15 20:30:00,68.59,100.00
129N04358,2020-08-15 20:40:00,66.11,95.90
129N04358,2020-08-15 20:50:00,68.17,99.20
129N04358,2020-08-15 21:00:00,69.73,100.00
129N04358,2020-08-15 21:10:00,65.87,93.70
129N04358,2020-08-15 21:20:00,67.14,96.10
129N04358,2020-08-15 21:30:00,73.86,91.40
129N04358,2020-08-15 21:40:00,70.67,100.00
129N04358,2020-08-15 21:50:00,70.98,96.10
129N04358,2020-08-15 22:00:00,73.00,91.90
129N04358,2020-08-15 22:10:00,69.29,100.00
129N04358,2020-08-15 22:20:00,70.79,100.00
129N04358,2020-08-15 22:30:00,71.78,98.80
129N04358,2020-08-15 22:40:00,67.75,97.80
129N04358,2020-08-15 22:50:00,72.25,95.60
129N04358,2020-08-15 23:00:00,71.35,96.30
129N04358,2020-08-15 23:10:00,68.00,83.50
129N04358,2020-08-15 23:20:00,68.99,92.22
129N04358,2020-08-15 23:30:00,70.59,91.70
129N04358,2020-08-15 23:40:00,66.69,84.90
129N04358,2020-08-15 23:50:00,73.43,62.40
129N04359,2020-08-15 00:00:00,60.10,88.10
129N04359,2020-08-15 00:10:00,58.60,87.67
129N04359,2020-08-15 00:20:00,64.04,76.20
129N04359,2020-08-15 00:30:00,64.89,82.40
129N04359,2020-08-15 00:40:00,69.94,36.80
129N04359,2020-08-15 00:50:00,71.00,45.38
129N04359,2020-08-15 01:00:00,64.00,87.50
129N04359,2020-08-15 01:10:00,59.00,49.90
129N04359,2020-08-15 01:20:00,61.10,62.40
129N04359,2020-08-15 01:30:00,69.90,84.80
129N04359,2020-08-15 01:40:00,53.00,40.67
129N04359,2020-08-15 01:50:00,53.00,56.33
129N04359,2020-08-15 02:00:00,68.00,53.00
129N04359,2020-08-15 02:10:00,68.00,73.00
129N04359,2020-08-15 02:20:00,,
129N04359,2020-08-15 02:30:00,59.54,81.40
129N04359,2020-08-15 02:40:00,65.69,70.70
129N04359,2020-08-15 02:50:00,71.85,57.38
129N04359,2020-08-15 03:00:00,58.50,32.00
129N04359,2020-08-15 03:10:00,60.00,61.30
129N04359,2020-08-15 03:20:00,60.00,74.67
129N04359,2020-08-15 03:30:00,,
129N04359,2020-08-15 03:40:00,,
129N04359,2020-08-15 03:50:00,,
129N04359,2020-08-15 04:00:00,69.49,59.25
129N04359,2020-08-15 04:10:00,70.00,84.50
129N04359,2020-08-15 04:20:00,66.71,89.75
129N04359,2020-08-15 04:30:00,67.36,90.10
129N04359,2020-08-15 04:40:00,67.11,73.60
129N04359,2020-08-15 04:50:00,68.96,54.90
129N04359,2020-08-15 05:00:00,64.60,66.30
129N04359,2020-08-15 05:10:00,67.63,75.90
129N04359,2020-08-15 05:20:00,64.18,81.20
129N04359,2020-08-15 05:30:00,64.11,87.00
129N04359,2020-08-15 05:40:00,70.21,50.40
129N04359,2020-08-15 05:50:00,65.98,95.40
129N04359,2020-08-15 06:00:00,67.91,87.00
129N04359,2020-08-15 06:10:00,70.66,71.80
129N04359,2020-08-15 06:20:00,67.68,99.90
129N04359,2020-08-15 06:30:00,68.54,95.90
129N04359,2020-08-15 06:40:00,69.22,97.10
129N04359,2020-08-15 06:50:00,70.07,89.80
129N04359,2020-08-15 07:00:00,72.76,82.60
129N04359,2020-08-15 07:10:00,67.24,99.90
129N04359,2020-08-15 07:20:00,69.28,100.00
129N04359,2020-08-15 07:30:00,70.36,100.00
129N04359,2020-08-15 07:40:00,70.06,100.00
129N04359,2020-08-15 07:50:00,70.88,100.00
129N04359,2020-08-15 08:00:00,69.35,100.00
129N04359,2020-08-15 08:10:00,70.09,99.90
129N04359,2020-08-15 08:20:00,69.58,99.00
129N04359,2020-08-15 08:30:00,70.15,99.60
129N04359,2020-08-15 08:40:00,71.09,96.40
129N04359,2020-08-15 08:50:00,72.45,94.30
129N04359,2020-08-15 09:00:00,69.58,100.00
129N04359,2020-08-15 09:10:00,65.04,100.00
129N04359,2020-08-15 09:20:00,66.74,100.00
129N04359,2020-08-15 09:30:00,69.47,100.00
129N04359,2020-08-15 09:40:00,67.87,100.00
129N04359,2020-08-15 09:50:00,64.77,100.00
129N04359,2020-08-15 10:00:00,67.16,100.00
129N04359,2020-08-15 10:10:00,69.03,100.00
129N04359,2020-08-15 10:20:00,68.21,100.00
129N04359,2020-08-15 10:30:00,64.99,100.00
129N04359,2020-08-15 10:40:00,68.57,100.00
129N04359,2020-08-15 10:50:00,68.47,100.00
129N04359,2020-08-15 11:00:00,65.34,100.00
129N04359,2020-08-15 11:10:00,64.79,100.00
129N04359,2020-08-15 11:20:00,64.62,100.00
129N04359,2020-08-15 11:30:00,65.57,100.00
129N04359,2020-08-15 11:40:00,66.96,100.00
129N04359,2020-08-15 11:50:00,66.37,98.80
129N04359,2020-08-15 12:00:00,62.69,100.00
129N04359,2020-08-15 12:10:00,65.93,100.00
129N04359,2020-08-15 12:20:00,67.09,100.00
129N04359,2020-08-15 12:30:00,65.39,100.00
129N04359,2020-08-15 12:40:00,66.10,100.00
129N04359,2020-08-15 12:50:00,66.48,100.00
129N04359,2020-08-15 13:00:00,67.17,100.00
129N04359,2020-08-15 13:10:00,63.09,100.00
129N04359,2020-08-15 13:20:00,65.69,100.00
129N04359,2020-08-15 13:30:00,68.56,100.00
129N04359,2020-08-15 13:40:00,67.27,100.00
129N04359,2020-08-15 13:50:00,67.36,100.00
129N04359,2020-08-15 14:00:00,68.88,100.00
129N04359,2020-08-15 14:10:00,68.88,100.00
129N04359,2020-08-15 14:20:00,67.46,100.00
129N04359,2020-08-15 14:30:00,68.37,100.00
129N04359,2020-08-15 14:40:00,68.19,100.00
129N04359,2020-08-15 14:50:00,65.98,100.00
129N04359,2020-08-15 15:00:00,66.99,100.00
129N04359,2020-08-15 15:10:00,67.28,100.00
129N04359,2020-08-15 15:20:00,69.19,100.00
129N04359,2020-08-15 15:30:00,67.36,100.00
129N04359,2020-08-15 15:40:00,65.39,100.00
129N04359,2020-08-15 15:50:00,67.39,100.00
129N04359,2020-08-15 16:00:00,69.90,100.00
129N04359,2020-08-15 16:10:00,68.14,100.00
129N04359,2020-08-15 16:20:00,68.43,100.00
129N04359,2020-08-15 16:30:00,68.59,100.00
129N04359,2020-08-15 16:40:00,68.59,100.00
129N04359,2020-08-15 16:50:00,70.50,100.00
129N04359,2020-08-15 17:00:00,69.39,100.00
129N04359,2020-08-15 17:10:00,66.96,100.00
129N04359,2020-08-15 17:20:00,64.29,100.00
129N04359,2020-08-15 17:30:00,69.88,100.00
129N04359,2020-08-15 17:40:00,72.49,98.10
129N04359,2020-08-15 17:50:00,67.27,100.00
129N04359,2020-08-15 18:00:00,67.24,99.80
129N04359,2020-08-15 18:10:00,68.62,100.00
129N04359,2020-08-15 18:20:00,67.18,100.00
129N04359,2020-08-15 18:30:00,70.76,100.00
129N04359,2020-08-15 18:40:00,68.44,100.00
129N04359,2020-08-15 18:50:00,69.55,100.00
129N04359,2020-08-15 19:00:00,70.52,100.00
129N04359,2020-08-15 19:10:00,72.57,100.00
129N04359,2020-08-15 19:20:00,69.95,100.00
129N04359,2020-08-15 19:30:00,70.99,100.00
129N04359,2020-08-15 19:40:00,68.54,100.00
129N04359,2020-08-15 19:50:00,68.53,100.00
129N04359,2020-08-15 20:00:00,64.47,100.00
129N04359,2020-08-15 20:10:00,65.69,100.00
129N04359,2020-08-15 20:20:00,65.89,100.00
129N04359,2020-08-15 20:30:00,66.59,100.00
129N04359,2020-08-15 20:40:00,64.84,100.00
129N04359,2020-08-15 20:50:00,64.79,100.00
129N04359,2020-08-15 21:00:00,65.18,100.00
129N04359,2020-08-15 21:10:00,60.30,97.60
129N04359,2020-08-15 21:20:00,62.27,100.00
129N04359,2020-08-15 21:30:00,71.43,71.70
129N04359,2020-08-15 21:40:00,61.81,73.40
129N04359,2020-08-15 21:50:00,62.83,95.90
129N04359,2020-08-15 22:00:00,62.96,100.00
129N04359,2020-08-15 22:10:00,63.87,100.00
129N04359,2020-08-15 22:20:00,65.34,100.00
129N04359,2020-08-15 22:30:00,68.04,97.10
129N04359,2020-08-15 22:40:00,62.92,100.00
129N04359,2020-08-15 22:50:00,66.26,97.10
129N04359,2020-08-15 23:00:00,67.39,98.80
129N04359,2020-08-15 23:10:00,67.86,88.40
129N04359,2020-08-15 23:20:00,66.58,96.90
129N04359,2020-08-15 23:30:00,66.99,96.90
129N04359,2020-08-15 23:40:00,64.96,81.30
129N04359,2020-08-15 23:50:00,65.85,86.00
129N04356,2020-08-15 00:00:00,58.80,83.00
129N04356,2020-08-15 00:10:00,58.11,75.86
129N04356,2020-08-15 00:20:00,63.93,96.40
129N04356,2020-08-15 00:30:00,62.69,93.90
129N04356,2020-08-15 00:40:00,57.16,84.00
129N04356,2020-08-15 00:50:00,79.00,10.14
129N04356,2020-08-15 01:00:00,39.59,8.00
129N04356,2020-08-15 01:10:00,68.68,88.78
129N04356,2020-08-15 01:20:00,63.22,98.11
129N04356,2020-08-15 01:30:00,51.70,53.25
129N04356,2020-08-15 01:40:00,52.01,76.20
129N04356,2020-08-15 01:50:00,55.00,94.00
129N04356,2020-08-15 02:00:00,,
129N04356,2020-08-15 02:10:00,71.00,15.75
129N04356,2020-08-15 02:20:00,69.53,48.17
129N04356,2020-08-15 02:30:00,58.00,59.00
129N04356,2020-08-15 02:40:00,65.38,80.00
129N04356,2020-08-15 02:50:00,71.96,74.40
129N04356,2020-08-15 03:00:00,65.10,58.80
129N04356,2020-08-15 03:10:00,59.69,50.30
129N04356,2020-08-15 03:20:00,59.43,65.22
129N04356,2020-08-15 03:30:00,61.00,88.29
129N04356,2020-08-15 03:40:00,,
129N04356,2020-08-15 03:50:00,63.00,
129N04356,2020-08-15 04:00:00,64.10,83.38
129N04356,2020-08-15 04:10:00,62.99,96.50
129N04356,2020-08-15 04:20:00,63.45,78.33
129N04356,2020-08-15 04:30:00,63.79,96.80
129N04356,2020-08-15 04:40:00,63.00,97.70
129N04356,2020-08-15 04:50:00,64.30,85.00
129N04356,2020-08-15 05:00:00,61.34,85.11
129N04356,2020-08-15 05:10:00,64.18,79.70
129N04356,2020-08-15 05:20:00,65.38,90.40
129N04356,2020-08-15 05:30:00,64.33,90.40
129N04356,2020-08-15 05:40:00,66.41,54.50
129N04356,2020-08-15 05:50:00,64.23,77.50
129N04356,2020-08-15 06:00:00,71.76,52.70
129N04356,2020-08-15 06:10:00,75.52,44.10
129N04356,2020-08-15 06:20:00,71.35,93.80
129N04356,2020-08-15 06:30:00,67.95,100.00
129N04356,2020-08-15 06:40:00,67.93,100.00
129N04356,2020-08-15 06:50:00,70.56,97.80
129N04356,2020-08-15 07:00:00,74.55,71.20
129N04356,2020-08-15 07:10:00,70.13,84.50
129N04356,2020-08-15 07:20:00,71.79,98.30
129N04356,2020-08-15 07:30:00,70.58,100.00
129N04356,2020-08-15 07:40:00,71.57,100.00
129N04356,2020-08-15 07:50:00,72.16,100.00
129N04356,2020-08-15 08:00:00,74.39,100.00
129N04356,2020-08-15 08:10:00,70.13,100.00
129N04356,2020-08-15 08:20:00,70.15,99.90
129N04356,2020-08-15 08:30:00,70.32,100.00
129N04356,2020-08-15 08:40:00,71.00,100.00
129N04356,2020-08-15 08:50:00,70.98,99.00
129N04356,2020-08-15 09:00:00,68.79,100.00
129N04356,2020-08-15 09:10:00,69.99,100.00
129N04356,2020-08-15 09:20:00,72.53,99.80
129N04356,2020-08-15 09:30:00,68.17,100.00
129N04356,2020-08-15 09:40:00,68.36,100.00
129N04356,2020-08-15 09:50:00,66.76,100.00
129N04356,2020-08-15 10:00:00,68.79,100.00
129N04356,2020-08-15 10:10:00,69.74,100.00
129N04356,2020-08-15 10:20:00,68.76,100.00
129N04356,2020-08-15 10:30:00,68.94,100.00
129N04356,2020-08-15 10:40:00,67.95,100.00
129N04356,2020-08-15 10:50:00,68.14,100.00
129N04356,2020-08-15 11:00:00,67.38,100.00
129N04356,2020-08-15 11:10:00,67.97,100.00
129N04356,2020-08-15 11:20:00,65.77,100.00
129N04356,2020-08-15 11:30:00,66.96,100.00
129N04356,2020-08-15 11:40:00,68.39,100.00
129N04356,2020-08-15 11:50:00,66.99,100.00
129N04356,2020-08-15 12:00:00,65.37,100.00
129N04356,2020-08-15 12:10:00,63.38,100.00
129N04356,2020-08-15 12:20:00,64.75,100.00
129N04356,2020-08-15 12:30:00,67.39,100.00
129N04356,2020-08-15 12:40:00,67.59,100.00
129N04356,2020-08-15 12:50:00,64.96,100.00
129N04356,2020-08-15 13:00:00,65.16,100.00
129N04356,2020-08-15 13:10:00,66.16,100.00
129N04356,2020-08-15 13:20:00,63.00,100.00
129N04356,2020-08-15 13:30:00,65.70,100.00
129N04356,2020-08-15 13:40:00,66.19,100.00
129N04356,2020-08-15 13:50:00,66.19,100.00
129N04356,2020-08-15 14:00:00,66.59,100.00
129N04356,2020-08-15 14:10:00,66.59,100.00
129N04356,2020-08-15 14:20:00,65.98,100.00
129N04356,2020-08-15 14:30:00,63.97,100.00
129N04356,2020-08-15 14:40:00,67.79,100.00
129N04356,2020-08-15 14:50:00,66.96,100.00
129N04356,2020-08-15 15:00:00,68.56,100.00
129N04356,2020-08-15 15:10:00,64.39,100.00
129N04356,2020-08-15 15:20:00,65.97,100.00
129N04356,2020-08-15 15:30:00,67.00,100.00
129N04356,2020-08-15 15:40:00,64.79,100.00
129N04356,2020-08-15 15:50:00,67.94,100.00
129N04356,2020-08-15 16:00:00,68.98,100.00
129N04356,2020-08-15 16:10:00,67.38,100.00
129N04356,2020-08-15 16:20:00,67.38,100.00
129N04356,2020-08-15 16:30:00,68.38,100.00
129N04356,2020-08-15 16:40:00,68.53,100.00
129N04356,2020-08-15 16:50:00,70.79,100.00
129N04356,2020-08-15 17:00:00,66.29,100.00
129N04356,2020-08-15 17:10:00,65.79,100.00
129N04356,2020-08-15 17:20:00,67.79,100.00
129N04356,2020-08-15 17:30:00,67.77,100.00
129N04356,2020-08-15 17:40:00,69.75,100.00
129N04356,2020-08-15 17:50:00,70.79,100.00
129N04356,2020-08-15 18:00:00,68.17,100.00
129N04356,2020-08-15 18:10:00,69.96,100.00
129N04356,2020-08-15 18:20:00,71.74,100.00
129N04356,2020-08-15 18:30:00,69.38,100.00
129N04356,2020-08-15 18:40:00,71.79,100.00
129N04356,2020-08-15 18:50:00,69.33,100.00
129N04356,2020-08-15 19:00:00,69.58,100.00
129N04356,2020-08-15 19:10:00,70.18,100.00
129N04356,2020-08-15 19:20:00,72.90,99.80
129N04356,2020-08-15 19:30:00,73.39,100.00
129N04356,2020-08-15 19:40:00,68.98,100.00
129N04356,2020-08-15 19:50:00,68.58,100.00
129N04356,2020-08-15 20:00:00,67.16,100.00
129N04356,2020-08-15 20:10:00,67.58,100.00
129N04356,2020-08-15 20:20:00,71.24,86.00
129N04356,2020-08-15 20:30:00,63.79,100.00
129N04356,2020-08-15 20:40:00,66.79,100.00
129N04356,2020-08-15 20:50:00,64.58,100.00
129N04356,2020-08-15 21:00:00,64.95,100.00
129N04356,2020-08-15 21:10:00,62.87,100.00
129N04356,2020-08-15 21:20:00,63.59,100.00
129N04356,2020-08-15 21:30:00,70.09,100.00
129N04356,2020-08-15 21:40:00,67.31,72.30
129N04356,2020-08-15 21:50:00,60.89,100.00
129N04356,2020-08-15 22:00:00,66.04,91.80
129N04356,2020-08-15 22:10:00,65.79,100.00
129N04356,2020-08-15 22:20:00,66.35,100.00
129N04356,2020-08-15 22:30:00,67.19,100.00
129N04356,2020-08-15 22:40:00,62.95,100.00
129N04356,2020-08-15 22:50:00,63.62,95.80
129N04356,2020-08-15 23:00:00,64.58,99.50
129N04356,2020-08-15 23:10:00,64.50,90.10
129N04356,2020-08-15 23:20:00,63.65,86.30
129N04356,2020-08-15 23:30:00,67.95,62.00
129N04356,2020-08-15 23:40:00,66.80,54.40
129N04356,2020-08-15 23:50:00,64.87,69.60
129N04357,2020-08-15 00:00:00,62.25,86.80
129N04357,2020-08-15 00:10:00,56.80,66.86
129N04357,2020-08-15 00:20:00,67.00,94.20
129N04357,2020-08-15 00:30:00,65.39,95.00
129N04357,2020-08-15 00:40:00,60.93,63.10
129N04357,2020-08-15 00:50:00,79.00,21.10
129N04357,2020-08-15 01:00:00,64.49,74.29
129N04357,2020-08-15 01:10:00,69.55,87.90
129N04357,2020-08-15 01:20:00,64.74,87.88
129N04357,2020-08-15 01:30:00,54.16,20.00
129N04357,2020-08-15 01:40:00,53.95,51.90
129N04357,2020-08-15 01:50:00,56.00,80.00
129N04357,2020-08-15 02:00:00,,
129N04357,2020-08-15 02:10:00,70.33,20.50
129N04357,2020-08-15 02:20:00,68.41,54.75
129N04357,2020-08-15 02:30:00,60.00,58.00
129N04357,2020-08-15 02:40:00,67.11,86.20
129N04357,2020-08-15 02:50:00,71.87,79.70
129N04357,2020-08-15 03:00:00,66.27,62.20
129N04357,2020-08-15 03:10:00,62.10,47.10
129N04357,2020-08-15 03:20:00,62.43,67.33
129N04357,2020-08-15 03:30:00,64.00,90.14
129N04357,2020-08-15 03:40:00,,
129N04357,2020-08-15 03:50:00,64.00,
129N04357,2020-08-15 04:00:00,65.86,80.75
129N04357,2020-08-15 04:10:00,68.00,86.00
129N04357,2020-08-15 04:20:00,65.94,94.50
129N04357,2020-08-15 04:30:00,65.15,92.70
129N04357,2020-08-15 04:40:00,66.62,92.70
129N04357,2020-08-15 04:50:00,64.84,91.25
129N04357,2020-08-15 05:00:00,63.25,77.78
129N04357,2020-08-15 05:10:00,66.58,79.20
129N04357,2020-08-15 05:20:00,68.38,88.10
129N04357,2020-08-15 05:30:00,64.74,90.90
129N04357,2020-08-15 05:40:00,67.24,47.80
129N04357,2020-08-15 05:50:00,64.82,70.90
129N04357,2020-08-15 06:00:00,73.43,47.30
129N04357,2020-08-15 06:10:00,77.17,40.90
129N04357,2020-08-15 06:20:00,69.89,100.00
129N04357,2020-08-15 06:30:00,68.86,100.00
129N04357,2020-08-15 06:40:00,70.16,100.00
129N04357,2020-08-15 06:50:00,70.45,100.00
129N04357,2020-08-15 07:00:00,73.37,84.50
129N04357,2020-08-15 07:10:00,70.00,93.10
129N04357,2020-08-15 07:20:00,71.49,100.00
129N04357,2020-08-15 07:30:00,71.79,100.00
129N04357,2020-08-15 07:40:00,72.12,100.00
129N04357,2020-08-15 07:50:00,72.96,100.00
129N04357,2020-08-15 08:00:00,74.58,100.00
129N04357,2020-08-15 08:10:00,70.70,100.00
129N04357,2020-08-15 08:20:00,69.95,100.00
129N04357,2020-08-15 08:30:00,70.91,100.00
129N04357,2020-08-15 08:40:00,72.49,99.00
129N04357,2020-08-15 08:50:00,72.59,98.20
129N04357,2020-08-15 09:00:00,70.79,100.00
129N04357,2020-08-15 09:10:00,70.39,100.00
129N04357,2020-08-15 09:20:00,71.56,100.00
129N04357,2020-08-15 09:30:00,70.67,99.80
129N04357,2020-08-15 09:40:00,70.78,100.00
129N04357,2020-08-15 09:50:00,68.47,100.00
129N04357,2020-08-15 10:00:00,69.69,100.00
129N04357,2020-08-15 10:10:00,69.52,100.00
129N04357,2020-08-15 10:20:00,70.57,100.00
129N04357,2020-08-15 10:30:00,70.55,100.00
129N04357,2020-08-15 10:40:00,68.35,100.00
129N04357,2020-08-15 10:50:00,68.86,100.00
129N04357,2020-08-15 11:00:00,69.48,100.00
129N04357,2020-08-15 11:10:00,69.97,100.00
129N04357,2020-08-15 11:20:00,67.07,100.00
129N04357,2020-08-15 11:30:00,69.87,100.00
129N04357,2020-08-15 11:40:00,69.59,100.00
129N04357,2020-08-15 11:50:00,69.17,100.00
129N04357,2020-08-15 12:00:00,67.35,100.00
129N04357,2020-08-15 12:10:00,65.28,100.00
129N04357,2020-08-15 12:20:00,66.67,100.00
129N04357,2020-08-15 12:30:00,67.99,99.70
129N04357,2020-08-15 12:40:00,68.98,100.00
129N04357,2020-08-15 12:50:00,66.77,100.00
129N04357,2020-08-15 13:00:00,65.37,100.00
129N04357,2020-08-15 13:10:00,67.07,100.00
129N04357,2020-08-15 13:20:00,64.19,100.00
129N04357,2020-08-15 13:30:00,66.54,100.00
129N04357,2020-08-15 13:40:00,67.20,100.00
129N04357,2020-08-15 13:50:00,68.18,100.00
129N04357,2020-08-15 14:00:00,68.69,100.00
129N04357,2020-08-15 14:10:00,68.69,100.00
129N04357,2020-08-15 14:20:00,68.18,100.00
129N04357,2020-08-15 14:30:00,66.37,100.00
129N04357,2020-08-15 14:40:00,68.69,100.00
129N04357,2020-08-15 14:50:00,69.59,100.00
129N04357,2020-08-15 15:00:00,69.57,98.10
129N04357,2020-08-15 15:10:00,65.30,100.00
129N04357,2020-08-15 15:20:00,66.98,100.00
129N04357,2020-08-15 15:30:00,68.18,100.00
129N04357,2020-08-15 15:40:00,65.29,100.00
129N04357,2020-08-15 15:50:00,69.95,100.00
129N04357,2020-08-15 16:00:00,70.46,100.00
129N04357,2020-08-15 16:10:00,69.99,100.00
129N04357,2020-08-15 16:20:00,68.08,100.00
129N04357,2020-08-15 16:30:00,69.78,100.00
129N04357,2020-08-15 16:40:00,71.19,100.00
129N04357,2020-08-15 16:50:00,72.07,100.00
129N04357,2020-08-15 17:00:00,69.03,100.00
129N04357,2020-08-15 17:10:00,68.89,100.00
129N04357,2020-08-15 17:20:00,68.98,100.00
129N04357,2020-08-15 17:30:00,69.79,99.80
129N04357,2020-08-15 17:40:00,70.94,100.00
129N04357,2020-08-15 17:50:00,72.59,100.00
129N04357,2020-08-15 18:00:00,70.49,100.00
129N04357,2020-08-15 18:10:00,72.08,100.00
129N04357,2020-08-15 18:20:00,72.04,100.00
129N04357,2020-08-15 18:30:00,72.68,100.00
129N04357,2020-08-15 18:40:00,74.27,100.00
129N04357,2020-08-15 18:50:00,72.16,100.00
129N04357,2020-08-15 19:00:00,71.45,100.00
129N04357,2020-08-15 19:10:00,72.38,100.00
129N04357,2020-08-15 19:20:00,72.28,100.00
129N04357,2020-08-15 19:30:00,74.67,99.40
129N04357,2020-08-15 19:40:00,71.08,100.00
129N04357,2020-08-15 19:50:00,69.89,100.00
129N04357,2020-08-15 20:00:00,68.68,100.00
129N04357,2020-08-15 20:10:00,70.47,100.00
129N04357,2020-08-15 20:20:00,69.97,100.00
129N04357,2020-08-15 20:30:00,65.69,100.00
129N04357,2020-08-15 20:40:00,66.76,100.00
129N04357,2020-08-15 20:50:00,65.97,100.00
129N04357,2020-08-15 21:00:00,66.55,100.00
129N04357,2020-08-15 21:10:00,63.97,96.50
129N04357,2020-08-15 21:20:00,64.71,100.00
129N04357,2020-08-15 21:30:00,70.53,88.20
129N04357,2020-08-15 21:40:00,66.53,100.00
129N04357,2020-08-15 21:50:00,61.28,86.40
129N04357,2020-08-15 22:00:00,68.76,89.56
129N04357,2020-08-15 22:10:00,68.59,100.00
129N04357,2020-08-15 22:20:00,68.46,100.00
129N04357,2020-08-15 22:30:00,69.49,100.00
129N04357,2020-08-15 22:40:00,65.95,100.00
129N04357,2020-08-15 22:50:00,69.59,100.00
129N04357,2020-08-15 23:00:00,69.80,98.00
129N04357,2020-08-15 23:10:00,67.65,91.00
129N04357,2020-08-15 23:20:00,70.10,81.00
129N04357,2020-08-15 23:30:00,70.13,79.70
129N04357,2020-08-15 23:40:00,68.12,62.70
129N04357,2020-08-15 23:50:00,69.91,85.60
129N04354,2020-08-15 00:00:00,66.37,65.40
129N04354,2020-08-15 00:10:00,64.57,96.10
129N04354,2020-08-15 00:20:00,70.50,80.80
129N04354,2020-08-15 00:30:00,65.74,91.90
129N04354,2020-08-15 00:40:00,63.29,87.20
129N04354,2020-08-15 00:50:00,73.00,47.90
129N04354,2020-08-15 01:00:00,70.95,63.70
129N04354,2020-08-15 01:10:00,64.18,85.20
129N04354,2020-08-15 01:20:00,67.30,97.40
129N04354,2020-08-15 01:30:00,66.25,86.33
129N04354,2020-08-15 01:40:00,63.00,70.60
129N04354,2020-08-15 01:50:00,63.00,93.00
129N04354,2020-08-15 02:00:00,,
129N04354,2020-08-15 02:10:00,65.96,84.83
129N04354,2020-08-15 02:20:00,63.00,97.67
129N04354,2020-08-15 02:30:00,,
129N04354,2020-08-15 02:40:00,67.41,86.33
129N04354,2020-08-15 02:50:00,66.42,91.40
129N04354,2020-08-15 03:00:00,66.44,93.88
129N04354,2020-08-15 03:10:00,62.79,82.70
129N04354,2020-08-15 03:20:00,60.00,77.50
129N04354,2020-08-15 03:30:00,63.37,98.00
129N04354,2020-08-15 03:40:00,,
129N04354,2020-08-15 03:50:00,,
129N04354,2020-08-15 04:00:00,64.00,96.50
129N04354,2020-08-15 04:10:00,66.75,75.40
129N04354,2020-08-15 04:20:00,68.00,81.00
129N04354,2020-08-15 04:30:00,70.55,83.56
129N04354,2020-08-15 04:40:00,70.30,89.80
129N04354,2020-08-15 04:50:00,71.00,86.75
129N04354,2020-08-15 05:00:00,,
129N04354,2020-08-15 05:10:00,64.00,59.00
129N04354,2020-08-15 05:20:00,64.00,66.86
129N04354,2020-08-15 05:30:00,71.00,85.10
129N04354,2020-08-15 05:40:00,66.36,46.70
129N04354,2020-08-15 05:50:00,69.08,95.80
129N04354,2020-08-15 06:00:00,71.59,70.00
129N04354,2020-08-15 06:10:00,77.27,37.30
129N04354,2020-08-15 06:20:00,69.53,88.20
129N04354,2020-08-15 06:30:00,69.77,100.00
129N04354,2020-08-15 06:40:00,69.66,100.00
129N04354,2020-08-15 06:50:00,69.29,100.00
129N04354,2020-08-15 07:00:00,71.65,91.70
129N04354,2020-08-15 07:10:00,71.02,90.10
129N04354,2020-08-15 07:20:00,69.99,100.00
129N04354,2020-08-15 07:30:00,70.70,100.00
129N04354,2020-08-15 07:40:00,72.13,100.00
129N04354,2020-08-15 07:50:00,73.68,100.00
129N04354,2020-08-15 08:00:00,74.19,99.80
129N04354,2020-08-15 08:10:00,70.07,100.00
129N04354,2020-08-15 08:20:00,69.02,100.00
129N04354,2020-08-15 08:30:00,70.85,100.00
129N04354,2020-08-15 08:40:00,71.22,100.00
129N04354,2020-08-15 08:50:00,70.48,100.00
129N04354,2020-08-15 09:00:00,69.18,100.00
129N04354,2020-08-15 09:10:00,69.38,100.00
129N04354,2020-08-15 09:20:00,67.87,100.00
129N04354,2020-08-15 09:30:00,67.19,100.00
129N04354,2020-08-15 09:40:00,66.57,100.00
129N04354,2020-08-15 09:50:00,66.13,100.00
129N04354,2020-08-15 10:00:00,70.68,100.00
129N04354,2020-08-15 10:10:00,69.29,100.00
129N04354,2020-08-15 10:20:00,66.76,100.00
129N04354,2020-08-15 10:30:00,71.56,100.00
129N04354,2020-08-15 10:40:00,69.29,100.00
129N04354,2020-08-15 10:50:00,70.08,100.00
129N04354,2020-08-15 11:00:00,69.29,100.00
129N04354,2020-08-15 11:10:00,68.18,100.00
129N04354,2020-08-15 11:20:00,67.58,100.00
129N04354,2020-08-15 11:30:00,64.79,100.00
129N04354,2020-08-15 11:40:00,67.26,100.00
129N04354,2020-08-15 11:50:00,67.99,100.00
129N04354,2020-08-15 12:00:00,67.97,100.00
129N04354,2020-08-15 12:10:00,65.39,100.00
129N04354,2020-08-15 12:20:00,67.27,100.00
129N04354,2020-08-15 12:30:00,69.09,100.00
129N04354,2020-08-15 12:40:00,66.59,100.00
129N04354,2020-08-15 12:50:00,66.35,100.00
129N04354,2020-08-15 13:00:00,66.37,100.00
129N04354,2020-08-15 13:10:00,67.87,100.00
129N04354,2020-08-15 13:20:00,64.79,100.00
129N04354,2020-08-15 13:30:00,67.33,100.00
129N04354,2020-08-15 13:40:00,67.05,99.80
129N04354,2020-08-15 13:50:00,67.49,100.00
129N04354,2020-08-15 14:00:00,67.27,100.00
129N04354,2020-08-15 14:10:00,68.89,100.00
129N04354,2020-08-15 14:20:00,68.20,100.00
129N04354,2020-08-15 14:30:00,66.37,100.00
129N04354,2020-08-15 14:40:00,68.06,100.00
129N04354,2020-08-15 14:50:00,67.09,100.00
129N04354,2020-08-15 15:00:00,66.78,99.70
129N04354,2020-08-15 15:10:00,66.59,100.00
129N04354,2020-08-15 15:20:00,65.09,100.00
129N04354,2020-08-15 15:30:00,66.38,100.00
129N04354,2020-08-15 15:40:00,66.89,100.00
129N04354,2020-08-15 15:50:00,67.18,100.00
129N04354,2020-08-15 16:00:00,69.79,100.00
129N04354,2020-08-15 16:10:00,67.07,100.00
129N04354,2020-08-15 16:20:00,67.35,100.00
129N04354,2020-08-15 16:30:00,70.69,100.00
129N04354,2020-08-15 16:40:00,70.90,100.00
129N04354,2020-08-15 16:50:00,71.76,100.00
129N04354,2020-08-15 17:00:00,66.99,100.00
129N04354,2020-08-15 17:10:00,69.98,100.00
129N04354,2020-08-15 17:20:00,69.98,100.00
129N04354,2020-08-15 17:30:00,66.69,100.00
129N04354,2020-08-15 17:40:00,70.29,100.00
129N04354,2020-08-15 17:50:00,72.94,98.30
129N04354,2020-08-15 18:00:00,66.63,100.00
129N04354,2020-08-15 18:10:00,64.09,100.00
129N04354,2020-08-15 18:20:00,65.22,100.00
129N04354,2020-08-15 18:30:00,67.45,100.00
129N04354,2020-08-15 18:40:00,70.68,100.00
129N04354,2020-08-15 18:50:00,65.90,100.00
129N04354,2020-08-15 19:00:00,69.07,100.00
129N04354,2020-08-15 19:10:00,70.68,100.00
129N04354,2020-08-15 19:20:00,72.15,100.00
129N04354,2020-08-15 19:30:00,73.77,100.00
129N04354,2020-08-15 19:40:00,69.29,100.00
129N04354,2020-08-15 19:50:00,70.39,100.00
129N04354,2020-08-15 20:00:00,68.15,100.00
129N04354,2020-08-15 20:10:00,65.24,98.10
129N04354,2020-08-15 20:20:00,71.90,67.30
129N04354,2020-08-15 20:30:00,67.32,93.70
129N04354,2020-08-15 20:40:00,63.97,100.00
129N04354,2020-08-15 20:50:00,66.76,100.00
129N04354,2020-08-15 21:00:00,72.22,74.00
129N04354,2020-08-15 21:10:00,65.88,100.00
129N04354,2020-08-15 21:20:00,66.60,100.00
129N04354,2020-08-15 21:30:00,69.39,98.00
129N04354,2020-08-15 21:40:00,69.65,98.20
129N04354,2020-08-15 21:50:00,63.98,100.00
129N04354,2020-08-15 22:00:00,69.13,92.00
129N04354,2020-08-15 22:10:00,68.06,100.00
129N04354,2020-08-15 22:20:00,66.86,100.00
129N04354,2020-08-15 22:30:00,69.63,86.80
129N04354,2020-08-15 22:40:00,68.64,85.70
129N04354,2020-08-15 22:50:00,61.46,75.00
129N04354,2020-08-15 23:00:00,71.78,75.40
129N04354,2020-08-15 23:10:00,67.88,96.60
129N04354,2020-08-15 23:20:00,67.46,86.50
129N04354,2020-08-15 23:30:00,68.87,83.40
129N04354,2020-08-15 23:40:00,71.97,70.70
129N04354,2020-08-15 23:50:00,63.80,64.50
129N04355,2020-08-15 00:00:00,71.35,84.71
129N04355,2020-08-15 00:10:00,66.74,97.25
129N04355,2020-08-15 00:20:00,68.89,88.00
129N04355,2020-08-15 00:30:00,66.29,95.50
129N04355,2020-08-15 00:40:00,66.20,94.60
129N04355,2020-08-15 00:50:00,76.41,40.30
129N04355,2020-08-15 01:00:00,71.81,50.17
129N04355,2020-08-15 01:10:00,75.56,63.78
129N04355,2020-08-15 01:20:00,68.17,74.00
129N04355,2020-08-15 01:30:00,66.00,53.00
129N04355,2020-08-15 01:40:00,64.17,42.20
129N04355,2020-08-15 01:50:00,,
129N04355,2020-08-15 02:00:00,,
129N04355,2020-08-15 02:10:00,75.34,29.67
129N04355,2020-08-15 02:20:00,68.00,96.83
129N04355,2020-08-15 02:30:00,,
129N04355,2020-08-15 02:40:00,68.76,80.50
129N04355,2020-08-15 02:50:00,72.29,92.20
129N04355,2020-08-15 03:00:00,69.42,83.00
129N04355,2020-08-15 03:10:00,64.90,55.50
129N04355,2020-08-15 03:20:00,64.55,73.78
129N04355,2020-08-15 03:30:00,65.00,92.67
129N04355,2020-08-15 03:40:00,,
129N04355,2020-08-15 03:50:00,,
129N04355,2020-08-15 04:00:00,68.39,78.60
129N04355,2020-08-15 04:10:00,70.90,81.20
129N04355,2020-08-15 04:20:00,70.75,96.25
129N04355,2020-08-15 04:30:00,71.27,95.20
129N04355,2020-08-15 04:40:00,71.63,93.20
129N04355,2020-08-15 04:50:00,72.83,84.57
129N04355,2020-08-15 05:00:00,63.87,51.11
129N04355,2020-08-15 05:10:00,66.91,80.10
129N04355,2020-08-15 05:20:00,68.92,91.40
129N04355,2020-08-15 05:30:00,69.67,80.00
129N04355,2020-08-15 05:40:00,69.49,43.70
129N04355,2020-08-15 05:50:00,73.07,67.70
129N04355,2020-08-15 06:00:00,74.17,75.50
129N04355,2020-08-15 06:10:00,78.09,67.30
129N04355,2020-08-15 06:20:00,73.33,93.80
129N04355,2020-08-15 06:30:00,69.75,100.00
129N04355,2020-08-15 06:40:00,71.79,100.00
129N04355,2020-08-15 06:50:00,71.28,100.00
129N04355,2020-08-15 07:00:00,73.25,83.70
129N04355,2020-08-15 07:10:00,73.50,91.40
129N04355,2020-08-15 07:20:00,73.07,96.90
129N04355,2020-08-15 07:30:00,72.98,100.00
129N04355,2020-08-15 07:40:00,75.04,100.00
129N04355,2020-08-15 07:50:00,74.37,100.00
129N04355,2020-08-15 08:00:00,75.08,99.40
129N04355,2020-08-15 08:10:00,71.99,100.00
129N04355,2020-08-15 08:20:00,72.27,100.00
129N04355,2020-08-15 08:30:00,72.02,100.00
129N04355,2020-08-15 08:40:00,72.73,99.90
129N04355,2020-08-15 08:50:00,73.23,100.00
129N04355,2020-08-15 09:00:00,70.98,100.00
129N04355,2020-08-15 09:10:00,73.39,100.00
129N04355,2020-08-15 09:20:00,73.35,99.70
129N04355,2020-08-15 09:30:00,71.69,100.00
129N04355,2020-08-15 09:40:00,71.68,100.00
129N04355,2020-08-15 09:50:00,70.48,100.00
129N04355,2020-08-15 10:00:00,72.18,100.00
129N04355,2020-08-15 10:10:00,71.15,100.00
129N04355,2020-08-15 10:20:00,71.47,100.00
129N04355,2020-08-15 10:30:00,72.29,100.00
129N04355,2020-08-15 10:40:00,69.29,100.00
129N04355,2020-08-15 10:50:00,69.04,100.00
129N04355,2020-08-15 11:00:00,70.49,100.00
129N04355,2020-08-15 11:10:00,69.69,100.00
129N04355,2020-08-15 11:20:00,69.36,100.00
129N04355,2020-08-15 11:30:00,67.89,100.00
129N04355,2020-08-15 11:40:00,71.39,100.00
129N04355,2020-08-15 11:50:00,71.99,100.00
129N04355,2020-08-15 12:00:00,68.88,100.00
129N04355,2020-08-15 12:10:00,68.49,100.00
129N04355,2020-08-15 12:20:00,68.79,100.00
129N04355,2020-08-15 12:30:00,68.28,100.00
129N04355,2020-08-15 12:40:00,69.49,100.00
129N04355,2020-08-15 12:50:00,69.79,100.00
129N04355,2020-08-15 13:00:00,70.40,100.00
129N04355,2020-08-15 13:10:00,71.18,100.00
129N04355,2020-08-15 13:20:00,67.99,100.00
129N04355,2020-08-15 13:30:00,70.36,100.00
129N04355,2020-08-15 13:40:00,70.07,100.00
129N04355,2020-08-15 13:50:00,71.78,100.00
129N04355,2020-08-15 14:00:00,71.59,100.00
129N04355,2020-08-15 14:10:00,71.08,100.00
129N04355,2020-08-15 14:20:00,70.50,100.00
129N04355,2020-08-15 14:30:00,68.37,100.00
129N04355,2020-08-15 14:40:00,70.79,100.00
129N04355,2020-08-15 14:50:00,70.98,100.00
129N04355,2020-08-15 15:00:00,69.37,100.00
129N04355,2020-08-15 15:10:00,69.48,100.00
129N04355,2020-08-15 15:20:00,69.19,100.00
129N04355,2020-08-15 15:30:00,69.99,100.00
129N04355,2020-08-15 15:40:00,70.00,100.00
129N04355,2020-08-15 15:50:00,69.69,100.00
129N04355,2020-08-15 16:00:00,74.25,100.00
129N04355,2020-08-15 16:10:00,70.27,100.00
129N04355,2020-08-15 16:20:00,71.47,100.00
129N04355,2020-08-15 16:30:00,72.38,100.00
129N04355,2020-08-15 16:40:00,71.76,100.00
129N04355,2020-08-15 16:50:00,73.76,100.00
129N04355,2020-08-15 17:00:00,70.79,100.00
129N04355,2020-08-15 17:10:00,69.88,100.00
129N04355,2020-08-15 17:20:00,71.59,100.00
129N04355,2020-08-15 17:30:00,70.79,100.00
129N04355,2020-08-15 17:40:00,72.08,99.00
129N04355,2020-08-15 17:50:00,74.89,100.00
129N04355,2020-08-15 18:00:00,74.27,100.00
129N04355,2020-08-15 18:10:00,72.56,100.00
129N04355,2020-08-15 18:20:00,71.66,100.00
129N04355,2020-08-15 18:30:00,73.37,100.00
129N04355,2020-08-15 18:40:00,70.03,100.00
129N04355,2020-08-15 18:50:00,69.38,100.00
129N04355,2020-08-15 19:00:00,72.18,100.00
129N04355,2020-08-15 19:10:00,74.28,100.00
129N04355,2020-08-15 19:20:00,73.66,100.00
129N04355,2020-08-15 19:30:00,76.60,98.10
129N04355,2020-08-15 19:40:00,71.56,100.00
129N04355,2020-08-15 19:50:00,72.87,100.00
129N04355,2020-08-15 20:00:00,69.94,100.00
129N04355,2020-08-15 20:10:00,66.77,71.60
129N04355,2020-08-15 20:20:00,75.76,59.50
129N04355,2020-08-15 20:30:00,69.07,100.00
129N04355,2020-08-15 20:40:00,70.06,98.90
129N04355,2020-08-15 20:50:00,71.22,100.00
129N04355,2020-08-15 21:00:00,72.45,98.00
129N04355,2020-08-15 21:10:00,67.05,76.50
129N04355,2020-08-15 21:20:00,67.25,100.00
129N04355,2020-08-15 21:30:00,71.60,100.00
129N04355,2020-08-15 21:40:00,70.76,100.00
129N04355,2020-08-15 21:50:00,66.88,100.00
129N04355,2020-08-15 22:00:00,70.89,100.00
129N04355,2020-08-15 22:10:00,69.69,100.00
129N04355,2020-08-15 22:20:00,70.97,100.00
129N04355,2020-08-15 22:30:00,70.01,79.00
129N04355,2020-08-15 22:40:00,67.32,81.50
129N04355,2020-08-15 22:50:00,68.56,100.00
129N04355,2020-08-15 23:00:00,68.98,99.10
129N04355,2020-08-15 23:10:00,68.64,90.70
129N04355,2020-08-15 23:20:00,71.49,81.60
129N04355,2020-08-15 23:30:00,71.75,77.30
129N04355,2020-08-15 23:40:00,71.21,59.90
129N04355,2020-08-15 23:50:00,64.52,63.70
129N04352,2020-08-15 00:00:00,75.25,38.40
129N04352,2020-08-15 00:10:00,64.30,77.40
129N04352,2020-08-15 00:20:00,61.66,69.38
129N04352,2020-08-15 00:30:00,67.10,92.60
129N04352,2020-08-15 00:40:00,64.58,87.90
129N04352,2020-08-15 00:50:00,71.72,48.00
129N04352,2020-08-15 01:00:00,78.20,22.80
129N04352,2020-08-15 01:10:00,67.93,85.78
129N04352,2020-08-15 01:20:00,69.37,96.90
129N04352,2020-08-15 01:30:00,71.00,99.33
129N04352,2020-08-15 01:40:00,65.00,67.63
129N04352,2020-08-15 01:50:00,61.99,61.20
129N04352,2020-08-15 02:00:00,59.00,32.00
129N04352,2020-08-15 02:10:00,65.82,95.00
129N04352,2020-08-15 02:20:00,64.94,89.50
129N04352,2020-08-15 02:30:00,,
129N04352,2020-08-15 02:40:00,66.49,96.88
129N04352,2020-08-15 02:50:00,68.39,91.70
129N04352,2020-08-15 03:00:00,68.28,92.22
129N04352,2020-08-15 03:10:00,64.79,88.50
129N04352,2020-08-15 03:20:00,63.00,82.50
129N04352,2020-08-15 03:30:00,64.63,85.10
129N04352,2020-08-15 03:40:00,68.07,74.57
129N04352,2020-08-15 03:50:00,,
129N04352,2020-08-15 04:00:00,,
129N04352,2020-08-15 04:10:00,64.54,92.00
129N04352,2020-08-15 04:20:00,67.00,99.00
129N04352,2020-08-15 04:30:00,66.66,91.57
129N04352,2020-08-15 04:40:00,69.00,73.80
129N04352,2020-08-15 04:50:00,75.93,30.00
129N04352,2020-08-15 05:00:00,70.79,98.50
129N04352,2020-08-15 05:10:00,63.00,45.50
129N04352,2020-08-15 05:20:00,63.00,51.88
129N04352,2020-08-15 05:30:00,71.70,81.33
129N04352,2020-08-15 05:40:00,68.94,71.10
129N04352,2020-08-15 05:50:00,75.13,60.50
129N04352,2020-08-15 06:00:00,71.13,91.80
129N04352,2020-08-15 06:10:00,78.17,49.40
129N04352,2020-08-15 06:20:00,73.32,72.70
129N04352,2020-08-15 06:30:00,69.68,100.00
129N04352,2020-08-15 06:40:00,68.99,100.00
129N04352,2020-08-15 06:50:00,71.04,98.40
129N04352,2020-08-15 07:00:00,71.96,100.00
129N04352,2020-08-15 07:10:00,68.40,100.00
129N04352,2020-08-15 07:20:00,67.51,100.00
129N04352,2020-08-15 07:30:00,68.65,100.00
129N04352,2020-08-15 07:40:00,68.58,100.00
129N04352,2020-08-15 07:50:00,69.37,100.00
129N04352,2020-08-15 08:00:00,70.36,100.00
129N04352,2020-08-15 08:10:00,65.19,100.00
129N04352,2020-08-15 08:20:00,67.25,100.00
129N04352,2020-08-15 08:30:00,69.22,100.00
129N04352,2020-08-15 08:40:00,70.74,100.00
129N04352,2020-08-15 08:50:00,68.39,100.00
129N04352,2020-08-15 09:00:00,67.79,100.00
129N04352,2020-08-15 09:10:00,69.76,100.00
129N04352,2020-08-15 09:20:00,66.79,100.00
129N04352,2020-08-15 09:30:00,67.24,100.00
129N04352,2020-08-15 09:40:00,66.55,100.00
129N04352,2020-08-15 09:50:00,66.58,100.00
129N04352,2020-08-15 10:00:00,66.98,100.00
129N04352,2020-08-15 10:10:00,65.77,100.00
129N04352,2020-08-15 10:20:00,64.17,100.00
129N04352,2020-08-15 10:30:00,67.08,100.00
129N04352,2020-08-15 10:40:00,64.86,100.00
129N04352,2020-08-15 10:50:00,64.35,100.00
129N04352,2020-08-15 11:00:00,64.18,100.00
129N04352,2020-08-15 11:10:00,64.44,100.00
129N04352,2020-08-15 11:20:00,66.25,100.00
129N04352,2020-08-15 11:30:00,63.59,100.00
129N04352,2020-08-15 11:40:00,64.59,100.00
129N04352,2020-08-15 11:50:00,65.37,100.00
129N04352,2020-08-15 12:00:00,63.79,100.00
129N04352,2020-08-15 12:10:00,63.97,100.00
129N04352,2020-08-15 12:20:00,65.39,100.00
129N04352,2020-08-15 12:30:00,65.79,100.00
129N04352,2020-08-15 12:40:00,65.19,100.00
129N04352,2020-08-15 12:50:00,65.59,100.00
129N04352,2020-08-15 13:00:00,65.38,100.00
129N04352,2020-08-15 13:10:00,62.58,100.00
129N04352,2020-08-15 13:20:00,62.67,100.00
129N04352,2020-08-15 13:30:00,64.78,100.00
129N04352,2020-08-15 13:40:00,65.26,100.00
129N04352,2020-08-15 13:50:00,65.77,98.40
129N04352,2020-08-15 14:00:00,66.35,100.00
129N04352,2020-08-15 14:10:00,64.88,100.00
129N04352,2020-08-15 14:20:00,65.79,100.00
129N04352,2020-08-15 14:30:00,64.98,100.00
129N04352,2020-08-15 14:40:00,66.19,100.00
129N04352,2020-08-15 14:50:00,63.39,100.00
129N04352,2020-08-15 15:00:00,66.75,99.20
129N04352,2020-08-15 15:10:00,64.98,100.00
129N04352,2020-08-15 15:20:00,63.19,100.00
129N04352,2020-08-15 15:30:00,63.98,100.00
129N04352,2020-08-15 15:40:00,63.17,100.00
129N04352,2020-08-15 15:50:00,64.18,100.00
129N04352,2020-08-15 16:00:00,65.16,100.00
129N04352,2020-08-15 16:10:00,65.38,100.00
129N04352,2020-08-15 16:20:00,65.00,100.00
129N04352,2020-08-15 16:30:00,68.52,100.00
129N04352,2020-08-15 16:40:00,67.15,100.00
129N04352,2020-08-15 16:50:00,67.48,100.00
129N04352,2020-08-15 17:00:00,65.89,100.00
129N04352,2020-08-15 17:10:00,66.19,100.00
129N04352,2020-08-15 17:20:00,65.13,100.00
129N04352,2020-08-15 17:30:00,63.79,100.00
129N04352,2020-08-15 17:40:00,64.39,100.00
129N04352,2020-08-15 17:50:00,66.19,100.00
129N04352,2020-08-15 18:00:00,63.77,100.00
129N04352,2020-08-15 18:10:00,63.96,100.00
129N04352,2020-08-15 18:20:00,65.39,100.00
129N04352,2020-08-15 18:30:00,64.78,100.00
129N04352,2020-08-15 18:40:00,68.52,100.00
129N04352,2020-08-15 18:50:00,66.68,100.00
129N04352,2020-08-15 19:00:00,66.45,100.00
129N04352,2020-08-15 19:10:00,67.79,100.00
129N04352,2020-08-15 19:20:00,68.39,100.00
129N04352,2020-08-15 19:30:00,70.76,100.00
129N04352,2020-08-15 19:40:00,66.25,100.00
129N04352,2020-08-15 19:50:00,64.18,100.00
129N04352,2020-08-15 20:00:00,67.32,100.00
129N04352,2020-08-15 20:10:00,71.28,100.00
129N04352,2020-08-15 20:20:00,68.31,92.70
129N04352,2020-08-15 20:30:00,68.81,85.10
129N04352,2020-08-15 20:40:00,67.99,100.00
129N04352,2020-08-15 20:50:00,68.71,100.00
129N04352,2020-08-15 21:00:00,72.03,81.60
129N04352,2020-08-15 21:10:00,67.00,100.00
129N04352,2020-08-15 21:20:00,70.35,100.00
129N04352,2020-08-15 21:30:00,68.67,100.00
129N04352,2020-08-15 21:40:00,73.79,100.00
129N04352,2020-08-15 21:50:00,69.04,96.90
129N04352,2020-08-15 22:00:00,71.79,97.30
129N04352,2020-08-15 22:10:00,70.16,98.80
129N04352,2020-08-15 22:20:00,68.59,100.00
129N04352,2020-08-15 22:30:00,67.73,100.00
129N04352,2020-08-15 22:40:00,66.88,100.00
129N04352,2020-08-15 22:50:00,63.19,77.40
129N04352,2020-08-15 23:00:00,67.04,93.10
129N04352,2020-08-15 23:10:00,69.93,95.00
129N04352,2020-08-15 23:20:00,71.59,78.40
129N04352,2020-08-15 23:30:00,70.18,86.70
129N04352,2020-08-15 23:40:00,71.25,70.30
129N04352,2020-08-15 23:50:00,67.96,75.70
129N04353,2020-08-15 00:00:00,69.59,72.10
129N04353,2020-08-15 00:10:00,65.56,92.70
129N04353,2020-08-15 00:20:00,71.81,78.20
129N04353,2020-08-15 00:30:00,68.58,86.60
129N04353,2020-08-15 00:40:00,65.40,89.80
129N04353,2020-08-15 00:50:00,74.21,45.20
129N04353,2020-08-15 01:00:00,70.70,53.10
129N04353,2020-08-15 01:10:00,66.94,72.00
129N04353,2020-08-15 01:20:00,70.19,96.80
129N04353,2020-08-15 01:30:00,71.00,99.00
129N04353,2020-08-15 01:40:00,65.00,66.25
129N04353,2020-08-15 01:50:00,65.00,84.00
129N04353,2020-08-15 02:00:00,,
129N04353,2020-08-15 02:10:00,61.16,78.56
129N04353,2020-08-15 02:20:00,61.32,92.44
129N04353,2020-08-15 02:30:00,67.00,66.63
129N04353,2020-08-15 02:40:00,66.11,86.67
129N04353,2020-08-15 02:50:00,66.19,95.30
129N04353,2020-08-15 03:00:00,67.60,87.44
129N04353,2020-08-15 03:10:00,64.59,92.10
129N04353,2020-08-15 03:20:00,61.60,70.80
129N04353,2020-08-15 03:30:00,62.14,87.70
129N04353,2020-08-15 03:40:00,67.45,61.29
129N04353,2020-08-15 03:50:00,,
129N04353,2020-08-15 04:00:00,,
129N04353,2020-08-15 04:10:00,64.40,96.43
129N04353,2020-08-15 04:20:00,66.62,89.50
129N04353,2020-08-15 04:30:00,67.70,88.00
129N04353,2020-08-15 04:40:00,70.09,81.60
129N04353,2020-08-15 04:50:00,71.00,78.67
129N04353,2020-08-15 05:00:00,,
129N04353,2020-08-15 05:10:00,65.00,75.67
129N04353,2020-08-15 05:20:00,65.00,76.57
129N04353,2020-08-15 05:30:00,70.67,84.60
129N04353,2020-08-15 05:40:00,67.59,65.80
129N04353,2020-08-15 05:50:00,73.56,67.70
129N04353,2020-08-15 06:00:00,71.16,93.50
129N04353,2020-08-15 06:10:00,77.52,46.30
129N04353,2020-08-15 06:20:00,72.12,81.30
129N04353,2020-08-15 06:30:00,70.69,99.50
129N04353,2020-08-15 06:40:00,70.04,100.00
129N04353,2020-08-15 06:50:00,69.05,100.00
129N04353,2020-08-15 07:00:00,71.35,95.10
129N04353,2020-08-15 07:10:00,72.37,89.30
129N04353,2020-08-15 07:20:00,69.08,100.00
129N04353,2020-08-15 07:30:00,70.29,100.00
129N04353,2020-08-15 07:40:00,71.69,100.00
129N04353,2020-08-15 07:50:00,72.69,100.00
129N04353,2020-08-15 08:00:00,73.59,100.00
129N04353,2020-08-15 08:10:00,70.77,100.00
129N04353,2020-08-15 08:20:00,71.88,100.00
129N04353,2020-08-15 08:30:00,69.87,100.00
129N04353,2020-08-15 08:40:00,70.78,100.00
129N04353,2020-08-15 08:50:00,69.46,100.00
129N04353,2020-08-15 09:00:00,68.10,100.00
129N04353,2020-08-15 09:10:00,70.98,100.00
129N04353,2020-08-15 09:20:00,68.68,100.00
129N04353,2020-08-15 09:30:00,68.58,100.00
129N04353,2020-08-15 09:40:00,66.78,100.00
129N04353,2020-08-15 09:50:00,67.29,100.00
129N04353,2020-08-15 10:00:00,71.26,100.00
129N04353,2020-08-15 10:10:00,68.67,100.00
129N04353,2020-08-15 10:20:00,68.07,100.00
129N04353,2020-08-15 10:30:00,69.85,100.00
129N04353,2020-08-15 10:40:00,69.18,100.00
129N04353,2020-08-15 10:50:00,69.09,100.00
129N04353,2020-08-15 11:00:00,68.19,100.00
129N04353,2020-08-15 11:10:00,68.48,100.00
129N04353,2020-08-15 11:20:00,67.08,100.00
129N04353,2020-08-15 11:30:00,64.16,100.00
129N04353,2020-08-15 11:40:00,65.96,100.00
129N04353,2020-08-15 11:50:00,66.28,100.00
129N04353,2020-08-15 12:00:00,68.09,100.00
129N04353,2020-08-15 12:10:00,66.09,100.00
129N04353,2020-08-15 12:20:00,66.79,100.00
129N04353,2020-08-15 12:30:00,66.89,100.00
129N04353,2020-08-15 12:40:00,65.29,100.00
129N04353,2020-08-15 12:50:00,64.96,100.00
129N04353,2020-08-15 13:00:00,66.09,100.00
129N04353,2020-08-15 13:10:00,66.59,100.00
129N04353,2020-08-15 13:20:00,65.49,100.00
129N04353,2020-08-15 13:30:00,66.58,100.00
129N04353,2020-08-15 13:40:00,66.48,100.00
129N04353,2020-08-15 13:50:00,66.79,100.00
129N04353,2020-08-15 14:00:00,66.99,100.00
129N04353,2020-08-15 14:10:00,66.52,100.00
129N04353,2020-08-15 14:20:00,67.39,100.00
129N04353,2020-08-15 14:30:00,66.09,100.00
129N04353,2020-08-15 14:40:00,68.39,100.00
129N04353,2020-08-15 14:50:00,66.10,100.00
129N04353,2020-08-15 15:00:00,67.58,100.00
129N04353,2020-08-15 15:10:00,66.99,100.00
129N04353,2020-08-15 15:20:00,65.10,100.00
129N04353,2020-08-15 15:30:00,65.26,100.00
129N04353,2020-08-15 15:40:00,66.36,100.00
129N04353,2020-08-15 15:50:00,66.88,100.00
129N04353,2020-08-15 16:00:00,68.79,100.00
129N04353,2020-08-15 16:10:00,67.37,100.00
129N04353,2020-08-15 16:20:00,66.68,100.00
129N04353,2020-08-15 16:30:00,69.79,100.00
129N04353,2020-08-15 16:40:00,70.19,100.00
129N04353,2020-08-15 16:50:00,70.19,100.00
129N04353,2020-08-15 17:00:00,66.87,100.00
129N04353,2020-08-15 17:10:00,69.19,100.00
129N04353,2020-08-15 17:20:00,69.38,100.00
129N04353,2020-08-15 17:30:00,66.86,100.00
129N04353,2020-08-15 17:40:00,68.18,100.00
129N04353,2020-08-15 17:50:00,70.69,100.00
129N04353,2020-08-15 18:00:00,65.57,100.00
129N04353,2020-08-15 18:10:00,64.83,100.00
129N04353,2020-08-15 18:20:00,65.76,100.00
129N04353,2020-08-15 18:30:00,67.45,100.00
129N04353,2020-08-15 18:40:00,68.86,100.00
129N04353,2020-08-15 18:50:00,65.48,100.00
129N04353,2020-08-15 19:00:00,69.45,100.00
129N04353,2020-08-15 19:10:00,70.89,100.00
129N04353,2020-08-15 19:20:00,70.89,100.00
129N04353,2020-08-15 19:30:00,73.13,100.00
129N04353,2020-08-15 19:40:00,68.48,100.00
129N04353,2020-08-15 19:50:00,69.38,100.00
129N04353,2020-08-15 20:00:00,68.26,100.00
129N04353,2020-08-15 20:10:00,67.32,100.00
129N04353,2020-08-15 20:20:00,70.55,100.00
129N04353,2020-08-15 20:30:00,66.99,100.00
129N04353,2020-08-15 20:40:00,65.49,100.00
129N04353,2020-08-15 20:50:00,67.93,100.00
129N04353,2020-08-15 21:00:00,70.54,85.90
129N04353,2020-08-15 21:10:00,65.68,100.00
129N04353,2020-08-15 21:20:00,67.84,100.00
129N04353,2020-08-15 21:30:00,68.33,100.00
129N04353,2020-08-15 21:40:00,69.92,100.00
129N04353,2020-08-15 21:50:00,66.59,100.00
129N04353,2020-08-15 22:00:00,71.38,95.80
129N04353,2020-08-15 22:10:00,68.27,100.00
129N04353,2020-08-15 22:20:00,65.87,100.00
129N04353,2020-08-15 22:30:00,69.31,100.00
129N04353,2020-08-15 22:40:00,67.06,100.00
129N04353,2020-08-15 22:50:00,64.25,84.90
129N04353,2020-08-15 23:00:00,70.58,81.00
129N04353,2020-08-15 23:10:00,66.48,98.20
129N04353,2020-08-15 23:20:00,67.08,95.90
129N04353,2020-08-15 23:30:00,68.15,89.90
129N04353,2020-08-15 23:40:00,69.26,73.30
129N04353,2020-08-15 23:50:00,64.26,75.10
129N04350,2020-08-15 00:00:00,79.59,71.50
129N04350,2020-08-15 00:10:00,71.79,77.57
129N04350,2020-08-15 00:20:00,66.22,62.30
129N04350,2020-08-15 00:30:00,70.75,88.50
129N04350,2020-08-15 00:40:00,69.22,90.10
129N04350,2020-08-15 00:50:00,64.86,56.29
129N04350,2020-08-15 01:00:00,77.00,46.56
129N04350,2020-08-15 01:10:00,70.67,82.80
129N04350,2020-08-15 01:20:00,69.63,88.00
129N04350,2020-08-15 01:30:00,76.60,60.30
129N04350,2020-08-15 01:40:00,76.00,77.00
129N04350,2020-08-15 01:50:00,72.00,96.10
129N04350,2020-08-15 02:00:00,,
129N04350,2020-08-15 02:10:00,70.36,85.88
129N04350,2020-08-15 02:20:00,68.10,68.90
129N04350,2020-08-15 02:30:00,76.58,50.60
129N04350,2020-08-15 02:40:00,75.00,94.78
129N04350,2020-08-15 02:50:00,69.35,87.88
129N04350,2020-08-15 03:00:00,73.00,98.70
129N04350,2020-08-15 03:10:00,73.00,100.00
129N04350,2020-08-15 03:20:00,80.28,52.57
129N04350,2020-08-15 03:30:00,80.50,63.00
129N04350,2020-08-15 03:40:00,67.41,46.13
129N04350,2020-08-15 03:50:00,68.53,67.22
129N04350,2020-08-15 04:00:00,68.00,83.50
129N04350,2020-08-15 04:10:00,69.88,86.00
129N04350,2020-08-15 04:20:00,73.77,54.50
129N04350,2020-08-15 04:30:00,78.14,34.57
129N04350,2020-08-15 04:40:00,68.85,78.50
129N04350,2020-08-15 04:50:00,71.99,99.00
129N04350,2020-08-15 05:00:00,74.05,91.25
129N04350,2020-08-15 05:10:00,68.00,61.25
129N04350,2020-08-15 05:20:00,70.82,92.14
129N04350,2020-08-15 05:30:00,75.00,88.60
129N04350,2020-08-15 05:40:00,75.88,81.90
129N04350,2020-08-15 05:50:00,72.44,80.10
129N04350,2020-08-15 06:00:00,68.90,85.90
129N04350,2020-08-15 06:10:00,81.88,31.50
129N04350,2020-08-15 06:20:00,70.09,83.80
129N04350,2020-08-15 06:30:00,76.07,91.90
129N04350,2020-08-15 06:40:00,74.81,85.80
129N04350,2020-08-15 06:50:00,79.73,61.80
129N04350,2020-08-15 07:00:00,68.98,93.60
129N04350,2020-08-15 07:10:00,73.27,98.40
129N04350,2020-08-15 07:20:00,73.81,96.30
129N04350,2020-08-15 07:30:00,72.98,99.60
129N04350,2020-08-15 07:40:00,75.47,100.00
129N04350,2020-08-15 07:50:00,75.16,93.70
129N04350,2020-08-15 08:00:00,75.09,100.00
129N04350,2020-08-15 08:10:00,71.87,100.00
129N04350,2020-08-15 08:20:00,72.38,100.00
129N04350,2020-08-15 08:30:00,72.98,98.80
129N04350,2020-08-15 08:40:00,74.95,94.40
129N04350,2020-08-15 08:50:00,77.47,74.00
129N04350,2020-08-15 09:00:00,76.29,94.10
129N04350,2020-08-15 09:10:00,70.74,100.00
129N04350,2020-08-15 09:20:00,69.69,100.00
129N04350,2020-08-15 09:30:00,75.56,80.50
129N04350,2020-08-15 09:40:00,76.49,89.50
129N04350,2020-08-15 09:50:00,72.76,99.30
129N04350,2020-08-15 10:00:00,73.57,97.40
129N04350,2020-08-15 10:10:00,70.73,100.00
129N04350,2020-08-15 10:20:00,72.03,99.60
129N04350,2020-08-15 10:30:00,70.18,100.00
129N04350,2020-08-15 10:40:00,71.57,100.00
129N04350,2020-08-15 10:50:00,70.29,100.00
129N04350,2020-08-15 11:00:00,69.09,100.00
129N04350,2020-08-15 11:10:00,70.78,100.00
129N04350,2020-08-15 11:20:00,67.38,100.00
129N04350,2020-08-15 11:30:00,71.58,100.00
129N04350,2020-08-15 11:40:00,70.16,100.00
129N04350,2020-08-15 11:50:00,70.20,100.00
129N04350,2020-08-15 12:00:00,68.07,100.00
129N04350,2020-08-15 12:10:00,67.88,100.00
129N04350,2020-08-15 12:20:00,70.24,99.70
129N04350,2020-08-15 12:30:00,69.65,100.00
129N04350,2020-08-15 12:40:00,68.61,100.00
129N04350,2020-08-15 12:50:00,66.18,100.00
129N04350,2020-08-15 13:00:00,69.59,100.00
129N04350,2020-08-15 13:10:00,70.86,100.00
129N04350,2020-08-15 13:20:00,71.19,100.00
129N04350,2020-08-15 13:30:00,71.10,99.80
129N04350,2020-08-15 13:40:00,70.95,99.60
129N04350,2020-08-15 13:50:00,70.29,99.80
129N04350,2020-08-15 14:00:00,72.69,100.00
129N04350,2020-08-15 14:10:00,71.07,100.00
129N04350,2020-08-15 14:20:00,70.80,100.00
129N04350,2020-08-15 14:30:00,73.58,99.80
129N04350,2020-08-15 14:40:00,69.98,100.00
129N04350,2020-08-15 14:50:00,70.78,100.00
129N04350,2020-08-15 15:00:00,70.77,99.70
129N04350,2020-08-15 15:10:00,71.10,100.00
129N04350,2020-08-15 15:20:00,69.58,100.00
129N04350,2020-08-15 15:30:00,71.58,99.40
129N04350,2020-08-15 15:40:00,72.28,100.00
129N04350,2020-08-15 15:50:00,71.02,100.00
129N04350,2020-08-15 16:00:00,68.37,100.00
129N04350,2020-08-15 16:10:00,71.27,100.00
129N04350,2020-08-15 16:20:00,71.79,100.00
129N04350,2020-08-15 16:30:00,73.30,99.00
129N04350,2020-08-15 16:40:00,73.97,100.00
129N04350,2020-08-15 16:50:00,73.57,99.20
129N04350,2020-08-15 17:00:00,72.68,100.00
129N04350,2020-08-15 17:10:00,71.88,100.00
129N04350,2020-08-15 17:20:00,71.67,100.00
129N04350,2020-08-15 17:30:00,71.38,100.00
129N04350,2020-08-15 17:40:00,71.00,100.00
129N04350,2020-08-15 17:50:00,72.19,100.00
129N04350,2020-08-15 18:00:00,73.96,100.00
129N04350,2020-08-15 18:10:00,72.59,99.60
129N04350,2020-08-15 18:20:00,69.04,100.00
129N04350,2020-08-15 18:30:00,70.36,100.00
129N04350,2020-08-15 18:40:00,71.09,100.00
129N04350,2020-08-15 18:50:00,72.76,100.00
129N04350,2020-08-15 19:00:00,70.39,100.00
129N04350,2020-08-15 19:10:00,70.25,98.60
129N04350,2020-08-15 19:20:00,72.28,100.00
129N04350,2020-08-15 19:30:00,72.80,99.90
129N04350,2020-08-15 19:40:00,71.39,100.00
129N04350,2020-08-15 19:50:00,73.79,100.00
129N04350,2020-08-15 20:00:00,74.17,98.90
129N04350,2020-08-15 20:10:00,73.36,88.40
129N04350,2020-08-15 20:20:00,69.29,100.00
129N04350,2020-08-15 20:30:00,70.65,100.00
129N04350,2020-08-15 20:40:00,74.19,99.60
129N04350,2020-08-15 20:50:00,72.29,99.40
129N04350,2020-08-15 21:00:00,74.58,84.70
129N04350,2020-08-15 21:10:00,70.75,98.30
129N04350,2020-08-15 21:20:00,72.22,74.50
129N04350,2020-08-15 21:30:00,73.74,89.90
129N04350,2020-08-15 21:40:00,74.34,96.10
129N04350,2020-08-15 21:50:00,72.20,96.10
129N04350,2020-08-15 22:00:00,73.03,94.10
129N04350,2020-08-15 22:10:00,69.08,98.80
129N04350,2020-08-15 22:20:00,67.83,99.80
129N04350,2020-08-15 22:30:00,70.25,97.50
129N04350,2020-08-15 22:40:00,71.66,93.60
129N04350,2020-08-15 22:50:00,67.56,100.00
129N04350,2020-08-15 23:00:00,71.93,81.70
129N04350,2020-08-15 23:10:00,72.69,90.90
129N04350,2020-08-15 23:20:00,71.99,92.20
129N04350,2020-08-15 23:30:00,67.75,78.90
129N04350,2020-08-15 23:40:00,72.16,93.80
129N04350,2020-08-15 23:50:00,75.57,57.30
129N04351,2020-08-15 00:00:00,69.00,73.57
129N04351,2020-08-15 00:10:00,57.98,86.40
129N04351,2020-08-15 00:20:00,58.70,88.63
129N04351,2020-08-15 00:30:00,66.55,87.50
129N04351,2020-08-15 00:40:00,61.00,86.40
129N04351,2020-08-15 00:50:00,57.00,84.75
129N04351,2020-08-15 01:00:00,56.50,79.00
129N04351,2020-08-15 01:10:00,57.70,85.50
129N04351,2020-08-15 01:20:00,58.00,98.00
129N04351,2020-08-15 01:30:00,,
129N04351,2020-08-15 01:40:00,,
129N04351,2020-08-15 01:50:00,,
129N04351,2020-08-15 02:00:00,,
129N04351,2020-08-15 02:10:00,58.00,100.00
129N04351,2020-08-15 02:20:00,58.00,100.00
129N04351,2020-08-15 02:30:00,,
129N04351,2020-08-15 02:40:00,,
129N04351,2020-08-15 02:50:00,60.55,95.57
129N04351,2020-08-15 03:00:00,60.50,97.50
129N04351,2020-08-15 03:10:00,60.00,99.22
129N04351,2020-08-15 03:20:00,60.00,100.00
129N04351,2020-08-15 03:30:00,,
129N04351,2020-08-15 03:40:00,,
129N04351,2020-08-15 03:50:00,,
129N04351,2020-08-15 04:00:00,,
129N04351,2020-08-15 04:10:00,59.59,99.50
129N04351,2020-08-15 04:20:00,60.00,100.00
129N04351,2020-08-15 04:30:00,52.11,47.00
129N04351,2020-08-15 04:40:00,49.39,39.30
129N04351,2020-08-15 04:50:00,50.00,69.33
129N04351,2020-08-15 05:00:00,53.00,98.50
129N04351,2020-08-15 05:10:00,54.00,89.50
129N04351,2020-08-15 05:20:00,54.10,84.20
129N04351,2020-08-15 05:30:00,,
129N04351,2020-08-15 05:40:00,,
129N04351,2020-08-15 05:50:00,50.00,82.00
129N04351,2020-08-15 06:00:00,55.17,83.10
129N04351,2020-08-15 06:10:00,63.58,72.50
129N04351,2020-08-15 06:20:00,58.67,98.90
129N04351,2020-08-15 06:30:00,60.39,100.00
129N04351,2020-08-15 06:40:00,62.70,100.00
129N04351,2020-08-15 06:50:00,63.00,100.00
129N04351,2020-08-15 07:00:00,58.97,100.00
129N04351,2020-08-15 07:10:00,63.68,86.00
129N04351,2020-08-15 07:20:00,58.00,100.00
129N04351,2020-08-15 07:30:00,59.07,95.50
129N04351,2020-08-15 07:40:00,59.39,100.00
129N04351,2020-08-15 07:50:00,61.35,90.00
129N04351,2020-08-15 08:00:00,61.04,100.00
129N04351,2020-08-15 08:10:00,60.22,100.00
129N04351,2020-08-15 08:20:00,61.09,100.00
129N04351,2020-08-15 08:30:00,60.62,95.50
129N04351,2020-08-15 08:40:00,64.42,75.50
129N04351,2020-08-15 08:50:00,60.77,96.60
129N04351,2020-08-15 09:00:00,59.84,96.20
129N04351,2020-08-15 09:10:00,61.59,90.00
129N04351,2020-08-15 09:20:00,56.59,68.70
129N04351,2020-08-15 09:30:00,57.50,88.40
129N04351,2020-08-15 09:40:00,61.92,95.20
129N04351,2020-08-15 09:50:00,58.88,100.00
129N04351,2020-08-15 10:00:00,55.33,73.10
129N04351,2020-08-15 10:10:00,55.45,88.90
129N04351,2020-08-15 10:20:00,56.69,100.00
129N04351,2020-08-15 10:30:00,56.77,100.00
129N04351,2020-08-15 10:40:00,57.95,100.00
129N04351,2020-08-15 10:50:00,57.77,98.90
129N04351,2020-08-15 11:00:00,55.98,99.20
129N04351,2020-08-15 11:10:00,57.79,100.00
129N04351,2020-08-15 11:20:00,54.71,88.20
129N04351,2020-08-15 11:30:00,54.66,100.00
129N04351,2020-08-15 11:40:00,58.75,100.00
129N04351,2020-08-15 11:50:00,56.38,100.00
129N04351,2020-08-15 12:00:00,55.40,100.00
129N04351,2020-08-15 12:10:00,55.69,100.00
129N04351,2020-08-15 12:20:00,55.35,100.00
129N04351,2020-08-15 12:30:00,55.39,100.00
129N04351,2020-08-15 12:40:00,55.30,100.00
129N04351,2020-08-15 12:50:00,54.58,100.00
129N04351,2020-08-15 13:00:00,54.87,100.00
129N04351,2020-08-15 13:10:00,56.37,100.00
129N04351,2020-08-15 13:20:00,54.93,100.00
129N04351,2020-08-15 13:30:00,56.66,96.30
129N04351,2020-08-15 13:40:00,56.97,96.50
129N04351,2020-08-15 13:50:00,54.01,100.00
129N04351,2020-08-15 14:00:00,58.22,90.20
129N04351,2020-08-15 14:10:00,57.58,100.00
129N04351,2020-08-15 14:20:00,56.16,100.00
129N04351,2020-08-15 14:30:00,56.58,100.00
129N04351,2020-08-15 14:40:00,56.59,100.00
129N04351,2020-08-15 14:50:00,55.75,100.00
129N04351,2020-08-15 15:00:00,57.29,98.40
129N04351,2020-08-15 15:10:00,52.76,95.60
129N04351,2020-08-15 15:20:00,53.60,100.00
129N04351,2020-08-15 15:30:00,56.79,100.00
129N04351,2020-08-15 15:40:00,56.59,100.00
129N04351,2020-08-15 15:50:00,54.30,100.00
129N04351,2020-08-15 16:00:00,56.26,96.20
129N04351,2020-08-15 16:10:00,57.70,99.70
129N04351,2020-08-15 16:20:00,58.67,98.90
129N04351,2020-08-15 16:30:00,56.86,96.20
129N04351,2020-08-15 16:40:00,56.71,99.80
129N04351,2020-08-15 16:50:00,57.48,100.00
129N04351,2020-08-15 17:00:00,62.67,92.70
129N04351,2020-08-15 17:10:00,56.44,99.70
129N04351,2020-08-15 17:20:00,58.66,99.90
129N04351,2020-08-15 17:30:00,56.37,99.60
129N04351,2020-08-15 17:40:00,54.75,99.40
129N04351,2020-08-15 17:50:00,57.42,100.00
129N04351,2020-08-15 18:00:00,55.74,99.70
129N04351,2020-08-15 18:10:00,54.49,99.30
129N04351,2020-08-15 18:20:00,57.08,100.00
129N04351,2020-08-15 18:30:00,56.76,96.90
129N04351,2020-08-15 18:40:00,60.28,76.80
129N04351,2020-08-15 18:50:00,53.31,100.00
129N04351,2020-08-15 19:00:00,57.67,100.00
129N04351,2020-08-15 19:10:00,58.29,100.00
129N04351,2020-08-15 19:20:00,58.54,92.60
129N04351,2020-08-15 19:30:00,59.65,88.60
129N04351,2020-08-15 19:40:00,59.28,100.00
129N04351,2020-08-15 19:50:00,57.89,100.00
129N04351,2020-08-15 20:00:00,58.68,98.00
129N04351,2020-08-15 20:10:00,48.86,31.38
129N04351,2020-08-15 20:20:00,57.69,100.00
129N04351,2020-08-15 20:30:00,58.85,100.00
129N04351,2020-08-15 20:40:00,56.23,95.60
129N04351,2020-08-15 20:50:00,60.60,66.80
129N04351,2020-08-15 21:00:00,58.51,85.00
129N04351,2020-08-15 21:10:00,54.29,100.00
129N04351,2020-08-15 21:20:00,60.99,73.89
129N04351,2020-08-15 21:30:00,56.18,100.00
129N04351,2020-08-15 21:40:00,62.18,62.20
129N04351,2020-08-15 21:50:00,58.43,96.00
129N04351,2020-08-15 22:00:00,56.71,100.00
129N04351,2020-08-15 22:10:00,57.66,99.60
129N04351,2020-08-15 22:20:00,55.40,100.00
129N04351,2020-08-15 22:30:00,56.30,92.50
129N04351,2020-08-15 22:40:00,52.50,76.60
129N04351,2020-08-15 22:50:00,51.49,76.50
129N04351,2020-08-15 23:00:00,54.69,98.90
129N04351,2020-08-15 23:10:00,58.79,61.90
129N04351,2020-08-15 23:20:00,57.72,81.90
129N04351,2020-08-15 23:30:00,56.98,82.20
129N04351,2020-08-15 23:40:00,62.23,57.88
129N04351,2020-08-15 23:50:00,,
129-04379,2020-08-15 00:00:00,70.39,86.90
129-04379,2020-08-15 00:10:00,65.81,79.11
129-04379,2020-08-15 00:20:00,64.47,87.00
129-04379,2020-08-15 00:30:00,63.37,86.00
129-04379,2020-08-15 00:40:00,68.48,78.70
129-04379,2020-08-15 00:50:00,66.48,77.70
129-04379,2020-08-15 01:00:00,64.67,94.00
129-04379,2020-08-15 01:10:00,70.59,64.40
129-04379,2020-08-15 01:20:00,60.29,34.80
129-04379,2020-08-15 01:30:00,63.50,85.44
129-04379,2020-08-15 01:40:00,72.00,40.70
129-04379,2020-08-15 01:50:00,76.50,29.50
129-04379,2020-08-15 02:00:00,73.02,66.00
129-04379,2020-08-15 02:10:00,74.48,58.00
129-04379,2020-08-15 02:20:00,60.00,6.25
129-04379,2020-08-15 02:30:00,60.73,30.13
129-04379,2020-08-15 02:40:00,,
129-04379,2020-08-15 02:50:00,,
129-04379,2020-08-15 03:00:00,69.45,32.75
129-04379,2020-08-15 03:10:00,69.11,55.83
129-04379,2020-08-15 03:20:00,60.57,44.10
129-04379,2020-08-15 03:30:00,57.00,21.00
129-04379,2020-08-15 03:40:00,67.28,94.00
129-04379,2020-08-15 03:50:00,68.23,79.10
129-04379,2020-08-15 04:00:00,67.01,84.70
129-04379,2020-08-15 04:10:00,63.42,70.50
129-04379,2020-08-15 04:20:00,59.34,46.40
129-04379,2020-08-15 04:30:00,63.16,92.90
129-04379,2020-08-15 04:40:00,64.79,71.90
129-04379,2020-08-15 04:50:00,65.98,89.70
129-04379,2020-08-15 05:00:00,61.30,88.80
129-04379,2020-08-15 05:10:00,65.68,76.56
129-04379,2020-08-15 05:20:00,76.39,12.00
129-04379,2020-08-15 05:30:00,61.67,70.40
129-04379,2020-08-15 05:40:00,69.88,91.70
129-04379,2020-08-15 05:50:00,68.23,99.90
129-04379,2020-08-15 06:00:00,70.00,73.60
129-04379,2020-08-15 06:10:00,70.39,92.40
129-04379,2020-08-15 06:20:00,70.08,87.30
129-04379,2020-08-15 06:30:00,69.77,99.90
129-04379,2020-08-15 06:40:00,71.68,100.00
129-04379,2020-08-15 06:50:00,69.99,100.00
129-04379,2020-08-15 07:00:00,74.26,100.00
129-04379,2020-08-15 07:10:00,72.18,100.00
129-04379,2020-08-15 07:20:00,71.35,100.00
129-04379,2020-08-15 07:30:00,68.52,100.00
129-04379,2020-08-15 07:40:00,68.39,100.00
129-04379,2020-08-15 07:50:00,69.87,100.00
129-04379,2020-08-15 08:00:00,67.99,100.00
129-04379,2020-08-15 08:10:00,68.46,100.00
129-04379,2020-08-15 08:20:00,72.18,100.00
129-04379,2020-08-15 08:30:00,67.00,100.00
129-04379,2020-08-15 08:40:00,65.79,100.00
129-04379,2020-08-15 08:50:00,63.78,100.00
129-04379,2020-08-15 09:00:00,63.57,100.00
129-04379,2020-08-15 09:10:00,64.18,100.00
129-04379,2020-08-15 09:20:00,63.57,100.00
129-04379,2020-08-15 09:30:00,64.13,100.00
129-04379,2020-08-15 09:40:00,66.79,100.00
129-04379,2020-08-15 09:50:00,65.59,100.00
129-04379,2020-08-15 10:00:00,65.58,100.00
129-04379,2020-08-15 10:10:00,66.98,99.40
129-04379,2020-08-15 10:20:00,64.68,100.00
129-04379,2020-08-15 10:30:00,63.09,100.00
129-04379,2020-08-15 10:40:00,62.29,100.00
129-04379,2020-08-15 10:50:00,62.60,100.00
129-04379,2020-08-15 11:00:00,62.30,100.00
129-04379,2020-08-15 11:10:00,62.08,100.00
129-04379,2020-08-15 11:20:00,63.38,100.00
129-04379,2020-08-15 11:30:00,62.70,100.00
129-04379,2020-08-15 11:40:00,61.89,100.00
129-04379,2020-08-15 11:50:00,62.60,100.00
129-04379,2020-08-15 12:00:00,63.19,100.00
129-04379,2020-08-15 12:10:00,62.10,100.00
129-04379,2020-08-15 12:20:00,63.07,100.00
129-04379,2020-08-15 12:30:00,63.09,100.00
129-04379,2020-08-15 12:40:00,63.08,100.00
129-04379,2020-08-15 12:50:00,62.99,100.00
129-04379,2020-08-15 13:00:00,62.50,100.00
129-04379,2020-08-15 13:10:00,62.60,100.00
129-04379,2020-08-15 13:20:00,63.19,100.00
129-04379,2020-08-15 13:30:00,61.78,100.00
129-04379,2020-08-15 13:40:00,62.19,100.00
129-04379,2020-08-15 13:50:00,61.19,100.00
129-04379,2020-08-15 14:00:00,60.59,100.00
129-04379,2020-08-15 14:10:00,60.80,100.00
129-04379,2020-08-15 14:20:00,60.70,100.00
129-04379,2020-08-15 14:30:00,61.90,100.00
129-04379,2020-08-15 14:40:00,60.79,100.00
129-04379,2020-08-15 14:50:00,61.99,100.00
129-04379,2020-08-15 15:00:00,61.28,100.00
129-04379,2020-08-15 15:10:00,61.48,100.00
129-04379,2020-08-15 15:20:00,62.20,100.00
129-04379,2020-08-15 15:30:00,62.70,100.00
129-04379,2020-08-15 15:40:00,63.19,100.00
129-04379,2020-08-15 15:50:00,64.95,100.00
129-04379,2020-08-15 16:00:00,62.78,100.00
129-04379,2020-08-15 16:10:00,62.90,100.00
129-04379,2020-08-15 16:20:00,60.89,100.00
129-04379,2020-08-15 16:30:00,63.27,100.00
129-04379,2020-08-15 16:40:00,63.98,100.00
129-04379,2020-08-15 16:50:00,65.79,100.00
129-04379,2020-08-15 17:00:00,63.68,100.00
129-04379,2020-08-15 17:10:00,63.97,100.00
129-04379,2020-08-15 17:20:00,64.69,100.00
129-04379,2020-08-15 17:30:00,62.68,100.00
129-04379,2020-08-15 17:40:00,64.48,100.00
129-04379,2020-08-15 17:50:00,62.79,100.00
129-04379,2020-08-15 18:00:00,64.29,100.00
129-04379,2020-08-15 18:10:00,64.97,100.00
129-04379,2020-08-15 18:20:00,66.70,100.00
129-04379,2020-08-15 18:30:00,66.66,98.80
129-04379,2020-08-15 18:40:00,65.99,99.80
129-04379,2020-08-15 18:50:00,67.38,100.00
129-04379,2020-08-15 19:00:00,67.19,100.00
129-04379,2020-08-15 19:10:00,66.37,100.00
129-04379,2020-08-15 19:20:00,63.87,100.00
129-04379,2020-08-15 19:30:00,68.24,100.00
129-04379,2020-08-15 19:40:00,64.35,100.00
129-04379,2020-08-15 19:50:00,66.48,100.00
129-04379,2020-08-15 20:00:00,66.88,100.00
129-04379,2020-08-15 20:10:00,67.19,100.00
129-04379,2020-08-15 20:20:00,66.78,100.00
129-04379,2020-08-15 20:30:00,64.55,100.00
129-04379,2020-08-15 20:40:00,63.17,100.00
129-04379,2020-08-15 20:50:00,63.96,100.00
129-04379,2020-08-15 21:00:00,63.10,100.00
129-04379,2020-08-15 21:10:00,65.56,100.00
129-04379,2020-08-15 21:20:00,64.90,98.80
129-04379,2020-08-15 21:30:00,61.38,100.00
129-04379,2020-08-15 21:40:00,67.73,90.60
129-04379,2020-08-15 21:50:00,66.28,100.00
129-04379,2020-08-15 22:00:00,64.76,100.00
129-04379,2020-08-15 22:10:00,65.64,97.40
129-04379,2020-08-15 22:20:00,68.15,83.90
129-04379,2020-08-15 22:30:00,62.91,100.00
129-04379,2020-08-15 22:40:00,69.47,100.00
129-04379,2020-08-15 22:50:00,66.47,98.60
129-04379,2020-08-15 23:00:00,64.87,92.60
129-04379,2020-08-15 23:10:00,63.44,86.80
129-04379,2020-08-15 23:20:00,67.53,96.50
129-04379,2020-08-15 23:30:00,68.80,91.10
129-04379,2020-08-15 23:40:00,66.15,75.50
129-04379,2020-08-15 23:50:00,66.48,98.10
129-04377,2020-08-15 00:00:00,68.86,67.90
129-04377,2020-08-15 00:10:00,63.52,62.25
129-04377,2020-08-15 00:20:00,60.90,69.33
129-04377,2020-08-15 00:30:00,58.75,64.10
129-04377,2020-08-15 00:40:00,64.72,91.60
129-04377,2020-08-15 00:50:00,68.32,70.70
129-04377,2020-08-15 01:00:00,63.90,98.90
129-04377,2020-08-15 01:10:00,63.19,96.60
129-04377,2020-08-15 01:20:00,59.49,78.70
129-04377,2020-08-15 01:30:00,64.10,83.50
129-04377,2020-08-15 01:40:00,72.35,25.60
129-04377,2020-08-15 01:50:00,76.11,22.33
129-04377,2020-08-15 02:00:00,71.32,66.44
129-04377,2020-08-15 02:10:00,66.87,84.60
129-04377,2020-08-15 02:20:00,58.89,15.38
129-04377,2020-08-15 02:30:00,60.76,48.89
129-04377,2020-08-15 02:40:00,63.00,86.00
129-04377,2020-08-15 02:50:00,,
129-04377,2020-08-15 03:00:00,64.64,62.88
129-04377,2020-08-15 03:10:00,65.83,81.00
129-04377,2020-08-15 03:20:00,57.53,58.89
129-04377,2020-08-15 03:30:00,55.27,48.33
129-04377,2020-08-15 03:40:00,69.00,51.33
129-04377,2020-08-15 03:50:00,69.77,61.89
129-04377,2020-08-15 04:00:00,66.58,86.40
129-04377,2020-08-15 04:10:00,65.08,95.70
129-04377,2020-08-15 04:20:00,59.00,41.30
129-04377,2020-08-15 04:30:00,61.64,76.17
129-04377,2020-08-15 04:40:00,63.07,78.90
129-04377,2020-08-15 04:50:00,68.38,62.80
129-04377,2020-08-15 05:00:00,61.96,87.00
129-04377,2020-08-15 05:10:00,66.79,85.70
129-04377,2020-08-15 05:20:00,74.91,23.50
129-04377,2020-08-15 05:30:00,67.61,70.70
129-04377,2020-08-15 05:40:00,70.77,82.20
129-04377,2020-08-15 05:50:00,69.67,99.10
129-04377,2020-08-15 06:00:00,66.90,87.90
129-04377,2020-08-15 06:10:00,69.13,99.60
129-04377,2020-08-15 06:20:00,68.14,91.80
129-04377,2020-08-15 06:30:00,68.38,99.70
129-04377,2020-08-15 06:40:00,69.10,99.50
129-04377,2020-08-15 06:50:00,68.59,100.00
129-04377,2020-08-15 07:00:00,69.27,100.00
129-04377,2020-08-15 07:10:00,70.69,100.00
129-04377,2020-08-15 07:20:00,70.46,100.00
129-04377,2020-08-15 07:30:00,70.65,100.00
129-04377,2020-08-15 07:40:00,68.88,100.00
129-04377,2020-08-15 07:50:00,68.27,100.00
129-04377,2020-08-15 08:00:00,69.10,100.00
129-04377,2020-08-15 08:10:00,67.07,100.00
129-04377,2020-08-15 08:20:00,71.54,100.00
129-04377,2020-08-15 08:30:00,68.45,100.00
129-04377,2020-08-15 08:40:00,62.29,100.00
129-04377,2020-08-15 08:50:00,61.84,100.00
129-04377,2020-08-15 09:00:00,63.43,100.00
129-04377,2020-08-15 09:10:00,65.46,100.00
129-04377,2020-08-15 09:20:00,63.58,100.00
129-04377,2020-08-15 09:30:00,61.07,100.00
129-04377,2020-08-15 09:40:00,63.57,100.00
129-04377,2020-08-15 09:50:00,61.77,100.00
129-04377,2020-08-15 10:00:00,63.37,100.00
129-04377,2020-08-15 10:10:00,61.09,100.00
129-04377,2020-08-15 10:20:00,62.49,99.90
129-04377,2020-08-15 10:30:00,63.69,100.00
129-04377,2020-08-15 10:40:00,62.46,100.00
129-04377,2020-08-15 10:50:00,58.39,100.00
129-04377,2020-08-15 11:00:00,60.69,100.00
129-04377,2020-08-15 11:10:00,61.49,100.00
129-04377,2020-08-15 11:20:00,60.59,100.00
129-04377,2020-08-15 11:30:00,59.27,100.00
129-04377,2020-08-15 11:40:00,59.29,100.00
129-04377,2020-08-15 11:50:00,60.99,100.00
129-04377,2020-08-15 12:00:00,58.68,100.00
129-04377,2020-08-15 12:10:00,62.06,100.00
129-04377,2020-08-15 12:20:00,58.73,100.00
129-04377,2020-08-15 12:30:00,57.68,100.00
129-04377,2020-08-15 12:40:00,60.55,100.00
129-04377,2020-08-15 12:50:00,58.99,100.00
129-04377,2020-08-15 13:00:00,60.30,100.00
129-04377,2020-08-15 13:10:00,58.54,100.00
129-04377,2020-08-15 13:20:00,60.00,100.00
129-04377,2020-08-15 13:30:00,60.89,100.00
129-04377,2020-08-15 13:40:00,60.78,100.00
129-04377,2020-08-15 13:50:00,61.27,100.00
129-04377,2020-08-15 14:00:00,59.98,100.00
129-04377,2020-08-15 14:10:00,60.29,100.00
129-04377,2020-08-15 14:20:00,59.17,100.00
129-04377,2020-08-15 14:30:00,58.09,100.00
129-04377,2020-08-15 14:40:00,59.29,100.00
129-04377,2020-08-15 14:50:00,58.57,100.00
129-04377,2020-08-15 15:00:00,59.29,100.00
129-04377,2020-08-15 15:10:00,60.99,100.00
129-04377,2020-08-15 15:20:00,60.78,100.00
129-04377,2020-08-15 15:30:00,61.66,100.00
129-04377,2020-08-15 15:40:00,60.89,100.00
129-04377,2020-08-15 15:50:00,60.79,100.00
129-04377,2020-08-15 16:00:00,61.90,100.00
129-04377,2020-08-15 16:10:00,61.12,100.00
129-04377,2020-08-15 16:20:00,62.28,100.00
129-04377,2020-08-15 16:30:00,62.90,100.00
129-04377,2020-08-15 16:40:00,63.14,100.00
129-04377,2020-08-15 16:50:00,60.40,100.00
129-04377,2020-08-15 17:00:00,60.10,100.00
129-04377,2020-08-15 17:10:00,61.69,100.00
129-04377,2020-08-15 17:20:00,61.98,100.00
129-04377,2020-08-15 17:30:00,61.58,100.00
129-04377,2020-08-15 17:40:00,60.08,100.00
129-04377,2020-08-15 17:50:00,47.29,100.00
129-04377,2020-08-15 18:00:00,39.13,100.00
129-04377,2020-08-15 18:10:00,56.26,100.00
129-04377,2020-08-15 18:20:00,64.69,100.00
129-04377,2020-08-15 18:30:00,64.28,99.60
129-04377,2020-08-15 18:40:00,65.19,98.10
129-04377,2020-08-15 18:50:00,66.20,100.00
129-04377,2020-08-15 19:00:00,64.79,100.00
129-04377,2020-08-15 19:10:00,61.16,100.00
129-04377,2020-08-15 19:20:00,61.37,100.00
129-04377,2020-08-15 19:30:00,65.12,100.00
129-04377,2020-08-15 19:40:00,65.38,100.00
129-04377,2020-08-15 19:50:00,64.58,100.00
129-04377,2020-08-15 20:00:00,64.67,100.00
129-04377,2020-08-15 20:10:00,64.68,100.00
129-04377,2020-08-15 20:20:00,60.94,100.00
129-04377,2020-08-15 20:30:00,63.19,99.70
129-04377,2020-08-15 20:40:00,61.59,100.00
129-04377,2020-08-15 20:50:00,61.29,100.00
129-04377,2020-08-15 21:00:00,67.41,99.40
129-04377,2020-08-15 21:10:00,64.18,100.00
129-04377,2020-08-15 21:20:00,66.08,96.40
129-04377,2020-08-15 21:30:00,60.79,100.00
129-04377,2020-08-15 21:40:00,65.29,99.80
129-04377,2020-08-15 21:50:00,62.35,100.00
129-04377,2020-08-15 22:00:00,64.65,94.80
129-04377,2020-08-15 22:10:00,63.96,100.00
129-04377,2020-08-15 22:20:00,63.27,100.00
129-04377,2020-08-15 22:30:00,64.35,99.80
129-04377,2020-08-15 22:40:00,63.49,99.90
129-04377,2020-08-15 22:50:00,66.39,93.20
129-04377,2020-08-15 23:00:00,67.90,78.80
129-04377,2020-08-15 23:10:00,61.29,72.10
129-04377,2020-08-15 23:20:00,66.07,81.00
129-04377,2020-08-15 23:30:00,70.28,77.20
129-04377,2020-08-15 23:40:00,68.38,95.70
129-04377,2020-08-15 23:50:00,66.48,97.90
129-04378,2020-08-15 00:00:00,73.14,54.40
129-04378,2020-08-15 00:10:00,61.29,35.67
129-04378,2020-08-15 00:20:00,69.00,99.14
129-04378,2020-08-15 00:30:00,63.60,61.20
129-04378,2020-08-15 00:40:00,66.26,80.40
129-04378,2020-08-15 00:50:00,69.03,77.30
129-04378,2020-08-15 01:00:00,65.79,97.50
129-04378,2020-08-15 01:10:00,70.12,76.00
129-04378,2020-08-15 01:20:00,60.26,43.50
129-04378,2020-08-15 01:30:00,65.73,91.00
129-04378,2020-08-15 01:40:00,74.22,34.80
129-04378,2020-08-15 01:50:00,77.00,38.38
129-04378,2020-08-15 02:00:00,73.92,75.11
129-04378,2020-08-15 02:10:00,73.79,98.50
129-04378,2020-08-15 02:20:00,57.57,4.83
129-04378,2020-08-15 02:30:00,56.37,22.88
129-04378,2020-08-15 02:40:00,,
129-04378,2020-08-15 02:50:00,,
129-04378,2020-08-15 03:00:00,66.43,44.50
129-04378,2020-08-15 03:10:00,68.38,46.00
129-04378,2020-08-15 03:20:00,59.15,67.20
129-04378,2020-08-15 03:30:00,58.98,69.50
129-04378,2020-08-15 03:40:00,69.00,70.67
129-04378,2020-08-15 03:50:00,69.99,73.56
129-04378,2020-08-15 04:00:00,67.96,89.60
129-04378,2020-08-15 04:10:00,66.09,96.30
129-04378,2020-08-15 04:20:00,59.80,40.70
129-04378,2020-08-15 04:30:00,64.58,93.70
129-04378,2020-08-15 04:40:00,64.61,79.40
129-04378,2020-08-15 04:50:00,71.39,36.60
129-04378,2020-08-15 05:00:00,64.45,76.90
129-04378,2020-08-15 05:10:00,66.97,83.20
129-04378,2020-08-15 05:20:00,75.52,29.10
129-04378,2020-08-15 05:30:00,67.01,67.70
129-04378,2020-08-15 05:40:00,72.32,75.90
129-04378,2020-08-15 05:50:00,69.69,98.70
129-04378,2020-08-15 06:00:00,73.50,84.10
129-04378,2020-08-15 06:10:00,69.63,94.90
129-04378,2020-08-15 06:20:00,67.94,90.80
129-04378,2020-08-15 06:30:00,68.57,99.50
129-04378,2020-08-15 06:40:00,69.97,99.60
129-04378,2020-08-15 06:50:00,70.19,100.00
129-04378,2020-08-15 07:00:00,73.08,100.00
129-04378,2020-08-15 07:10:00,70.66,100.00
129-04378,2020-08-15 07:20:00,72.59,100.00
129-04378,2020-08-15 07:30:00,72.31,100.00
129-04378,2020-08-15 07:40:00,69.59,100.00
129-04378,2020-08-15 07:50:00,69.29,100.00
129-04378,2020-08-15 08:00:00,70.19,100.00
129-04378,2020-08-15 08:10:00,69.18,100.00
129-04378,2020-08-15 08:20:00,72.27,100.00
129-04378,2020-08-15 08:30:00,70.38,100.00
129-04378,2020-08-15 08:40:00,66.07,100.00
129-04378,2020-08-15 08:50:00,66.07,100.00
129-04378,2020-08-15 09:00:00,66.67,100.00
129-04378,2020-08-15 09:10:00,66.76,100.00
129-04378,2020-08-15 09:20:00,64.37,100.00
129-04378,2020-08-15 09:30:00,65.34,100.00
129-04378,2020-08-15 09:40:00,66.08,100.00
129-04378,2020-08-15 09:50:00,65.98,100.00
129-04378,2020-08-15 10:00:00,65.69,100.00
129-04378,2020-08-15 10:10:00,65.73,100.00
129-04378,2020-08-15 10:20:00,66.05,97.70
129-04378,2020-08-15 10:30:00,64.39,100.00
129-04378,2020-08-15 10:40:00,64.54,100.00
129-04378,2020-08-15 10:50:00,61.58,100.00
129-04378,2020-08-15 11:00:00,64.00,100.00
129-04378,2020-08-15 11:10:00,64.78,100.00
129-04378,2020-08-15 11:20:00,62.06,100.00
129-04378,2020-08-15 11:30:00,60.32,100.00
129-04378,2020-08-15 11:40:00,62.19,100.00
129-04378,2020-08-15 11:50:00,63.99,100.00
129-04378,2020-08-15 12:00:00,62.42,100.00
129-04378,2020-08-15 12:10:00,65.49,100.00
129-04378,2020-08-15 12:20:00,62.53,100.00
129-04378,2020-08-15 12:30:00,60.96,100.00
129-04378,2020-08-15 12:40:00,64.25,100.00
129-04378,2020-08-15 12:50:00,65.15,96.50
129-04378,2020-08-15 13:00:00,64.00,100.00
129-04378,2020-08-15 13:10:00,64.00,100.00
129-04378,2020-08-15 13:20:00,63.90,100.00
129-04378,2020-08-15 13:30:00,64.18,100.00
129-04378,2020-08-15 13:40:00,64.95,100.00
129-04378,2020-08-15 13:50:00,63.47,100.00
129-04378,2020-08-15 14:00:00,63.69,100.00
129-04378,2020-08-15 14:10:00,63.99,100.00
129-04378,2020-08-15 14:20:00,62.10,100.00
129-04378,2020-08-15 14:30:00,62.29,100.00
129-04378,2020-08-15 14:40:00,64.09,100.00
129-04378,2020-08-15 14:50:00,63.19,100.00
129-04378,2020-08-15 15:00:00,60.67,100.00
129-04378,2020-08-15 15:10:00,63.09,100.00
129-04378,2020-08-15 15:20:00,63.79,100.00
129-04378,2020-08-15 15:30:00,64.06,100.00
129-04378,2020-08-15 15:40:00,63.97,100.00
129-04378,2020-08-15 15:50:00,64.26,100.00
129-04378,2020-08-15 16:00:00,64.79,100.00
129-04378,2020-08-15 16:10:00,63.86,100.00
129-04378,2020-08-15 16:20:00,62.19,100.00
129-04378,2020-08-15 16:30:00,65.69,100.00
129-04378,2020-08-15 16:40:00,65.37,100.00
129-04378,2020-08-15 16:50:00,64.49,100.00
129-04378,2020-08-15 17:00:00,64.79,100.00
129-04378,2020-08-15 17:10:00,66.89,100.00
129-04378,2020-08-15 17:20:00,65.18,100.00
129-04378,2020-08-15 17:30:00,63.37,100.00
129-04378,2020-08-15 17:40:00,63.49,100.00
129-04378,2020-08-15 17:50:00,57.87,100.00
129-04378,2020-08-15 18:00:00,56.37,100.00
129-04378,2020-08-15 18:10:00,63.38,100.00
129-04378,2020-08-15 18:20:00,67.59,100.00
129-04378,2020-08-15 18:30:00,66.24,90.40
129-04378,2020-08-15 18:40:00,67.28,100.00
129-04378,2020-08-15 18:50:00,68.38,100.00
129-04378,2020-08-15 19:00:00,68.99,100.00
129-04378,2020-08-15 19:10:00,66.98,100.00
129-04378,2020-08-15 19:20:00,64.14,100.00
129-04378,2020-08-15 19:30:00,68.57,100.00
129-04378,2020-08-15 19:40:00,67.36,100.00
129-04378,2020-08-15 19:50:00,68.36,100.00
129-04378,2020-08-15 20:00:00,66.15,100.00
129-04378,2020-08-15 20:10:00,65.19,100.00
129-04378,2020-08-15 20:20:00,65.29,99.80
129-04378,2020-08-15 20:30:00,67.58,87.30
129-04378,2020-08-15 20:40:00,62.79,100.00
129-04378,2020-08-15 20:50:00,63.18,100.00
129-04378,2020-08-15 21:00:00,66.68,100.00
129-04378,2020-08-15 21:10:00,65.92,100.00
129-04378,2020-08-15 21:20:00,66.25,98.90
129-04378,2020-08-15 21:30:00,62.75,99.60
129-04378,2020-08-15 21:40:00,67.10,99.40
129-04378,2020-08-15 21:50:00,66.28,100.00
129-04378,2020-08-15 22:00:00,67.55,91.20
129-04378,2020-08-15 22:10:00,64.08,100.00
129-04378,2020-08-15 22:20:00,65.05,98.00
129-04378,2020-08-15 22:30:00,64.80,99.60
129-04378,2020-08-15 22:40:00,66.51,100.00
129-04378,2020-08-15 22:50:00,66.03,61.00
129-04378,2020-08-15 23:00:00,66.83,83.38
129-04378,2020-08-15 23:10:00,63.15,81.70
129-04378,2020-08-15 23:20:00,68.82,64.80
129-04378,2020-08-15 23:30:00,68.58,97.70
129-04378,2020-08-15 23:40:00,69.05,84.40
129-04378,2020-08-15 23:50:00,66.36,92.20
129-04375,2020-08-15 00:00:00,59.20,60.80
129-04375,2020-08-15 00:10:00,51.94,24.90
129-04375,2020-08-15 00:20:00,56.49,85.50
129-04375,2020-08-15 00:30:00,61.55,70.80
129-04375,2020-08-15 00:40:00,61.32,69.20
129-04375,2020-08-15 00:50:00,64.49,57.90
129-04375,2020-08-15 01:00:00,61.18,90.40
129-04375,2020-08-15 01:10:00,63.04,94.80
129-04375,2020-08-15 01:20:00,56.52,53.00
129-04375,2020-08-15 01:30:00,53.63,43.90
129-04375,2020-08-15 01:40:00,69.58,47.40
129-04375,2020-08-15 01:50:00,66.08,82.70
129-04375,2020-08-15 02:00:00,72.14,44.25
129-04375,2020-08-15 02:10:00,64.97,73.70
129-04375,2020-08-15 02:20:00,53.76,24.50
129-04375,2020-08-15 02:30:00,59.86,84.10
129-04375,2020-08-15 02:40:00,,
129-04375,2020-08-15 02:50:00,48.21,31.11
129-04375,2020-08-15 03:00:00,53.75,82.50
129-04375,2020-08-15 03:10:00,52.00,94.75
129-04375,2020-08-15 03:20:00,57.91,59.80
129-04375,2020-08-15 03:30:00,58.76,61.70
129-04375,2020-08-15 03:40:00,55.93,93.00
129-04375,2020-08-15 03:50:00,62.90,51.60
129-04375,2020-08-15 04:00:00,67.88,30.70
129-04375,2020-08-15 04:10:00,64.54,80.00
129-04375,2020-08-15 04:20:00,60.92,90.80
129-04375,2020-08-15 04:30:00,60.45,81.50
129-04375,2020-08-15 04:40:00,61.09,81.60
129-04375,2020-08-15 04:50:00,70.96,30.40
129-04375,2020-08-15 05:00:00,71.86,30.86
129-04375,2020-08-15 05:10:00,,
129-04375,2020-08-15 05:20:00,67.64,88.75
129-04375,2020-08-15 05:30:00,65.37,85.50
129-04375,2020-08-15 05:40:00,66.08,89.50
129-04375,2020-08-15 05:50:00,66.30,100.00
129-04375,2020-08-15 06:00:00,61.52,91.90
129-04375,2020-08-15 06:10:00,70.47,75.50
129-04375,2020-08-15 06:20:00,61.89,87.60
129-04375,2020-08-15 06:30:00,67.76,100.00
129-04375,2020-08-15 06:40:00,67.75,100.00
129-04375,2020-08-15 06:50:00,67.95,98.20
129-04375,2020-08-15 07:00:00,67.23,100.00
129-04375,2020-08-15 07:10:00,68.63,100.00
129-04375,2020-08-15 07:20:00,68.13,100.00
129-04375,2020-08-15 07:30:00,69.81,100.00
129-04375,2020-08-15 07:40:00,65.99,100.00
129-04375,2020-08-15 07:50:00,62.17,100.00
129-04375,2020-08-15 08:00:00,64.47,100.00
129-04375,2020-08-15 08:10:00,65.98,100.00
129-04375,2020-08-15 08:20:00,66.25,96.50
129-04375,2020-08-15 08:30:00,66.58,100.00
129-04375,2020-08-15 08:40:00,62.74,99.70
129-04375,2020-08-15 08:50:00,60.84,100.00
129-04375,2020-08-15 09:00:00,60.51,100.00
129-04375,2020-08-15 09:10:00,68.09,100.00
129-04375,2020-08-15 09:20:00,64.85,100.00
129-04375,2020-08-15 09:30:00,61.51,100.00
129-04375,2020-08-15 09:40:00,66.96,100.00
129-04375,2020-08-15 09:50:00,68.05,100.00
129-04375,2020-08-15 10:00:00,58.69,100.00
129-04375,2020-08-15 10:10:00,59.55,100.00
129-04375,2020-08-15 10:20:00,58.88,100.00
129-04375,2020-08-15 10:30:00,59.43,100.00
129-04375,2020-08-15 10:40:00,60.44,100.00
129-04375,2020-08-15 10:50:00,56.38,100.00
129-04375,2020-08-15 11:00:00,58.00,100.00
129-04375,2020-08-15 11:10:00,59.52,100.00
129-04375,2020-08-15 11:20:00,59.45,100.00
129-04375,2020-08-15 11:30:00,61.46,100.00
129-04375,2020-08-15 11:40:00,58.47,100.00
129-04375,2020-08-15 11:50:00,56.99,100.00
129-04375,2020-08-15 12:00:00,58.37,100.00
129-04375,2020-08-15 12:10:00,61.48,100.00
129-04375,2020-08-15 12:20:00,60.96,100.00
129-04375,2020-08-15 12:30:00,57.30,100.00
129-04375,2020-08-15 12:40:00,55.57,100.00
129-04375,2020-08-15 12:50:00,54.29,100.00
129-04375,2020-08-15 13:00:00,56.17,100.00
129-04375,2020-08-15 13:10:00,57.76,100.00
129-04375,2020-08-15 13:20:00,58.59,100.00
129-04375,2020-08-15 13:30:00,59.89,100.00
129-04375,2020-08-15 13:40:00,61.10,100.00
129-04375,2020-08-15 13:50:00,60.79,100.00
129-04375,2020-08-15 14:00:00,62.39,100.00
129-04375,2020-08-15 14:10:00,63.30,100.00
129-04375,2020-08-15 14:20:00,61.55,100.00
129-04375,2020-08-15 14:30:00,58.50,100.00
129-04375,2020-08-15 14:40:00,56.29,100.00
129-04375,2020-08-15 14:50:00,55.39,100.00
129-04375,2020-08-15 15:00:00,55.97,100.00
129-04375,2020-08-15 15:10:00,58.89,100.00
129-04375,2020-08-15 15:20:00,61.38,100.00
129-04375,2020-08-15 15:30:00,62.33,100.00
129-04375,2020-08-15 15:40:00,60.88,100.00
129-04375,2020-08-15 15:50:00,58.27,100.00
129-04375,2020-08-15 16:00:00,57.95,100.00
129-04375,2020-08-15 16:10:00,60.18,100.00
129-04375,2020-08-15 16:20:00,60.64,100.00
129-04375,2020-08-15 16:30:00,62.56,100.00
129-04375,2020-08-15 16:40:00,61.22,100.00
129-04375,2020-08-15 16:50:00,59.69,100.00
129-04375,2020-08-15 17:00:00,62.48,100.00
129-04375,2020-08-15 17:10:00,60.55,100.00
129-04375,2020-08-15 17:20:00,61.69,100.00
129-04375,2020-08-15 17:30:00,62.68,100.00
129-04375,2020-08-15 17:40:00,63.87,100.00
129-04375,2020-08-15 17:50:00,65.91,100.00
129-04375,2020-08-15 18:00:00,60.28,100.00
129-04375,2020-08-15 18:10:00,64.88,100.00
129-04375,2020-08-15 18:20:00,63.43,100.00
129-04375,2020-08-15 18:30:00,61.55,100.00
129-04375,2020-08-15 18:40:00,64.85,100.00
129-04375,2020-08-15 18:50:00,62.99,100.00
129-04375,2020-08-15 19:00:00,63.87,100.00
129-04375,2020-08-15 19:10:00,64.06,100.00
129-04375,2020-08-15 19:20:00,62.64,100.00
129-04375,2020-08-15 19:30:00,64.60,100.00
129-04375,2020-08-15 19:40:00,62.18,100.00
129-04375,2020-08-15 19:50:00,64.66,99.20
129-04375,2020-08-15 20:00:00,59.09,100.00
129-04375,2020-08-15 20:10:00,62.78,100.00
129-04375,2020-08-15 20:20:00,60.56,100.00
129-04375,2020-08-15 20:30:00,56.41,100.00
129-04375,2020-08-15 20:40:00,59.76,100.00
129-04375,2020-08-15 20:50:00,61.59,100.00
129-04375,2020-08-15 21:00:00,62.32,100.00
129-04375,2020-08-15 21:10:00,62.77,100.00
129-04375,2020-08-15 21:20:00,61.23,100.00
129-04375,2020-08-15 21:30:00,57.26,100.00
129-04375,2020-08-15 21:40:00,63.55,100.00
129-04375,2020-08-15 21:50:00,64.43,100.00
129-04375,2020-08-15 22:00:00,63.17,90.50
129-04375,2020-08-15 22:10:00,60.40,99.10
129-04375,2020-08-15 22:20:00,62.88,100.00
129-04375,2020-08-15 22:30:00,65.97,92.00
129-04375,2020-08-15 22:40:00,64.22,100.00
129-04375,2020-08-15 22:50:00,68.18,78.90
129-04375,2020-08-15 23:00:00,62.52,66.70
129-04375,2020-08-15 23:10:00,60.97,67.20
129-04375,2020-08-15 23:20:00,65.75,67.90
129-04375,2020-08-15 23:30:00,73.37,36.50
129-04375,2020-08-15 23:40:00,71.20,69.00
129-04375,2020-08-15 23:50:00,69.04,85.86
129-04376,2020-08-15 00:00:00,62.05,90.60
129-04376,2020-08-15 00:10:00,56.80,56.60
129-04376,2020-08-15 00:20:00,60.20,93.20
129-04376,2020-08-15 00:30:00,63.90,80.40
129-04376,2020-08-15 00:40:00,62.40,98.90
129-04376,2020-08-15 00:50:00,61.06,93.80
129-04376,2020-08-15 01:00:00,61.58,97.90
129-04376,2020-08-15 01:10:00,62.91,89.10
129-04376,2020-08-15 01:20:00,54.86,65.50
129-04376,2020-08-15 01:30:00,61.56,53.80
129-04376,2020-08-15 01:40:00,68.85,47.80
129-04376,2020-08-15 01:50:00,61.43,98.67
129-04376,2020-08-15 02:00:00,71.61,59.13
129-04376,2020-08-15 02:10:00,70.80,77.50
129-04376,2020-08-15 02:20:00,55.34,30.13
129-04376,2020-08-15 02:30:00,56.76,52.50
129-04376,2020-08-15 02:40:00,,
129-04376,2020-08-15 02:50:00,,
129-04376,2020-08-15 03:00:00,60.70,84.25
129-04376,2020-08-15 03:10:00,62.00,83.75
129-04376,2020-08-15 03:20:00,58.00,93.38
129-04376,2020-08-15 03:30:00,56.98,90.00
129-04376,2020-08-15 03:40:00,69.00,62.83
129-04376,2020-08-15 03:50:00,69.65,70.11
129-04376,2020-08-15 04:00:00,69.66,73.30
129-04376,2020-08-15 04:10:00,58.09,38.90
129-04376,2020-08-15 04:20:00,59.79,58.90
129-04376,2020-08-15 04:30:00,61.35,85.14
129-04376,2020-08-15 04:40:00,62.65,85.20
129-04376,2020-08-15 04:50:00,70.09,25.20
129-04376,2020-08-15 05:00:00,63.28,45.50
129-04376,2020-08-15 05:10:00,60.85,83.70
129-04376,2020-08-15 05:20:00,64.82,45.90
129-04376,2020-08-15 05:30:00,70.26,69.40
129-04376,2020-08-15 05:40:00,66.98,97.20
129-04376,2020-08-15 05:50:00,68.36,94.60
129-04376,2020-08-15 06:00:00,65.87,83.80
129-04376,2020-08-15 06:10:00,69.67,92.20
129-04376,2020-08-15 06:20:00,69.12,93.20
129-04376,2020-08-15 06:30:00,66.90,100.00
129-04376,2020-08-15 06:40:00,66.16,100.00
129-04376,2020-08-15 06:50:00,65.69,100.00
129-04376,2020-08-15 07:00:00,65.38,100.00
129-04376,2020-08-15 07:10:00,69.86,100.00
129-04376,2020-08-15 07:20:00,68.74,100.00
129-04376,2020-08-15 07:30:00,68.67,100.00
129-04376,2020-08-15 07:40:00,65.16,100.00
129-04376,2020-08-15 07:50:00,65.18,100.00
129-04376,2020-08-15 08:00:00,66.09,100.00
129-04376,2020-08-15 08:10:00,66.07,100.00
129-04376,2020-08-15 08:20:00,67.74,98.70
129-04376,2020-08-15 08:30:00,67.03,100.00
129-04376,2020-08-15 08:40:00,59.86,100.00
129-04376,2020-08-15 08:50:00,60.01,100.00
129-04376,2020-08-15 09:00:00,58.38,100.00
129-04376,2020-08-15 09:10:00,64.07,100.00
129-04376,2020-08-15 09:20:00,58.16,100.00
129-04376,2020-08-15 09:30:00,60.26,100.00
129-04376,2020-08-15 09:40:00,62.02,100.00
129-04376,2020-08-15 09:50:00,61.33,100.00
129-04376,2020-08-15 10:00:00,56.63,100.00
129-04376,2020-08-15 10:10:00,58.36,100.00
129-04376,2020-08-15 10:20:00,58.71,100.00
129-04376,2020-08-15 10:30:00,60.85,100.00
129-04376,2020-08-15 10:40:00,60.57,100.00
129-04376,2020-08-15 10:50:00,54.72,100.00
129-04376,2020-08-15 11:00:00,55.55,100.00
129-04376,2020-08-15 11:10:00,57.69,100.00
129-04376,2020-08-15 11:20:00,57.60,100.00
129-04376,2020-08-15 11:30:00,58.48,100.00
129-04376,2020-08-15 11:40:00,58.05,100.00
129-04376,2020-08-15 11:50:00,57.10,100.00
129-04376,2020-08-15 12:00:00,53.32,100.00
129-04376,2020-08-15 12:10:00,58.40,100.00
129-04376,2020-08-15 12:20:00,58.41,100.00
129-04376,2020-08-15 12:30:00,57.08,100.00
129-04376,2020-08-15 12:40:00,52.80,100.00
129-04376,2020-08-15 12:50:00,47.30,100.00
129-04376,2020-08-15 13:00:00,55.73,100.00
129-04376,2020-08-15 13:10:00,56.57,100.00
129-04376,2020-08-15 13:20:00,55.09,100.00
129-04376,2020-08-15 13:30:00,59.76,100.00
129-04376,2020-08-15 13:40:00,58.74,100.00
129-04376,2020-08-15 13:50:00,57.15,99.50
129-04376,2020-08-15 14:00:00,58.58,100.00
129-04376,2020-08-15 14:10:00,60.78,100.00
129-04376,2020-08-15 14:20:00,58.78,100.00
129-04376,2020-08-15 14:30:00,57.10,100.00
129-04376,2020-08-15 14:40:00,52.27,100.00
129-04376,2020-08-15 14:50:00,53.18,100.00
129-04376,2020-08-15 15:00:00,54.07,100.00
129-04376,2020-08-15 15:10:00,56.33,100.00
129-04376,2020-08-15 15:20:00,58.86,100.00
129-04376,2020-08-15 15:30:00,59.33,100.00
129-04376,2020-08-15 15:40:00,57.50,100.00
129-04376,2020-08-15 15:50:00,60.54,100.00
129-04376,2020-08-15 16:00:00,59.07,100.00
129-04376,2020-08-15 16:10:00,59.27,100.00
129-04376,2020-08-15 16:20:00,62.18,100.00
129-04376,2020-08-15 16:30:00,62.48,100.00
129-04376,2020-08-15 16:40:00,61.13,100.00
129-04376,2020-08-15 16:50:00,58.92,100.00
129-04376,2020-08-15 17:00:00,60.60,100.00
129-04376,2020-08-15 17:10:00,59.48,100.00
129-04376,2020-08-15 17:20:00,60.89,100.00
129-04376,2020-08-15 17:30:00,59.83,100.00
129-04376,2020-08-15 17:40:00,58.68,100.00
129-04376,2020-08-15 17:50:00,60.78,100.00
129-04376,2020-08-15 18:00:00,58.79,100.00
129-04376,2020-08-15 18:10:00,63.43,100.00
129-04376,2020-08-15 18:20:00,62.77,100.00
129-04376,2020-08-15 18:30:00,61.08,100.00
129-04376,2020-08-15 18:40:00,65.37,100.00
129-04376,2020-08-15 18:50:00,63.59,100.00
129-04376,2020-08-15 19:00:00,63.97,100.00
129-04376,2020-08-15 19:10:00,58.43,100.00
129-04376,2020-08-15 19:20:00,58.55,100.00
129-04376,2020-08-15 19:30:00,64.46,100.00
129-04376,2020-08-15 19:40:00,62.84,100.00
129-04376,2020-08-15 19:50:00,61.86,100.00
129-04376,2020-08-15 20:00:00,60.59,100.00
129-04376,2020-08-15 20:10:00,58.72,100.00
129-04376,2020-08-15 20:20:00,57.91,100.00
129-04376,2020-08-15 20:30:00,59.22,100.00
129-04376,2020-08-15 20:40:00,59.53,100.00
129-04376,2020-08-15 20:50:00,60.07,100.00
129-04376,2020-08-15 21:00:00,64.79,100.00
129-04376,2020-08-15 21:10:00,62.68,100.00
129-04376,2020-08-15 21:20:00,64.59,92.20
129-04376,2020-08-15 21:30:00,59.27,99.70
129-04376,2020-08-15 21:40:00,62.30,99.90
129-04376,2020-08-15 21:50:00,61.76,100.00
129-04376,2020-08-15 22:00:00,56.72,91.10
129-04376,2020-08-15 22:10:00,59.07,100.00
129-04376,2020-08-15 22:20:00,61.64,100.00
129-04376,2020-08-15 22:30:00,62.55,95.60
129-04376,2020-08-15 22:40:00,61.69,100.00
129-04376,2020-08-15 22:50:00,62.60,98.20
129-04376,2020-08-15 23:00:00,68.07,71.20
129-04376,2020-08-15 23:10:00,59.89,70.50
129-04376,2020-08-15 23:20:00,64.50,46.00
129-04376,2020-08-15 23:30:00,71.47,38.60
129-04376,2020-08-15 23:40:00,69.21,67.10
129-04376,2020-08-15 23:50:00,60.72,57.00
129-04373,2020-08-15 00:00:00,71.94,36.40
129-04373,2020-08-15 00:10:00,64.19,67.40
129-04373,2020-08-15 00:20:00,64.27,78.17
129-04373,2020-08-15 00:30:00,70.48,86.00
129-04373,2020-08-15 00:40:00,70.56,90.30
129-04373,2020-08-15 00:50:00,70.73,86.30
129-04373,2020-08-15 01:00:00,65.67,70.80
129-04373,2020-08-15 01:10:00,67.31,81.50
129-04373,2020-08-15 01:20:00,72.50,60.80
129-04373,2020-08-15 01:30:00,65.06,62.80
129-04373,2020-08-15 01:40:00,70.08,91.70
129-04373,2020-08-15 01:50:00,69.83,86.50
129-04373,2020-08-15 02:00:00,70.72,76.71
129-04373,2020-08-15 02:10:00,73.40,80.80
129-04373,2020-08-15 02:20:00,69.97,97.00
129-04373,2020-08-15 02:30:00,67.04,71.20
129-04373,2020-08-15 02:40:00,66.00,76.33
129-04373,2020-08-15 02:50:00,63.32,57.67
129-04373,2020-08-15 03:00:00,62.19,71.50
129-04373,2020-08-15 03:10:00,65.00,97.75
129-04373,2020-08-15 03:20:00,62.24,85.70
129-04373,2020-08-15 03:30:00,64.19,98.10
129-04373,2020-08-15 03:40:00,68.96,53.20
129-04373,2020-08-15 03:50:00,68.60,88.00
129-04373,2020-08-15 04:00:00,69.69,81.00
129-04373,2020-08-15 04:10:00,68.09,87.20
129-04373,2020-08-15 04:20:00,69.43,84.40
129-04373,2020-08-15 04:30:00,65.79,79.40
129-04373,2020-08-15 04:40:00,63.56,67.10
129-04373,2020-08-15 04:50:00,71.81,61.40
129-04373,2020-08-15 05:00:00,77.55,21.11
129-04373,2020-08-15 05:10:00,,
129-04373,2020-08-15 05:20:00,74.78,75.75
129-04373,2020-08-15 05:30:00,76.28,78.20
129-04373,2020-08-15 05:40:00,73.86,75.20
129-04373,2020-08-15 05:50:00,74.87,95.50
129-04373,2020-08-15 06:00:00,71.87,93.50
129-04373,2020-08-15 06:10:00,74.64,91.20
129-04373,2020-08-15 06:20:00,75.77,89.90
129-04373,2020-08-15 06:30:00,72.25,99.10
129-04373,2020-08-15 06:40:00,70.50,100.00
129-04373,2020-08-15 06:50:00,74.75,95.60
129-04373,2020-08-15 07:00:00,69.18,100.00
129-04373,2020-08-15 07:10:00,72.95,99.20
129-04373,2020-08-15 07:20:00,75.89,100.00
129-04373,2020-08-15 07:30:00,77.09,98.10
129-04373,2020-08-15 07:40:00,74.36,100.00
129-04373,2020-08-15 07:50:00,72.08,100.00
129-04373,2020-08-15 08:00:00,71.47,99.30
129-04373,2020-08-15 08:10:00,71.22,100.00
129-04373,2020-08-15 08:20:00,68.69,100.00
129-04373,2020-08-15 08:30:00,71.48,100.00
129-04373,2020-08-15 08:40:00,70.29,100.00
129-04373,2020-08-15 08:50:00,66.88,100.00
129-04373,2020-08-15 09:00:00,69.18,100.00
129-04373,2020-08-15 09:10:00,71.93,97.50
129-04373,2020-08-15 09:20:00,69.45,100.00
129-04373,2020-08-15 09:30:00,67.56,100.00
129-04373,2020-08-15 09:40:00,71.39,100.00
129-04373,2020-08-15 09:50:00,70.59,100.00
129-04373,2020-08-15 10:00:00,69.49,100.00
129-04373,2020-08-15 10:10:00,71.47,100.00
129-04373,2020-08-15 10:20:00,68.48,100.00
129-04373,2020-08-15 10:30:00,68.49,100.00
129-04373,2020-08-15 10:40:00,69.29,100.00
129-04373,2020-08-15 10:50:00,67.79,100.00
129-04373,2020-08-15 11:00:00,68.39,100.00
129-04373,2020-08-15 11:10:00,70.39,100.00
129-04373,2020-08-15 11:20:00,68.69,100.00
129-04373,2020-08-15 11:30:00,66.07,100.00
129-04373,2020-08-15 11:40:00,65.18,100.00
129-04373,2020-08-15 11:50:00,67.69,100.00
129-04373,2020-08-15 12:00:00,70.78,100.00
129-04373,2020-08-15 12:10:00,69.49,100.00
129-04373,2020-08-15 12:20:00,68.88,100.00
129-04373,2020-08-15 12:30:00,67.58,100.00
129-04373,2020-08-15 12:40:00,68.49,100.00
129-04373,2020-08-15 12:50:00,67.39,100.00
129-04373,2020-08-15 13:00:00,66.00,100.00
129-04373,2020-08-15 13:10:00,67.19,100.00
129-04373,2020-08-15 13:20:00,68.59,100.00
129-04373,2020-08-15 13:30:00,67.09,100.00
129-04373,2020-08-15 13:40:00,68.48,100.00
129-04373,2020-08-15 13:50:00,69.10,100.00
129-04373,2020-08-15 14:00:00,69.19,100.00
129-04373,2020-08-15 14:10:00,70.29,100.00
129-04373,2020-08-15 14:20:00,68.50,100.00
129-04373,2020-08-15 14:30:00,68.79,100.00
129-04373,2020-08-15 14:40:00,68.60,100.00
129-04373,2020-08-15 14:50:00,68.29,100.00
129-04373,2020-08-15 15:00:00,67.70,100.00
129-04373,2020-08-15 15:10:00,68.29,100.00
129-04373,2020-08-15 15:20:00,67.49,100.00
129-04373,2020-08-15 15:30:00,67.79,100.00
129-04373,2020-08-15 15:40:00,69.58,100.00
129-04373,2020-08-15 15:50:00,68.78,100.00
129-04373,2020-08-15 16:00:00,69.28,100.00
129-04373,2020-08-15 16:10:00,67.79,100.00
129-04373,2020-08-15 16:20:00,68.16,100.00
129-04373,2020-08-15 16:30:00,70.79,100.00
129-04373,2020-08-15 16:40:00,72.26,100.00
129-04373,2020-08-15 16:50:00,69.19,100.00
129-04373,2020-08-15 17:00:00,70.50,100.00
129-04373,2020-08-15 17:10:00,68.39,100.00
129-04373,2020-08-15 17:20:00,67.36,100.00
129-04373,2020-08-15 17:30:00,71.00,100.00
129-04373,2020-08-15 17:40:00,71.49,100.00
129-04373,2020-08-15 17:50:00,71.19,100.00
129-04373,2020-08-15 18:00:00,70.70,100.00
129-04373,2020-08-15 18:10:00,70.19,100.00
129-04373,2020-08-15 18:20:00,69.88,100.00
129-04373,2020-08-15 18:30:00,70.96,100.00
129-04373,2020-08-15 18:40:00,69.37,100.00
129-04373,2020-08-15 18:50:00,70.70,100.00
129-04373,2020-08-15 19:00:00,70.59,100.00
129-04373,2020-08-15 19:10:00,72.48,100.00
129-04373,2020-08-15 19:20:00,71.55,100.00
129-04373,2020-08-15 19:30:00,71.98,100.00
129-04373,2020-08-15 19:40:00,70.39,100.00
129-04373,2020-08-15 19:50:00,70.51,100.00
129-04373,2020-08-15 20:00:00,70.02,100.00
129-04373,2020-08-15 20:10:00,68.08,100.00
129-04373,2020-08-15 20:20:00,68.48,100.00
129-04373,2020-08-15 20:30:00,67.08,100.00
129-04373,2020-08-15 20:40:00,66.53,100.00
129-04373,2020-08-15 20:50:00,69.27,100.00
129-04373,2020-08-15 21:00:00,65.99,100.00
129-04373,2020-08-15 21:10:00,67.30,100.00
129-04373,2020-08-15 21:20:00,70.17,100.00
129-04373,2020-08-15 21:30:00,66.28,100.00
129-04373,2020-08-15 21:40:00,70.04,100.00
129-04373,2020-08-15 21:50:00,70.09,100.00
129-04373,2020-08-15 22:00:00,72.48,94.70
129-04373,2020-08-15 22:10:00,68.53,100.00
129-04373,2020-08-15 22:20:00,68.29,100.00
129-04373,2020-08-15 22:30:00,68.77,100.00
129-04373,2020-08-15 22:40:00,72.18,100.00
129-04373,2020-08-15 22:50:00,74.23,74.80
129-04373,2020-08-15 23:00:00,70.10,70.10
129-04373,2020-08-15 23:10:00,70.08,75.10
129-04373,2020-08-15 23:20:00,67.96,85.30
129-04373,2020-08-15 23:30:00,69.21,84.40
129-04373,2020-08-15 23:40:00,73.89,78.90
129-04373,2020-08-15 23:50:00,72.76,65.60
129-04374,2020-08-15 00:00:00,66.78,72.60
129-04374,2020-08-15 00:10:00,61.40,67.20
129-04374,2020-08-15 00:20:00,62.76,84.40
129-04374,2020-08-15 00:30:00,66.77,91.70
129-04374,2020-08-15 00:40:00,65.27,94.80
129-04374,2020-08-15 00:50:00,66.08,85.00
129-04374,2020-08-15 01:00:00,61.80,78.50
129-04374,2020-08-15 01:10:00,63.09,91.70
129-04374,2020-08-15 01:20:00,57.66,49.90
129-04374,2020-08-15 01:30:00,59.83,58.60
129-04374,2020-08-15 01:40:00,69.45,35.10
129-04374,2020-08-15 01:50:00,66.94,68.30
129-04374,2020-08-15 02:00:00,68.47,55.50
129-04374,2020-08-15 02:10:00,75.55,36.50
129-04374,2020-08-15 02:20:00,69.67,96.90
129-04374,2020-08-15 02:30:00,62.95,46.70
129-04374,2020-08-15 02:40:00,63.00,52.00
129-04374,2020-08-15 02:50:00,62.00,50.43
129-04374,2020-08-15 03:00:00,60.64,70.56
129-04374,2020-08-15 03:10:00,66.00,69.50
129-04374,2020-08-15 03:20:00,63.32,89.00
129-04374,2020-08-15 03:30:00,64.98,89.00
129-04374,2020-08-15 03:40:00,68.71,57.60
129-04374,2020-08-15 03:50:00,67.79,93.10
129-04374,2020-08-15 04:00:00,67.51,88.50
129-04374,2020-08-15 04:10:00,65.81,91.60
129-04374,2020-08-15 04:20:00,67.14,96.00
129-04374,2020-08-15 04:30:00,66.23,86.10
129-04374,2020-08-15 04:40:00,62.30,69.20
129-04374,2020-08-15 04:50:00,69.62,68.70
129-04374,2020-08-15 05:00:00,71.62,58.13
129-04374,2020-08-15 05:10:00,,
129-04374,2020-08-15 05:20:00,71.83,72.25
129-04374,2020-08-15 05:30:00,70.50,75.10
129-04374,2020-08-15 05:40:00,73.23,86.30
129-04374,2020-08-15 05:50:00,71.82,94.90
129-04374,2020-08-15 06:00:00,70.06,95.10
129-04374,2020-08-15 06:10:00,72.66,98.10
129-04374,2020-08-15 06:20:00,72.47,87.50
129-04374,2020-08-15 06:30:00,72.15,99.90
129-04374,2020-08-15 06:40:00,69.75,100.00
129-04374,2020-08-15 06:50:00,70.92,100.00
129-04374,2020-08-15 07:00:00,69.18,99.50
129-04374,2020-08-15 07:10:00,72.39,100.00
129-04374,2020-08-15 07:20:00,72.68,100.00
129-04374,2020-08-15 07:30:00,72.56,100.00
129-04374,2020-08-15 07:40:00,71.02,100.00
129-04374,2020-08-15 07:50:00,68.69,100.00
129-04374,2020-08-15 08:00:00,70.59,100.00
129-04374,2020-08-15 08:10:00,69.37,100.00
129-04374,2020-08-15 08:20:00,68.85,100.00
129-04374,2020-08-15 08:30:00,70.77,100.00
129-04374,2020-08-15 08:40:00,67.48,100.00
129-04374,2020-08-15 08:50:00,65.68,100.00
129-04374,2020-08-15 09:00:00,66.39,100.00
129-04374,2020-08-15 09:10:00,70.94,100.00
129-04374,2020-08-15 09:20:00,68.97,100.00
129-04374,2020-08-15 09:30:00,66.00,100.00
129-04374,2020-08-15 09:40:00,70.70,100.00
129-04374,2020-08-15 09:50:00,69.77,100.00
129-04374,2020-08-15 10:00:00,69.59,100.00
129-04374,2020-08-15 10:10:00,67.47,100.00
129-04374,2020-08-15 10:20:00,64.66,100.00
129-04374,2020-08-15 10:30:00,64.98,100.00
129-04374,2020-08-15 10:40:00,66.29,100.00
129-04374,2020-08-15 10:50:00,64.89,100.00
129-04374,2020-08-15 11:00:00,65.68,100.00
129-04374,2020-08-15 11:10:00,65.87,100.00
129-04374,2020-08-15 11:20:00,64.77,100.00
129-04374,2020-08-15 11:30:00,65.38,100.00
129-04374,2020-08-15 11:40:00,64.99,100.00
129-04374,2020-08-15 11:50:00,65.40,100.00
129-04374,2020-08-15 12:00:00,65.60,100.00
129-04374,2020-08-15 12:10:00,65.19,100.00
129-04374,2020-08-15 12:20:00,65.89,100.00
129-04374,2020-08-15 12:30:00,65.10,100.00
129-04374,2020-08-15 12:40:00,63.39,100.00
129-04374,2020-08-15 12:50:00,63.99,100.00
129-04374,2020-08-15 13:00:00,63.40,100.00
129-04374,2020-08-15 13:10:00,63.78,100.00
129-04374,2020-08-15 13:20:00,65.40,100.00
129-04374,2020-08-15 13:30:00,65.09,100.00
129-04374,2020-08-15 13:40:00,65.90,100.00
129-04374,2020-08-15 13:50:00,66.78,100.00
129-04374,2020-08-15 14:00:00,66.99,100.00
129-04374,2020-08-15 14:10:00,68.26,100.00
129-04374,2020-08-15 14:20:00,66.67,100.00
129-04374,2020-08-15 14:30:00,64.49,100.00
129-04374,2020-08-15 14:40:00,65.20,100.00
129-04374,2020-08-15 14:50:00,64.18,100.00
129-04374,2020-08-15 15:00:00,65.30,100.00
129-04374,2020-08-15 15:10:00,65.89,100.00
129-04374,2020-08-15 15:20:00,66.09,100.00
129-04374,2020-08-15 15:30:00,66.08,100.00
129-04374,2020-08-15 15:40:00,66.27,100.00
129-04374,2020-08-15 15:50:00,65.68,100.00
129-04374,2020-08-15 16:00:00,66.59,100.00
129-04374,2020-08-15 16:10:00,65.70,100.00
129-04374,2020-08-15 16:20:00,66.68,100.00
129-04374,2020-08-15 16:30:00,68.48,100.00
129-04374,2020-08-15 16:40:00,67.66,100.00
129-04374,2020-08-15 16:50:00,66.18,100.00
129-04374,2020-08-15 17:00:00,67.90,100.00
129-04374,2020-08-15 17:10:00,66.28,100.00
129-04374,2020-08-15 17:20:00,67.70,100.00
129-04374,2020-08-15 17:30:00,67.99,100.00
129-04374,2020-08-15 17:40:00,67.89,100.00
129-04374,2020-08-15 17:50:00,69.09,100.00
129-04374,2020-08-15 18:00:00,67.89,100.00
129-04374,2020-08-15 18:10:00,68.69,100.00
129-04374,2020-08-15 18:20:00,69.29,100.00
129-04374,2020-08-15 18:30:00,68.26,100.00
129-04374,2020-08-15 18:40:00,67.28,100.00
129-04374,2020-08-15 18:50:00,68.09,100.00
129-04374,2020-08-15 19:00:00,68.19,100.00
129-04374,2020-08-15 19:10:00,69.89,100.00
129-04374,2020-08-15 19:20:00,68.37,100.00
129-04374,2020-08-15 19:30:00,67.18,100.00
129-04374,2020-08-15 19:40:00,67.85,100.00
129-04374,2020-08-15 19:50:00,68.68,100.00
129-04374,2020-08-15 20:00:00,65.47,100.00
129-04374,2020-08-15 20:10:00,65.88,100.00
129-04374,2020-08-15 20:20:00,64.58,100.00
129-04374,2020-08-15 20:30:00,63.19,100.00
129-04374,2020-08-15 20:40:00,63.86,100.00
129-04374,2020-08-15 20:50:00,65.53,100.00
129-04374,2020-08-15 21:00:00,67.85,100.00
129-04374,2020-08-15 21:10:00,64.67,100.00
129-04374,2020-08-15 21:20:00,63.69,100.00
129-04374,2020-08-15 21:30:00,63.36,100.00
129-04374,2020-08-15 21:40:00,63.26,100.00
129-04374,2020-08-15 21:50:00,67.56,100.00
129-04374,2020-08-15 22:00:00,67.53,94.00
129-04374,2020-08-15 22:10:00,65.55,100.00
129-04374,2020-08-15 22:20:00,66.69,100.00
129-04374,2020-08-15 22:30:00,67.39,99.40
129-04374,2020-08-15 22:40:00,69.27,100.00
129-04374,2020-08-15 22:50:00,71.18,84.70
129-04374,2020-08-15 23:00:00,67.75,79.40
129-04374,2020-08-15 23:10:00,66.34,72.00
129-04374,2020-08-15 23:20:00,64.69,70.20
129-04374,2020-08-15 23:30:00,71.88,72.50
129-04374,2020-08-15 23:40:00,69.79,92.90
129-04374,2020-08-15 23:50:00,70.53,81.11
129-04371,2020-08-15 00:00:00,73.38,47.10
129-04371,2020-08-15 00:10:00,67.49,96.00
129-04371,2020-08-15 00:20:00,65.38,80.90
129-04371,2020-08-15 00:30:00,71.46,70.50
129-04371,2020-08-15 00:40:00,64.16,55.80
129-04371,2020-08-15 00:50:00,66.89,95.00
129-04371,2020-08-15 01:00:00,65.58,92.20
129-04371,2020-08-15 01:10:00,65.59,85.70
129-04371,2020-08-15 01:20:00,65.95,68.00
129-04371,2020-08-15 01:30:00,67.08,76.60
129-04371,2020-08-15 01:40:00,67.91,86.00
129-04371,2020-08-15 01:50:00,73.13,55.70
129-04371,2020-08-15 02:00:00,62.76,54.83
129-04371,2020-08-15 02:10:00,71.88,80.30
129-04371,2020-08-15 02:20:00,70.99,90.30
129-04371,2020-08-15 02:30:00,64.39,57.30
129-04371,2020-08-15 02:40:00,62.00,61.00
129-04371,2020-08-15 02:50:00,62.00,57.00
129-04371,2020-08-15 03:00:00,61.50,65.00
129-04371,2020-08-15 03:10:00,63.49,83.86
129-04371,2020-08-15 03:20:00,63.44,85.90
129-04371,2020-08-15 03:30:00,61.48,97.00
129-04371,2020-08-15 03:40:00,66.26,65.89
129-04371,2020-08-15 03:50:00,68.17,71.40
129-04371,2020-08-15 04:00:00,67.80,85.30
129-04371,2020-08-15 04:10:00,67.97,88.83
129-04371,2020-08-15 04:20:00,71.34,68.10
129-04371,2020-08-15 04:30:00,63.76,72.30
129-04371,2020-08-15 04:40:00,72.13,57.40
129-04371,2020-08-15 04:50:00,69.71,84.50
129-04371,2020-08-15 05:00:00,79.00,30.80
129-04371,2020-08-15 05:10:00,62.66,48.00
129-04371,2020-08-15 05:20:00,66.74,81.20
129-04371,2020-08-15 05:30:00,70.03,86.90
129-04371,2020-08-15 05:40:00,72.10,89.80
129-04371,2020-08-15 05:50:00,75.86,59.60
129-04371,2020-08-15 06:00:00,71.47,100.00
129-04371,2020-08-15 06:10:00,72.45,97.00
129-04371,2020-08-15 06:20:00,72.24,95.50
129-04371,2020-08-15 06:30:00,72.38,93.20
129-04371,2020-08-15 06:40:00,68.15,100.00
129-04371,2020-08-15 06:50:00,71.09,99.00
129-04371,2020-08-15 07:00:00,69.62,99.10
129-04371,2020-08-15 07:10:00,72.33,100.00
129-04371,2020-08-15 07:20:00,75.78,100.00
129-04371,2020-08-15 07:30:00,75.16,100.00
129-04371,2020-08-15 07:40:00,72.72,100.00
129-04371,2020-08-15 07:50:00,68.90,100.00
129-04371,2020-08-15 08:00:00,68.79,100.00
129-04371,2020-08-15 08:10:00,69.48,100.00
129-04371,2020-08-15 08:20:00,68.85,100.00
129-04371,2020-08-15 08:30:00,69.74,100.00
129-04371,2020-08-15 08:40:00,70.27,100.00
129-04371,2020-08-15 08:50:00,66.56,100.00
129-04371,2020-08-15 09:00:00,68.56,100.00
129-04371,2020-08-15 09:10:00,70.49,100.00
129-04371,2020-08-15 09:20:00,69.26,100.00
129-04371,2020-08-15 09:30:00,68.25,100.00
129-04371,2020-08-15 09:40:00,69.48,100.00
129-04371,2020-08-15 09:50:00,69.88,100.00
129-04371,2020-08-15 10:00:00,69.68,100.00
129-04371,2020-08-15 10:10:00,72.79,100.00
129-04371,2020-08-15 10:20:00,66.08,100.00
129-04371,2020-08-15 10:30:00,63.78,100.00
129-04371,2020-08-15 10:40:00,65.05,100.00
129-04371,2020-08-15 10:50:00,65.49,100.00
129-04371,2020-08-15 11:00:00,64.07,100.00
129-04371,2020-08-15 11:10:00,67.87,100.00
129-04371,2020-08-15 11:20:00,64.15,100.00
129-04371,2020-08-15 11:30:00,67.24,100.00
129-04371,2020-08-15 11:40:00,63.05,100.00
129-04371,2020-08-15 11:50:00,62.89,100.00
129-04371,2020-08-15 12:00:00,65.69,100.00
129-04371,2020-08-15 12:10:00,65.85,100.00
129-04371,2020-08-15 12:20:00,68.39,100.00
129-04371,2020-08-15 12:30:00,67.33,100.00
129-04371,2020-08-15 12:40:00,65.78,100.00
129-04371,2020-08-15 12:50:00,64.38,100.00
129-04371,2020-08-15 13:00:00,64.26,100.00
129-04371,2020-08-15 13:10:00,66.65,100.00
129-04371,2020-08-15 13:20:00,68.36,100.00
129-04371,2020-08-15 13:30:00,65.98,100.00
129-04371,2020-08-15 13:40:00,65.59,100.00
129-04371,2020-08-15 13:50:00,68.78,100.00
129-04371,2020-08-15 14:00:00,69.29,100.00
129-04371,2020-08-15 14:10:00,68.89,100.00
129-04371,2020-08-15 14:20:00,65.59,100.00
129-04371,2020-08-15 14:30:00,65.27,100.00
129-04371,2020-08-15 14:40:00,64.66,100.00
129-04371,2020-08-15 14:50:00,67.99,100.00
129-04371,2020-08-15 15:00:00,64.85,100.00
129-04371,2020-08-15 15:10:00,65.99,100.00
129-04371,2020-08-15 15:20:00,66.59,100.00
129-04371,2020-08-15 15:30:00,65.40,100.00
129-04371,2020-08-15 15:40:00,65.47,100.00
129-04371,2020-08-15 15:50:00,63.99,100.00
129-04371,2020-08-15 16:00:00,68.07,100.00
129-04371,2020-08-15 16:10:00,67.78,100.00
129-04371,2020-08-15 16:20:00,69.29,100.00
129-04371,2020-08-15 16:30:00,68.18,100.00
129-04371,2020-08-15 16:40:00,65.68,100.00
129-04371,2020-08-15 16:50:00,63.56,100.00
129-04371,2020-08-15 17:00:00,63.98,100.00
129-04371,2020-08-15 17:10:00,64.97,100.00
129-04371,2020-08-15 17:20:00,63.48,100.00
129-04371,2020-08-15 17:30:00,64.58,100.00
129-04371,2020-08-15 17:40:00,65.99,100.00
129-04371,2020-08-15 17:50:00,65.28,100.00
129-04371,2020-08-15 18:00:00,65.99,100.00
129-04371,2020-08-15 18:10:00,70.09,100.00
129-04371,2020-08-15 18:20:00,68.54,100.00
129-04371,2020-08-15 18:30:00,68.37,100.00
129-04371,2020-08-15 18:40:00,70.48,100.00
129-04371,2020-08-15 18:50:00,71.57,100.00
129-04371,2020-08-15 19:00:00,70.28,100.00
129-04371,2020-08-15 19:10:00,71.32,100.00
129-04371,2020-08-15 19:20:00,68.08,100.00
129-04371,2020-08-15 19:30:00,67.99,100.00
129-04371,2020-08-15 19:40:00,69.68,100.00
129-04371,2020-08-15 19:50:00,68.56,100.00
129-04371,2020-08-15 20:00:00,70.12,97.90
129-04371,2020-08-15 20:10:00,67.98,100.00
129-04371,2020-08-15 20:20:00,67.09,100.00
129-04371,2020-08-15 20:30:00,67.05,100.00
129-04371,2020-08-15 20:40:00,64.86,100.00
129-04371,2020-08-15 20:50:00,66.89,100.00
129-04371,2020-08-15 21:00:00,64.41,100.00
129-04371,2020-08-15 21:10:00,62.00,100.00
129-04371,2020-08-15 21:20:00,68.20,100.00
129-04371,2020-08-15 21:30:00,65.07,100.00
129-04371,2020-08-15 21:40:00,71.03,100.00
129-04371,2020-08-15 21:50:00,74.99,100.00
129-04371,2020-08-15 22:00:00,71.17,99.50
129-04371,2020-08-15 22:10:00,72.40,92.70
129-04371,2020-08-15 22:20:00,68.79,100.00
129-04371,2020-08-15 22:30:00,69.53,99.20
129-04371,2020-08-15 22:40:00,70.39,100.00
129-04371,2020-08-15 22:50:00,70.22,100.00
129-04371,2020-08-15 23:00:00,69.10,91.20
129-04371,2020-08-15 23:10:00,66.47,84.20
129-04371,2020-08-15 23:20:00,64.28,62.20
129-04371,2020-08-15 23:30:00,70.18,84.80
129-04371,2020-08-15 23:40:00,70.28,87.80
129-04371,2020-08-15 23:50:00,70.47,80.89
129-04372,2020-08-15 00:00:00,76.39,36.00
129-04372,2020-08-15 00:10:00,65.74,65.90
129-04372,2020-08-15 00:20:00,64.44,52.17
129-04372,2020-08-15 00:30:00,70.69,96.10
129-04372,2020-08-15 00:40:00,68.25,86.60
129-04372,2020-08-15 00:50:00,71.61,81.70
129-04372,2020-08-15 01:00:00,67.56,88.50
129-04372,2020-08-15 01:10:00,69.32,89.90
129-04372,2020-08-15 01:20:00,70.46,82.50
129-04372,2020-08-15 01:30:00,64.18,48.30
129-04372,2020-08-15 01:40:00,68.38,97.80
129-04372,2020-08-15 01:50:00,72.94,60.90
129-04372,2020-08-15 02:00:00,67.10,82.78
129-04372,2020-08-15 02:10:00,74.43,50.30
129-04372,2020-08-15 02:20:00,71.88,85.00
129-04372,2020-08-15 02:30:00,66.02,56.80
129-04372,2020-08-15 02:40:00,62.97,45.67
129-04372,2020-08-15 02:50:00,65.00,62.25
129-04372,2020-08-15 03:00:00,63.76,72.70
129-04372,2020-08-15 03:10:00,64.16,94.00
129-04372,2020-08-15 03:20:00,61.91,83.30
129-04372,2020-08-15 03:30:00,66.59,86.50
129-04372,2020-08-15 03:40:00,68.96,58.70
129-04372,2020-08-15 03:50:00,70.62,65.80
129-04372,2020-08-15 04:00:00,71.00,78.70
129-04372,2020-08-15 04:10:00,68.11,92.57
129-04372,2020-08-15 04:20:00,71.23,85.80
129-04372,2020-08-15 04:30:00,65.94,47.20
129-04372,2020-08-15 04:40:00,70.48,81.40
129-04372,2020-08-15 04:50:00,72.25,77.60
129-04372,2020-08-15 05:00:00,79.77,21.78
129-04372,2020-08-15 05:10:00,63.00,44.57
129-04372,2020-08-15 05:20:00,67.51,75.70
129-04372,2020-08-15 05:30:00,69.85,81.20
129-04372,2020-08-15 05:40:00,72.58,79.00
129-04372,2020-08-15 05:50:00,75.32,69.90
129-04372,2020-08-15 06:00:00,73.60,95.50
129-04372,2020-08-15 06:10:00,73.83,91.00
129-04372,2020-08-15 06:20:00,70.96,97.20
129-04372,2020-08-15 06:30:00,71.63,97.20
129-04372,2020-08-15 06:40:00,70.55,100.00
129-04372,2020-08-15 06:50:00,74.36,87.50
129-04372,2020-08-15 07:00:00,68.52,100.00
129-04372,2020-08-15 07:10:00,72.90,100.00
129-04372,2020-08-15 07:20:00,75.09,100.00
129-04372,2020-08-15 07:30:00,75.72,100.00
129-04372,2020-08-15 07:40:00,74.02,100.00
129-04372,2020-08-15 07:50:00,70.99,100.00
129-04372,2020-08-15 08:00:00,70.77,100.00
129-04372,2020-08-15 08:10:00,71.04,100.00
129-04372,2020-08-15 08:20:00,69.07,100.00
129-04372,2020-08-15 08:30:00,70.69,100.00
129-04372,2020-08-15 08:40:00,67.68,100.00
129-04372,2020-08-15 08:50:00,64.88,100.00
129-04372,2020-08-15 09:00:00,68.82,100.00
129-04372,2020-08-15 09:10:00,71.56,100.00
129-04372,2020-08-15 09:20:00,68.91,100.00
129-04372,2020-08-15 09:30:00,65.85,100.00
129-04372,2020-08-15 09:40:00,71.49,100.00
129-04372,2020-08-15 09:50:00,71.59,100.00
129-04372,2020-08-15 10:00:00,69.89,100.00
129-04372,2020-08-15 10:10:00,72.75,100.00
129-04372,2020-08-15 10:20:00,68.96,100.00
129-04372,2020-08-15 10:30:00,66.58,100.00
129-04372,2020-08-15 10:40:00,67.59,100.00
129-04372,2020-08-15 10:50:00,65.38,100.00
129-04372,2020-08-15 11:00:00,66.63,100.00
129-04372,2020-08-15 11:10:00,66.39,100.00
129-04372,2020-08-15 11:20:00,66.68,100.00
129-04372,2020-08-15 11:30:00,65.33,100.00
129-04372,2020-08-15 11:40:00,63.30,100.00
129-04372,2020-08-15 11:50:00,65.59,100.00
129-04372,2020-08-15 12:00:00,67.99,100.00
129-04372,2020-08-15 12:10:00,66.88,100.00
129-04372,2020-08-15 12:20:00,67.16,100.00
129-04372,2020-08-15 12:30:00,66.97,100.00
129-04372,2020-08-15 12:40:00,67.20,100.00
129-04372,2020-08-15 12:50:00,65.69,100.00
129-04372,2020-08-15 13:00:00,65.10,100.00
129-04372,2020-08-15 13:10:00,65.10,100.00
129-04372,2020-08-15 13:20:00,68.19,100.00
129-04372,2020-08-15 13:30:00,65.88,100.00
129-04372,2020-08-15 13:40:00,68.58,100.00
129-04372,2020-08-15 13:50:00,69.16,100.00
129-04372,2020-08-15 14:00:00,69.09,100.00
129-04372,2020-08-15 14:10:00,70.68,100.00
129-04372,2020-08-15 14:20:00,68.79,100.00
129-04372,2020-08-15 14:30:00,66.98,100.00
129-04372,2020-08-15 14:40:00,67.00,100.00
129-04372,2020-08-15 14:50:00,68.19,100.00
129-04372,2020-08-15 15:00:00,67.69,100.00
129-04372,2020-08-15 15:10:00,67.49,100.00
129-04372,2020-08-15 15:20:00,67.89,100.00
129-04372,2020-08-15 15:30:00,65.55,100.00
129-04372,2020-08-15 15:40:00,68.67,100.00
129-04372,2020-08-15 15:50:00,65.60,100.00
129-04372,2020-08-15 16:00:00,67.59,100.00
129-04372,2020-08-15 16:10:00,67.48,100.00
129-04372,2020-08-15 16:20:00,68.07,100.00
129-04372,2020-08-15 16:30:00,68.89,100.00
129-04372,2020-08-15 16:40:00,71.18,100.00
129-04372,2020-08-15 16:50:00,68.69,100.00
129-04372,2020-08-15 17:00:00,69.18,100.00
129-04372,2020-08-15 17:10:00,69.29,100.00
129-04372,2020-08-15 17:20:00,68.49,100.00
129-04372,2020-08-15 17:30:00,70.69,100.00
129-04372,2020-08-15 17:40:00,70.50,100.00
129-04372,2020-08-15 17:50:00,67.77,100.00
129-04372,2020-08-15 18:00:00,69.19,100.00
129-04372,2020-08-15 18:10:00,71.58,100.00
129-04372,2020-08-15 18:20:00,70.95,100.00
129-04372,2020-08-15 18:30:00,70.14,100.00
129-04372,2020-08-15 18:40:00,71.83,100.00
129-04372,2020-08-15 18:50:00,69.76,100.00
129-04372,2020-08-15 19:00:00,68.81,100.00
129-04372,2020-08-15 19:10:00,70.45,100.00
129-04372,2020-08-15 19:20:00,69.77,100.00
129-04372,2020-08-15 19:30:00,68.29,100.00
129-04372,2020-08-15 19:40:00,69.67,100.00
129-04372,2020-08-15 19:50:00,68.44,100.00
129-04372,2020-08-15 20:00:00,72.93,100.00
129-04372,2020-08-15 20:10:00,70.08,100.00
129-04372,2020-08-15 20:20:00,68.28,100.00
129-04372,2020-08-15 20:30:00,69.56,100.00
129-04372,2020-08-15 20:40:00,68.08,100.00
129-04372,2020-08-15 20:50:00,69.29,100.00
129-04372,2020-08-15 21:00:00,62.06,100.00
129-04372,2020-08-15 21:10:00,64.67,100.00
129-04372,2020-08-15 21:20:00,71.23,100.00
129-04372,2020-08-15 21:30:00,67.68,92.40
129-04372,2020-08-15 21:40:00,69.74,100.00
129-04372,2020-08-15 21:50:00,70.45,100.00
129-04372,2020-08-15 22:00:00,72.09,98.30
129-04372,2020-08-15 22:10:00,73.96,84.70
129-04372,2020-08-15 22:20:00,69.08,100.00
129-04372,2020-08-15 22:30:00,71.09,99.60
129-04372,2020-08-15 22:40:00,72.44,100.00
129-04372,2020-08-15 22:50:00,74.21,96.30
129-04372,2020-08-15 23:00:00,69.59,80.20
129-04372,2020-08-15 23:10:00,67.48,60.70
129-04372,2020-08-15 23:20:00,64.40,45.70
129-04372,2020-08-15 23:30:00,67.70,67.40
129-04372,2020-08-15 23:40:00,71.56,73.50
129-04372,2020-08-15 23:50:00,63.72,60.80
129-04370,2020-08-15 00:00:00,73.66,41.20
129-04370,2020-08-15 00:10:00,67.29,87.90
129-04370,2020-08-15 00:20:00,68.84,92.50
129-04370,2020-08-15 00:30:00,71.22,82.70
129-04370,2020-08-15 00:40:00,69.04,90.60
129-04370,2020-08-15 00:50:00,71.02,83.90
129-04370,2020-08-15 01:00:00,70.34,91.00
129-04370,2020-08-15 01:10:00,65.62,61.00
129-04370,2020-08-15 01:20:00,63.00,38.00
129-04370,2020-08-15 01:30:00,61.33,53.70
129-04370,2020-08-15 01:40:00,68.48,93.10
129-04370,2020-08-15 01:50:00,65.16,95.00
129-04370,2020-08-15 02:00:00,65.00,99.11
129-04370,2020-08-15 02:10:00,,
129-04370,2020-08-15 02:20:00,63.00,84.33
129-04370,2020-08-15 02:30:00,68.24,52.20
129-04370,2020-08-15 02:40:00,67.96,86.10
129-04370,2020-08-15 02:50:00,64.93,84.33
129-04370,2020-08-15 03:00:00,62.10,70.50
129-04370,2020-08-15 03:10:00,65.47,95.88
129-04370,2020-08-15 03:20:00,64.47,92.00
129-04370,2020-08-15 03:30:00,67.11,75.80
129-04370,2020-08-15 03:40:00,65.31,70.57
129-04370,2020-08-15 03:50:00,68.79,86.20
129-04370,2020-08-15 04:00:00,71.87,73.60
129-04370,2020-08-15 04:10:00,67.77,66.67
129-04370,2020-08-15 04:20:00,70.35,89.70
129-04370,2020-08-15 04:30:00,66.77,79.60
129-04370,2020-08-15 04:40:00,71.05,88.50
129-04370,2020-08-15 04:50:00,69.19,85.30
129-04370,2020-08-15 05:00:00,76.99,36.30
129-04370,2020-08-15 05:10:00,70.66,73.67
129-04370,2020-08-15 05:20:00,69.88,90.30
129-04370,2020-08-15 05:30:00,72.86,85.10
129-04370,2020-08-15 05:40:00,75.64,85.10
129-04370,2020-08-15 05:50:00,76.37,95.80
129-04370,2020-08-15 06:00:00,74.80,99.90
129-04370,2020-08-15 06:10:00,75.49,98.30
129-04370,2020-08-15 06:20:00,74.78,98.90
129-04370,2020-08-15 06:30:00,72.60,97.10
129-04370,2020-08-15 06:40:00,71.76,98.90
129-04370,2020-08-15 06:50:00,72.36,100.00
129-04370,2020-08-15 07:00:00,69.17,100.00
129-04370,2020-08-15 07:10:00,72.09,100.00
129-04370,2020-08-15 07:20:00,75.32,100.00
129-04370,2020-08-15 07:30:00,72.85,100.00
129-04370,2020-08-15 07:40:00,75.79,100.00
129-04370,2020-08-15 07:50:00,72.17,100.00
129-04370,2020-08-15 08:00:00,70.69,100.00
129-04370,2020-08-15 08:10:00,71.41,97.80
129-04370,2020-08-15 08:20:00,69.76,100.00
129-04370,2020-08-15 08:30:00,71.50,100.00
129-04370,2020-08-15 08:40:00,74.25,100.00
129-04370,2020-08-15 08:50:00,73.83,100.00
129-04370,2020-08-15 09:00:00,70.26,100.00
129-04370,2020-08-15 09:10:00,72.68,100.00
129-04370,2020-08-15 09:20:00,72.86,100.00
129-04370,2020-08-15 09:30:00,68.99,100.00
129-04370,2020-08-15 09:40:00,70.68,100.00
129-04370,2020-08-15 09:50:00,70.06,100.00
129-04370,2020-08-15 10:00:00,72.49,98.90
129-04370,2020-08-15 10:10:00,74.04,100.00
129-04370,2020-08-15 10:20:00,71.49,100.00
129-04370,2020-08-15 10:30:00,69.19,100.00
129-04370,2020-08-15 10:40:00,70.70,100.00
129-04370,2020-08-15 10:50:00,70.80,100.00
129-04370,2020-08-15 11:00:00,68.29,100.00
129-04370,2020-08-15 11:10:00,71.24,100.00
129-04370,2020-08-15 11:20:00,70.00,100.00
129-04370,2020-08-15 11:30:00,69.29,100.00
129-04370,2020-08-15 11:40:00,70.40,100.00
129-04370,2020-08-15 11:50:00,70.29,100.00
129-04370,2020-08-15 12:00:00,70.49,100.00
129-04370,2020-08-15 12:10:00,70.38,100.00
129-04370,2020-08-15 12:20:00,72.98,100.00
129-04370,2020-08-15 12:30:00,72.98,100.00
129-04370,2020-08-15 12:40:00,70.59,100.00
129-04370,2020-08-15 12:50:00,69.39,100.00
129-04370,2020-08-15 13:00:00,69.19,100.00
129-04370,2020-08-15 13:10:00,70.88,100.00
129-04370,2020-08-15 13:20:00,70.99,100.00
129-04370,2020-08-15 13:30:00,71.30,100.00
129-04370,2020-08-15 13:40:00,70.19,100.00
129-04370,2020-08-15 13:50:00,72.19,100.00
129-04370,2020-08-15 14:00:00,70.19,100.00
129-04370,2020-08-15 14:10:00,71.59,100.00
129-04370,2020-08-15 14:20:00,70.95,100.00
129-04370,2020-08-15 14:30:00,71.07,100.00
129-04370,2020-08-15 14:40:00,70.65,100.00
129-04370,2020-08-15 14:50:00,71.26,100.00
129-04370,2020-08-15 15:00:00,71.09,100.00
129-04370,2020-08-15 15:10:00,70.87,100.00
129-04370,2020-08-15 15:20:00,71.69,100.00
129-04370,2020-08-15 15:30:00,71.39,100.00
129-04370,2020-08-15 15:40:00,72.17,100.00
129-04370,2020-08-15 15:50:00,72.48,100.00
129-04370,2020-08-15 16:00:00,74.98,100.00
129-04370,2020-08-15 16:10:00,71.48,100.00
129-04370,2020-08-15 16:20:00,73.27,100.00
129-04370,2020-08-15 16:30:00,73.36,100.00
129-04370,2020-08-15 16:40:00,74.08,100.00
129-04370,2020-08-15 16:50:00,70.18,100.00
129-04370,2020-08-15 17:00:00,72.08,100.00
129-04370,2020-08-15 17:10:00,73.76,100.00
129-04370,2020-08-15 17:20:00,70.26,100.00
129-04370,2020-08-15 17:30:00,73.59,98.90
129-04370,2020-08-15 17:40:00,74.08,100.00
129-04370,2020-08-15 17:50:00,73.58,100.00
129-04370,2020-08-15 18:00:00,69.00,100.00
129-04370,2020-08-15 18:10:00,72.93,100.00
129-04370,2020-08-15 18:20:00,72.97,100.00
129-04370,2020-08-15 18:30:00,73.15,100.00
129-04370,2020-08-15 18:40:00,74.18,100.00
129-04370,2020-08-15 18:50:00,74.29,100.00
129-04370,2020-08-15 19:00:00,76.19,100.00
129-04370,2020-08-15 19:10:00,72.68,100.00
129-04370,2020-08-15 19:20:00,69.97,100.00
129-04370,2020-08-15 19:30:00,70.50,100.00
129-04370,2020-08-15 19:40:00,72.96,100.00
129-04370,2020-08-15 19:50:00,71.92,100.00
129-04370,2020-08-15 20:00:00,73.28,100.00
129-04370,2020-08-15 20:10:00,72.88,100.00
129-04370,2020-08-15 20:20:00,68.88,100.00
129-04370,2020-08-15 20:30:00,68.39,100.00
129-04370,2020-08-15 20:40:00,66.19,100.00
129-04370,2020-08-15 20:50:00,71.48,100.00
129-04370,2020-08-15 21:00:00,71.22,100.00
129-04370,2020-08-15 21:10:00,70.58,100.00
129-04370,2020-08-15 21:20:00,71.57,100.00
129-04370,2020-08-15 21:30:00,67.68,100.00
129-04370,2020-08-15 21:40:00,72.61,100.00
129-04370,2020-08-15 21:50:00,75.37,82.10
129-04370,2020-08-15 22:00:00,67.88,100.00
129-04370,2020-08-15 22:10:00,68.06,96.40
129-04370,2020-08-15 22:20:00,70.85,96.70
129-04370,2020-08-15 22:30:00,69.37,100.00
129-04370,2020-08-15 22:40:00,74.28,95.50
129-04370,2020-08-15 22:50:00,70.21,100.00
129-04370,2020-08-15 23:00:00,70.12,100.00
129-04370,2020-08-15 23:10:00,63.92,48.70
129-04370,2020-08-15 23:20:00,67.00,89.70
129-04370,2020-08-15 23:30:00,74.72,44.30
129-04370,2020-08-15 23:40:00,72.16,79.60
129-04370,2020-08-15 23:50:00,63.47,39.50
129N04349,2020-08-15 00:00:00,74.20,73.70
129N04349,2020-08-15 00:10:00,71.19,76.60
129N04349,2020-08-15 00:20:00,64.51,70.90
129N04349,2020-08-15 00:30:00,69.74,91.70
129N04349,2020-08-15 00:40:00,68.65,83.50
129N04349,2020-08-15 00:50:00,72.75,77.00
129N04349,2020-08-15 01:00:00,69.00,94.50
129N04349,2020-08-15 01:10:00,67.99,89.40
129N04349,2020-08-15 01:20:00,67.00,89.50
129N04349,2020-08-15 01:30:00,70.00,93.78
129N04349,2020-08-15 01:40:00,70.00,95.50
129N04349,2020-08-15 01:50:00,69.00,100.00
129N04349,2020-08-15 02:00:00,69.00,100.00
129N04349,2020-08-15 02:10:00,,
129N04349,2020-08-15 02:20:00,72.26,72.00
129N04349,2020-08-15 02:30:00,76.19,64.10
129N04349,2020-08-15 02:40:00,74.00,94.70
129N04349,2020-08-15 02:50:00,70.20,60.40
129N04349,2020-08-15 03:00:00,74.16,97.30
129N04349,2020-08-15 03:10:00,75.00,100.00
129N04349,2020-08-15 03:20:00,59.54,5.00
129N04349,2020-08-15 03:30:00,49.17,18.75
129N04349,2020-08-15 03:40:00,60.59,72.14
129N04349,2020-08-15 03:50:00,69.94,71.30
129N04349,2020-08-15 04:00:00,66.00,82.80
129N04349,2020-08-15 04:10:00,66.13,86.33
129N04349,2020-08-15 04:20:00,73.00,77.10
129N04349,2020-08-15 04:30:00,73.00,76.89
129N04349,2020-08-15 04:40:00,65.97,71.86
129N04349,2020-08-15 04:50:00,69.89,99.40
129N04349,2020-08-15 05:00:00,71.27,96.60
129N04349,2020-08-15 05:10:00,67.42,74.86
129N04349,2020-08-15 05:20:00,66.00,92.17
129N04349,2020-08-15 05:30:00,72.69,79.10
129N04349,2020-08-15 05:40:00,75.57,60.70
129N04349,2020-08-15 05:50:00,74.72,52.80
129N04349,2020-08-15 06:00:00,72.88,93.60
129N04349,2020-08-15 06:10:00,75.95,96.30
129N04349,2020-08-15 06:20:00,69.55,90.30
129N04349,2020-08-15 06:30:00,75.65,86.50
129N04349,2020-08-15 06:40:00,75.11,76.80
129N04349,2020-08-15 06:50:00,76.60,81.80
129N04349,2020-08-15 07:00:00,69.17,99.20
129N04349,2020-08-15 07:10:00,72.59,96.00
129N04349,2020-08-15 07:20:00,73.07,99.40
129N04349,2020-08-15 07:30:00,73.57,91.40
129N04349,2020-08-15 07:40:00,74.66,96.20
129N04349,2020-08-15 07:50:00,73.97,98.40
129N04349,2020-08-15 08:00:00,72.36,99.60
129N04349,2020-08-15 08:10:00,71.77,100.00
129N04349,2020-08-15 08:20:00,71.76,100.00
129N04349,2020-08-15 08:30:00,71.55,100.00
129N04349,2020-08-15 08:40:00,71.68,100.00
129N04349,2020-08-15 08:50:00,76.17,92.00
129N04349,2020-08-15 09:00:00,73.86,92.70
129N04349,2020-08-15 09:10:00,71.28,100.00
129N04349,2020-08-15 09:20:00,72.36,99.90
129N04349,2020-08-15 09:30:00,73.24,93.90
129N04349,2020-08-15 09:40:00,76.00,86.90
129N04349,2020-08-15 09:50:00,72.00,99.70
129N04349,2020-08-15 10:00:00,72.23,97.00
129N04349,2020-08-15 10:10:00,71.13,100.00
129N04349,2020-08-15 10:20:00,72.33,100.00
129N04349,2020-08-15 10:30:00,71.06,100.00
129N04349,2020-08-15 10:40:00,71.98,100.00
129N04349,2020-08-15 10:50:00,67.18,100.00
129N04349,2020-08-15 11:00:00,65.31,100.00
129N04349,2020-08-15 11:10:00,65.96,100.00
129N04349,2020-08-15 11:20:00,68.49,97.20
129N04349,2020-08-15 11:30:00,72.97,96.80
129N04349,2020-08-15 11:40:00,68.77,100.00
129N04349,2020-08-15 11:50:00,70.39,100.00
129N04349,2020-08-15 12:00:00,68.77,100.00
129N04349,2020-08-15 12:10:00,66.89,100.00
129N04349,2020-08-15 12:20:00,66.17,100.00
129N04349,2020-08-15 12:30:00,67.68,100.00
129N04349,2020-08-15 12:40:00,68.23,100.00
129N04349,2020-08-15 12:50:00,66.49,100.00
129N04349,2020-08-15 13:00:00,70.08,100.00
129N04349,2020-08-15 13:10:00,70.49,100.00
129N04349,2020-08-15 13:20:00,69.19,100.00
129N04349,2020-08-15 13:30:00,65.59,100.00
129N04349,2020-08-15 13:40:00,68.43,100.00
129N04349,2020-08-15 13:50:00,69.69,98.80
129N04349,2020-08-15 14:00:00,70.29,100.00
129N04349,2020-08-15 14:10:00,71.09,100.00
129N04349,2020-08-15 14:20:00,70.99,100.00
129N04349,2020-08-15 14:30:00,72.66,100.00
129N04349,2020-08-15 14:40:00,70.79,100.00
129N04349,2020-08-15 14:50:00,68.06,100.00
129N04349,2020-08-15 15:00:00,69.60,100.00
129N04349,2020-08-15 15:10:00,72.07,100.00
129N04349,2020-08-15 15:20:00,67.32,100.00
129N04349,2020-08-15 15:30:00,69.77,100.00
129N04349,2020-08-15 15:40:00,71.58,100.00
129N04349,2020-08-15 15:50:00,70.11,100.00
129N04349,2020-08-15 16:00:00,68.29,100.00
129N04349,2020-08-15 16:10:00,70.98,100.00
129N04349,2020-08-15 16:20:00,68.70,100.00
129N04349,2020-08-15 16:30:00,69.00,100.00
129N04349,2020-08-15 16:40:00,69.88,100.00
129N04349,2020-08-15 16:50:00,70.99,100.00
129N04349,2020-08-15 17:00:00,70.97,100.00
129N04349,2020-08-15 17:10:00,70.79,100.00
129N04349,2020-08-15 17:20:00,70.37,100.00
129N04349,2020-08-15 17:30:00,71.09,100.00
129N04349,2020-08-15 17:40:00,69.29,100.00
129N04349,2020-08-15 17:50:00,68.56,100.00
129N04349,2020-08-15 18:00:00,71.48,100.00
129N04349,2020-08-15 18:10:00,68.88,100.00
129N04349,2020-08-15 18:20:00,67.88,100.00
129N04349,2020-08-15 18:30:00,68.30,100.00
129N04349,2020-08-15 18:40:00,68.89,100.00
129N04349,2020-08-15 18:50:00,70.15,91.60
129N04349,2020-08-15 19:00:00,71.43,100.00
129N04349,2020-08-15 19:10:00,72.94,100.00
129N04349,2020-08-15 19:20:00,69.70,100.00
129N04349,2020-08-15 19:30:00,70.48,100.00
129N04349,2020-08-15 19:40:00,71.56,96.90
129N04349,2020-08-15 19:50:00,71.19,100.00
129N04349,2020-08-15 20:00:00,72.98,100.00
129N04349,2020-08-15 20:10:00,71.37,97.90
129N04349,2020-08-15 20:20:00,70.80,99.30
129N04349,2020-08-15 20:30:00,70.07,98.80
129N04349,2020-08-15 20:40:00,70.46,100.00
129N04349,2020-08-15 20:50:00,71.17,96.30
129N04349,2020-08-15 21:00:00,70.80,97.00
129N04349,2020-08-15 21:10:00,72.18,97.90
129N04349,2020-08-15 21:20:00,73.75,80.20
129N04349,2020-08-15 21:30:00,73.29,76.40
129N04349,2020-08-15 21:40:00,75.80,92.20
129N04349,2020-08-15 21:50:00,68.52,75.30
129N04349,2020-08-15 22:00:00,72.77,100.00
129N04349,2020-08-15 22:10:00,68.20,100.00
129N04349,2020-08-15 22:20:00,68.07,100.00
129N04349,2020-08-15 22:30:00,68.54,100.00
129N04349,2020-08-15 22:40:00,67.16,100.00
129N04349,2020-08-15 22:50:00,69.55,100.00
129N04349,2020-08-15 23:00:00,68.10,99.80
129N04349,2020-08-15 23:10:00,69.79,97.60
129N04349,2020-08-15 23:20:00,71.29,87.30
129N04349,2020-08-15 23:30:00,69.75,83.90
129N04349,2020-08-15 23:40:00,70.29,97.40
129N04349,2020-08-15 23:50:00,70.80,89.80
129N04347,2020-08-15 00:00:00,71.60,38.75
129N04347,2020-08-15 00:10:00,74.64,58.40
129N04347,2020-08-15 00:20:00,67.88,82.40
129N04347,2020-08-15 00:30:00,70.51,91.80
129N04347,2020-08-15 00:40:00,71.49,96.10
129N04347,2020-08-15 00:50:00,72.59,98.40
129N04347,2020-08-15 01:00:00,71.17,73.00
129N04347,2020-08-15 01:10:00,75.00,74.44
129N04347,2020-08-15 01:20:00,,
129N04347,2020-08-15 01:30:00,73.00,99.50
129N04347,2020-08-15 01:40:00,,
129N04347,2020-08-15 01:50:00,,
129N04347,2020-08-15 02:00:00,,
129N04347,2020-08-15 02:10:00,,
129N04347,2020-08-15 02:20:00,74.89,83.75
129N04347,2020-08-15 02:30:00,75.59,98.10
129N04347,2020-08-15 02:40:00,75.00,99.00
129N04347,2020-08-15 02:50:00,69.00,52.63
129N04347,2020-08-15 03:00:00,69.39,75.20
129N04347,2020-08-15 03:10:00,67.57,69.56
129N04347,2020-08-15 03:20:00,65.75,74.50
129N04347,2020-08-15 03:30:00,67.00,96.80
129N04347,2020-08-15 03:40:00,69.00,97.00
129N04347,2020-08-15 03:50:00,69.00,91.33
129N04347,2020-08-15 04:00:00,71.00,83.75
129N04347,2020-08-15 04:10:00,66.51,72.14
129N04347,2020-08-15 04:20:00,75.97,36.10
129N04347,2020-08-15 04:30:00,79.00,40.70
129N04347,2020-08-15 04:40:00,69.95,49.50
129N04347,2020-08-15 04:50:00,68.94,79.50
129N04347,2020-08-15 05:00:00,71.37,92.80
129N04347,2020-08-15 05:10:00,68.96,73.00
129N04347,2020-08-15 05:20:00,68.94,96.50
129N04347,2020-08-15 05:30:00,67.99,96.90
129N04347,2020-08-15 05:40:00,71.40,82.60
129N04347,2020-08-15 05:50:00,76.10,52.60
129N04347,2020-08-15 06:00:00,71.00,100.00
129N04347,2020-08-15 06:10:00,68.18,100.00
129N04347,2020-08-15 06:20:00,68.66,100.00
129N04347,2020-08-15 06:30:00,74.16,65.10
129N04347,2020-08-15 06:40:00,79.00,46.10
129N04347,2020-08-15 06:50:00,80.36,42.30
129N04347,2020-08-15 07:00:00,73.81,91.70
129N04347,2020-08-15 07:10:00,77.69,95.00
129N04347,2020-08-15 07:20:00,77.99,97.00
129N04347,2020-08-15 07:30:00,75.06,96.80
129N04347,2020-08-15 07:40:00,75.87,99.90
129N04347,2020-08-15 07:50:00,74.57,99.90
129N04347,2020-08-15 08:00:00,74.31,100.00
129N04347,2020-08-15 08:10:00,76.29,99.10
129N04347,2020-08-15 08:20:00,74.40,100.00
129N04347,2020-08-15 08:30:00,73.87,99.40
129N04347,2020-08-15 08:40:00,72.12,93.40
129N04347,2020-08-15 08:50:00,75.59,99.20
129N04347,2020-08-15 09:00:00,72.35,100.00
129N04347,2020-08-15 09:10:00,72.55,100.00
129N04347,2020-08-15 09:20:00,70.19,100.00
129N04347,2020-08-15 09:30:00,72.28,100.00
129N04347,2020-08-15 09:40:00,75.29,94.70
129N04347,2020-08-15 09:50:00,72.92,94.90
129N04347,2020-08-15 10:00:00,71.95,100.00
129N04347,2020-08-15 10:10:00,75.01,86.90
129N04347,2020-08-15 10:20:00,73.95,100.00
129N04347,2020-08-15 10:30:00,75.18,95.40
129N04347,2020-08-15 10:40:00,75.78,99.20
129N04347,2020-08-15 10:50:00,69.97,100.00
129N04347,2020-08-15 11:00:00,71.80,100.00
129N04347,2020-08-15 11:10:00,71.98,100.00
129N04347,2020-08-15 11:20:00,71.57,100.00
129N04347,2020-08-15 11:30:00,71.56,100.00
129N04347,2020-08-15 11:40:00,73.85,100.00
129N04347,2020-08-15 11:50:00,72.07,100.00
129N04347,2020-08-15 12:00:00,73.13,100.00
129N04347,2020-08-15 12:10:00,71.28,100.00
129N04347,2020-08-15 12:20:00,71.27,100.00
129N04347,2020-08-15 12:30:00,72.27,100.00
129N04347,2020-08-15 12:40:00,72.37,100.00
129N04347,2020-08-15 12:50:00,70.80,100.00
129N04347,2020-08-15 13:00:00,73.15,97.40
129N04347,2020-08-15 13:10:00,73.56,100.00
129N04347,2020-08-15 13:20:00,71.56,100.00
129N04347,2020-08-15 13:30:00,71.85,100.00
129N04347,2020-08-15 13:40:00,71.08,100.00
129N04347,2020-08-15 13:50:00,72.37,100.00
129N04347,2020-08-15 14:00:00,73.36,100.00
129N04347,2020-08-15 14:10:00,75.89,100.00
129N04347,2020-08-15 14:20:00,73.13,100.00
129N04347,2020-08-15 14:30:00,73.45,100.00
129N04347,2020-08-15 14:40:00,73.06,100.00
129N04347,2020-08-15 14:50:00,71.39,100.00
129N04347,2020-08-15 15:00:00,73.57,100.00
129N04347,2020-08-15 15:10:00,75.37,100.00
129N04347,2020-08-15 15:20:00,74.99,100.00
129N04347,2020-08-15 15:30:00,73.46,100.00
129N04347,2020-08-15 15:40:00,76.80,100.00
129N04347,2020-08-15 15:50:00,73.89,100.00
129N04347,2020-08-15 16:00:00,69.99,100.00
129N04347,2020-08-15 16:10:00,71.34,100.00
129N04347,2020-08-15 16:20:00,69.88,100.00
129N04347,2020-08-15 16:30:00,70.29,100.00
129N04347,2020-08-15 16:40:00,73.26,100.00
129N04347,2020-08-15 16:50:00,76.19,100.00
129N04347,2020-08-15 17:00:00,74.44,100.00
129N04347,2020-08-15 17:10:00,75.31,97.10
129N04347,2020-08-15 17:20:00,74.95,100.00
129N04347,2020-08-15 17:30:00,74.47,100.00
129N04347,2020-08-15 17:40:00,75.80,100.00
129N04347,2020-08-15 17:50:00,74.85,100.00
129N04347,2020-08-15 18:00:00,73.96,100.00
129N04347,2020-08-15 18:10:00,74.79,100.00
129N04347,2020-08-15 18:20:00,72.98,100.00
129N04347,2020-08-15 18:30:00,74.39,100.00
129N04347,2020-08-15 18:40:00,73.65,100.00
129N04347,2020-08-15 18:50:00,74.25,100.00
129N04347,2020-08-15 19:00:00,76.89,100.00
129N04347,2020-08-15 19:10:00,74.08,100.00
129N04347,2020-08-15 19:20:00,74.30,100.00
129N04347,2020-08-15 19:30:00,72.56,100.00
129N04347,2020-08-15 19:40:00,71.32,90.20
129N04347,2020-08-15 19:50:00,76.29,90.10
129N04347,2020-08-15 20:00:00,74.27,100.00
129N04347,2020-08-15 20:10:00,75.38,89.60
129N04347,2020-08-15 20:20:00,72.59,94.80
129N04347,2020-08-15 20:30:00,72.04,100.00
129N04347,2020-08-15 20:40:00,69.58,100.00
129N04347,2020-08-15 20:50:00,73.00,100.00
129N04347,2020-08-15 21:00:00,71.31,100.00
129N04347,2020-08-15 21:10:00,72.08,95.70
129N04347,2020-08-15 21:20:00,71.79,100.00
129N04347,2020-08-15 21:30:00,80.46,32.10
129N04347,2020-08-15 21:40:00,74.15,83.10
129N04347,2020-08-15 21:50:00,74.03,90.30
129N04347,2020-08-15 22:00:00,72.06,100.00
129N04347,2020-08-15 22:10:00,70.34,100.00
129N04347,2020-08-15 22:20:00,65.79,65.00
129N04347,2020-08-15 22:30:00,69.90,89.70
129N04347,2020-08-15 22:40:00,68.87,100.00
129N04347,2020-08-15 22:50:00,71.61,100.00
129N04347,2020-08-15 23:00:00,71.18,92.90
129N04347,2020-08-15 23:10:00,74.58,67.10
129N04347,2020-08-15 23:20:00,69.24,83.20
129N04347,2020-08-15 23:30:00,72.21,90.30
129N04347,2020-08-15 23:40:00,72.55,80.10
129N04347,2020-08-15 23:50:00,65.62,49.90
129N04348,2020-08-15 00:00:00,71.40,76.50
129N04348,2020-08-15 00:10:00,75.06,77.80
129N04348,2020-08-15 00:20:00,76.87,62.30
129N04348,2020-08-15 00:30:00,71.20,86.20
129N04348,2020-08-15 00:40:00,68.99,69.10
129N04348,2020-08-15 00:50:00,74.41,85.50
129N04348,2020-08-15 01:00:00,75.75,81.00
129N04348,2020-08-15 01:10:00,75.00,90.71
129N04348,2020-08-15 01:20:00,,
129N04348,2020-08-15 01:30:00,72.00,99.00
129N04348,2020-08-15 01:40:00,,
129N04348,2020-08-15 01:50:00,76.00,92.50
129N04348,2020-08-15 02:00:00,76.00,98.50
129N04348,2020-08-15 02:10:00,,
129N04348,2020-08-15 02:20:00,75.29,90.78
129N04348,2020-08-15 02:30:00,77.79,96.60
129N04348,2020-08-15 02:40:00,80.00,88.50
129N04348,2020-08-15 02:50:00,72.51,55.90
129N04348,2020-08-15 03:00:00,78.42,75.60
129N04348,2020-08-15 03:10:00,81.00,79.00
129N04348,2020-08-15 03:20:00,66.00,10.83
129N04348,2020-08-15 03:30:00,,
129N04348,2020-08-15 03:40:00,70.00,72.00
129N04348,2020-08-15 03:50:00,73.00,98.10
129N04348,2020-08-15 04:00:00,71.00,98.30
129N04348,2020-08-15 04:10:00,71.00,99.00
129N04348,2020-08-15 04:20:00,74.34,85.30
129N04348,2020-08-15 04:30:00,79.20,51.50
129N04348,2020-08-15 04:40:00,67.64,43.14
129N04348,2020-08-15 04:50:00,70.48,82.50
129N04348,2020-08-15 05:00:00,71.97,95.10
129N04348,2020-08-15 05:10:00,68.25,69.38
129N04348,2020-08-15 05:20:00,69.00,91.75
129N04348,2020-08-15 05:30:00,69.80,98.40
129N04348,2020-08-15 05:40:00,74.09,70.50
129N04348,2020-08-15 05:50:00,77.37,44.50
129N04348,2020-08-15 06:00:00,72.62,92.30
129N04348,2020-08-15 06:10:00,78.44,41.40
129N04348,2020-08-15 06:20:00,76.63,58.40
129N04348,2020-08-15 06:30:00,76.34,98.20
129N04348,2020-08-15 06:40:00,77.77,93.00
129N04348,2020-08-15 06:50:00,81.00,84.20
129N04348,2020-08-15 07:00:00,72.42,99.30
129N04348,2020-08-15 07:10:00,73.68,99.70
129N04348,2020-08-15 07:20:00,77.19,98.80
129N04348,2020-08-15 07:30:00,75.77,97.80
129N04348,2020-08-15 07:40:00,76.79,97.50
129N04348,2020-08-15 07:50:00,76.88,100.00
129N04348,2020-08-15 08:00:00,77.27,96.30
129N04348,2020-08-15 08:10:00,77.79,100.00
129N04348,2020-08-15 08:20:00,75.67,100.00
129N04348,2020-08-15 08:30:00,76.92,98.30
129N04348,2020-08-15 08:40:00,73.16,100.00
129N04348,2020-08-15 08:50:00,74.59,96.90
129N04348,2020-08-15 09:00:00,75.99,100.00
129N04348,2020-08-15 09:10:00,76.08,100.00
129N04348,2020-08-15 09:20:00,75.99,100.00
129N04348,2020-08-15 09:30:00,73.40,100.00
129N04348,2020-08-15 09:40:00,78.19,74.70
129N04348,2020-08-15 09:50:00,73.38,100.00
129N04348,2020-08-15 10:00:00,74.77,98.20
129N04348,2020-08-15 10:10:00,76.77,94.70
129N04348,2020-08-15 10:20:00,74.67,100.00
129N04348,2020-08-15 10:30:00,75.11,92.30
129N04348,2020-08-15 10:40:00,76.80,100.00
129N04348,2020-08-15 10:50:00,72.17,100.00
129N04348,2020-08-15 11:00:00,75.68,99.50
129N04348,2020-08-15 11:10:00,74.49,100.00
129N04348,2020-08-15 11:20:00,71.96,100.00
129N04348,2020-08-15 11:30:00,75.66,100.00
129N04348,2020-08-15 11:40:00,75.14,100.00
129N04348,2020-08-15 11:50:00,74.08,100.00
129N04348,2020-08-15 12:00:00,73.16,100.00
129N04348,2020-08-15 12:10:00,70.75,100.00
129N04348,2020-08-15 12:20:00,71.56,100.00
129N04348,2020-08-15 12:30:00,73.48,100.00
129N04348,2020-08-15 12:40:00,75.88,100.00
129N04348,2020-08-15 12:50:00,74.28,93.20
129N04348,2020-08-15 13:00:00,74.32,98.40
129N04348,2020-08-15 13:10:00,75.16,100.00
129N04348,2020-08-15 13:20:00,73.37,100.00
129N04348,2020-08-15 13:30:00,71.77,100.00
129N04348,2020-08-15 13:40:00,74.46,100.00
129N04348,2020-08-15 13:50:00,74.59,100.00
129N04348,2020-08-15 14:00:00,77.68,90.40
129N04348,2020-08-15 14:10:00,76.25,100.00
129N04348,2020-08-15 14:20:00,76.48,100.00
129N04348,2020-08-15 14:30:00,75.77,100.00
129N04348,2020-08-15 14:40:00,76.28,100.00
129N04348,2020-08-15 14:50:00,75.39,100.00
129N04348,2020-08-15 15:00:00,76.49,100.00
129N04348,2020-08-15 15:10:00,76.80,100.00
129N04348,2020-08-15 15:20:00,75.29,100.00
129N04348,2020-08-15 15:30:00,73.69,100.00
129N04348,2020-08-15 15:40:00,76.47,100.00
129N04348,2020-08-15 15:50:00,70.16,100.00
129N04348,2020-08-15 16:00:00,68.66,100.00
129N04348,2020-08-15 16:10:00,70.18,100.00
129N04348,2020-08-15 16:20:00,68.79,100.00
129N04348,2020-08-15 16:30:00,70.22,100.00
129N04348,2020-08-15 16:40:00,75.69,100.00
129N04348,2020-08-15 16:50:00,77.69,100.00
129N04348,2020-08-15 17:00:00,74.84,100.00
129N04348,2020-08-15 17:10:00,77.18,100.00
129N04348,2020-08-15 17:20:00,77.29,98.80
129N04348,2020-08-15 17:30:00,77.48,100.00
129N04348,2020-08-15 17:40:00,76.79,100.00
129N04348,2020-08-15 17:50:00,75.89,100.00
129N04348,2020-08-15 18:00:00,77.18,100.00
129N04348,2020-08-15 18:10:00,74.26,100.00
129N04348,2020-08-15 18:20:00,73.29,100.00
129N04348,2020-08-15 18:30:00,73.07,100.00
129N04348,2020-08-15 18:40:00,72.83,100.00
129N04348,2020-08-15 18:50:00,74.15,84.40
129N04348,2020-08-15 19:00:00,78.70,85.90
129N04348,2020-08-15 19:10:00,78.20,93.70
129N04348,2020-08-15 19:20:00,74.78,100.00
129N04348,2020-08-15 19:30:00,73.78,100.00
129N04348,2020-08-15 19:40:00,74.90,94.80
129N04348,2020-08-15 19:50:00,75.09,100.00
129N04348,2020-08-15 20:00:00,75.49,100.00
129N04348,2020-08-15 20:10:00,75.49,100.00
129N04348,2020-08-15 20:20:00,75.16,100.00
129N04348,2020-08-15 20:30:00,72.40,97.90
129N04348,2020-08-15 20:40:00,72.18,100.00
129N04348,2020-08-15 20:50:00,73.66,100.00
129N04348,2020-08-15 21:00:00,71.39,100.00
129N04348,2020-08-15 21:10:00,73.10,100.00
129N04348,2020-08-15 21:20:00,73.41,91.20
129N04348,2020-08-15 21:30:00,76.68,71.00
129N04348,2020-08-15 21:40:00,76.08,82.80
129N04348,2020-08-15 21:50:00,73.84,95.00
129N04348,2020-08-15 22:00:00,73.06,98.60
129N04348,2020-08-15 22:10:00,76.62,83.60
129N04348,2020-08-15 22:20:00,65.94,38.50
129N04348,2020-08-15 22:30:00,67.84,76.20
129N04348,2020-08-15 22:40:00,69.19,100.00
129N04348,2020-08-15 22:50:00,71.56,100.00
129N04348,2020-08-15 23:00:00,72.27,90.30
129N04348,2020-08-15 23:10:00,73.00,82.30
129N04348,2020-08-15 23:20:00,73.86,87.00
129N04348,2020-08-15 23:30:00,71.55,88.10
129N04348,2020-08-15 23:40:00,73.34,90.70
129N04348,2020-08-15 23:50:00,73.22,91.00
129N04345,2020-08-15 00:00:00,70.54,77.40
129N04345,2020-08-15 00:10:00,71.25,83.00
129N04345,2020-08-15 00:20:00,65.17,62.22
129N04345,2020-08-15 00:30:00,67.56,87.90
129N04345,2020-08-15 00:40:00,74.23,79.10
129N04345,2020-08-15 00:50:00,69.84,83.10
129N04345,2020-08-15 01:00:00,62.89,83.67
129N04345,2020-08-15 01:10:00,68.57,96.88
129N04345,2020-08-15 01:20:00,73.00,94.33
129N04345,2020-08-15 01:30:00,74.00,90.86
129N04345,2020-08-15 01:40:00,74.00,90.00
129N04345,2020-08-15 01:50:00,,
129N04345,2020-08-15 02:00:00,,
129N04345,2020-08-15 02:10:00,,
129N04345,2020-08-15 02:20:00,65.08,79.75
129N04345,2020-08-15 02:30:00,73.90,50.80
129N04345,2020-08-15 02:40:00,64.87,74.40
129N04345,2020-08-15 02:50:00,52.00,55.50
129N04345,2020-08-15 03:00:00,65.47,93.20
129N04345,2020-08-15 03:10:00,64.70,84.30
129N04345,2020-08-15 03:20:00,65.00,94.40
129N04345,2020-08-15 03:30:00,65.00,95.00
129N04345,2020-08-15 03:40:00,63.00,99.00
129N04345,2020-08-15 03:50:00,64.87,97.10
129N04345,2020-08-15 04:00:00,69.87,87.00
129N04345,2020-08-15 04:10:00,72.00,85.00
129N04345,2020-08-15 04:20:00,71.95,55.40
129N04345,2020-08-15 04:30:00,76.48,60.60
129N04345,2020-08-15 04:40:00,69.23,94.30
129N04345,2020-08-15 04:50:00,65.99,83.90
129N04345,2020-08-15 05:00:00,69.22,93.56
129N04345,2020-08-15 05:10:00,78.24,79.13
129N04345,2020-08-15 05:20:00,65.93,75.60
129N04345,2020-08-15 05:30:00,68.99,86.38
129N04345,2020-08-15 05:40:00,66.16,95.40
129N04345,2020-08-15 05:50:00,66.50,95.71
129N04345,2020-08-15 06:00:00,71.41,83.10
129N04345,2020-08-15 06:10:00,73.15,72.30
129N04345,2020-08-15 06:20:00,73.58,76.90
129N04345,2020-08-15 06:30:00,71.12,82.30
129N04345,2020-08-15 06:40:00,80.09,50.40
129N04345,2020-08-15 06:50:00,74.66,83.70
129N04345,2020-08-15 07:00:00,70.80,99.60
129N04345,2020-08-15 07:10:00,76.45,96.90
129N04345,2020-08-15 07:20:00,71.00,97.80
129N04345,2020-08-15 07:30:00,72.80,97.30
129N04345,2020-08-15 07:40:00,69.38,100.00
129N04345,2020-08-15 07:50:00,70.99,100.00
129N04345,2020-08-15 08:00:00,74.05,96.10
129N04345,2020-08-15 08:10:00,77.50,92.90
129N04345,2020-08-15 08:20:00,76.16,83.30
129N04345,2020-08-15 08:30:00,73.57,95.20
129N04345,2020-08-15 08:40:00,69.57,98.10
129N04345,2020-08-15 08:50:00,69.66,100.00
129N04345,2020-08-15 09:00:00,70.20,96.80
129N04345,2020-08-15 09:10:00,76.24,76.50
129N04345,2020-08-15 09:20:00,72.94,84.60
129N04345,2020-08-15 09:30:00,70.29,98.20
129N04345,2020-08-15 09:40:00,69.75,93.00
129N04345,2020-08-15 09:50:00,67.89,97.00
129N04345,2020-08-15 10:00:00,71.59,97.00
129N04345,2020-08-15 10:10:00,70.22,96.70
129N04345,2020-08-15 10:20:00,71.06,94.10
129N04345,2020-08-15 10:30:00,70.66,100.00
129N04345,2020-08-15 10:40:00,70.33,98.90
129N04345,2020-08-15 10:50:00,72.75,96.50
129N04345,2020-08-15 11:00:00,71.05,91.10
129N04345,2020-08-15 11:10:00,73.14,91.70
129N04345,2020-08-15 11:20:00,70.19,100.00
129N04345,2020-08-15 11:30:00,73.26,86.70
129N04345,2020-08-15 11:40:00,72.70,99.90
129N04345,2020-08-15 11:50:00,71.55,98.00
129N04345,2020-08-15 12:00:00,70.87,92.50
129N04345,2020-08-15 12:10:00,72.05,98.90
129N04345,2020-08-15 12:20:00,68.56,100.00
129N04345,2020-08-15 12:30:00,71.68,98.60
129N04345,2020-08-15 12:40:00,69.47,99.30
129N04345,2020-08-15 12:50:00,68.65,99.40
129N04345,2020-08-15 13:00:00,70.46,96.50
129N04345,2020-08-15 13:10:00,73.99,96.60
129N04345,2020-08-15 13:20:00,71.57,99.60
129N04345,2020-08-15 13:30:00,69.67,98.90
129N04345,2020-08-15 13:40:00,70.39,100.00
129N04345,2020-08-15 13:50:00,71.47,100.00
129N04345,2020-08-15 14:00:00,69.16,98.50
129N04345,2020-08-15 14:10:00,72.55,99.60
129N04345,2020-08-15 14:20:00,74.29,100.00
129N04345,2020-08-15 14:30:00,75.67,98.50
129N04345,2020-08-15 14:40:00,76.38,100.00
129N04345,2020-08-15 14:50:00,72.07,98.40
129N04345,2020-08-15 15:00:00,71.62,97.40
129N04345,2020-08-15 15:10:00,73.88,100.00
129N04345,2020-08-15 15:20:00,73.46,93.00
129N04345,2020-08-15 15:30:00,71.88,99.60
129N04345,2020-08-15 15:40:00,71.44,100.00
129N04345,2020-08-15 15:50:00,71.82,100.00
129N04345,2020-08-15 16:00:00,70.84,99.70
129N04345,2020-08-15 16:10:00,71.49,99.80
129N04345,2020-08-15 16:20:00,71.67,83.60
129N04345,2020-08-15 16:30:00,69.79,100.00
129N04345,2020-08-15 16:40:00,71.95,96.40
129N04345,2020-08-15 16:50:00,73.36,94.80
129N04345,2020-08-15 17:00:00,73.23,100.00
129N04345,2020-08-15 17:10:00,73.66,100.00
129N04345,2020-08-15 17:20:00,73.16,99.40
129N04345,2020-08-15 17:30:00,71.45,100.00
129N04345,2020-08-15 17:40:00,73.27,100.00
129N04345,2020-08-15 17:50:00,76.60,97.10
129N04345,2020-08-15 18:00:00,72.28,99.50
129N04345,2020-08-15 18:10:00,70.99,99.60
129N04345,2020-08-15 18:20:00,69.12,99.40
129N04345,2020-08-15 18:30:00,69.75,95.50
129N04345,2020-08-15 18:40:00,74.58,91.60
129N04345,2020-08-15 18:50:00,69.98,100.00
129N04345,2020-08-15 19:00:00,73.21,99.00
129N04345,2020-08-15 19:10:00,75.49,98.80
129N04345,2020-08-15 19:20:00,75.16,96.40
129N04345,2020-08-15 19:30:00,73.95,100.00
129N04345,2020-08-15 19:40:00,71.47,98.20
129N04345,2020-08-15 19:50:00,73.98,92.90
129N04345,2020-08-15 20:00:00,73.03,100.00
129N04345,2020-08-15 20:10:00,71.99,100.00
129N04345,2020-08-15 20:20:00,73.49,100.00
129N04345,2020-08-15 20:30:00,69.04,100.00
129N04345,2020-08-15 20:40:00,69.25,95.80
129N04345,2020-08-15 20:50:00,64.09,62.10
129N04345,2020-08-15 21:00:00,64.65,56.90
129N04345,2020-08-15 21:10:00,64.36,86.50
129N04345,2020-08-15 21:20:00,69.48,100.00
129N04345,2020-08-15 21:30:00,71.07,83.20
129N04345,2020-08-15 21:40:00,66.23,97.20
129N04345,2020-08-15 21:50:00,66.69,100.00
129N04345,2020-08-15 22:00:00,68.09,99.10
129N04345,2020-08-15 22:10:00,69.86,100.00
129N04345,2020-08-15 22:20:00,69.84,100.00
129N04345,2020-08-15 22:30:00,67.77,96.00
129N04345,2020-08-15 22:40:00,71.03,94.40
129N04345,2020-08-15 22:50:00,64.09,97.10
129N04345,2020-08-15 23:00:00,69.13,87.40
129N04345,2020-08-15 23:10:00,73.27,77.00
129N04345,2020-08-15 23:20:00,71.17,90.00
129N04345,2020-08-15 23:30:00,75.88,47.90
129N04345,2020-08-15 23:40:00,76.34,74.00
129N04345,2020-08-15 23:50:00,74.25,90.40
129N04346,2020-08-15 00:00:00,66.11,59.10
129N04346,2020-08-15 00:10:00,70.77,92.20
129N04346,2020-08-15 00:20:00,74.58,58.67
129N04346,2020-08-15 00:30:00,68.78,82.30
129N04346,2020-08-15 00:40:00,73.82,54.60
129N04346,2020-08-15 00:50:00,71.71,74.30
129N04346,2020-08-15 01:00:00,73.68,57.78
129N04346,2020-08-15 01:10:00,67.55,84.00
129N04346,2020-08-15 01:20:00,68.00,89.00
129N04346,2020-08-15 01:30:00,72.00,97.86
129N04346,2020-08-15 01:40:00,,
129N04346,2020-08-15 01:50:00,,
129N04346,2020-08-15 02:00:00,,
129N04346,2020-08-15 02:10:00,,
129N04346,2020-08-15 02:20:00,72.33,68.50
129N04346,2020-08-15 02:30:00,75.69,88.20
129N04346,2020-08-15 02:40:00,75.00,100.00
129N04346,2020-08-15 02:50:00,67.00,68.00
129N04346,2020-08-15 03:00:00,68.75,80.50
129N04346,2020-08-15 03:10:00,67.19,67.60
129N04346,2020-08-15 03:20:00,66.56,86.80
129N04346,2020-08-15 03:30:00,66.00,95.88
129N04346,2020-08-15 03:40:00,66.00,99.00
129N04346,2020-08-15 03:50:00,68.00,98.70
129N04346,2020-08-15 04:00:00,70.81,85.00
129N04346,2020-08-15 04:10:00,72.00,86.83
129N04346,2020-08-15 04:20:00,65.92,86.67
129N04346,2020-08-15 04:30:00,75.80,40.50
129N04346,2020-08-15 04:40:00,72.48,77.89
129N04346,2020-08-15 04:50:00,68.20,79.10
129N04346,2020-08-15 05:00:00,73.85,84.25
129N04346,2020-08-15 05:10:00,77.00,87.75
129N04346,2020-08-15 05:20:00,66.76,59.20
129N04346,2020-08-15 05:30:00,68.24,86.10
129N04346,2020-08-15 05:40:00,68.46,80.40
129N04346,2020-08-15 05:50:00,75.66,64.70
129N04346,2020-08-15 06:00:00,73.99,80.10
129N04346,2020-08-15 06:10:00,69.74,76.30
129N04346,2020-08-15 06:20:00,77.51,59.70
129N04346,2020-08-15 06:30:00,71.18,78.30
129N04346,2020-08-15 06:40:00,80.70,50.00
129N04346,2020-08-15 06:50:00,73.34,90.30
129N04346,2020-08-15 07:00:00,78.85,93.40
129N04346,2020-08-15 07:10:00,75.76,95.60
129N04346,2020-08-15 07:20:00,74.28,95.00
129N04346,2020-08-15 07:30:00,74.19,99.70
129N04346,2020-08-15 07:40:00,75.39,98.20
129N04346,2020-08-15 07:50:00,74.02,99.00
129N04346,2020-08-15 08:00:00,75.69,98.60
129N04346,2020-08-15 08:10:00,76.29,100.00
129N04346,2020-08-15 08:20:00,70.73,100.00
129N04346,2020-08-15 08:30:00,73.87,97.90
129N04346,2020-08-15 08:40:00,71.99,98.00
129N04346,2020-08-15 08:50:00,72.88,100.00
129N04346,2020-08-15 09:00:00,69.38,100.00
129N04346,2020-08-15 09:10:00,74.92,94.50
129N04346,2020-08-15 09:20:00,72.97,97.50
129N04346,2020-08-15 09:30:00,71.23,100.00
129N04346,2020-08-15 09:40:00,75.18,70.80
129N04346,2020-08-15 09:50:00,72.04,85.90
129N04346,2020-08-15 10:00:00,71.28,100.00
129N04346,2020-08-15 10:10:00,70.95,95.30
129N04346,2020-08-15 10:20:00,71.81,100.00
129N04346,2020-08-15 10:30:00,74.59,97.20
129N04346,2020-08-15 10:40:00,74.76,97.50
129N04346,2020-08-15 10:50:00,74.21,100.00
129N04346,2020-08-15 11:00:00,70.54,99.40
129N04346,2020-08-15 11:10:00,73.06,98.40
129N04346,2020-08-15 11:20:00,69.88,100.00
129N04346,2020-08-15 11:30:00,67.86,100.00
129N04346,2020-08-15 11:40:00,71.47,100.00
129N04346,2020-08-15 11:50:00,71.19,100.00
129N04346,2020-08-15 12:00:00,73.75,100.00
129N04346,2020-08-15 12:10:00,71.64,100.00
129N04346,2020-08-15 12:20:00,69.77,100.00
129N04346,2020-08-15 12:30:00,70.07,100.00
129N04346,2020-08-15 12:40:00,70.48,100.00
129N04346,2020-08-15 12:50:00,70.89,100.00
129N04346,2020-08-15 13:00:00,72.06,92.90
129N04346,2020-08-15 13:10:00,71.97,97.30
129N04346,2020-08-15 13:20:00,73.81,100.00
129N04346,2020-08-15 13:30:00,72.37,99.90
129N04346,2020-08-15 13:40:00,70.89,100.00
129N04346,2020-08-15 13:50:00,71.48,100.00
129N04346,2020-08-15 14:00:00,69.13,100.00
129N04346,2020-08-15 14:10:00,74.48,100.00
129N04346,2020-08-15 14:20:00,73.76,100.00
129N04346,2020-08-15 14:30:00,70.46,100.00
129N04346,2020-08-15 14:40:00,74.36,99.40
129N04346,2020-08-15 14:50:00,72.25,100.00
129N04346,2020-08-15 15:00:00,71.15,100.00
129N04346,2020-08-15 15:10:00,70.70,100.00
129N04346,2020-08-15 15:20:00,71.21,100.00
129N04346,2020-08-15 15:30:00,73.50,100.00
129N04346,2020-08-15 15:40:00,72.66,100.00
129N04346,2020-08-15 15:50:00,71.19,100.00
129N04346,2020-08-15 16:00:00,69.87,100.00
129N04346,2020-08-15 16:10:00,73.32,93.90
129N04346,2020-08-15 16:20:00,73.68,100.00
129N04346,2020-08-15 16:30:00,72.04,100.00
129N04346,2020-08-15 16:40:00,72.50,100.00
129N04346,2020-08-15 16:50:00,76.18,100.00
129N04346,2020-08-15 17:00:00,71.53,100.00
129N04346,2020-08-15 17:10:00,74.17,100.00
129N04346,2020-08-15 17:20:00,74.63,99.10
129N04346,2020-08-15 17:30:00,74.38,100.00
129N04346,2020-08-15 17:40:00,74.18,100.00
129N04346,2020-08-15 17:50:00,76.09,99.40
129N04346,2020-08-15 18:00:00,73.65,100.00
129N04346,2020-08-15 18:10:00,71.09,100.00
129N04346,2020-08-15 18:20:00,71.77,99.70
129N04346,2020-08-15 18:30:00,72.58,100.00
129N04346,2020-08-15 18:40:00,75.50,100.00
129N04346,2020-08-15 18:50:00,70.25,99.90
129N04346,2020-08-15 19:00:00,72.98,100.00
129N04346,2020-08-15 19:10:00,75.19,100.00
129N04346,2020-08-15 19:20:00,75.36,99.10
129N04346,2020-08-15 19:30:00,74.18,100.00
129N04346,2020-08-15 19:40:00,71.17,100.00
129N04346,2020-08-15 19:50:00,73.22,100.00
129N04346,2020-08-15 20:00:00,72.14,99.70
129N04346,2020-08-15 20:10:00,72.28,100.00
129N04346,2020-08-15 20:20:00,69.33,88.40
129N04346,2020-08-15 20:30:00,70.59,100.00
129N04346,2020-08-15 20:40:00,70.20,100.00
129N04346,2020-08-15 20:50:00,66.41,90.00
129N04346,2020-08-15 21:00:00,64.34,62.60
129N04346,2020-08-15 21:10:00,66.19,71.00
129N04346,2020-08-15 21:20:00,69.47,100.00
129N04346,2020-08-15 21:30:00,71.47,100.00
129N04346,2020-08-15 21:40:00,68.74,97.90
129N04346,2020-08-15 21:50:00,69.59,90.80
129N04346,2020-08-15 22:00:00,74.06,87.40
129N04346,2020-08-15 22:10:00,73.59,91.60
129N04346,2020-08-15 22:20:00,68.13,100.00
129N04346,2020-08-15 22:30:00,70.66,79.20
129N04346,2020-08-15 22:40:00,69.42,91.80
129N04346,2020-08-15 22:50:00,68.95,100.00
129N04346,2020-08-15 23:00:00,69.65,94.80
129N04346,2020-08-15 23:10:00,69.84,90.90
129N04346,2020-08-15 23:20:00,71.69,93.40
129N04346,2020-08-15 23:30:00,71.79,70.50
129N04346,2020-08-15 23:40:00,69.34,73.80
129N04346,2020-08-15 23:50:00,71.13,87.10
129N04343,2020-08-15 00:00:00,78.85,61.10
129N04343,2020-08-15 00:10:00,75.90,98.90
129N04343,2020-08-15 00:20:00,67.80,32.00
129N04343,2020-08-15 00:30:00,68.10,49.75
129N04343,2020-08-15 00:40:00,68.90,75.10
129N04343,2020-08-15 00:50:00,65.58,61.20
129N04343,2020-08-15 01:00:00,63.48,64.90
129N04343,2020-08-15 01:10:00,66.76,64.17
129N04343,2020-08-15 01:20:00,71.00,62.67
129N04343,2020-08-15 01:30:00,,
129N04343,2020-08-15 01:40:00,,
129N04343,2020-08-15 01:50:00,65.00,69.38
129N04343,2020-08-15 02:00:00,69.32,92.67
129N04343,2020-08-15 02:10:00,68.00,98.13
129N04343,2020-08-15 02:20:00,70.00,76.50
129N04343,2020-08-15 02:30:00,71.86,64.70
129N04343,2020-08-15 02:40:00,70.59,79.80
129N04343,2020-08-15 02:50:00,66.00,80.44
129N04343,2020-08-15 03:00:00,68.34,93.20
129N04343,2020-08-15 03:10:00,73.19,75.70
129N04343,2020-08-15 03:20:00,74.70,68.50
129N04343,2020-08-15 03:30:00,69.00,87.75
129N04343,2020-08-15 03:40:00,69.00,85.50
129N04343,2020-08-15 03:50:00,74.14,80.71
129N04343,2020-08-15 04:00:00,70.50,94.70
129N04343,2020-08-15 04:10:00,70.48,94.70
129N04343,2020-08-15 04:20:00,69.00,90.60
129N04343,2020-08-15 04:30:00,77.92,47.30
129N04343,2020-08-15 04:40:00,72.61,90.90
129N04343,2020-08-15 04:50:00,76.97,56.20
129N04343,2020-08-15 05:00:00,75.09,96.30
129N04343,2020-08-15 05:10:00,71.91,78.00
129N04343,2020-08-15 05:20:00,72.00,86.00
129N04343,2020-08-15 05:30:00,65.00,10.50
129N04343,2020-08-15 05:40:00,72.27,91.50
129N04343,2020-08-15 05:50:00,77.74,62.60
129N04343,2020-08-15 06:00:00,78.26,75.10
129N04343,2020-08-15 06:10:00,75.48,98.30
129N04343,2020-08-15 06:20:00,76.72,84.00
129N04343,2020-08-15 06:30:00,74.23,97.80
129N04343,2020-08-15 06:40:00,78.77,87.20
129N04343,2020-08-15 06:50:00,79.93,74.70
129N04343,2020-08-15 07:00:00,82.47,57.70
129N04343,2020-08-15 07:10:00,73.33,95.10
129N04343,2020-08-15 07:20:00,74.57,93.90
129N04343,2020-08-15 07:30:00,71.29,100.00
129N04343,2020-08-15 07:40:00,76.10,95.10
129N04343,2020-08-15 07:50:00,77.22,89.70
129N04343,2020-08-15 08:00:00,76.09,99.60
129N04343,2020-08-15 08:10:00,77.80,96.00
129N04343,2020-08-15 08:20:00,79.00,98.50
129N04343,2020-08-15 08:30:00,79.90,84.90
129N04343,2020-08-15 08:40:00,78.95,96.50
129N04343,2020-08-15 08:50:00,66.98,70.30
129N04343,2020-08-15 09:00:00,72.77,100.00
129N04343,2020-08-15 09:10:00,72.07,100.00
129N04343,2020-08-15 09:20:00,76.28,92.00
129N04343,2020-08-15 09:30:00,74.46,100.00
129N04343,2020-08-15 09:40:00,74.58,100.00
129N04343,2020-08-15 09:50:00,75.39,100.00
129N04343,2020-08-15 10:00:00,71.18,100.00
129N04343,2020-08-15 10:10:00,72.39,92.90
129N04343,2020-08-15 10:20:00,77.07,87.10
129N04343,2020-08-15 10:30:00,72.94,97.80
129N04343,2020-08-15 10:40:00,69.89,100.00
129N04343,2020-08-15 10:50:00,70.96,100.00
129N04343,2020-08-15 11:00:00,75.20,98.20
129N04343,2020-08-15 11:10:00,75.49,95.50
129N04343,2020-08-15 11:20:00,74.67,100.00
129N04343,2020-08-15 11:30:00,72.03,100.00
129N04343,2020-08-15 11:40:00,72.47,100.00
129N04343,2020-08-15 11:50:00,72.87,100.00
129N04343,2020-08-15 12:00:00,71.20,100.00
129N04343,2020-08-15 12:10:00,74.60,90.70
129N04343,2020-08-15 12:20:00,74.37,100.00
129N04343,2020-08-15 12:30:00,74.79,100.00
129N04343,2020-08-15 12:40:00,73.98,100.00
129N04343,2020-08-15 12:50:00,75.65,100.00
129N04343,2020-08-15 13:00:00,73.62,100.00
129N04343,2020-08-15 13:10:00,75.28,98.20
129N04343,2020-08-15 13:20:00,76.38,100.00
129N04343,2020-08-15 13:30:00,74.44,100.00
129N04343,2020-08-15 13:40:00,75.98,100.00
129N04343,2020-08-15 13:50:00,75.66,100.00
129N04343,2020-08-15 14:00:00,75.79,100.00
129N04343,2020-08-15 14:10:00,78.29,91.50
129N04343,2020-08-15 14:20:00,76.97,94.00
129N04343,2020-08-15 14:30:00,75.08,100.00
129N04343,2020-08-15 14:40:00,76.56,100.00
129N04343,2020-08-15 14:50:00,76.49,100.00
129N04343,2020-08-15 15:00:00,75.90,100.00
129N04343,2020-08-15 15:10:00,75.58,100.00
129N04343,2020-08-15 15:20:00,77.69,98.10
129N04343,2020-08-15 15:30:00,75.58,100.00
129N04343,2020-08-15 15:40:00,75.68,100.00
129N04343,2020-08-15 15:50:00,76.09,100.00
129N04343,2020-08-15 16:00:00,75.12,100.00
129N04343,2020-08-15 16:10:00,72.21,100.00
129N04343,2020-08-15 16:20:00,75.16,94.50
129N04343,2020-08-15 16:30:00,71.97,97.30
129N04343,2020-08-15 16:40:00,73.99,100.00
129N04343,2020-08-15 16:50:00,77.66,100.00
129N04343,2020-08-15 17:00:00,78.78,97.80
129N04343,2020-08-15 17:10:00,78.87,93.60
129N04343,2020-08-15 17:20:00,77.46,99.70
129N04343,2020-08-15 17:30:00,78.28,99.00
129N04343,2020-08-15 17:40:00,79.39,98.50
129N04343,2020-08-15 17:50:00,75.34,100.00
129N04343,2020-08-15 18:00:00,77.28,100.00
129N04343,2020-08-15 18:10:00,77.49,90.50
129N04343,2020-08-15 18:20:00,77.69,99.70
129N04343,2020-08-15 18:30:00,76.77,100.00
129N04343,2020-08-15 18:40:00,74.75,100.00
129N04343,2020-08-15 18:50:00,76.89,100.00
129N04343,2020-08-15 19:00:00,73.95,98.70
129N04343,2020-08-15 19:10:00,74.98,96.60
129N04343,2020-08-15 19:20:00,74.79,100.00
129N04343,2020-08-15 19:30:00,75.79,100.00
129N04343,2020-08-15 19:40:00,77.37,94.10
129N04343,2020-08-15 19:50:00,75.86,97.20
129N04343,2020-08-15 20:00:00,77.47,95.70
129N04343,2020-08-15 20:10:00,72.69,100.00
129N04343,2020-08-15 20:20:00,77.49,96.20
129N04343,2020-08-15 20:30:00,75.49,100.00
129N04343,2020-08-15 20:40:00,75.87,99.00
129N04343,2020-08-15 20:50:00,73.60,100.00
129N04343,2020-08-15 21:00:00,75.79,96.70
129N04343,2020-08-15 21:10:00,72.87,99.60
129N04343,2020-08-15 21:20:00,72.47,98.80
129N04343,2020-08-15 21:30:00,74.36,100.00
129N04343,2020-08-15 21:40:00,77.17,83.40
129N04343,2020-08-15 21:50:00,73.77,98.30
129N04343,2020-08-15 22:00:00,69.95,100.00
129N04343,2020-08-15 22:10:00,76.35,82.40
129N04343,2020-08-15 22:20:00,78.97,68.10
129N04343,2020-08-15 22:30:00,66.48,42.40
129N04343,2020-08-15 22:40:00,69.06,88.80
129N04343,2020-08-15 22:50:00,70.00,92.70
129N04343,2020-08-15 23:00:00,75.17,80.20
129N04343,2020-08-15 23:10:00,75.35,69.00
129N04343,2020-08-15 23:20:00,75.10,70.90
129N04343,2020-08-15 23:30:00,71.87,92.60
129N04343,2020-08-15 23:40:00,74.94,90.40
129N04343,2020-08-15 23:50:00,72.97,83.80
129N04344,2020-08-15 00:00:00,66.99,30.00
129N04344,2020-08-15 00:10:00,71.00,90.33
129N04344,2020-08-15 00:20:00,68.08,77.00
129N04344,2020-08-15 00:30:00,67.36,88.70
129N04344,2020-08-15 00:40:00,70.84,86.70
129N04344,2020-08-15 00:50:00,72.61,83.25
129N04344,2020-08-15 01:00:00,66.44,74.33
129N04344,2020-08-15 01:10:00,63.46,67.70
129N04344,2020-08-15 01:20:00,69.00,100.00
129N04344,2020-08-15 01:30:00,,
129N04344,2020-08-15 01:40:00,,
129N04344,2020-08-15 01:50:00,63.00,89.38
129N04344,2020-08-15 02:00:00,67.00,94.67
129N04344,2020-08-15 02:10:00,67.00,92.83
129N04344,2020-08-15 02:20:00,68.18,79.25
129N04344,2020-08-15 02:30:00,70.90,69.80
129N04344,2020-08-15 02:40:00,71.93,73.10
129N04344,2020-08-15 02:50:00,67.20,87.00
129N04344,2020-08-15 03:00:00,68.64,93.83
129N04344,2020-08-15 03:10:00,68.44,89.50
129N04344,2020-08-15 03:20:00,67.32,68.29
129N04344,2020-08-15 03:30:00,68.00,99.25
129N04344,2020-08-15 03:40:00,67.48,96.50
129N04344,2020-08-15 03:50:00,70.47,74.20
129N04344,2020-08-15 04:00:00,69.58,95.30
129N04344,2020-08-15 04:10:00,68.40,97.70
129N04344,2020-08-15 04:20:00,68.94,93.10
129N04344,2020-08-15 04:30:00,77.87,28.80
129N04344,2020-08-15 04:40:00,71.67,87.50
129N04344,2020-08-15 04:50:00,76.60,61.80
129N04344,2020-08-15 05:00:00,70.89,92.50
129N04344,2020-08-15 05:10:00,74.01,89.29
129N04344,2020-08-15 05:20:00,67.12,43.10
129N04344,2020-08-15 05:30:00,69.00,78.75
129N04344,2020-08-15 05:40:00,70.49,96.10
129N04344,2020-08-15 05:50:00,70.34,92.80
129N04344,2020-08-15 06:00:00,74.65,70.20
129N04344,2020-08-15 06:10:00,73.18,91.50
129N04344,2020-08-15 06:20:00,75.06,62.90
129N04344,2020-08-15 06:30:00,70.13,100.00
129N04344,2020-08-15 06:40:00,78.37,59.40
129N04344,2020-08-15 06:50:00,82.39,34.70
129N04344,2020-08-15 07:00:00,77.20,86.40
129N04344,2020-08-15 07:10:00,72.57,97.50
129N04344,2020-08-15 07:20:00,74.62,97.50
129N04344,2020-08-15 07:30:00,70.00,100.00
129N04344,2020-08-15 07:40:00,72.33,98.40
129N04344,2020-08-15 07:50:00,75.78,61.20
129N04344,2020-08-15 08:00:00,76.99,86.40
129N04344,2020-08-15 08:10:00,78.18,78.30
129N04344,2020-08-15 08:20:00,77.59,95.30
129N04344,2020-08-15 08:30:00,75.38,90.10
129N04344,2020-08-15 08:40:00,72.16,100.00
129N04344,2020-08-15 08:50:00,70.28,87.80
129N04344,2020-08-15 09:00:00,72.83,99.10
129N04344,2020-08-15 09:10:00,72.86,94.10
129N04344,2020-08-15 09:20:00,77.08,71.50
129N04344,2020-08-15 09:30:00,74.88,97.80
129N04344,2020-08-15 09:40:00,74.16,100.00
129N04344,2020-08-15 09:50:00,75.49,100.00
129N04344,2020-08-15 10:00:00,75.38,99.60
129N04344,2020-08-15 10:10:00,75.53,88.20
129N04344,2020-08-15 10:20:00,78.08,94.70
129N04344,2020-08-15 10:30:00,72.13,97.30
129N04344,2020-08-15 10:40:00,68.49,100.00
129N04344,2020-08-15 10:50:00,71.04,100.00
129N04344,2020-08-15 11:00:00,74.28,100.00
129N04344,2020-08-15 11:10:00,72.11,100.00
129N04344,2020-08-15 11:20:00,72.47,100.00
129N04344,2020-08-15 11:30:00,72.20,100.00
129N04344,2020-08-15 11:40:00,72.01,96.90
129N04344,2020-08-15 11:50:00,71.64,100.00
129N04344,2020-08-15 12:00:00,69.59,100.00
129N04344,2020-08-15 12:10:00,72.86,100.00
129N04344,2020-08-15 12:20:00,74.18,100.00
129N04344,2020-08-15 12:30:00,73.58,99.30
129N04344,2020-08-15 12:40:00,72.78,99.30
129N04344,2020-08-15 12:50:00,74.28,100.00
129N04344,2020-08-15 13:00:00,71.27,100.00
129N04344,2020-08-15 13:10:00,72.39,100.00
129N04344,2020-08-15 13:20:00,74.39,100.00
129N04344,2020-08-15 13:30:00,72.81,100.00
129N04344,2020-08-15 13:40:00,73.18,97.20
129N04344,2020-08-15 13:50:00,74.88,100.00
129N04344,2020-08-15 14:00:00,73.61,100.00
129N04344,2020-08-15 14:10:00,74.67,82.60
129N04344,2020-08-15 14:20:00,74.44,89.60
129N04344,2020-08-15 14:30:00,73.67,100.00
129N04344,2020-08-15 14:40:00,73.33,100.00
129N04344,2020-08-15 14:50:00,75.99,100.00
129N04344,2020-08-15 15:00:00,76.29,97.60
129N04344,2020-08-15 15:10:00,74.89,99.60
129N04344,2020-08-15 15:20:00,76.50,97.60
129N04344,2020-08-15 15:30:00,74.18,100.00
129N04344,2020-08-15 15:40:00,73.67,100.00
129N04344,2020-08-15 15:50:00,74.90,100.00
129N04344,2020-08-15 16:00:00,73.26,100.00
129N04344,2020-08-15 16:10:00,72.76,100.00
129N04344,2020-08-15 16:20:00,75.97,92.00
129N04344,2020-08-15 16:30:00,72.03,100.00
129N04344,2020-08-15 16:40:00,70.27,100.00
129N04344,2020-08-15 16:50:00,75.97,100.00
129N04344,2020-08-15 17:00:00,72.45,100.00
129N04344,2020-08-15 17:10:00,73.51,100.00
129N04344,2020-08-15 17:20:00,76.28,100.00
129N04344,2020-08-15 17:30:00,79.18,93.20
129N04344,2020-08-15 17:40:00,77.56,100.00
129N04344,2020-08-15 17:50:00,74.89,100.00
129N04344,2020-08-15 18:00:00,73.38,98.70
129N04344,2020-08-15 18:10:00,73.29,100.00
129N04344,2020-08-15 18:20:00,72.41,100.00
129N04344,2020-08-15 18:30:00,73.69,100.00
129N04344,2020-08-15 18:40:00,74.00,100.00
129N04344,2020-08-15 18:50:00,73.75,100.00
129N04344,2020-08-15 19:00:00,74.25,96.30
129N04344,2020-08-15 19:10:00,75.28,97.80
129N04344,2020-08-15 19:20:00,74.06,100.00
129N04344,2020-08-15 19:30:00,75.79,100.00
129N04344,2020-08-15 19:40:00,74.26,100.00
129N04344,2020-08-15 19:50:00,73.57,100.00
129N04344,2020-08-15 20:00:00,76.34,97.60
129N04344,2020-08-15 20:10:00,71.96,100.00
129N04344,2020-08-15 20:20:00,75.80,100.00
129N04344,2020-08-15 20:30:00,76.30,98.10
129N04344,2020-08-15 20:40:00,73.17,98.10
129N04344,2020-08-15 20:50:00,70.26,100.00
129N04344,2020-08-15 21:00:00,73.29,97.50
129N04344,2020-08-15 21:10:00,68.48,100.00
129N04344,2020-08-15 21:20:00,71.39,95.00
129N04344,2020-08-15 21:30:00,74.88,73.40
129N04344,2020-08-15 21:40:00,72.61,90.30
129N04344,2020-08-15 21:50:00,73.41,87.80
129N04344,2020-08-15 22:00:00,69.04,100.00
129N04344,2020-08-15 22:10:00,74.68,83.40
129N04344,2020-08-15 22:20:00,76.14,80.30
129N04344,2020-08-15 22:30:00,75.00,97.40
129N04344,2020-08-15 22:40:00,70.18,100.00
129N04344,2020-08-15 22:50:00,71.93,99.80
129N04344,2020-08-15 23:00:00,74.89,99.00
129N04344,2020-08-15 23:10:00,73.74,93.70
129N04344,2020-08-15 23:20:00,68.48,70.50
129N04344,2020-08-15 23:30:00,70.56,89.60
129N04344,2020-08-15 23:40:00,73.73,73.80
129N04344,2020-08-15 23:50:00,77.02,55.80
129N04341,2020-08-15 00:00:00,72.71,43.40
129N04341,2020-08-15 00:10:00,76.54,47.90
129N04341,2020-08-15 00:20:00,73.10,53.88
129N04341,2020-08-15 00:30:00,65.27,56.30
129N04341,2020-08-15 00:40:00,65.50,69.60
129N04341,2020-08-15 00:50:00,67.22,83.90
129N04341,2020-08-15 01:00:00,64.78,78.70
129N04341,2020-08-15 01:10:00,61.46,64.80
129N04341,2020-08-15 01:20:00,61.86,91.29
129N04341,2020-08-15 01:30:00,,
129N04341,2020-08-15 01:40:00,72.00,31.00
129N04341,2020-08-15 01:50:00,68.00,63.00
129N04341,2020-08-15 02:00:00,68.00,71.50
129N04341,2020-08-15 02:10:00,62.00,94.20
129N04341,2020-08-15 02:20:00,66.31,87.33
129N04341,2020-08-15 02:30:00,68.39,79.40
129N04341,2020-08-15 02:40:00,71.49,61.90
129N04341,2020-08-15 02:50:00,66.85,69.80
129N04341,2020-08-15 03:00:00,64.42,76.40
129N04341,2020-08-15 03:10:00,69.09,92.25
129N04341,2020-08-15 03:20:00,64.98,85.30
129N04341,2020-08-15 03:30:00,65.87,83.33
129N04341,2020-08-15 03:40:00,68.00,91.00
129N04341,2020-08-15 03:50:00,71.00,68.33
129N04341,2020-08-15 04:00:00,67.88,92.10
129N04341,2020-08-15 04:10:00,67.46,94.50
129N04341,2020-08-15 04:20:00,67.15,92.10
129N04341,2020-08-15 04:30:00,69.88,72.70
129N04341,2020-08-15 04:40:00,71.49,63.90
129N04341,2020-08-15 04:50:00,68.65,51.20
129N04341,2020-08-15 05:00:00,72.70,82.80
129N04341,2020-08-15 05:10:00,70.08,84.10
129N04341,2020-08-15 05:20:00,66.59,68.60
129N04341,2020-08-15 05:30:00,65.00,56.50
129N04341,2020-08-15 05:40:00,66.35,72.90
129N04341,2020-08-15 05:50:00,70.87,87.80
129N04341,2020-08-15 06:00:00,76.36,37.90
129N04341,2020-08-15 06:10:00,74.66,75.50
129N04341,2020-08-15 06:20:00,72.54,96.00
129N04341,2020-08-15 06:30:00,78.95,60.30
129N04341,2020-08-15 06:40:00,76.22,89.90
129N04341,2020-08-15 06:50:00,79.18,77.10
129N04341,2020-08-15 07:00:00,75.88,95.80
129N04341,2020-08-15 07:10:00,73.12,99.00
129N04341,2020-08-15 07:20:00,66.49,98.10
129N04341,2020-08-15 07:30:00,69.57,100.00
129N04341,2020-08-15 07:40:00,69.29,100.00
129N04341,2020-08-15 07:50:00,72.60,82.60
129N04341,2020-08-15 08:00:00,72.07,81.90
129N04341,2020-08-15 08:10:00,72.39,99.00
129N04341,2020-08-15 08:20:00,72.98,100.00
129N04341,2020-08-15 08:30:00,75.24,83.50
129N04341,2020-08-15 08:40:00,72.18,93.80
129N04341,2020-08-15 08:50:00,70.05,100.00
129N04341,2020-08-15 09:00:00,70.94,91.10
129N04341,2020-08-15 09:10:00,70.49,99.70
129N04341,2020-08-15 09:20:00,69.98,100.00
129N04341,2020-08-15 09:30:00,68.85,100.00
129N04341,2020-08-15 09:40:00,72.09,76.00
129N04341,2020-08-15 09:50:00,72.07,100.00
129N04341,2020-08-15 10:00:00,73.36,85.90
129N04341,2020-08-15 10:10:00,72.66,94.30
129N04341,2020-08-15 10:20:00,77.72,64.00
129N04341,2020-08-15 10:30:00,70.06,100.00
129N04341,2020-08-15 10:40:00,63.58,50.20
129N04341,2020-08-15 10:50:00,69.38,99.10
129N04341,2020-08-15 11:00:00,76.00,63.10
129N04341,2020-08-15 11:10:00,70.65,82.30
129N04341,2020-08-15 11:20:00,67.38,99.40
129N04341,2020-08-15 11:30:00,65.29,86.00
129N04341,2020-08-15 11:40:00,68.38,97.70
129N04341,2020-08-15 11:50:00,67.75,100.00
129N04341,2020-08-15 12:00:00,67.87,100.00
129N04341,2020-08-15 12:10:00,71.97,81.00
129N04341,2020-08-15 12:20:00,69.26,100.00
129N04341,2020-08-15 12:30:00,71.82,90.40
129N04341,2020-08-15 12:40:00,70.77,100.00
129N04341,2020-08-15 12:50:00,68.76,100.00
129N04341,2020-08-15 13:00:00,71.85,98.90
129N04341,2020-08-15 13:10:00,67.28,100.00
129N04341,2020-08-15 13:20:00,71.76,100.00
129N04341,2020-08-15 13:30:00,69.36,100.00
129N04341,2020-08-15 13:40:00,68.96,100.00
129N04341,2020-08-15 13:50:00,65.07,100.00
129N04341,2020-08-15 14:00:00,64.18,100.00
129N04341,2020-08-15 14:10:00,69.15,100.00
129N04341,2020-08-15 14:20:00,72.72,82.90
129N04341,2020-08-15 14:30:00,70.48,100.00
129N04341,2020-08-15 14:40:00,71.91,100.00
129N04341,2020-08-15 14:50:00,75.59,99.60
129N04341,2020-08-15 15:00:00,70.49,100.00
129N04341,2020-08-15 15:10:00,69.74,97.10
129N04341,2020-08-15 15:20:00,71.73,100.00
129N04341,2020-08-15 15:30:00,75.97,88.10
129N04341,2020-08-15 15:40:00,72.86,100.00
129N04341,2020-08-15 15:50:00,71.20,100.00
129N04341,2020-08-15 16:00:00,70.79,100.00
129N04341,2020-08-15 16:10:00,70.59,100.00
129N04341,2020-08-15 16:20:00,72.07,98.50
129N04341,2020-08-15 16:30:00,69.66,93.80
129N04341,2020-08-15 16:40:00,72.91,88.20
129N04341,2020-08-15 16:50:00,71.82,88.40
129N04341,2020-08-15 17:00:00,71.16,96.50
129N04341,2020-08-15 17:10:00,70.11,96.80
129N04341,2020-08-15 17:20:00,69.32,95.60
129N04341,2020-08-15 17:30:00,70.28,100.00
129N04341,2020-08-15 17:40:00,70.15,94.50
129N04341,2020-08-15 17:50:00,72.05,83.10
129N04341,2020-08-15 18:00:00,71.67,96.80
129N04341,2020-08-15 18:10:00,68.16,97.70
129N04341,2020-08-15 18:20:00,69.32,92.90
129N04341,2020-08-15 18:30:00,74.44,92.90
129N04341,2020-08-15 18:40:00,68.18,95.80
129N04341,2020-08-15 18:50:00,72.89,92.40
129N04341,2020-08-15 19:00:00,69.03,97.60
129N04341,2020-08-15 19:10:00,68.67,100.00
129N04341,2020-08-15 19:20:00,72.59,100.00
129N04341,2020-08-15 19:30:00,74.13,90.20
129N04341,2020-08-15 19:40:00,72.01,100.00
129N04341,2020-08-15 19:50:00,70.74,99.10
129N04341,2020-08-15 20:00:00,72.18,95.30
129N04341,2020-08-15 20:10:00,68.21,95.20
129N04341,2020-08-15 20:20:00,65.07,60.70
129N04341,2020-08-15 20:30:00,69.67,80.90
129N04341,2020-08-15 20:40:00,67.09,98.50
129N04341,2020-08-15 20:50:00,67.48,97.20
129N04341,2020-08-15 21:00:00,70.47,68.20
129N04341,2020-08-15 21:10:00,66.01,80.50
129N04341,2020-08-15 21:20:00,62.76,71.00
129N04341,2020-08-15 21:30:00,65.70,99.50
129N04341,2020-08-15 21:40:00,66.11,86.20
129N04341,2020-08-15 21:50:00,68.37,84.90
129N04341,2020-08-15 22:00:00,61.47,78.80
129N04341,2020-08-15 22:10:00,72.84,40.00
129N04341,2020-08-15 22:20:00,71.18,79.60
129N04341,2020-08-15 22:30:00,69.19,99.20
129N04341,2020-08-15 22:40:00,65.96,96.80
129N04341,2020-08-15 22:50:00,68.64,100.00
129N04341,2020-08-15 23:00:00,72.47,79.20
129N04341,2020-08-15 23:10:00,69.38,80.50
129N04341,2020-08-15 23:20:00,68.68,93.20
129N04341,2020-08-15 23:30:00,69.18,93.20
129N04341,2020-08-15 23:40:00,67.47,85.50
129N04341,2020-08-15 23:50:00,66.09,79.60
129N04342,2020-08-15 00:00:00,74.61,46.30
129N04342,2020-08-15 00:10:00,72.60,85.80
129N04342,2020-08-15 00:20:00,66.29,39.13
129N04342,2020-08-15 00:30:00,65.86,66.50
129N04342,2020-08-15 00:40:00,68.49,93.10
129N04342,2020-08-15 00:50:00,68.20,94.90
129N04342,2020-08-15 01:00:00,61.70,45.20
129N04342,2020-08-15 01:10:00,66.13,74.17
129N04342,2020-08-15 01:20:00,70.00,83.67
129N04342,2020-08-15 01:30:00,,
129N04342,2020-08-15 01:40:00,,
129N04342,2020-08-15 01:50:00,65.00,89.00
129N04342,2020-08-15 02:00:00,65.00,86.00
129N04342,2020-08-15 02:10:00,65.00,99.13
129N04342,2020-08-15 02:20:00,67.00,95.00
129N04342,2020-08-15 02:30:00,67.88,89.40
129N04342,2020-08-15 02:40:00,68.65,87.10
129N04342,2020-08-15 02:50:00,65.00,92.50
129N04342,2020-08-15 03:00:00,66.25,95.14
129N04342,2020-08-15 03:10:00,70.10,84.33
129N04342,2020-08-15 03:20:00,71.52,77.67
129N04342,2020-08-15 03:30:00,69.00,100.00
129N04342,2020-08-15 03:40:00,69.00,99.50
129N04342,2020-08-15 03:50:00,75.15,61.50
129N04342,2020-08-15 04:00:00,69.91,88.70
129N04342,2020-08-15 04:10:00,68.98,92.40
129N04342,2020-08-15 04:20:00,67.08,83.00
129N04342,2020-08-15 04:30:00,78.43,31.40
129N04342,2020-08-15 04:40:00,69.00,67.90
129N04342,2020-08-15 04:50:00,72.19,71.60
129N04342,2020-08-15 05:00:00,73.00,98.50
129N04342,2020-08-15 05:10:00,70.34,79.22
129N04342,2020-08-15 05:20:00,68.99,78.33
129N04342,2020-08-15 05:30:00,65.00,40.00
129N04342,2020-08-15 05:40:00,69.74,85.10
129N04342,2020-08-15 05:50:00,70.85,90.88
129N04342,2020-08-15 06:00:00,78.89,30.78
129N04342,2020-08-15 06:10:00,73.08,96.10
129N04342,2020-08-15 06:20:00,73.05,72.80
129N04342,2020-08-15 06:30:00,75.53,88.80
129N04342,2020-08-15 06:40:00,74.28,86.70
129N04342,2020-08-15 06:50:00,74.43,70.80
129N04342,2020-08-15 07:00:00,82.47,34.30
129N04342,2020-08-15 07:10:00,73.53,99.10
129N04342,2020-08-15 07:20:00,71.02,99.70
129N04342,2020-08-15 07:30:00,72.37,100.00
129N04342,2020-08-15 07:40:00,75.21,94.30
129N04342,2020-08-15 07:50:00,71.37,91.40
129N04342,2020-08-15 08:00:00,72.28,94.00
129N04342,2020-08-15 08:10:00,78.67,81.60
129N04342,2020-08-15 08:20:00,78.50,95.20
129N04342,2020-08-15 08:30:00,75.78,85.30
129N04342,2020-08-15 08:40:00,72.11,87.00
129N04342,2020-08-15 08:50:00,71.33,98.80
129N04342,2020-08-15 09:00:00,73.52,98.20
129N04342,2020-08-15 09:10:00,73.76,100.00
129N04342,2020-08-15 09:20:00,75.36,88.00
129N04342,2020-08-15 09:30:00,70.89,98.50
129N04342,2020-08-15 09:40:00,73.93,100.00
129N04342,2020-08-15 09:50:00,74.54,100.00
129N04342,2020-08-15 10:00:00,72.10,96.70
129N04342,2020-08-15 10:10:00,75.73,85.70
129N04342,2020-08-15 10:20:00,77.31,85.20
129N04342,2020-08-15 10:30:00,69.77,100.00
129N04342,2020-08-15 10:40:00,67.00,76.50
129N04342,2020-08-15 10:50:00,69.71,91.80
129N04342,2020-08-15 11:00:00,73.95,93.00
129N04342,2020-08-15 11:10:00,70.40,100.00
129N04342,2020-08-15 11:20:00,70.07,100.00
129N04342,2020-08-15 11:30:00,70.27,100.00
129N04342,2020-08-15 11:40:00,70.08,100.00
129N04342,2020-08-15 11:50:00,75.07,100.00
129N04342,2020-08-15 12:00:00,70.14,100.00
129N04342,2020-08-15 12:10:00,71.83,95.50
129N04342,2020-08-15 12:20:00,68.68,100.00
129N04342,2020-08-15 12:30:00,73.14,98.20
129N04342,2020-08-15 12:40:00,70.73,100.00
129N04342,2020-08-15 12:50:00,72.29,100.00
129N04342,2020-08-15 13:00:00,74.14,87.50
129N04342,2020-08-15 13:10:00,75.65,88.00
129N04342,2020-08-15 13:20:00,76.72,100.00
129N04342,2020-08-15 13:30:00,71.66,100.00
129N04342,2020-08-15 13:40:00,72.98,100.00
129N04342,2020-08-15 13:50:00,72.59,100.00
129N04342,2020-08-15 14:00:00,74.07,100.00
129N04342,2020-08-15 14:10:00,74.65,100.00
129N04342,2020-08-15 14:20:00,77.08,86.70
129N04342,2020-08-15 14:30:00,74.56,99.60
129N04342,2020-08-15 14:40:00,72.60,100.00
129N04342,2020-08-15 14:50:00,75.14,100.00
129N04342,2020-08-15 15:00:00,74.19,100.00
129N04342,2020-08-15 15:10:00,70.73,100.00
129N04342,2020-08-15 15:20:00,72.77,100.00
129N04342,2020-08-15 15:30:00,76.17,100.00
129N04342,2020-08-15 15:40:00,74.97,100.00
129N04342,2020-08-15 15:50:00,73.25,100.00
129N04342,2020-08-15 16:00:00,74.36,100.00
129N04342,2020-08-15 16:10:00,73.67,100.00
129N04342,2020-08-15 16:20:00,73.64,96.80
129N04342,2020-08-15 16:30:00,70.18,100.00
129N04342,2020-08-15 16:40:00,71.88,100.00
129N04342,2020-08-15 16:50:00,76.16,96.00
129N04342,2020-08-15 17:00:00,74.26,98.00
129N04342,2020-08-15 17:10:00,76.80,97.40
129N04342,2020-08-15 17:20:00,77.07,86.70
129N04342,2020-08-15 17:30:00,74.07,100.00
129N04342,2020-08-15 17:40:00,72.69,96.50
129N04342,2020-08-15 17:50:00,73.19,100.00
129N04342,2020-08-15 18:00:00,74.30,100.00
129N04342,2020-08-15 18:10:00,76.47,90.10
129N04342,2020-08-15 18:20:00,74.27,91.50
129N04342,2020-08-15 18:30:00,75.59,99.70
129N04342,2020-08-15 18:40:00,67.44,80.30
129N04342,2020-08-15 18:50:00,72.12,100.00
129N04342,2020-08-15 19:00:00,72.73,95.60
129N04342,2020-08-15 19:10:00,72.04,100.00
129N04342,2020-08-15 19:20:00,75.63,89.20
129N04342,2020-08-15 19:30:00,73.28,100.00
129N04342,2020-08-15 19:40:00,72.56,100.00
129N04342,2020-08-15 19:50:00,71.65,97.00
129N04342,2020-08-15 20:00:00,74.86,92.50
129N04342,2020-08-15 20:10:00,71.74,100.00
129N04342,2020-08-15 20:20:00,77.88,68.40
129N04342,2020-08-15 20:30:00,74.12,91.70
129N04342,2020-08-15 20:40:00,68.04,65.10
129N04342,2020-08-15 20:50:00,69.39,100.00
129N04342,2020-08-15 21:00:00,71.17,99.30
129N04342,2020-08-15 21:10:00,69.13,94.60
129N04342,2020-08-15 21:20:00,65.54,81.20
129N04342,2020-08-15 21:30:00,73.07,68.70
129N04342,2020-08-15 21:40:00,66.46,77.70
129N04342,2020-08-15 21:50:00,67.79,97.00
129N04342,2020-08-15 22:00:00,64.69,97.40
129N04342,2020-08-15 22:10:00,74.47,53.10
129N04342,2020-08-15 22:20:00,78.28,25.80
129N04342,2020-08-15 22:30:00,64.38,88.30
129N04342,2020-08-15 22:40:00,68.42,94.50
129N04342,2020-08-15 22:50:00,69.10,100.00
129N04342,2020-08-15 23:00:00,68.89,96.50
129N04342,2020-08-15 23:10:00,70.40,93.80
129N04342,2020-08-15 23:20:00,69.13,83.00
129N04342,2020-08-15 23:30:00,69.91,86.20
129N04342,2020-08-15 23:40:00,74.44,59.00
129N04342,2020-08-15 23:50:00,73.85,52.90
129N04340,2020-08-15 00:00:00,67.39,76.30
129N04340,2020-08-15 00:10:00,73.93,48.30
129N04340,2020-08-15 00:20:00,72.60,34.00
129N04340,2020-08-15 00:30:00,65.70,63.40
129N04340,2020-08-15 00:40:00,63.31,77.89
129N04340,2020-08-15 00:50:00,70.31,89.00
129N04340,2020-08-15 01:00:00,65.35,85.70
129N04340,2020-08-15 01:10:00,60.74,40.70
129N04340,2020-08-15 01:20:00,62.15,83.30
129N04340,2020-08-15 01:30:00,,
129N04340,2020-08-15 01:40:00,66.00,60.00
129N04340,2020-08-15 01:50:00,68.12,29.33
129N04340,2020-08-15 02:00:00,65.84,40.40
129N04340,2020-08-15 02:10:00,51.00,33.10
129N04340,2020-08-15 02:20:00,63.09,87.33
129N04340,2020-08-15 02:30:00,62.34,86.80
129N04340,2020-08-15 02:40:00,63.85,71.60
129N04340,2020-08-15 02:50:00,66.54,67.20
129N04340,2020-08-15 03:00:00,61.19,83.70
129N04340,2020-08-15 03:10:00,70.05,66.70
129N04340,2020-08-15 03:20:00,62.94,74.90
129N04340,2020-08-15 03:30:00,64.87,80.00
129N04340,2020-08-15 03:40:00,67.00,89.60
129N04340,2020-08-15 03:50:00,71.44,62.50
129N04340,2020-08-15 04:00:00,62.07,69.10
129N04340,2020-08-15 04:10:00,66.06,94.80
129N04340,2020-08-15 04:20:00,66.94,90.80
129N04340,2020-08-15 04:30:00,69.47,61.80
129N04340,2020-08-15 04:40:00,67.75,64.50
129N04340,2020-08-15 04:50:00,67.99,54.30
129N04340,2020-08-15 05:00:00,70.66,81.80
129N04340,2020-08-15 05:10:00,66.42,85.00
129N04340,2020-08-15 05:20:00,63.00,47.67
129N04340,2020-08-15 05:30:00,65.00,80.00
129N04340,2020-08-15 05:40:00,65.39,84.40
129N04340,2020-08-15 05:50:00,70.25,77.90
129N04340,2020-08-15 06:00:00,73.56,46.30
129N04340,2020-08-15 06:10:00,74.10,73.80
129N04340,2020-08-15 06:20:00,68.49,100.00
129N04340,2020-08-15 06:30:00,74.62,74.00
129N04340,2020-08-15 06:40:00,73.92,92.60
129N04340,2020-08-15 06:50:00,73.18,96.70
129N04340,2020-08-15 07:00:00,75.95,86.10
129N04340,2020-08-15 07:10:00,74.16,97.80
129N04340,2020-08-15 07:20:00,67.58,100.00
129N04340,2020-08-15 07:30:00,66.90,100.00
129N04340,2020-08-15 07:40:00,67.58,100.00
129N04340,2020-08-15 07:50:00,68.39,100.00
129N04340,2020-08-15 08:00:00,76.80,80.30
129N04340,2020-08-15 08:10:00,72.02,86.40
129N04340,2020-08-15 08:20:00,73.99,100.00
129N04340,2020-08-15 08:30:00,70.43,100.00
129N04340,2020-08-15 08:40:00,68.18,100.00
129N04340,2020-08-15 08:50:00,66.39,100.00
129N04340,2020-08-15 09:00:00,66.20,74.10
129N04340,2020-08-15 09:10:00,69.95,100.00
129N04340,2020-08-15 09:20:00,68.27,100.00
129N04340,2020-08-15 09:30:00,68.63,100.00
129N04340,2020-08-15 09:40:00,65.73,86.60
129N04340,2020-08-15 09:50:00,70.65,100.00
129N04340,2020-08-15 10:00:00,71.43,93.20
129N04340,2020-08-15 10:10:00,71.24,89.50
129N04340,2020-08-15 10:20:00,75.82,57.40
129N04340,2020-08-15 10:30:00,69.36,100.00
129N04340,2020-08-15 10:40:00,64.26,78.30
129N04340,2020-08-15 10:50:00,66.38,100.00
129N04340,2020-08-15 11:00:00,71.20,79.70
129N04340,2020-08-15 11:10:00,68.40,97.50
129N04340,2020-08-15 11:20:00,65.07,92.00
129N04340,2020-08-15 11:30:00,65.99,97.90
129N04340,2020-08-15 11:40:00,64.19,96.30
129N04340,2020-08-15 11:50:00,66.14,100.00
129N04340,2020-08-15 12:00:00,66.77,100.00
129N04340,2020-08-15 12:10:00,70.57,100.00
129N04340,2020-08-15 12:20:00,67.54,100.00
129N04340,2020-08-15 12:30:00,68.28,93.50
129N04340,2020-08-15 12:40:00,70.79,100.00
129N04340,2020-08-15 12:50:00,67.78,100.00
129N04340,2020-08-15 13:00:00,68.06,100.00
129N04340,2020-08-15 13:10:00,67.28,100.00
129N04340,2020-08-15 13:20:00,68.98,100.00
129N04340,2020-08-15 13:30:00,64.21,100.00
129N04340,2020-08-15 13:40:00,61.16,100.00
129N04340,2020-08-15 13:50:00,52.68,100.00
129N04340,2020-08-15 14:00:00,44.82,100.00
129N04340,2020-08-15 14:10:00,39.99,100.00
129N04340,2020-08-15 14:20:00,60.26,100.00
129N04340,2020-08-15 14:30:00,67.86,100.00
129N04340,2020-08-15 14:40:00,67.78,100.00
129N04340,2020-08-15 14:50:00,72.24,94.20
129N04340,2020-08-15 15:00:00,68.08,100.00
129N04340,2020-08-15 15:10:00,67.75,100.00
129N04340,2020-08-15 15:20:00,69.96,100.00
129N04340,2020-08-15 15:30:00,70.22,100.00
129N04340,2020-08-15 15:40:00,69.06,100.00
129N04340,2020-08-15 15:50:00,69.99,100.00
129N04340,2020-08-15 16:00:00,68.19,100.00
129N04340,2020-08-15 16:10:00,68.53,100.00
129N04340,2020-08-15 16:20:00,62.87,83.60
129N04340,2020-08-15 16:30:00,66.13,91.80
129N04340,2020-08-15 16:40:00,70.56,75.90
129N04340,2020-08-15 16:50:00,65.99,100.00
129N04340,2020-08-15 17:00:00,67.04,100.00
129N04340,2020-08-15 17:10:00,65.21,97.20
129N04340,2020-08-15 17:20:00,65.68,96.80
129N04340,2020-08-15 17:30:00,69.89,100.00
129N04340,2020-08-15 17:40:00,69.56,94.00
129N04340,2020-08-15 17:50:00,69.84,91.00
129N04340,2020-08-15 18:00:00,67.27,100.00
129N04340,2020-08-15 18:10:00,65.68,89.90
129N04340,2020-08-15 18:20:00,67.38,100.00
129N04340,2020-08-15 18:30:00,69.14,100.00
129N04340,2020-08-15 18:40:00,67.97,100.00
129N04340,2020-08-15 18:50:00,66.28,100.00
129N04340,2020-08-15 19:00:00,65.47,100.00
129N04340,2020-08-15 19:10:00,65.95,100.00
129N04340,2020-08-15 19:20:00,68.67,100.00
129N04340,2020-08-15 19:30:00,71.79,100.00
129N04340,2020-08-15 19:40:00,69.19,100.00
129N04340,2020-08-15 19:50:00,67.34,87.90
129N04340,2020-08-15 20:00:00,67.07,100.00
129N04340,2020-08-15 20:10:00,66.35,100.00
129N04340,2020-08-15 20:20:00,63.00,88.50
129N04340,2020-08-15 20:30:00,62.95,90.70
129N04340,2020-08-15 20:40:00,65.00,100.00
129N04340,2020-08-15 20:50:00,64.39,95.70
129N04340,2020-08-15 21:00:00,65.60,81.90
129N04340,2020-08-15 21:10:00,65.32,84.80
129N04340,2020-08-15 21:20:00,61.99,82.20
129N04340,2020-08-15 21:30:00,63.54,92.50
129N04340,2020-08-15 21:40:00,60.83,80.00
129N04340,2020-08-15 21:50:00,66.42,100.00
129N04340,2020-08-15 22:00:00,58.90,72.50
129N04340,2020-08-15 22:10:00,66.22,99.90
129N04340,2020-08-15 22:20:00,70.39,100.00
129N04340,2020-08-15 22:30:00,66.78,100.00
129N04340,2020-08-15 22:40:00,63.64,93.56
129N04340,2020-08-15 22:50:00,64.97,100.00
129N04340,2020-08-15 23:00:00,67.48,93.90
129N04340,2020-08-15 23:10:00,65.85,89.10
129N04340,2020-08-15 23:20:00,66.82,88.40
129N04340,2020-08-15 23:30:00,65.58,97.00
129N04340,2020-08-15 23:40:00,65.48,94.30
129N04340,2020-08-15 23:50:00,63.18,82.90
129-04348,2020-08-15 00:00:00,72.19,81.90
129-04348,2020-08-15 00:10:00,70.75,78.20
129-04348,2020-08-15 00:20:00,67.37,79.50
129-04348,2020-08-15 00:30:00,70.64,89.60
129-04348,2020-08-15 00:40:00,66.43,75.00
129-04348,2020-08-15 00:50:00,70.98,80.67
129-04348,2020-08-15 01:00:00,67.00,89.50
129-04348,2020-08-15 01:10:00,66.60,84.80
129-04348,2020-08-15 01:20:00,66.00,83.67
129-04348,2020-08-15 01:30:00,67.37,91.63
129-04348,2020-08-15 01:40:00,67.00,94.25
129-04348,2020-08-15 01:50:00,70.00,80.10
129-04348,2020-08-15 02:00:00,70.00,84.50
129-04348,2020-08-15 02:10:00,,
129-04348,2020-08-15 02:20:00,73.15,65.90
129-04348,2020-08-15 02:30:00,75.90,67.00
129-04348,2020-08-15 02:40:00,76.00,95.60
129-04348,2020-08-15 02:50:00,69.53,57.20
129-04348,2020-08-15 03:00:00,74.75,85.10
129-04348,2020-08-15 03:10:00,76.00,86.00
129-04348,2020-08-15 03:20:00,45.80,27.57
129-04348,2020-08-15 03:30:00,43.24,51.75
129-04348,2020-08-15 03:40:00,69.00,63.33
129-04348,2020-08-15 03:50:00,70.89,82.70
129-04348,2020-08-15 04:00:00,67.39,80.30
129-04348,2020-08-15 04:10:00,62.60,54.60
129-04348,2020-08-15 04:20:00,73.89,67.10
129-04348,2020-08-15 04:30:00,73.22,76.22
129-04348,2020-08-15 04:40:00,64.06,58.29
129-04348,2020-08-15 04:50:00,68.80,97.00
129-04348,2020-08-15 05:00:00,69.67,94.70
129-04348,2020-08-15 05:10:00,64.85,66.14
129-04348,2020-08-15 05:20:00,66.15,91.67
129-04348,2020-08-15 05:30:00,70.09,84.50
129-04348,2020-08-15 05:40:00,73.63,56.30
129-04348,2020-08-15 05:50:00,75.38,49.40
129-04348,2020-08-15 06:00:00,69.69,95.20
129-04348,2020-08-15 06:10:00,72.05,94.60
129-04348,2020-08-15 06:20:00,70.21,83.50
129-04348,2020-08-15 06:30:00,73.84,88.40
129-04348,2020-08-15 06:40:00,75.17,80.80
129-04348,2020-08-15 06:50:00,76.99,81.10
129-04348,2020-08-15 07:00:00,70.07,99.10
129-04348,2020-08-15 07:10:00,72.51,96.00
129-04348,2020-08-15 07:20:00,74.67,97.30
129-04348,2020-08-15 07:30:00,74.55,94.00
129-04348,2020-08-15 07:40:00,74.16,97.70
129-04348,2020-08-15 07:50:00,73.48,99.30
129-04348,2020-08-15 08:00:00,71.88,99.80
129-04348,2020-08-15 08:10:00,72.78,100.00
129-04348,2020-08-15 08:20:00,71.19,100.00
129-04348,2020-08-15 08:30:00,71.58,100.00
129-04348,2020-08-15 08:40:00,70.54,100.00
129-04348,2020-08-15 08:50:00,72.98,96.30
129-04348,2020-08-15 09:00:00,74.59,89.70
129-04348,2020-08-15 09:10:00,72.49,100.00
129-04348,2020-08-15 09:20:00,73.38,100.00
129-04348,2020-08-15 09:30:00,73.46,95.20
129-04348,2020-08-15 09:40:00,75.70,90.80
129-04348,2020-08-15 09:50:00,70.87,100.00
129-04348,2020-08-15 10:00:00,71.59,97.10
129-04348,2020-08-15 10:10:00,72.46,100.00
129-04348,2020-08-15 10:20:00,71.84,100.00
129-04348,2020-08-15 10:30:00,70.19,100.00
129-04348,2020-08-15 10:40:00,72.98,100.00
129-04348,2020-08-15 10:50:00,68.49,100.00
129-04348,2020-08-15 11:00:00,69.38,100.00
129-04348,2020-08-15 11:10:00,68.55,100.00
129-04348,2020-08-15 11:20:00,68.55,98.70
129-04348,2020-08-15 11:30:00,71.28,98.60
129-04348,2020-08-15 11:40:00,68.99,100.00
129-04348,2020-08-15 11:50:00,69.98,100.00
129-04348,2020-08-15 12:00:00,68.69,100.00
129-04348,2020-08-15 12:10:00,66.39,100.00
129-04348,2020-08-15 12:20:00,68.36,100.00
129-04348,2020-08-15 12:30:00,68.87,100.00
129-04348,2020-08-15 12:40:00,69.15,100.00
129-04348,2020-08-15 12:50:00,66.88,100.00
129-04348,2020-08-15 13:00:00,70.88,100.00
129-04348,2020-08-15 13:10:00,71.18,100.00
129-04348,2020-08-15 13:20:00,69.49,100.00
129-04348,2020-08-15 13:30:00,67.49,100.00
129-04348,2020-08-15 13:40:00,68.56,100.00
129-04348,2020-08-15 13:50:00,70.79,98.80
129-04348,2020-08-15 14:00:00,71.56,100.00
129-04348,2020-08-15 14:10:00,71.07,100.00
129-04348,2020-08-15 14:20:00,71.78,100.00
129-04348,2020-08-15 14:30:00,73.16,100.00
129-04348,2020-08-15 14:40:00,72.88,100.00
129-04348,2020-08-15 14:50:00,70.37,100.00
129-04348,2020-08-15 15:00:00,71.18,100.00
129-04348,2020-08-15 15:10:00,73.59,100.00
129-04348,2020-08-15 15:20:00,69.57,100.00
129-04348,2020-08-15 15:30:00,71.16,100.00
129-04348,2020-08-15 15:40:00,71.78,100.00
129-04348,2020-08-15 15:50:00,68.37,100.00
129-04348,2020-08-15 16:00:00,66.89,100.00
129-04348,2020-08-15 16:10:00,67.58,100.00
129-04348,2020-08-15 16:20:00,66.80,100.00
129-04348,2020-08-15 16:30:00,68.48,100.00
129-04348,2020-08-15 16:40:00,72.37,100.00
129-04348,2020-08-15 16:50:00,73.18,100.00
129-04348,2020-08-15 17:00:00,70.37,100.00
129-04348,2020-08-15 17:10:00,74.19,100.00
129-04348,2020-08-15 17:20:00,73.18,100.00
129-04348,2020-08-15 17:30:00,72.19,100.00
129-04348,2020-08-15 17:40:00,71.59,100.00
129-04348,2020-08-15 17:50:00,70.59,100.00
129-04348,2020-08-15 18:00:00,70.59,100.00
129-04348,2020-08-15 18:10:00,70.39,99.90
129-04348,2020-08-15 18:20:00,69.88,100.00
129-04348,2020-08-15 18:30:00,69.39,100.00
129-04348,2020-08-15 18:40:00,68.99,100.00
129-04348,2020-08-15 18:50:00,72.84,85.30
129-04348,2020-08-15 19:00:00,74.08,96.20
129-04348,2020-08-15 19:10:00,73.28,100.00
129-04348,2020-08-15 19:20:00,70.30,100.00
129-04348,2020-08-15 19:30:00,70.16,100.00
129-04348,2020-08-15 19:40:00,70.32,98.60
129-04348,2020-08-15 19:50:00,72.35,100.00
129-04348,2020-08-15 20:00:00,70.47,100.00
129-04348,2020-08-15 20:10:00,71.89,97.50
129-04348,2020-08-15 20:20:00,73.08,91.80
129-04348,2020-08-15 20:30:00,70.80,98.20
129-04348,2020-08-15 20:40:00,69.95,100.00
129-04348,2020-08-15 20:50:00,72.26,97.40
129-04348,2020-08-15 21:00:00,68.22,98.70
129-04348,2020-08-15 21:10:00,69.59,99.10
129-04348,2020-08-15 21:20:00,69.88,83.20
129-04348,2020-08-15 21:30:00,70.99,78.10
129-04348,2020-08-15 21:40:00,74.64,89.50
129-04348,2020-08-15 21:50:00,71.23,80.10
129-04348,2020-08-15 22:00:00,70.76,99.80
129-04348,2020-08-15 22:10:00,67.01,97.40
129-04348,2020-08-15 22:20:00,65.55,82.20
129-04348,2020-08-15 22:30:00,67.28,100.00
129-04348,2020-08-15 22:40:00,65.80,100.00
129-04348,2020-08-15 22:50:00,70.58,100.00
129-04348,2020-08-15 23:00:00,69.08,98.20
129-04348,2020-08-15 23:10:00,70.40,93.50
129-04348,2020-08-15 23:20:00,71.20,87.30
129-04348,2020-08-15 23:30:00,68.46,81.10
129-04348,2020-08-15 23:40:00,69.19,93.10
129-04348,2020-08-15 23:50:00,70.58,82.80
129-04349,2020-08-15 00:00:00,76.88,70.10
129-04349,2020-08-15 00:10:00,70.16,70.70
129-04349,2020-08-15 00:20:00,64.80,46.00
129-04349,2020-08-15 00:30:00,71.18,97.10
129-04349,2020-08-15 00:40:00,69.47,89.60
129-04349,2020-08-15 00:50:00,72.57,83.88
129-04349,2020-08-15 01:00:00,74.64,60.67
129-04349,2020-08-15 01:10:00,70.46,90.70
129-04349,2020-08-15 01:20:00,69.00,90.80
129-04349,2020-08-15 01:30:00,72.79,99.10
129-04349,2020-08-15 01:40:00,73.00,100.00
129-04349,2020-08-15 01:50:00,72.00,100.00
129-04349,2020-08-15 02:00:00,71.00,100.00
129-04349,2020-08-15 02:10:00,70.87,98.25
129-04349,2020-08-15 02:20:00,70.99,98.40
129-04349,2020-08-15 02:30:00,74.77,73.40
129-04349,2020-08-15 02:40:00,70.00,87.30
129-04349,2020-08-15 02:50:00,70.08,88.56
129-04349,2020-08-15 03:00:00,77.36,50.70
129-04349,2020-08-15 03:10:00,78.00,56.67
129-04349,2020-08-15 03:20:00,72.85,63.29
129-04349,2020-08-15 03:30:00,76.00,86.67
129-04349,2020-08-15 03:40:00,67.39,39.75
129-04349,2020-08-15 03:50:00,68.14,66.30
129-04349,2020-08-15 04:00:00,67.59,80.60
129-04349,2020-08-15 04:10:00,68.67,79.20
129-04349,2020-08-15 04:20:00,73.34,60.70
129-04349,2020-08-15 04:30:00,76.00,44.38
129-04349,2020-08-15 04:40:00,65.67,58.13
129-04349,2020-08-15 04:50:00,71.39,99.30
129-04349,2020-08-15 05:00:00,73.15,90.67
129-04349,2020-08-15 05:10:00,68.66,81.17
129-04349,2020-08-15 05:20:00,70.00,98.43
129-04349,2020-08-15 05:30:00,74.90,79.90
129-04349,2020-08-15 05:40:00,75.88,74.30
129-04349,2020-08-15 05:50:00,75.59,80.00
129-04349,2020-08-15 06:00:00,71.04,94.40
129-04349,2020-08-15 06:10:00,78.89,62.40
129-04349,2020-08-15 06:20:00,70.16,93.40
129-04349,2020-08-15 06:30:00,76.37,90.20
129-04349,2020-08-15 06:40:00,75.27,87.40
129-04349,2020-08-15 06:50:00,80.29,62.00
129-04349,2020-08-15 07:00:00,68.45,100.00
129-04349,2020-08-15 07:10:00,74.01,95.20
129-04349,2020-08-15 07:20:00,72.72,98.70
129-04349,2020-08-15 07:30:00,73.54,97.20
129-04349,2020-08-15 07:40:00,74.45,100.00
129-04349,2020-08-15 07:50:00,75.87,94.50
129-04349,2020-08-15 08:00:00,75.09,100.00
129-04349,2020-08-15 08:10:00,72.14,100.00
129-04349,2020-08-15 08:20:00,71.57,100.00
129-04349,2020-08-15 08:30:00,72.17,98.50
129-04349,2020-08-15 08:40:00,72.98,99.00
129-04349,2020-08-15 08:50:00,74.00,84.00
129-04349,2020-08-15 09:00:00,74.09,98.10
129-04349,2020-08-15 09:10:00,73.09,100.00
129-04349,2020-08-15 09:20:00,73.29,100.00
129-04349,2020-08-15 09:30:00,75.15,91.80
129-04349,2020-08-15 09:40:00,75.16,97.70
129-04349,2020-08-15 09:50:00,71.59,100.00
129-04349,2020-08-15 10:00:00,72.96,100.00
129-04349,2020-08-15 10:10:00,70.37,100.00
129-04349,2020-08-15 10:20:00,71.97,100.00
129-04349,2020-08-15 10:30:00,70.19,100.00
129-04349,2020-08-15 10:40:00,71.47,100.00
129-04349,2020-08-15 10:50:00,68.19,100.00
129-04349,2020-08-15 11:00:00,66.27,100.00
129-04349,2020-08-15 11:10:00,68.18,100.00
129-04349,2020-08-15 11:20:00,66.68,100.00
129-04349,2020-08-15 11:30:00,72.07,100.00
129-04349,2020-08-15 11:40:00,68.78,100.00
129-04349,2020-08-15 11:50:00,70.60,100.00
129-04349,2020-08-15 12:00:00,69.89,100.00
129-04349,2020-08-15 12:10:00,68.10,100.00
129-04349,2020-08-15 12:20:00,68.28,100.00
129-04349,2020-08-15 12:30:00,68.38,100.00
129-04349,2020-08-15 12:40:00,67.09,100.00
129-04349,2020-08-15 12:50:00,66.38,100.00
129-04349,2020-08-15 13:00:00,70.38,100.00
129-04349,2020-08-15 13:10:00,70.30,100.00
129-04349,2020-08-15 13:20:00,69.89,100.00
129-04349,2020-08-15 13:30:00,68.19,100.00
129-04349,2020-08-15 13:40:00,69.08,100.00
129-04349,2020-08-15 13:50:00,69.60,100.00
129-04349,2020-08-15 14:00:00,71.08,100.00
129-04349,2020-08-15 14:10:00,70.48,100.00
129-04349,2020-08-15 14:20:00,70.27,100.00
129-04349,2020-08-15 14:30:00,71.68,100.00
129-04349,2020-08-15 14:40:00,70.09,100.00
129-04349,2020-08-15 14:50:00,69.89,100.00
129-04349,2020-08-15 15:00:00,70.98,100.00
129-04349,2020-08-15 15:10:00,72.29,100.00
129-04349,2020-08-15 15:20:00,68.66,100.00
129-04349,2020-08-15 15:30:00,71.39,100.00
129-04349,2020-08-15 15:40:00,71.39,100.00
129-04349,2020-08-15 15:50:00,70.58,100.00
129-04349,2020-08-15 16:00:00,68.79,100.00
129-04349,2020-08-15 16:10:00,70.98,100.00
129-04349,2020-08-15 16:20:00,70.50,100.00
129-04349,2020-08-15 16:30:00,70.48,100.00
129-04349,2020-08-15 16:40:00,71.96,100.00
129-04349,2020-08-15 16:50:00,73.69,100.00
129-04349,2020-08-15 17:00:00,71.88,100.00
129-04349,2020-08-15 17:10:00,71.47,100.00
129-04349,2020-08-15 17:20:00,71.87,100.00
129-04349,2020-08-15 17:30:00,71.47,100.00
129-04349,2020-08-15 17:40:00,70.19,100.00
129-04349,2020-08-15 17:50:00,69.78,100.00
129-04349,2020-08-15 18:00:00,72.88,100.00
129-04349,2020-08-15 18:10:00,70.70,99.60
129-04349,2020-08-15 18:20:00,69.60,100.00
129-04349,2020-08-15 18:30:00,70.18,100.00
129-04349,2020-08-15 18:40:00,70.20,100.00
129-04349,2020-08-15 18:50:00,71.39,100.00
129-04349,2020-08-15 19:00:00,71.06,100.00
129-04349,2020-08-15 19:10:00,73.15,100.00
129-04349,2020-08-15 19:20:00,70.99,100.00
129-04349,2020-08-15 19:30:00,71.79,100.00
129-04349,2020-08-15 19:40:00,71.99,100.00
129-04349,2020-08-15 19:50:00,72.74,100.00
129-04349,2020-08-15 20:00:00,75.25,96.20
129-04349,2020-08-15 20:10:00,75.68,91.00
129-04349,2020-08-15 20:20:00,70.89,100.00
129-04349,2020-08-15 20:30:00,69.88,100.00
129-04349,2020-08-15 20:40:00,71.59,100.00
129-04349,2020-08-15 20:50:00,72.27,97.50
129-04349,2020-08-15 21:00:00,75.69,84.40
129-04349,2020-08-15 21:10:00,73.37,97.70
129-04349,2020-08-15 21:20:00,73.56,88.20
129-04349,2020-08-15 21:30:00,71.94,92.50
129-04349,2020-08-15 21:40:00,77.78,87.90
129-04349,2020-08-15 21:50:00,71.56,99.90
129-04349,2020-08-15 22:00:00,73.37,99.70
129-04349,2020-08-15 22:10:00,69.25,100.00
129-04349,2020-08-15 22:20:00,67.52,100.00
129-04349,2020-08-15 22:30:00,70.72,98.20
129-04349,2020-08-15 22:40:00,70.16,100.00
129-04349,2020-08-15 22:50:00,70.37,100.00
129-04349,2020-08-15 23:00:00,71.06,87.60
129-04349,2020-08-15 23:10:00,71.97,94.80
129-04349,2020-08-15 23:20:00,70.99,97.10
129-04349,2020-08-15 23:30:00,68.68,86.80
129-04349,2020-08-15 23:40:00,70.69,98.40
129-04349,2020-08-15 23:50:00,72.22,89.00
129-04346,2020-08-15 00:00:00,64.44,44.00
129-04346,2020-08-15 00:10:00,75.80,48.50
129-04346,2020-08-15 00:20:00,73.58,72.30
129-04346,2020-08-15 00:30:00,71.23,87.90
129-04346,2020-08-15 00:40:00,72.69,93.90
129-04346,2020-08-15 00:50:00,70.96,89.70
129-04346,2020-08-15 01:00:00,74.49,81.75
129-04346,2020-08-15 01:10:00,74.00,81.11
129-04346,2020-08-15 01:20:00,,
129-04346,2020-08-15 01:30:00,73.00,97.80
129-04346,2020-08-15 01:40:00,,
129-04346,2020-08-15 01:50:00,,
129-04346,2020-08-15 02:00:00,,
129-04346,2020-08-15 02:10:00,,
129-04346,2020-08-15 02:20:00,75.00,80.25
129-04346,2020-08-15 02:30:00,75.20,95.50
129-04346,2020-08-15 02:40:00,72.42,80.70
129-04346,2020-08-15 02:50:00,69.55,77.00
129-04346,2020-08-15 03:00:00,69.39,82.70
129-04346,2020-08-15 03:10:00,63.35,55.50
129-04346,2020-08-15 03:20:00,62.66,79.30
129-04346,2020-08-15 03:30:00,68.00,96.17
129-04346,2020-08-15 03:40:00,66.43,94.33
129-04346,2020-08-15 03:50:00,69.08,86.50
129-04346,2020-08-15 04:00:00,73.00,65.17
129-04346,2020-08-15 04:10:00,73.00,74.00
129-04346,2020-08-15 04:20:00,68.11,68.70
129-04346,2020-08-15 04:30:00,75.45,57.50
129-04346,2020-08-15 04:40:00,70.87,81.67
129-04346,2020-08-15 04:50:00,68.80,80.70
129-04346,2020-08-15 05:00:00,72.11,89.75
129-04346,2020-08-15 05:10:00,73.87,79.38
129-04346,2020-08-15 05:20:00,68.77,68.00
129-04346,2020-08-15 05:30:00,69.29,92.00
129-04346,2020-08-15 05:40:00,71.50,82.00
129-04346,2020-08-15 05:50:00,77.99,49.80
129-04346,2020-08-15 06:00:00,74.09,85.00
129-04346,2020-08-15 06:10:00,71.37,73.50
129-04346,2020-08-15 06:20:00,70.39,99.70
129-04346,2020-08-15 06:30:00,74.52,72.80
129-04346,2020-08-15 06:40:00,76.41,88.40
129-04346,2020-08-15 06:50:00,76.09,76.10
129-04346,2020-08-15 07:00:00,75.35,88.70
129-04346,2020-08-15 07:10:00,75.69,97.20
129-04346,2020-08-15 07:20:00,77.80,94.80
129-04346,2020-08-15 07:30:00,75.28,97.60
129-04346,2020-08-15 07:40:00,75.90,99.50
129-04346,2020-08-15 07:50:00,76.00,99.60
129-04346,2020-08-15 08:00:00,75.28,100.00
129-04346,2020-08-15 08:10:00,76.29,99.70
129-04346,2020-08-15 08:20:00,72.58,100.00
129-04346,2020-08-15 08:30:00,74.98,99.80
129-04346,2020-08-15 08:40:00,74.18,100.00
129-04346,2020-08-15 08:50:00,73.25,100.00
129-04346,2020-08-15 09:00:00,72.68,99.50
129-04346,2020-08-15 09:10:00,74.16,98.60
129-04346,2020-08-15 09:20:00,73.49,100.00
129-04346,2020-08-15 09:30:00,71.89,100.00
129-04346,2020-08-15 09:40:00,76.15,100.00
129-04346,2020-08-15 09:50:00,74.64,98.00
129-04346,2020-08-15 10:00:00,72.56,100.00
129-04346,2020-08-15 10:10:00,74.83,95.30
129-04346,2020-08-15 10:20:00,75.20,100.00
129-04346,2020-08-15 10:30:00,74.99,98.60
129-04346,2020-08-15 10:40:00,75.39,100.00
129-04346,2020-08-15 10:50:00,71.87,100.00
129-04346,2020-08-15 11:00:00,72.48,100.00
129-04346,2020-08-15 11:10:00,71.68,100.00
129-04346,2020-08-15 11:20:00,70.89,100.00
129-04346,2020-08-15 11:30:00,69.58,100.00
129-04346,2020-08-15 11:40:00,74.56,100.00
129-04346,2020-08-15 11:50:00,73.77,100.00
129-04346,2020-08-15 12:00:00,74.05,100.00
129-04346,2020-08-15 12:10:00,71.85,100.00
129-04346,2020-08-15 12:20:00,70.20,100.00
129-04346,2020-08-15 12:30:00,71.69,100.00
129-04346,2020-08-15 12:40:00,71.49,100.00
129-04346,2020-08-15 12:50:00,71.39,100.00
129-04346,2020-08-15 13:00:00,73.29,100.00
129-04346,2020-08-15 13:10:00,74.59,100.00
129-04346,2020-08-15 13:20:00,73.04,100.00
129-04346,2020-08-15 13:30:00,73.18,100.00
129-04346,2020-08-15 13:40:00,71.69,100.00
129-04346,2020-08-15 13:50:00,71.89,100.00
129-04346,2020-08-15 14:00:00,73.45,100.00
129-04346,2020-08-15 14:10:00,76.10,100.00
129-04346,2020-08-15 14:20:00,74.49,100.00
129-04346,2020-08-15 14:30:00,71.46,100.00
129-04346,2020-08-15 14:40:00,74.97,100.00
129-04346,2020-08-15 14:50:00,73.27,100.00
129-04346,2020-08-15 15:00:00,73.48,100.00
129-04346,2020-08-15 15:10:00,74.08,100.00
129-04346,2020-08-15 15:20:00,74.99,100.00
129-04346,2020-08-15 15:30:00,73.48,100.00
129-04346,2020-08-15 15:40:00,73.80,100.00
129-04346,2020-08-15 15:50:00,73.97,100.00
129-04346,2020-08-15 16:00:00,70.69,100.00
129-04346,2020-08-15 16:10:00,73.67,100.00
129-04346,2020-08-15 16:20:00,71.97,100.00
129-04346,2020-08-15 16:30:00,71.79,100.00
129-04346,2020-08-15 16:40:00,74.15,100.00
129-04346,2020-08-15 16:50:00,76.79,100.00
129-04346,2020-08-15 17:00:00,75.29,100.00
129-04346,2020-08-15 17:10:00,75.49,99.90
129-04346,2020-08-15 17:20:00,75.88,100.00
129-04346,2020-08-15 17:30:00,74.28,100.00
129-04346,2020-08-15 17:40:00,76.00,100.00
129-04346,2020-08-15 17:50:00,74.78,100.00
129-04346,2020-08-15 18:00:00,71.17,100.00
129-04346,2020-08-15 18:10:00,74.98,99.10
129-04346,2020-08-15 18:20:00,72.68,99.20
129-04346,2020-08-15 18:30:00,74.59,100.00
129-04346,2020-08-15 18:40:00,74.08,100.00
129-04346,2020-08-15 18:50:00,72.29,100.00
129-04346,2020-08-15 19:00:00,74.88,100.00
129-04346,2020-08-15 19:10:00,75.80,99.80
129-04346,2020-08-15 19:20:00,75.69,99.70
129-04346,2020-08-15 19:30:00,75.19,100.00
129-04346,2020-08-15 19:40:00,72.54,100.00
129-04346,2020-08-15 19:50:00,76.89,99.00
129-04346,2020-08-15 20:00:00,73.98,100.00
129-04346,2020-08-15 20:10:00,75.38,99.00
129-04346,2020-08-15 20:20:00,72.31,91.60
129-04346,2020-08-15 20:30:00,73.13,90.70
129-04346,2020-08-15 20:40:00,70.99,100.00
129-04346,2020-08-15 20:50:00,72.20,100.00
129-04346,2020-08-15 21:00:00,68.76,88.80
129-04346,2020-08-15 21:10:00,70.72,95.90
129-04346,2020-08-15 21:20:00,72.50,100.00
129-04346,2020-08-15 21:30:00,77.82,55.10
129-04346,2020-08-15 21:40:00,73.56,97.70
129-04346,2020-08-15 21:50:00,72.77,100.00
129-04346,2020-08-15 22:00:00,75.39,96.10
129-04346,2020-08-15 22:10:00,74.17,99.50
129-04346,2020-08-15 22:20:00,68.28,100.00
129-04346,2020-08-15 22:30:00,71.02,97.50
129-04346,2020-08-15 22:40:00,69.12,96.20
129-04346,2020-08-15 22:50:00,71.03,100.00
129-04346,2020-08-15 23:00:00,70.00,97.90
129-04346,2020-08-15 23:10:00,73.56,77.60
129-04346,2020-08-15 23:20:00,71.88,94.10
129-04346,2020-08-15 23:30:00,75.37,74.30
129-04346,2020-08-15 23:40:00,73.87,90.40
129-04346,2020-08-15 23:50:00,71.67,88.40
129-04347,2020-08-15 00:00:00,70.99,83.60
129-04347,2020-08-15 00:10:00,72.84,76.40
129-04347,2020-08-15 00:20:00,67.89,72.30
129-04347,2020-08-15 00:30:00,70.50,87.50
129-04347,2020-08-15 00:40:00,71.04,75.50
129-04347,2020-08-15 00:50:00,71.67,93.80
129-04347,2020-08-15 01:00:00,76.50,56.50
129-04347,2020-08-15 01:10:00,77.00,63.50
129-04347,2020-08-15 01:20:00,,
129-04347,2020-08-15 01:30:00,73.00,99.33
129-04347,2020-08-15 01:40:00,,
129-04347,2020-08-15 01:50:00,,
129-04347,2020-08-15 02:00:00,,
129-04347,2020-08-15 02:10:00,,
129-04347,2020-08-15 02:20:00,74.97,96.17
129-04347,2020-08-15 02:30:00,76.10,95.30
129-04347,2020-08-15 02:40:00,78.10,85.30
129-04347,2020-08-15 02:50:00,71.53,54.70
129-04347,2020-08-15 03:00:00,77.53,53.70
129-04347,2020-08-15 03:10:00,71.91,35.30
129-04347,2020-08-15 03:20:00,63.70,43.10
129-04347,2020-08-15 03:30:00,67.00,75.00
129-04347,2020-08-15 03:40:00,68.25,93.50
129-04347,2020-08-15 03:50:00,68.87,97.75
129-04347,2020-08-15 04:00:00,69.89,81.33
129-04347,2020-08-15 04:10:00,64.91,64.00
129-04347,2020-08-15 04:20:00,70.12,85.00
129-04347,2020-08-15 04:30:00,78.40,22.10
129-04347,2020-08-15 04:40:00,68.20,56.33
129-04347,2020-08-15 04:50:00,70.58,96.60
129-04347,2020-08-15 05:00:00,72.05,94.90
129-04347,2020-08-15 05:10:00,68.45,69.90
129-04347,2020-08-15 05:20:00,66.26,70.10
129-04347,2020-08-15 05:30:00,69.09,98.20
129-04347,2020-08-15 05:40:00,70.66,77.90
129-04347,2020-08-15 05:50:00,73.79,52.00
129-04347,2020-08-15 06:00:00,71.77,91.20
129-04347,2020-08-15 06:10:00,71.06,92.60
129-04347,2020-08-15 06:20:00,69.73,100.00
129-04347,2020-08-15 06:30:00,73.46,89.50
129-04347,2020-08-15 06:40:00,74.07,84.20
129-04347,2020-08-15 06:50:00,80.59,37.70
129-04347,2020-08-15 07:00:00,72.32,91.60
129-04347,2020-08-15 07:10:00,75.09,98.40
129-04347,2020-08-15 07:20:00,77.97,90.80
129-04347,2020-08-15 07:30:00,75.67,99.20
129-04347,2020-08-15 07:40:00,76.80,99.10
129-04347,2020-08-15 07:50:00,73.99,100.00
129-04347,2020-08-15 08:00:00,75.24,99.80
129-04347,2020-08-15 08:10:00,74.53,100.00
129-04347,2020-08-15 08:20:00,72.86,100.00
129-04347,2020-08-15 08:30:00,69.47,96.10
129-04347,2020-08-15 08:40:00,67.95,83.80
129-04347,2020-08-15 08:50:00,70.98,100.00
129-04347,2020-08-15 09:00:00,72.86,96.70
129-04347,2020-08-15 09:10:00,71.47,100.00
129-04347,2020-08-15 09:20:00,72.48,100.00
129-04347,2020-08-15 09:30:00,69.29,100.00
129-04347,2020-08-15 09:40:00,75.63,90.30
129-04347,2020-08-15 09:50:00,70.58,100.00
129-04347,2020-08-15 10:00:00,72.29,100.00
129-04347,2020-08-15 10:10:00,74.23,93.10
129-04347,2020-08-15 10:20:00,72.69,100.00
129-04347,2020-08-15 10:30:00,75.07,94.20
129-04347,2020-08-15 10:40:00,74.47,98.80
129-04347,2020-08-15 10:50:00,70.00,100.00
129-04347,2020-08-15 11:00:00,72.37,100.00
129-04347,2020-08-15 11:10:00,71.88,100.00
129-04347,2020-08-15 11:20:00,71.09,100.00
129-04347,2020-08-15 11:30:00,72.89,100.00
129-04347,2020-08-15 11:40:00,72.18,100.00
129-04347,2020-08-15 11:50:00,71.79,100.00
129-04347,2020-08-15 12:00:00,73.57,100.00
129-04347,2020-08-15 12:10:00,69.97,100.00
129-04347,2020-08-15 12:20:00,70.79,100.00
129-04347,2020-08-15 12:30:00,71.79,100.00
129-04347,2020-08-15 12:40:00,72.39,100.00
129-04347,2020-08-15 12:50:00,70.89,100.00
129-04347,2020-08-15 13:00:00,73.13,100.00
129-04347,2020-08-15 13:10:00,72.77,100.00
129-04347,2020-08-15 13:20:00,71.78,100.00
129-04347,2020-08-15 13:30:00,71.56,100.00
129-04347,2020-08-15 13:40:00,70.98,100.00
129-04347,2020-08-15 13:50:00,71.29,100.00
129-04347,2020-08-15 14:00:00,73.45,100.00
129-04347,2020-08-15 14:10:00,74.09,100.00
129-04347,2020-08-15 14:20:00,74.79,100.00
129-04347,2020-08-15 14:30:00,74.08,100.00
129-04347,2020-08-15 14:40:00,73.98,100.00
129-04347,2020-08-15 14:50:00,73.39,100.00
129-04347,2020-08-15 15:00:00,74.99,100.00
129-04347,2020-08-15 15:10:00,76.40,100.00
129-04347,2020-08-15 15:20:00,74.19,100.00
129-04347,2020-08-15 15:30:00,71.57,100.00
129-04347,2020-08-15 15:40:00,75.88,100.00
129-04347,2020-08-15 15:50:00,71.90,100.00
129-04347,2020-08-15 16:00:00,68.70,100.00
129-04347,2020-08-15 16:10:00,71.35,100.00
129-04347,2020-08-15 16:20:00,70.29,100.00
129-04347,2020-08-15 16:30:00,71.38,100.00
129-04347,2020-08-15 16:40:00,74.87,100.00
129-04347,2020-08-15 16:50:00,76.29,100.00
129-04347,2020-08-15 17:00:00,72.87,100.00
129-04347,2020-08-15 17:10:00,76.77,96.50
129-04347,2020-08-15 17:20:00,75.99,100.00
129-04347,2020-08-15 17:30:00,74.88,100.00
129-04347,2020-08-15 17:40:00,74.69,100.00
129-04347,2020-08-15 17:50:00,73.85,100.00
129-04347,2020-08-15 18:00:00,74.59,100.00
129-04347,2020-08-15 18:10:00,72.77,100.00
129-04347,2020-08-15 18:20:00,70.69,100.00
129-04347,2020-08-15 18:30:00,72.29,100.00
129-04347,2020-08-15 18:40:00,72.75,100.00
129-04347,2020-08-15 18:50:00,73.03,100.00
129-04347,2020-08-15 19:00:00,76.09,100.00
129-04347,2020-08-15 19:10:00,73.29,100.00
129-04347,2020-08-15 19:20:00,74.17,100.00
129-04347,2020-08-15 19:30:00,69.99,100.00
129-04347,2020-08-15 19:40:00,71.07,100.00
129-04347,2020-08-15 19:50:00,72.29,100.00
129-04347,2020-08-15 20:00:00,73.78,100.00
129-04347,2020-08-15 20:10:00,75.18,92.80
129-04347,2020-08-15 20:20:00,74.65,97.40
129-04347,2020-08-15 20:30:00,70.21,97.20
129-04347,2020-08-15 20:40:00,68.76,100.00
129-04347,2020-08-15 20:50:00,73.00,100.00
129-04347,2020-08-15 21:00:00,73.18,95.80
129-04347,2020-08-15 21:10:00,70.29,100.00
129-04347,2020-08-15 21:20:00,71.29,97.30
129-04347,2020-08-15 21:30:00,73.33,86.80
129-04347,2020-08-15 21:40:00,75.18,86.60
129-04347,2020-08-15 21:50:00,75.02,83.90
129-04347,2020-08-15 22:00:00,71.78,100.00
129-04347,2020-08-15 22:10:00,71.37,95.20
129-04347,2020-08-15 22:20:00,65.97,72.00
129-04347,2020-08-15 22:30:00,69.87,90.50
129-04347,2020-08-15 22:40:00,68.36,96.60
129-04347,2020-08-15 22:50:00,70.35,100.00
129-04347,2020-08-15 23:00:00,71.12,86.70
129-04347,2020-08-15 23:10:00,75.20,70.40
129-04347,2020-08-15 23:20:00,70.84,80.30
129-04347,2020-08-15 23:30:00,71.86,92.20
129-04347,2020-08-15 23:40:00,71.28,83.10
129-04347,2020-08-15 23:50:00,68.21,66.10
129-04344,2020-08-15 00:00:00,70.84,77.70
129-04344,2020-08-15 00:10:00,70.97,82.60
129-04344,2020-08-15 00:20:00,68.19,62.30
129-04344,2020-08-15 00:30:00,68.05,82.00
129-04344,2020-08-15 00:40:00,72.99,72.90
129-04344,2020-08-15 00:50:00,73.86,70.33
129-04344,2020-08-15 01:00:00,66.40,71.80
129-04344,2020-08-15 01:10:00,66.30,76.40
129-04344,2020-08-15 01:20:00,69.66,98.33
129-04344,2020-08-15 01:30:00,71.00,92.00
129-04344,2020-08-15 01:40:00,68.77,85.00
129-04344,2020-08-15 01:50:00,66.14,86.29
129-04344,2020-08-15 02:00:00,64.75,80.00
129-04344,2020-08-15 02:10:00,65.00,86.25
129-04344,2020-08-15 02:20:00,66.88,94.11
129-04344,2020-08-15 02:30:00,71.77,57.80
129-04344,2020-08-15 02:40:00,72.33,68.10
129-04344,2020-08-15 02:50:00,66.30,79.10
129-04344,2020-08-15 03:00:00,68.47,93.00
129-04344,2020-08-15 03:10:00,68.19,89.50
129-04344,2020-08-15 03:20:00,67.10,77.67
129-04344,2020-08-15 03:30:00,,
129-04344,2020-08-15 03:40:00,65.25,84.25
129-04344,2020-08-15 03:50:00,69.58,88.30
129-04344,2020-08-15 04:00:00,69.19,93.00
129-04344,2020-08-15 04:10:00,67.38,91.20
129-04344,2020-08-15 04:20:00,69.14,73.00
129-04344,2020-08-15 04:30:00,76.46,42.10
129-04344,2020-08-15 04:40:00,71.03,84.70
129-04344,2020-08-15 04:50:00,75.31,69.50
129-04344,2020-08-15 05:00:00,70.14,87.10
129-04344,2020-08-15 05:10:00,67.79,51.70
129-04344,2020-08-15 05:20:00,67.24,68.30
129-04344,2020-08-15 05:30:00,70.98,93.88
129-04344,2020-08-15 05:40:00,71.00,92.70
129-04344,2020-08-15 05:50:00,71.66,79.60
129-04344,2020-08-15 06:00:00,75.26,68.30
129-04344,2020-08-15 06:10:00,73.68,85.70
129-04344,2020-08-15 06:20:00,75.51,74.10
129-04344,2020-08-15 06:30:00,71.42,96.20
129-04344,2020-08-15 06:40:00,79.69,72.10
129-04344,2020-08-15 06:50:00,79.89,67.50
129-04344,2020-08-15 07:00:00,76.48,96.90
129-04344,2020-08-15 07:10:00,76.67,94.10
129-04344,2020-08-15 07:20:00,74.58,96.70
129-04344,2020-08-15 07:30:00,73.57,99.30
129-04344,2020-08-15 07:40:00,73.08,99.80
129-04344,2020-08-15 07:50:00,73.67,100.00
129-04344,2020-08-15 08:00:00,74.19,98.70
129-04344,2020-08-15 08:10:00,76.79,99.50
129-04344,2020-08-15 08:20:00,78.09,87.50
129-04344,2020-08-15 08:30:00,74.37,95.20
129-04344,2020-08-15 08:40:00,71.93,99.80
129-04344,2020-08-15 08:50:00,70.92,99.10
129-04344,2020-08-15 09:00:00,71.57,100.00
129-04344,2020-08-15 09:10:00,73.55,91.20
129-04344,2020-08-15 09:20:00,75.49,92.90
129-04344,2020-08-15 09:30:00,72.59,100.00
129-04344,2020-08-15 09:40:00,71.29,100.00
129-04344,2020-08-15 09:50:00,73.49,99.70
129-04344,2020-08-15 10:00:00,75.38,98.20
129-04344,2020-08-15 10:10:00,72.57,98.40
129-04344,2020-08-15 10:20:00,73.67,100.00
129-04344,2020-08-15 10:30:00,70.60,100.00
129-04344,2020-08-15 10:40:00,70.89,100.00
129-04344,2020-08-15 10:50:00,71.68,100.00
129-04344,2020-08-15 11:00:00,72.09,99.50
129-04344,2020-08-15 11:10:00,71.78,100.00
129-04344,2020-08-15 11:20:00,70.99,100.00
129-04344,2020-08-15 11:30:00,72.07,100.00
129-04344,2020-08-15 11:40:00,72.07,99.50
129-04344,2020-08-15 11:50:00,72.98,100.00
129-04344,2020-08-15 12:00:00,70.09,100.00
129-04344,2020-08-15 12:10:00,71.48,100.00
129-04344,2020-08-15 12:20:00,73.19,100.00
129-04344,2020-08-15 12:30:00,72.78,99.80
129-04344,2020-08-15 12:40:00,71.98,100.00
129-04344,2020-08-15 12:50:00,71.28,100.00
129-04344,2020-08-15 13:00:00,68.58,100.00
129-04344,2020-08-15 13:10:00,73.98,100.00
129-04344,2020-08-15 13:20:00,73.00,99.90
129-04344,2020-08-15 13:30:00,72.17,99.90
129-04344,2020-08-15 13:40:00,71.99,100.00
129-04344,2020-08-15 13:50:00,72.98,100.00
129-04344,2020-08-15 14:00:00,71.10,100.00
129-04344,2020-08-15 14:10:00,74.67,99.80
129-04344,2020-08-15 14:20:00,73.99,100.00
129-04344,2020-08-15 14:30:00,73.59,100.00
129-04344,2020-08-15 14:40:00,75.48,100.00
129-04344,2020-08-15 14:50:00,72.99,100.00
129-04344,2020-08-15 15:00:00,73.58,99.70
129-04344,2020-08-15 15:10:00,74.09,100.00
129-04344,2020-08-15 15:20:00,74.19,99.90
129-04344,2020-08-15 15:30:00,72.69,100.00
129-04344,2020-08-15 15:40:00,71.57,100.00
129-04344,2020-08-15 15:50:00,75.70,100.00
129-04344,2020-08-15 16:00:00,71.75,100.00
129-04344,2020-08-15 16:10:00,70.70,100.00
129-04344,2020-08-15 16:20:00,74.36,92.00
129-04344,2020-08-15 16:30:00,71.59,100.00
129-04344,2020-08-15 16:40:00,71.49,100.00
129-04344,2020-08-15 16:50:00,75.10,100.00
129-04344,2020-08-15 17:00:00,74.59,100.00
129-04344,2020-08-15 17:10:00,74.39,100.00
129-04344,2020-08-15 17:20:00,75.19,100.00
129-04344,2020-08-15 17:30:00,75.37,98.30
129-04344,2020-08-15 17:40:00,74.29,100.00
129-04344,2020-08-15 17:50:00,72.99,100.00
129-04344,2020-08-15 18:00:00,72.80,100.00
129-04344,2020-08-15 18:10:00,74.38,99.70
129-04344,2020-08-15 18:20:00,73.38,100.00
129-04344,2020-08-15 18:30:00,71.59,100.00
129-04344,2020-08-15 18:40:00,73.57,100.00
129-04344,2020-08-15 18:50:00,73.19,100.00
129-04344,2020-08-15 19:00:00,72.39,100.00
129-04344,2020-08-15 19:10:00,74.49,100.00
129-04344,2020-08-15 19:20:00,75.69,100.00
129-04344,2020-08-15 19:30:00,74.90,100.00
129-04344,2020-08-15 19:40:00,72.96,100.00
129-04344,2020-08-15 19:50:00,71.98,100.00
129-04344,2020-08-15 20:00:00,74.78,100.00
129-04344,2020-08-15 20:10:00,73.59,100.00
129-04344,2020-08-15 20:20:00,75.09,94.60
129-04344,2020-08-15 20:30:00,76.29,95.90
129-04344,2020-08-15 20:40:00,73.25,99.10
129-04344,2020-08-15 20:50:00,71.49,98.20
129-04344,2020-08-15 21:00:00,72.18,100.00
129-04344,2020-08-15 21:10:00,72.89,97.90
129-04344,2020-08-15 21:20:00,73.59,99.90
129-04344,2020-08-15 21:30:00,74.74,82.60
129-04344,2020-08-15 21:40:00,73.25,96.00
129-04344,2020-08-15 21:50:00,72.08,98.10
129-04344,2020-08-15 22:00:00,71.29,99.90
129-04344,2020-08-15 22:10:00,73.60,97.30
129-04344,2020-08-15 22:20:00,71.90,94.70
129-04344,2020-08-15 22:30:00,68.29,100.00
129-04344,2020-08-15 22:40:00,70.49,99.60
129-04344,2020-08-15 22:50:00,70.26,100.00
129-04344,2020-08-15 23:00:00,73.90,97.30
129-04344,2020-08-15 23:10:00,71.95,88.40
129-04344,2020-08-15 23:20:00,70.30,89.50
129-04344,2020-08-15 23:30:00,69.66,85.90
129-04344,2020-08-15 23:40:00,74.02,76.70
129-04344,2020-08-15 23:50:00,73.27,74.80
129-04345,2020-08-15 00:00:00,67.00,60.50
129-04345,2020-08-15 00:10:00,74.00,88.50
129-04345,2020-08-15 00:20:00,71.36,91.44
129-04345,2020-08-15 00:30:00,66.29,92.80
129-04345,2020-08-15 00:40:00,67.63,75.30
129-04345,2020-08-15 00:50:00,73.63,62.00
129-04345,2020-08-15 01:00:00,74.26,70.11
129-04345,2020-08-15 01:10:00,67.88,97.44
129-04345,2020-08-15 01:20:00,70.00,100.00
129-04345,2020-08-15 01:30:00,74.00,97.00
129-04345,2020-08-15 01:40:00,74.00,99.00
129-04345,2020-08-15 01:50:00,,
129-04345,2020-08-15 02:00:00,,
129-04345,2020-08-15 02:10:00,,
129-04345,2020-08-15 02:20:00,71.07,72.00
129-04345,2020-08-15 02:30:00,77.59,81.60
129-04345,2020-08-15 02:40:00,76.00,100.00
129-04345,2020-08-15 02:50:00,63.79,51.20
129-04345,2020-08-15 03:00:00,67.89,79.40
129-04345,2020-08-15 03:10:00,67.19,75.80
129-04345,2020-08-15 03:20:00,68.90,98.30
129-04345,2020-08-15 03:30:00,61.57,71.33
129-04345,2020-08-15 03:40:00,65.00,99.50
129-04345,2020-08-15 03:50:00,68.28,94.90
129-04345,2020-08-15 04:00:00,71.85,80.75
129-04345,2020-08-15 04:10:00,73.00,81.63
129-04345,2020-08-15 04:20:00,65.39,75.56
129-04345,2020-08-15 04:30:00,75.73,57.50
129-04345,2020-08-15 04:40:00,71.28,92.89
129-04345,2020-08-15 04:50:00,67.76,81.80
129-04345,2020-08-15 05:00:00,70.11,98.25
129-04345,2020-08-15 05:10:00,78.00,75.88
129-04345,2020-08-15 05:20:00,67.78,83.75
129-04345,2020-08-15 05:30:00,68.48,93.80
129-04345,2020-08-15 05:40:00,68.38,89.10
129-04345,2020-08-15 05:50:00,72.08,80.20
129-04345,2020-08-15 06:00:00,72.35,82.50
129-04345,2020-08-15 06:10:00,70.18,87.60
129-04345,2020-08-15 06:20:00,74.46,72.10
129-04345,2020-08-15 06:30:00,70.99,81.10
129-04345,2020-08-15 06:40:00,79.21,59.90
129-04345,2020-08-15 06:50:00,75.66,89.90
129-04345,2020-08-15 07:00:00,78.04,95.60
129-04345,2020-08-15 07:10:00,75.73,98.50
129-04345,2020-08-15 07:20:00,73.24,99.30
129-04345,2020-08-15 07:30:00,74.39,100.00
129-04345,2020-08-15 07:40:00,70.59,100.00
129-04345,2020-08-15 07:50:00,72.26,100.00
129-04345,2020-08-15 08:00:00,74.98,100.00
129-04345,2020-08-15 08:10:00,76.30,100.00
129-04345,2020-08-15 08:20:00,74.34,100.00
129-04345,2020-08-15 08:30:00,75.09,100.00
129-04345,2020-08-15 08:40:00,70.99,100.00
129-04345,2020-08-15 08:50:00,71.24,100.00
129-04345,2020-08-15 09:00:00,65.57,92.40
129-04345,2020-08-15 09:10:00,71.67,100.00
129-04345,2020-08-15 09:20:00,70.89,100.00
129-04345,2020-08-15 09:30:00,70.19,100.00
129-04345,2020-08-15 09:40:00,72.25,94.70
129-04345,2020-08-15 09:50:00,72.63,77.50
129-04345,2020-08-15 10:00:00,69.65,100.00
129-04345,2020-08-15 10:10:00,67.40,93.50
129-04345,2020-08-15 10:20:00,69.05,100.00
129-04345,2020-08-15 10:30:00,71.27,93.10
129-04345,2020-08-15 10:40:00,73.44,100.00
129-04345,2020-08-15 10:50:00,71.68,100.00
129-04345,2020-08-15 11:00:00,69.07,100.00
129-04345,2020-08-15 11:10:00,72.59,100.00
129-04345,2020-08-15 11:20:00,70.36,100.00
129-04345,2020-08-15 11:30:00,66.75,100.00
129-04345,2020-08-15 11:40:00,67.51,100.00
129-04345,2020-08-15 11:50:00,67.27,100.00
129-04345,2020-08-15 12:00:00,68.95,100.00
129-04345,2020-08-15 12:10:00,68.17,100.00
129-04345,2020-08-15 12:20:00,66.57,100.00
129-04345,2020-08-15 12:30:00,69.16,100.00
129-04345,2020-08-15 12:40:00,68.27,100.00
129-04345,2020-08-15 12:50:00,66.74,100.00
129-04345,2020-08-15 13:00:00,69.21,100.00
129-04345,2020-08-15 13:10:00,72.15,100.00
129-04345,2020-08-15 13:20:00,73.92,100.00
129-04345,2020-08-15 13:30:00,70.79,100.00
129-04345,2020-08-15 13:40:00,68.69,100.00
129-04345,2020-08-15 13:50:00,71.27,100.00
129-04345,2020-08-15 14:00:00,66.69,100.00
129-04345,2020-08-15 14:10:00,71.87,100.00
129-04345,2020-08-15 14:20:00,72.73,100.00
129-04345,2020-08-15 14:30:00,71.98,100.00
129-04345,2020-08-15 14:40:00,71.96,100.00
129-04345,2020-08-15 14:50:00,68.95,100.00
129-04345,2020-08-15 15:00:00,68.87,100.00
129-04345,2020-08-15 15:10:00,67.59,100.00
129-04345,2020-08-15 15:20:00,68.56,100.00
129-04345,2020-08-15 15:30:00,72.34,100.00
129-04345,2020-08-15 15:40:00,70.71,100.00
129-04345,2020-08-15 15:50:00,69.37,100.00
129-04345,2020-08-15 16:00:00,69.84,100.00
129-04345,2020-08-15 16:10:00,70.99,100.00
129-04345,2020-08-15 16:20:00,68.65,100.00
129-04345,2020-08-15 16:30:00,69.88,100.00
129-04345,2020-08-15 16:40:00,69.94,100.00
129-04345,2020-08-15 16:50:00,72.76,100.00
129-04345,2020-08-15 17:00:00,73.03,100.00
129-04345,2020-08-15 17:10:00,73.92,100.00
129-04345,2020-08-15 17:20:00,73.71,97.00
129-04345,2020-08-15 17:30:00,72.83,100.00
129-04345,2020-08-15 17:40:00,74.28,100.00
129-04345,2020-08-15 17:50:00,71.68,100.00
129-04345,2020-08-15 18:00:00,70.99,100.00
129-04345,2020-08-15 18:10:00,70.09,100.00
129-04345,2020-08-15 18:20:00,69.19,100.00
129-04345,2020-08-15 18:30:00,69.85,100.00
129-04345,2020-08-15 18:40:00,71.79,100.00
129-04345,2020-08-15 18:50:00,68.25,100.00
129-04345,2020-08-15 19:00:00,71.38,100.00
129-04345,2020-08-15 19:10:00,73.47,96.10
129-04345,2020-08-15 19:20:00,75.51,91.80
129-04345,2020-08-15 19:30:00,72.26,100.00
129-04345,2020-08-15 19:40:00,69.08,100.00
129-04345,2020-08-15 19:50:00,72.71,100.00
129-04345,2020-08-15 20:00:00,73.25,100.00
129-04345,2020-08-15 20:10:00,70.09,100.00
129-04345,2020-08-15 20:20:00,70.66,100.00
129-04345,2020-08-15 20:30:00,71.66,100.00
129-04345,2020-08-15 20:40:00,69.09,100.00
129-04345,2020-08-15 20:50:00,65.69,94.70
129-04345,2020-08-15 21:00:00,64.38,68.40
129-04345,2020-08-15 21:10:00,66.95,80.80
129-04345,2020-08-15 21:20:00,68.79,100.00
129-04345,2020-08-15 21:30:00,71.42,100.00
129-04345,2020-08-15 21:40:00,69.10,93.40
129-04345,2020-08-15 21:50:00,72.64,68.00
129-04345,2020-08-15 22:00:00,70.78,100.00
129-04345,2020-08-15 22:10:00,72.40,87.40
129-04345,2020-08-15 22:20:00,67.17,79.20
129-04345,2020-08-15 22:30:00,70.10,52.50
129-04345,2020-08-15 22:40:00,68.07,100.00
129-04345,2020-08-15 22:50:00,66.97,100.00
129-04345,2020-08-15 23:00:00,70.58,94.50
129-04345,2020-08-15 23:10:00,70.82,86.20
129-04345,2020-08-15 23:20:00,71.69,95.00
129-04345,2020-08-15 23:30:00,71.81,84.70
129-04345,2020-08-15 23:40:00,68.36,71.60
129-04345,2020-08-15 23:50:00,69.83,75.00
129-04342,2020-08-15 00:00:00,72.57,60.20
129-04342,2020-08-15 00:10:00,72.32,87.20
129-04342,2020-08-15 00:20:00,66.20,35.75
129-04342,2020-08-15 00:30:00,66.27,63.60
129-04342,2020-08-15 00:40:00,68.59,94.10
129-04342,2020-08-15 00:50:00,65.58,75.00
129-04342,2020-08-15 01:00:00,62.39,57.00
129-04342,2020-08-15 01:10:00,66.76,73.83
129-04342,2020-08-15 01:20:00,71.00,71.83
129-04342,2020-08-15 01:30:00,,
129-04342,2020-08-15 01:40:00,,
129-04342,2020-08-15 01:50:00,65.58,86.00
129-04342,2020-08-15 02:00:00,65.00,89.00
129-04342,2020-08-15 02:10:00,65.00,99.50
129-04342,2020-08-15 02:20:00,69.00,86.25
129-04342,2020-08-15 02:30:00,69.30,86.80
129-04342,2020-08-15 02:40:00,68.63,84.10
129-04342,2020-08-15 02:50:00,65.00,83.22
129-04342,2020-08-15 03:00:00,66.66,90.57
129-04342,2020-08-15 03:10:00,70.39,85.80
129-04342,2020-08-15 03:20:00,71.38,78.67
129-04342,2020-08-15 03:30:00,68.50,100.00
129-04342,2020-08-15 03:40:00,68.86,99.71
129-04342,2020-08-15 03:50:00,73.64,69.86
129-04342,2020-08-15 04:00:00,69.56,91.40
129-04342,2020-08-15 04:10:00,68.98,94.40
129-04342,2020-08-15 04:20:00,67.40,89.90
129-04342,2020-08-15 04:30:00,77.51,33.40
129-04342,2020-08-15 04:40:00,69.76,71.90
129-04342,2020-08-15 04:50:00,73.13,67.50
129-04342,2020-08-15 05:00:00,72.59,99.20
129-04342,2020-08-15 05:10:00,69.84,83.88
129-04342,2020-08-15 05:20:00,69.56,86.43
129-04342,2020-08-15 05:30:00,68.16,77.90
129-04342,2020-08-15 05:40:00,70.35,88.90
129-04342,2020-08-15 05:50:00,71.19,92.40
129-04342,2020-08-15 06:00:00,77.60,39.40
129-04342,2020-08-15 06:10:00,72.89,97.20
129-04342,2020-08-15 06:20:00,73.28,90.60
129-04342,2020-08-15 06:30:00,73.48,97.90
129-04342,2020-08-15 06:40:00,75.51,88.90
129-04342,2020-08-15 06:50:00,76.38,70.60
129-04342,2020-08-15 07:00:00,82.47,35.60
129-04342,2020-08-15 07:10:00,72.21,99.50
129-04342,2020-08-15 07:20:00,69.74,100.00
129-04342,2020-08-15 07:30:00,71.10,100.00
129-04342,2020-08-15 07:40:00,74.93,95.20
129-04342,2020-08-15 07:50:00,74.23,99.40
129-04342,2020-08-15 08:00:00,74.97,100.00
129-04342,2020-08-15 08:10:00,76.20,100.00
129-04342,2020-08-15 08:20:00,78.10,99.00
129-04342,2020-08-15 08:30:00,75.24,94.50
129-04342,2020-08-15 08:40:00,77.07,97.00
129-04342,2020-08-15 08:50:00,65.37,56.67
129-04342,2020-08-15 09:00:00,72.47,99.60
129-04342,2020-08-15 09:10:00,70.87,100.00
129-04342,2020-08-15 09:20:00,74.79,100.00
129-04342,2020-08-15 09:30:00,70.59,100.00
129-04342,2020-08-15 09:40:00,71.06,100.00
129-04342,2020-08-15 09:50:00,72.28,100.00
129-04342,2020-08-15 10:00:00,70.06,100.00
129-04342,2020-08-15 10:10:00,73.15,100.00
129-04342,2020-08-15 10:20:00,76.44,81.50
129-04342,2020-08-15 10:30:00,70.24,100.00
129-04342,2020-08-15 10:40:00,68.48,100.00
129-04342,2020-08-15 10:50:00,69.94,100.00
129-04342,2020-08-15 11:00:00,74.07,100.00
129-04342,2020-08-15 11:10:00,72.14,100.00
129-04342,2020-08-15 11:20:00,70.29,100.00
129-04342,2020-08-15 11:30:00,69.66,100.00
129-04342,2020-08-15 11:40:00,70.19,100.00
129-04342,2020-08-15 11:50:00,72.76,100.00
129-04342,2020-08-15 12:00:00,69.78,100.00
129-04342,2020-08-15 12:10:00,70.10,100.00
129-04342,2020-08-15 12:20:00,69.69,100.00
129-04342,2020-08-15 12:30:00,71.98,100.00
129-04342,2020-08-15 12:40:00,71.46,100.00
129-04342,2020-08-15 12:50:00,72.49,100.00
129-04342,2020-08-15 13:00:00,70.86,100.00
129-04342,2020-08-15 13:10:00,72.73,100.00
129-04342,2020-08-15 13:20:00,75.45,100.00
129-04342,2020-08-15 13:30:00,71.06,100.00
129-04342,2020-08-15 13:40:00,73.57,100.00
129-04342,2020-08-15 13:50:00,72.29,100.00
129-04342,2020-08-15 14:00:00,74.56,100.00
129-04342,2020-08-15 14:10:00,74.76,100.00
129-04342,2020-08-15 14:20:00,74.70,100.00
129-04342,2020-08-15 14:30:00,72.07,100.00
129-04342,2020-08-15 14:40:00,73.05,100.00
129-04342,2020-08-15 14:50:00,75.27,100.00
129-04342,2020-08-15 15:00:00,74.20,100.00
129-04342,2020-08-15 15:10:00,72.55,100.00
129-04342,2020-08-15 15:20:00,73.89,100.00
129-04342,2020-08-15 15:30:00,73.99,100.00
129-04342,2020-08-15 15:40:00,73.35,100.00
129-04342,2020-08-15 15:50:00,71.76,100.00
129-04342,2020-08-15 16:00:00,72.35,100.00
129-04342,2020-08-15 16:10:00,70.93,100.00
129-04342,2020-08-15 16:20:00,72.54,100.00
129-04342,2020-08-15 16:30:00,69.81,100.00
129-04342,2020-08-15 16:40:00,72.29,100.00
129-04342,2020-08-15 16:50:00,75.58,100.00
129-04342,2020-08-15 17:00:00,73.08,100.00
129-04342,2020-08-15 17:10:00,75.95,100.00
129-04342,2020-08-15 17:20:00,75.14,100.00
129-04342,2020-08-15 17:30:00,72.39,100.00
129-04342,2020-08-15 17:40:00,71.84,86.80
129-04342,2020-08-15 17:50:00,73.33,100.00
129-04342,2020-08-15 18:00:00,76.67,93.30
129-04342,2020-08-15 18:10:00,77.35,91.80
129-04342,2020-08-15 18:20:00,70.55,100.00
129-04342,2020-08-15 18:30:00,71.78,100.00
129-04342,2020-08-15 18:40:00,69.88,100.00
129-04342,2020-08-15 18:50:00,75.81,90.10
129-04342,2020-08-15 19:00:00,73.13,100.00
129-04342,2020-08-15 19:10:00,71.23,100.00
129-04342,2020-08-15 19:20:00,74.06,100.00
129-04342,2020-08-15 19:30:00,72.08,100.00
129-04342,2020-08-15 19:40:00,72.19,100.00
129-04342,2020-08-15 19:50:00,72.24,100.00
129-04342,2020-08-15 20:00:00,76.01,79.20
129-04342,2020-08-15 20:10:00,71.55,100.00
129-04342,2020-08-15 20:20:00,73.87,100.00
129-04342,2020-08-15 20:30:00,72.29,100.00
129-04342,2020-08-15 20:40:00,70.50,100.00
129-04342,2020-08-15 20:50:00,68.79,100.00
129-04342,2020-08-15 21:00:00,71.76,100.00
129-04342,2020-08-15 21:10:00,70.49,100.00
129-04342,2020-08-15 21:20:00,66.68,82.60
129-04342,2020-08-15 21:30:00,70.75,100.00
129-04342,2020-08-15 21:40:00,70.27,100.00
129-04342,2020-08-15 21:50:00,66.98,100.00
129-04342,2020-08-15 22:00:00,66.69,100.00
129-04342,2020-08-15 22:10:00,74.70,57.50
129-04342,2020-08-15 22:20:00,74.67,77.70
129-04342,2020-08-15 22:30:00,65.61,64.20
129-04342,2020-08-15 22:40:00,66.41,78.80
129-04342,2020-08-15 22:50:00,67.65,84.90
129-04342,2020-08-15 23:00:00,70.60,92.80
129-04342,2020-08-15 23:10:00,71.00,90.40
129-04342,2020-08-15 23:20:00,71.14,85.30
129-04342,2020-08-15 23:30:00,71.23,86.90
129-04342,2020-08-15 23:40:00,73.83,87.10
129-04342,2020-08-15 23:50:00,71.07,87.70
129-04343,2020-08-15 00:00:00,75.36,83.30
129-04343,2020-08-15 00:10:00,70.07,83.50
129-04343,2020-08-15 00:20:00,66.09,39.10
129-04343,2020-08-15 00:30:00,65.38,57.90
129-04343,2020-08-15 00:40:00,68.59,95.50
129-04343,2020-08-15 00:50:00,68.47,97.40
129-04343,2020-08-15 01:00:00,65.57,93.50
129-04343,2020-08-15 01:10:00,63.03,66.50
129-04343,2020-08-15 01:20:00,69.00,86.25
129-04343,2020-08-15 01:30:00,,
129-04343,2020-08-15 01:40:00,,
129-04343,2020-08-15 01:50:00,63.00,90.63
129-04343,2020-08-15 02:00:00,67.00,95.00
129-04343,2020-08-15 02:10:00,67.00,94.33
129-04343,2020-08-15 02:20:00,68.23,90.25
129-04343,2020-08-15 02:30:00,70.49,73.50
129-04343,2020-08-15 02:40:00,71.58,83.60
129-04343,2020-08-15 02:50:00,66.58,78.80
129-04343,2020-08-15 03:00:00,67.11,89.29
129-04343,2020-08-15 03:10:00,69.06,90.70
129-04343,2020-08-15 03:20:00,68.40,69.13
129-04343,2020-08-15 03:30:00,67.00,99.25
129-04343,2020-08-15 03:40:00,66.40,94.71
129-04343,2020-08-15 03:50:00,69.12,77.80
129-04343,2020-08-15 04:00:00,69.89,95.20
129-04343,2020-08-15 04:10:00,68.68,98.60
129-04343,2020-08-15 04:20:00,66.59,94.60
129-04343,2020-08-15 04:30:00,78.17,25.60
129-04343,2020-08-15 04:40:00,71.87,86.90
129-04343,2020-08-15 04:50:00,76.95,59.70
129-04343,2020-08-15 05:00:00,74.59,95.50
129-04343,2020-08-15 05:10:00,74.61,97.25
129-04343,2020-08-15 05:20:00,67.10,37.40
129-04343,2020-08-15 05:30:00,68.34,55.60
129-04343,2020-08-15 05:40:00,70.49,95.30
129-04343,2020-08-15 05:50:00,67.42,84.20
129-04343,2020-08-15 06:00:00,74.77,58.60
129-04343,2020-08-15 06:10:00,74.79,73.30
129-04343,2020-08-15 06:20:00,76.76,55.70
129-04343,2020-08-15 06:30:00,70.92,100.00
129-04343,2020-08-15 06:40:00,77.26,75.40
129-04343,2020-08-15 06:50:00,79.65,65.50
129-04343,2020-08-15 07:00:00,75.58,84.30
129-04343,2020-08-15 07:10:00,70.13,99.80
129-04343,2020-08-15 07:20:00,71.79,99.90
129-04343,2020-08-15 07:30:00,69.69,100.00
129-04343,2020-08-15 07:40:00,71.65,98.60
129-04343,2020-08-15 07:50:00,74.27,100.00
129-04343,2020-08-15 08:00:00,74.47,99.20
129-04343,2020-08-15 08:10:00,76.86,100.00
129-04343,2020-08-15 08:20:00,77.38,97.10
129-04343,2020-08-15 08:30:00,75.09,84.60
129-04343,2020-08-15 08:40:00,69.86,100.00
129-04343,2020-08-15 08:50:00,67.19,91.70
129-04343,2020-08-15 09:00:00,70.69,100.00
129-04343,2020-08-15 09:10:00,70.17,100.00
129-04343,2020-08-15 09:20:00,76.29,83.00
129-04343,2020-08-15 09:30:00,73.87,100.00
129-04343,2020-08-15 09:40:00,71.47,100.00
129-04343,2020-08-15 09:50:00,73.28,100.00
129-04343,2020-08-15 10:00:00,72.08,100.00
129-04343,2020-08-15 10:10:00,71.98,97.00
129-04343,2020-08-15 10:20:00,76.47,100.00
129-04343,2020-08-15 10:30:00,70.33,100.00
129-04343,2020-08-15 10:40:00,68.18,100.00
129-04343,2020-08-15 10:50:00,68.69,100.00
129-04343,2020-08-15 11:00:00,71.19,100.00
129-04343,2020-08-15 11:10:00,71.36,100.00
129-04343,2020-08-15 11:20:00,70.97,100.00
129-04343,2020-08-15 11:30:00,69.29,100.00
129-04343,2020-08-15 11:40:00,69.44,100.00
129-04343,2020-08-15 11:50:00,69.18,100.00
129-04343,2020-08-15 12:00:00,68.59,100.00
129-04343,2020-08-15 12:10:00,70.29,100.00
129-04343,2020-08-15 12:20:00,71.28,100.00
129-04343,2020-08-15 12:30:00,71.59,100.00
129-04343,2020-08-15 12:40:00,70.99,100.00
129-04343,2020-08-15 12:50:00,72.58,100.00
129-04343,2020-08-15 13:00:00,69.99,100.00
129-04343,2020-08-15 13:10:00,71.37,100.00
129-04343,2020-08-15 13:20:00,73.27,100.00
129-04343,2020-08-15 13:30:00,71.10,100.00
129-04343,2020-08-15 13:40:00,72.08,100.00
129-04343,2020-08-15 13:50:00,72.58,100.00
129-04343,2020-08-15 14:00:00,73.16,100.00
129-04343,2020-08-15 14:10:00,71.38,100.00
129-04343,2020-08-15 14:20:00,71.59,100.00
129-04343,2020-08-15 14:30:00,73.16,100.00
129-04343,2020-08-15 14:40:00,73.26,100.00
129-04343,2020-08-15 14:50:00,73.07,100.00
129-04343,2020-08-15 15:00:00,73.08,100.00
129-04343,2020-08-15 15:10:00,72.19,100.00
129-04343,2020-08-15 15:20:00,72.05,100.00
129-04343,2020-08-15 15:30:00,72.19,100.00
129-04343,2020-08-15 15:40:00,71.76,100.00
129-04343,2020-08-15 15:50:00,72.99,100.00
129-04343,2020-08-15 16:00:00,73.66,100.00
129-04343,2020-08-15 16:10:00,70.64,100.00
129-04343,2020-08-15 16:20:00,69.18,100.00
129-04343,2020-08-15 16:30:00,68.97,100.00
129-04343,2020-08-15 16:40:00,69.89,100.00
129-04343,2020-08-15 16:50:00,74.35,100.00
129-04343,2020-08-15 17:00:00,72.08,100.00
129-04343,2020-08-15 17:10:00,72.94,100.00
129-04343,2020-08-15 17:20:00,73.96,100.00
129-04343,2020-08-15 17:30:00,75.15,96.40
129-04343,2020-08-15 17:40:00,73.49,100.00
129-04343,2020-08-15 17:50:00,73.43,100.00
129-04343,2020-08-15 18:00:00,72.51,100.00
129-04343,2020-08-15 18:10:00,71.56,100.00
129-04343,2020-08-15 18:20:00,71.71,100.00
129-04343,2020-08-15 18:30:00,72.17,100.00
129-04343,2020-08-15 18:40:00,73.06,100.00
129-04343,2020-08-15 18:50:00,75.20,100.00
129-04343,2020-08-15 19:00:00,71.06,100.00
129-04343,2020-08-15 19:10:00,72.95,100.00
129-04343,2020-08-15 19:20:00,72.47,100.00
129-04343,2020-08-15 19:30:00,72.59,100.00
129-04343,2020-08-15 19:40:00,74.39,100.00
129-04343,2020-08-15 19:50:00,72.84,97.00
129-04343,2020-08-15 20:00:00,75.05,100.00
129-04343,2020-08-15 20:10:00,69.98,100.00
129-04343,2020-08-15 20:20:00,76.26,87.80
129-04343,2020-08-15 20:30:00,76.20,97.50
129-04343,2020-08-15 20:40:00,72.39,98.40
129-04343,2020-08-15 20:50:00,69.29,100.00
129-04343,2020-08-15 21:00:00,72.86,92.00
129-04343,2020-08-15 21:10:00,64.85,61.50
129-04343,2020-08-15 21:20:00,70.67,100.00
129-04343,2020-08-15 21:30:00,70.39,100.00
129-04343,2020-08-15 21:40:00,73.84,74.70
129-04343,2020-08-15 21:50:00,74.36,83.30
129-04343,2020-08-15 22:00:00,67.90,100.00
129-04343,2020-08-15 22:10:00,75.64,73.10
129-04343,2020-08-15 22:20:00,77.27,72.70
129-04343,2020-08-15 22:30:00,71.59,100.00
129-04343,2020-08-15 22:40:00,69.59,100.00
129-04343,2020-08-15 22:50:00,70.06,100.00
129-04343,2020-08-15 23:00:00,72.55,96.70
129-04343,2020-08-15 23:10:00,76.12,60.20
129-04343,2020-08-15 23:20:00,70.76,92.40
129-04343,2020-08-15 23:30:00,71.28,95.00
129-04343,2020-08-15 23:40:00,74.36,91.60
129-04343,2020-08-15 23:50:00,74.67,95.40
129-04340,2020-08-15 00:00:00,69.25,76.30
129-04340,2020-08-15 00:10:00,76.34,48.30
129-04340,2020-08-15 00:20:00,72.93,34.00
129-04340,2020-08-15 00:30:00,66.00,63.40
129-04340,2020-08-15 00:40:00,63.36,77.89
129-04340,2020-08-15 00:50:00,69.92,89.00
129-04340,2020-08-15 01:00:00,65.74,85.70
129-04340,2020-08-15 01:10:00,56.35,40.70
129-04340,2020-08-15 01:20:00,60.17,83.30
129-04340,2020-08-15 01:30:00,,
129-04340,2020-08-15 01:40:00,73.00,60.00
129-04340,2020-08-15 01:50:00,70.65,29.33
129-04340,2020-08-15 02:00:00,65.15,40.40
129-04340,2020-08-15 02:10:00,50.00,33.10
129-04340,2020-08-15 02:20:00,63.70,87.33
129-04340,2020-08-15 02:30:00,66.33,86.80
129-04340,2020-08-15 02:40:00,69.82,71.60
129-04340,2020-08-15 02:50:00,66.89,67.20
129-04340,2020-08-15 03:00:00,63.69,83.70
129-04340,2020-08-15 03:10:00,70.41,66.70
129-04340,2020-08-15 03:20:00,63.32,74.90
129-04340,2020-08-15 03:30:00,65.49,80.00
129-04340,2020-08-15 03:40:00,68.00,89.60
129-04340,2020-08-15 03:50:00,71.00,62.50
129-04340,2020-08-15 04:00:00,64.89,69.10
129-04340,2020-08-15 04:10:00,65.47,94.80
129-04340,2020-08-15 04:20:00,67.62,90.80
129-04340,2020-08-15 04:30:00,69.56,61.80
129-04340,2020-08-15 04:40:00,72.32,64.50
129-04340,2020-08-15 04:50:00,69.04,54.30
129-04340,2020-08-15 05:00:00,72.88,81.80
129-04340,2020-08-15 05:10:00,68.55,85.00
129-04340,2020-08-15 05:20:00,63.83,47.67
129-04340,2020-08-15 05:30:00,65.00,80.00
129-04340,2020-08-15 05:40:00,65.98,84.40
129-04340,2020-08-15 05:50:00,71.18,77.90
129-04340,2020-08-15 06:00:00,74.64,46.30
129-04340,2020-08-15 06:10:00,74.12,73.80
129-04340,2020-08-15 06:20:00,70.63,100.00
129-04340,2020-08-15 06:30:00,76.46,74.00
129-04340,2020-08-15 06:40:00,74.75,92.60
129-04340,2020-08-15 06:50:00,76.68,96.70
129-04340,2020-08-15 07:00:00,77.39,86.10
129-04340,2020-08-15 07:10:00,74.93,97.80
129-04340,2020-08-15 07:20:00,67.38,100.00
129-04340,2020-08-15 07:30:00,66.88,100.00
129-04340,2020-08-15 07:40:00,67.47,100.00
129-04340,2020-08-15 07:50:00,68.19,100.00
129-04340,2020-08-15 08:00:00,74.86,80.30
129-04340,2020-08-15 08:10:00,72.13,86.40
129-04340,2020-08-15 08:20:00,74.19,100.00
129-04340,2020-08-15 08:30:00,70.61,100.00
129-04340,2020-08-15 08:40:00,68.16,100.00
129-04340,2020-08-15 08:50:00,68.93,100.00
129-04340,2020-08-15 09:00:00,66.82,74.10
129-04340,2020-08-15 09:10:00,69.39,100.00
129-04340,2020-08-15 09:20:00,68.86,100.00
129-04340,2020-08-15 09:30:00,68.44,100.00
129-04340,2020-08-15 09:40:00,66.27,86.60
129-04340,2020-08-15 09:50:00,71.02,100.00
129-04340,2020-08-15 10:00:00,70.32,93.20
129-04340,2020-08-15 10:10:00,72.13,89.50
129-04340,2020-08-15 10:20:00,75.71,57.40
129-04340,2020-08-15 10:30:00,69.38,100.00
129-04340,2020-08-15 10:40:00,63.90,78.30
129-04340,2020-08-15 10:50:00,67.36,100.00
129-04340,2020-08-15 11:00:00,74.87,79.70
129-04340,2020-08-15 11:10:00,68.22,97.50
129-04340,2020-08-15 11:20:00,65.58,92.00
129-04340,2020-08-15 11:30:00,65.09,97.90
129-04340,2020-08-15 11:40:00,66.76,96.30
129-04340,2020-08-15 11:50:00,67.65,100.00
129-04340,2020-08-15 12:00:00,67.90,100.00
129-04340,2020-08-15 12:10:00,70.78,100.00
129-04340,2020-08-15 12:20:00,68.15,100.00
129-04340,2020-08-15 12:30:00,70.61,93.50
129-04340,2020-08-15 12:40:00,69.66,100.00
129-04340,2020-08-15 12:50:00,68.09,100.00
129-04340,2020-08-15 13:00:00,69.18,100.00
129-04340,2020-08-15 13:10:00,67.39,100.00
129-04340,2020-08-15 13:20:00,70.47,100.00
129-04340,2020-08-15 13:30:00,67.96,100.00
129-04340,2020-08-15 13:40:00,66.15,100.00
129-04340,2020-08-15 13:50:00,59.74,100.00
129-04340,2020-08-15 14:00:00,54.62,100.00
129-04340,2020-08-15 14:10:00,54.26,100.00
129-04340,2020-08-15 14:20:00,68.28,100.00
129-04340,2020-08-15 14:30:00,68.28,100.00
129-04340,2020-08-15 14:40:00,68.36,100.00
129-04340,2020-08-15 14:50:00,74.32,94.20
129-04340,2020-08-15 15:00:00,69.38,100.00
129-04340,2020-08-15 15:10:00,68.53,100.00
129-04340,2020-08-15 15:20:00,71.32,100.00
129-04340,2020-08-15 15:30:00,71.00,100.00
129-04340,2020-08-15 15:40:00,70.29,100.00
129-04340,2020-08-15 15:50:00,71.00,100.00
129-04340,2020-08-15 16:00:00,68.19,100.00
129-04340,2020-08-15 16:10:00,69.12,100.00
129-04340,2020-08-15 16:20:00,63.93,83.60
129-04340,2020-08-15 16:30:00,65.71,91.80
129-04340,2020-08-15 16:40:00,71.33,75.90
129-04340,2020-08-15 16:50:00,67.38,100.00
129-04340,2020-08-15 17:00:00,67.53,100.00
129-04340,2020-08-15 17:10:00,66.80,97.20
129-04340,2020-08-15 17:20:00,65.73,96.80
129-04340,2020-08-15 17:30:00,70.73,100.00
129-04340,2020-08-15 17:40:00,69.52,94.00
129-04340,2020-08-15 17:50:00,70.50,91.00
129-04340,2020-08-15 18:00:00,67.78,100.00
129-04340,2020-08-15 18:10:00,66.26,89.90
129-04340,2020-08-15 18:20:00,67.94,100.00
129-04340,2020-08-15 18:30:00,70.51,100.00
129-04340,2020-08-15 18:40:00,68.59,100.00
129-04340,2020-08-15 18:50:00,67.08,100.00
129-04340,2020-08-15 19:00:00,65.88,100.00
129-04340,2020-08-15 19:10:00,67.72,100.00
129-04340,2020-08-15 19:20:00,69.57,100.00
129-04340,2020-08-15 19:30:00,72.66,100.00
129-04340,2020-08-15 19:40:00,69.97,100.00
129-04340,2020-08-15 19:50:00,65.74,87.90
129-04340,2020-08-15 20:00:00,69.04,100.00
129-04340,2020-08-15 20:10:00,66.66,100.00
129-04340,2020-08-15 20:20:00,63.60,88.50
129-04340,2020-08-15 20:30:00,64.77,90.70
129-04340,2020-08-15 20:40:00,65.40,100.00
129-04340,2020-08-15 20:50:00,66.05,95.70
129-04340,2020-08-15 21:00:00,68.34,81.90
129-04340,2020-08-15 21:10:00,65.22,84.80
129-04340,2020-08-15 21:20:00,63.04,82.20
129-04340,2020-08-15 21:30:00,64.07,92.50
129-04340,2020-08-15 21:40:00,61.81,80.00
129-04340,2020-08-15 21:50:00,66.21,100.00
129-04340,2020-08-15 22:00:00,59.95,72.50
129-04340,2020-08-15 22:10:00,70.46,99.90
129-04340,2020-08-15 22:20:00,69.30,100.00
129-04340,2020-08-15 22:30:00,66.47,100.00
129-04340,2020-08-15 22:40:00,64.17,93.56
129-04340,2020-08-15 22:50:00,68.32,100.00
129-04340,2020-08-15 23:00:00,69.79,93.90
129-04340,2020-08-15 23:10:00,67.68,89.10
129-04340,2020-08-15 23:20:00,69.05,88.40
129-04340,2020-08-15 23:30:00,67.09,97.00
129-04340,2020-08-15 23:40:00,66.29,94.30
129-04340,2020-08-15 23:50:00,63.98,82.90
129-04341,2020-08-15 00:00:00,74.21,61.70
129-04341,2020-08-15 00:10:00,77.47,68.70
129-04341,2020-08-15 00:20:00,71.50,50.70
129-04341,2020-08-15 00:30:00,67.85,60.10
129-04341,2020-08-15 00:40:00,69.69,86.90
129-04341,2020-08-15 00:50:00,69.94,84.20
129-04341,2020-08-15 01:00:00,66.60,77.60
129-04341,2020-08-15 01:10:00,66.80,89.00
129-04341,2020-08-15 01:20:00,66.00,83.00
129-04341,2020-08-15 01:30:00,,
129-04341,2020-08-15 01:40:00,,
129-04341,2020-08-15 01:50:00,68.00,96.75
129-04341,2020-08-15 02:00:00,68.00,98.00
129-04341,2020-08-15 02:10:00,67.00,94.00
129-04341,2020-08-15 02:20:00,69.00,97.50
129-04341,2020-08-15 02:30:00,70.45,83.80
129-04341,2020-08-15 02:40:00,73.99,69.00
129-04341,2020-08-15 02:50:00,67.95,72.50
129-04341,2020-08-15 03:00:00,67.09,80.13
129-04341,2020-08-15 03:10:00,70.48,92.25
129-04341,2020-08-15 03:20:00,70.50,82.30
129-04341,2020-08-15 03:30:00,70.00,97.50
129-04341,2020-08-15 03:40:00,70.00,96.33
129-04341,2020-08-15 03:50:00,77.92,40.60
129-04341,2020-08-15 04:00:00,71.38,92.00
129-04341,2020-08-15 04:10:00,69.60,88.30
129-04341,2020-08-15 04:20:00,68.79,83.90
129-04341,2020-08-15 04:30:00,77.24,41.10
129-04341,2020-08-15 04:40:00,72.06,72.80
129-04341,2020-08-15 04:50:00,73.60,54.80
129-04341,2020-08-15 05:00:00,74.77,92.50
129-04341,2020-08-15 05:10:00,73.94,74.00
129-04341,2020-08-15 05:20:00,70.25,70.25
129-04341,2020-08-15 05:30:00,68.00,61.50
129-04341,2020-08-15 05:40:00,69.16,73.50
129-04341,2020-08-15 05:50:00,73.11,93.67
129-04341,2020-08-15 06:00:00,79.05,37.67
129-04341,2020-08-15 06:10:00,75.32,86.50
129-04341,2020-08-15 06:20:00,73.24,89.00
129-04341,2020-08-15 06:30:00,78.02,75.50
129-04341,2020-08-15 06:40:00,77.46,87.80
129-04341,2020-08-15 06:50:00,82.49,49.60
129-04341,2020-08-15 07:00:00,79.49,84.50
129-04341,2020-08-15 07:10:00,74.55,92.60
129-04341,2020-08-15 07:20:00,71.88,100.00
129-04341,2020-08-15 07:30:00,73.49,99.80
129-04341,2020-08-15 07:40:00,74.76,96.90
129-04341,2020-08-15 07:50:00,75.04,90.80
129-04341,2020-08-15 08:00:00,73.83,94.00
129-04341,2020-08-15 08:10:00,76.48,100.00
129-04341,2020-08-15 08:20:00,76.59,99.10
129-04341,2020-08-15 08:30:00,78.20,88.20
129-04341,2020-08-15 08:40:00,76.66,92.80
129-04341,2020-08-15 08:50:00,71.88,100.00
129-04341,2020-08-15 09:00:00,75.89,95.00
129-04341,2020-08-15 09:10:00,76.59,94.60
129-04341,2020-08-15 09:20:00,75.49,98.50
129-04341,2020-08-15 09:30:00,73.69,100.00
129-04341,2020-08-15 09:40:00,75.69,99.60
129-04341,2020-08-15 09:50:00,76.30,100.00
129-04341,2020-08-15 10:00:00,75.55,91.60
129-04341,2020-08-15 10:10:00,75.25,96.40
129-04341,2020-08-15 10:20:00,78.46,95.20
129-04341,2020-08-15 10:30:00,71.87,100.00
129-04341,2020-08-15 10:40:00,68.46,81.90
129-04341,2020-08-15 10:50:00,74.57,95.80
129-04341,2020-08-15 11:00:00,75.30,98.10
129-04341,2020-08-15 11:10:00,73.73,98.00
129-04341,2020-08-15 11:20:00,73.06,100.00
129-04341,2020-08-15 11:30:00,69.77,98.10
129-04341,2020-08-15 11:40:00,72.18,100.00
129-04341,2020-08-15 11:50:00,72.78,100.00
129-04341,2020-08-15 12:00:00,71.42,100.00
129-04341,2020-08-15 12:10:00,72.09,94.70
129-04341,2020-08-15 12:20:00,71.20,100.00
129-04341,2020-08-15 12:30:00,73.95,100.00
129-04341,2020-08-15 12:40:00,74.74,100.00
129-04341,2020-08-15 12:50:00,73.08,100.00
129-04341,2020-08-15 13:00:00,73.26,100.00
129-04341,2020-08-15 13:10:00,72.49,100.00
129-04341,2020-08-15 13:20:00,76.88,99.10
129-04341,2020-08-15 13:30:00,73.17,100.00
129-04341,2020-08-15 13:40:00,73.68,100.00
129-04341,2020-08-15 13:50:00,73.78,100.00
129-04341,2020-08-15 14:00:00,74.69,100.00
129-04341,2020-08-15 14:10:00,74.49,100.00
129-04341,2020-08-15 14:20:00,77.39,87.80
129-04341,2020-08-15 14:30:00,75.29,100.00
129-04341,2020-08-15 14:40:00,73.78,100.00
129-04341,2020-08-15 14:50:00,74.68,100.00
129-04341,2020-08-15 15:00:00,72.79,100.00
129-04341,2020-08-15 15:10:00,74.28,100.00
129-04341,2020-08-15 15:20:00,75.17,100.00
129-04341,2020-08-15 15:30:00,78.20,100.00
129-04341,2020-08-15 15:40:00,76.37,100.00
129-04341,2020-08-15 15:50:00,75.50,100.00
129-04341,2020-08-15 16:00:00,76.78,100.00
129-04341,2020-08-15 16:10:00,74.28,100.00
129-04341,2020-08-15 16:20:00,75.19,100.00
129-04341,2020-08-15 16:30:00,72.43,100.00
129-04341,2020-08-15 16:40:00,76.09,100.00
129-04341,2020-08-15 16:50:00,75.10,100.00
129-04341,2020-08-15 17:00:00,76.09,100.00
129-04341,2020-08-15 17:10:00,75.89,100.00
129-04341,2020-08-15 17:20:00,75.39,97.80
129-04341,2020-08-15 17:30:00,73.86,100.00
129-04341,2020-08-15 17:40:00,73.60,99.10
129-04341,2020-08-15 17:50:00,72.85,98.80
129-04341,2020-08-15 18:00:00,76.77,91.70
129-04341,2020-08-15 18:10:00,73.36,99.10
129-04341,2020-08-15 18:20:00,77.89,80.90
129-04341,2020-08-15 18:30:00,77.89,99.80
129-04341,2020-08-15 18:40:00,70.36,85.10
129-04341,2020-08-15 18:50:00,73.80,98.50
129-04341,2020-08-15 19:00:00,72.54,99.80
129-04341,2020-08-15 19:10:00,73.49,100.00
129-04341,2020-08-15 19:20:00,76.08,96.60
129-04341,2020-08-15 19:30:00,75.88,98.00
129-04341,2020-08-15 19:40:00,74.28,100.00
129-04341,2020-08-15 19:50:00,73.78,97.50
129-04341,2020-08-15 20:00:00,75.36,100.00
129-04341,2020-08-15 20:10:00,72.15,100.00
129-04341,2020-08-15 20:20:00,73.29,100.00
129-04341,2020-08-15 20:30:00,74.07,100.00
129-04341,2020-08-15 20:40:00,71.59,100.00
129-04341,2020-08-15 20:50:00,70.69,100.00
129-04341,2020-08-15 21:00:00,76.07,75.80
129-04341,2020-08-15 21:10:00,69.99,87.90
129-04341,2020-08-15 21:20:00,67.77,87.60
129-04341,2020-08-15 21:30:00,73.29,94.40
129-04341,2020-08-15 21:40:00,70.39,85.60
129-04341,2020-08-15 21:50:00,75.55,75.50
129-04341,2020-08-15 22:00:00,73.96,77.90
129-04341,2020-08-15 22:10:00,76.09,76.20
129-04341,2020-08-15 22:20:00,76.46,82.10
129-04341,2020-08-15 22:30:00,72.59,100.00
129-04341,2020-08-15 22:40:00,71.69,99.90
129-04341,2020-08-15 22:50:00,70.90,100.00
129-04341,2020-08-15 23:00:00,73.78,95.60
129-04341,2020-08-15 23:10:00,75.87,74.80
129-04341,2020-08-15 23:20:00,70.47,83.40
129-04341,2020-08-15 23:30:00,72.57,94.60
129-04341,2020-08-15 23:40:00,70.96,84.60
129-04341,2020-08-15 23:50:00,70.85,72.80
129N04378,2020-08-15 00:00:00,72.81,36.20
129N04378,2020-08-15 00:10:00,60.40,39.75
129N04378,2020-08-15 00:20:00,67.28,98.86
129N04378,2020-08-15 00:30:00,62.35,69.40
129N04378,2020-08-15 00:40:00,64.49,87.50
129N04378,2020-08-15 00:50:00,68.16,76.90
129N04378,2020-08-15 01:00:00,66.19,96.10
129N04378,2020-08-15 01:10:00,68.98,74.88
129N04378,2020-08-15 01:20:00,59.00,55.67
129N04378,2020-08-15 01:30:00,66.55,88.86
129N04378,2020-08-15 01:40:00,74.27,29.30
129N04378,2020-08-15 01:50:00,78.62,31.25
129N04378,2020-08-15 02:00:00,73.70,74.33
129N04378,2020-08-15 02:10:00,73.19,99.40
129N04378,2020-08-15 02:20:00,58.16,6.00
129N04378,2020-08-15 02:30:00,60.33,36.50
129N04378,2020-08-15 02:40:00,66.00,89.00
129N04378,2020-08-15 02:50:00,,
129N04378,2020-08-15 03:00:00,66.21,49.25
129N04378,2020-08-15 03:10:00,70.83,44.67
129N04378,2020-08-15 03:20:00,59.40,56.56
129N04378,2020-08-15 03:30:00,57.39,47.00
129N04378,2020-08-15 03:40:00,70.00,76.00
129N04378,2020-08-15 03:50:00,70.00,77.63
129N04378,2020-08-15 04:00:00,67.12,88.50
129N04378,2020-08-15 04:10:00,65.79,97.30
129N04378,2020-08-15 04:20:00,59.46,43.70
129N04378,2020-08-15 04:30:00,62.38,86.40
129N04378,2020-08-15 04:40:00,63.97,79.70
129N04378,2020-08-15 04:50:00,69.43,55.30
129N04378,2020-08-15 05:00:00,63.42,91.70
129N04378,2020-08-15 05:10:00,67.39,84.30
129N04378,2020-08-15 05:20:00,74.75,33.10
129N04378,2020-08-15 05:30:00,68.83,74.70
129N04378,2020-08-15 05:40:00,72.07,66.20
129N04378,2020-08-15 05:50:00,70.44,96.50
129N04378,2020-08-15 06:00:00,73.64,84.40
129N04378,2020-08-15 06:10:00,70.47,97.50
129N04378,2020-08-15 06:20:00,68.34,91.50
129N04378,2020-08-15 06:30:00,68.24,91.30
129N04378,2020-08-15 06:40:00,70.99,99.60
129N04378,2020-08-15 06:50:00,70.18,100.00
129N04378,2020-08-15 07:00:00,72.18,100.00
129N04378,2020-08-15 07:10:00,70.98,100.00
129N04378,2020-08-15 07:20:00,72.80,100.00
129N04378,2020-08-15 07:30:00,72.74,99.80
129N04378,2020-08-15 07:40:00,70.69,100.00
129N04378,2020-08-15 07:50:00,70.08,100.00
129N04378,2020-08-15 08:00:00,71.20,100.00
129N04378,2020-08-15 08:10:00,68.99,100.00
129N04378,2020-08-15 08:20:00,73.06,100.00
129N04378,2020-08-15 08:30:00,70.87,100.00
129N04378,2020-08-15 08:40:00,65.16,100.00
129N04378,2020-08-15 08:50:00,65.04,100.00
129N04378,2020-08-15 09:00:00,66.95,100.00
129N04378,2020-08-15 09:10:00,67.87,100.00
129N04378,2020-08-15 09:20:00,65.57,100.00
129N04378,2020-08-15 09:30:00,64.08,100.00
129N04378,2020-08-15 09:40:00,66.46,100.00
129N04378,2020-08-15 09:50:00,66.07,100.00
129N04378,2020-08-15 10:00:00,66.36,100.00
129N04378,2020-08-15 10:10:00,64.97,100.00
129N04378,2020-08-15 10:20:00,65.38,98.60
129N04378,2020-08-15 10:30:00,65.80,100.00
129N04378,2020-08-15 10:40:00,64.19,100.00
129N04378,2020-08-15 10:50:00,59.97,100.00
129N04378,2020-08-15 11:00:00,64.27,100.00
129N04378,2020-08-15 11:10:00,65.69,100.00
129N04378,2020-08-15 11:20:00,63.16,100.00
129N04378,2020-08-15 11:30:00,61.35,100.00
129N04378,2020-08-15 11:40:00,61.49,100.00
129N04378,2020-08-15 11:50:00,63.97,100.00
129N04378,2020-08-15 12:00:00,61.81,100.00
129N04378,2020-08-15 12:10:00,64.75,100.00
129N04378,2020-08-15 12:20:00,62.53,100.00
129N04378,2020-08-15 12:30:00,61.26,100.00
129N04378,2020-08-15 12:40:00,64.69,100.00
129N04378,2020-08-15 12:50:00,63.79,99.20
129N04378,2020-08-15 13:00:00,63.98,100.00
129N04378,2020-08-15 13:10:00,63.10,100.00
129N04378,2020-08-15 13:20:00,63.19,100.00
129N04378,2020-08-15 13:30:00,63.79,100.00
129N04378,2020-08-15 13:40:00,64.36,100.00
129N04378,2020-08-15 13:50:00,64.17,100.00
129N04378,2020-08-15 14:00:00,63.59,100.00
129N04378,2020-08-15 14:10:00,63.98,100.00
129N04378,2020-08-15 14:20:00,62.28,100.00
129N04378,2020-08-15 14:30:00,60.87,100.00
129N04378,2020-08-15 14:40:00,62.79,100.00
129N04378,2020-08-15 14:50:00,61.68,100.00
129N04378,2020-08-15 15:00:00,61.09,100.00
129N04378,2020-08-15 15:10:00,63.59,100.00
129N04378,2020-08-15 15:20:00,63.88,100.00
129N04378,2020-08-15 15:30:00,64.46,100.00
129N04378,2020-08-15 15:40:00,64.25,100.00
129N04378,2020-08-15 15:50:00,63.87,100.00
129N04378,2020-08-15 16:00:00,64.99,100.00
129N04378,2020-08-15 16:10:00,65.87,100.00
129N04378,2020-08-15 16:20:00,63.96,100.00
129N04378,2020-08-15 16:30:00,65.89,100.00
129N04378,2020-08-15 16:40:00,65.56,100.00
129N04378,2020-08-15 16:50:00,63.88,100.00
129N04378,2020-08-15 17:00:00,64.08,100.00
129N04378,2020-08-15 17:10:00,66.99,100.00
129N04378,2020-08-15 17:20:00,65.79,100.00
129N04378,2020-08-15 17:30:00,65.08,100.00
129N04378,2020-08-15 17:40:00,63.17,100.00
129N04378,2020-08-15 17:50:00,47.33,100.00
129N04378,2020-08-15 18:00:00,37.45,100.00
129N04378,2020-08-15 18:10:00,54.89,100.00
129N04378,2020-08-15 18:20:00,68.28,100.00
129N04378,2020-08-15 18:30:00,66.84,90.40
129N04378,2020-08-15 18:40:00,66.98,100.00
129N04378,2020-08-15 18:50:00,68.29,100.00
129N04378,2020-08-15 19:00:00,68.49,100.00
129N04378,2020-08-15 19:10:00,66.08,100.00
129N04378,2020-08-15 19:20:00,65.35,100.00
129N04378,2020-08-15 19:30:00,68.76,100.00
129N04378,2020-08-15 19:40:00,68.36,100.00
129N04378,2020-08-15 19:50:00,68.84,100.00
129N04378,2020-08-15 20:00:00,66.65,100.00
129N04378,2020-08-15 20:10:00,65.18,100.00
129N04378,2020-08-15 20:20:00,63.64,100.00
129N04378,2020-08-15 20:30:00,67.57,89.00
129N04378,2020-08-15 20:40:00,63.17,99.80
129N04378,2020-08-15 20:50:00,62.30,100.00
129N04378,2020-08-15 21:00:00,68.45,85.90
129N04378,2020-08-15 21:10:00,66.26,100.00
129N04378,2020-08-15 21:20:00,66.66,99.50
129N04378,2020-08-15 21:30:00,62.56,100.00
129N04378,2020-08-15 21:40:00,66.33,95.30
129N04378,2020-08-15 21:50:00,65.23,100.00
129N04378,2020-08-15 22:00:00,68.05,91.40
129N04378,2020-08-15 22:10:00,64.27,100.00
129N04378,2020-08-15 22:20:00,63.46,100.00
129N04378,2020-08-15 22:30:00,64.78,95.00
129N04378,2020-08-15 22:40:00,64.90,97.60
129N04378,2020-08-15 22:50:00,66.81,86.30
129N04378,2020-08-15 23:00:00,66.62,88.67
129N04378,2020-08-15 23:10:00,62.33,78.30
129N04378,2020-08-15 23:20:00,69.30,44.80
129N04378,2020-08-15 23:30:00,69.76,83.50
129N04378,2020-08-15 23:40:00,69.71,86.60
129N04378,2020-08-15 23:50:00,66.21,87.70
129N04379,2020-08-15 00:00:00,69.64,82.90
129N04379,2020-08-15 00:10:00,56.01,17.67
129N04379,2020-08-15 00:20:00,62.57,83.30
129N04379,2020-08-15 00:30:00,62.56,93.40
129N04379,2020-08-15 00:40:00,67.31,73.70
129N04379,2020-08-15 00:50:00,67.23,75.40
129N04379,2020-08-15 01:00:00,64.98,99.20
129N04379,2020-08-15 01:10:00,71.34,52.40
129N04379,2020-08-15 01:20:00,62.50,35.70
129N04379,2020-08-15 01:30:00,63.24,75.78
129N04379,2020-08-15 01:40:00,72.32,47.80
129N04379,2020-08-15 01:50:00,76.50,35.25
129N04379,2020-08-15 02:00:00,70.79,83.89
129N04379,2020-08-15 02:10:00,72.68,88.80
129N04379,2020-08-15 02:20:00,59.69,13.83
129N04379,2020-08-15 02:30:00,58.11,24.00
129N04379,2020-08-15 02:40:00,,
129N04379,2020-08-15 02:50:00,,
129N04379,2020-08-15 03:00:00,67.18,48.75
129N04379,2020-08-15 03:10:00,68.42,52.86
129N04379,2020-08-15 03:20:00,60.69,56.60
129N04379,2020-08-15 03:30:00,58.00,47.00
129N04379,2020-08-15 03:40:00,68.66,80.22
129N04379,2020-08-15 03:50:00,69.55,73.11
129N04379,2020-08-15 04:00:00,67.23,87.60
129N04379,2020-08-15 04:10:00,65.17,88.60
129N04379,2020-08-15 04:20:00,60.34,42.70
129N04379,2020-08-15 04:30:00,62.59,89.30
129N04379,2020-08-15 04:40:00,64.32,75.00
129N04379,2020-08-15 04:50:00,71.39,32.90
129N04379,2020-08-15 05:00:00,62.27,48.80
129N04379,2020-08-15 05:10:00,65.69,80.44
129N04379,2020-08-15 05:20:00,75.44,35.20
129N04379,2020-08-15 05:30:00,63.81,62.50
129N04379,2020-08-15 05:40:00,70.90,82.80
129N04379,2020-08-15 05:50:00,69.19,98.70
129N04379,2020-08-15 06:00:00,69.50,66.10
129N04379,2020-08-15 06:10:00,69.15,97.50
129N04379,2020-08-15 06:20:00,69.93,85.60
129N04379,2020-08-15 06:30:00,69.25,96.10
129N04379,2020-08-15 06:40:00,69.98,99.00
129N04379,2020-08-15 06:50:00,70.18,100.00
129N04379,2020-08-15 07:00:00,74.38,100.00
129N04379,2020-08-15 07:10:00,72.38,100.00
129N04379,2020-08-15 07:20:00,73.29,100.00
129N04379,2020-08-15 07:30:00,72.05,100.00
129N04379,2020-08-15 07:40:00,69.39,100.00
129N04379,2020-08-15 07:50:00,70.39,100.00
129N04379,2020-08-15 08:00:00,69.69,100.00
129N04379,2020-08-15 08:10:00,68.25,100.00
129N04379,2020-08-15 08:20:00,72.28,100.00
129N04379,2020-08-15 08:30:00,69.81,100.00
129N04379,2020-08-15 08:40:00,67.18,100.00
129N04379,2020-08-15 08:50:00,66.49,100.00
129N04379,2020-08-15 09:00:00,66.56,100.00
129N04379,2020-08-15 09:10:00,66.77,100.00
129N04379,2020-08-15 09:20:00,64.64,100.00
129N04379,2020-08-15 09:30:00,65.11,100.00
129N04379,2020-08-15 09:40:00,67.18,100.00
129N04379,2020-08-15 09:50:00,65.58,100.00
129N04379,2020-08-15 10:00:00,65.68,100.00
129N04379,2020-08-15 10:10:00,66.69,98.70
129N04379,2020-08-15 10:20:00,65.68,100.00
129N04379,2020-08-15 10:30:00,64.89,100.00
129N04379,2020-08-15 10:40:00,63.82,100.00
129N04379,2020-08-15 10:50:00,62.76,100.00
129N04379,2020-08-15 11:00:00,63.80,100.00
129N04379,2020-08-15 11:10:00,63.98,100.00
129N04379,2020-08-15 11:20:00,63.54,100.00
129N04379,2020-08-15 11:30:00,63.38,100.00
129N04379,2020-08-15 11:40:00,62.50,100.00
129N04379,2020-08-15 11:50:00,63.97,100.00
129N04379,2020-08-15 12:00:00,64.37,100.00
129N04379,2020-08-15 12:10:00,65.09,100.00
129N04379,2020-08-15 12:20:00,65.07,100.00
129N04379,2020-08-15 12:30:00,62.20,100.00
129N04379,2020-08-15 12:40:00,64.47,98.00
129N04379,2020-08-15 12:50:00,65.68,99.00
129N04379,2020-08-15 13:00:00,63.90,100.00
129N04379,2020-08-15 13:10:00,64.29,100.00
129N04379,2020-08-15 13:20:00,64.88,100.00
129N04379,2020-08-15 13:30:00,64.57,100.00
129N04379,2020-08-15 13:40:00,64.28,100.00
129N04379,2020-08-15 13:50:00,62.90,100.00
129N04379,2020-08-15 14:00:00,63.00,100.00
129N04379,2020-08-15 14:10:00,63.19,100.00
129N04379,2020-08-15 14:20:00,61.80,100.00
129N04379,2020-08-15 14:30:00,62.80,100.00
129N04379,2020-08-15 14:40:00,62.79,100.00
129N04379,2020-08-15 14:50:00,62.88,100.00
129N04379,2020-08-15 15:00:00,62.80,100.00
129N04379,2020-08-15 15:10:00,62.70,100.00
129N04379,2020-08-15 15:20:00,63.68,100.00
129N04379,2020-08-15 15:30:00,64.89,100.00
129N04379,2020-08-15 15:40:00,64.28,100.00
129N04379,2020-08-15 15:50:00,65.34,100.00
129N04379,2020-08-15 16:00:00,63.38,100.00
129N04379,2020-08-15 16:10:00,63.04,100.00
129N04379,2020-08-15 16:20:00,60.08,100.00
129N04379,2020-08-15 16:30:00,64.28,100.00
129N04379,2020-08-15 16:40:00,65.68,100.00
129N04379,2020-08-15 16:50:00,66.48,100.00
129N04379,2020-08-15 17:00:00,64.48,100.00
129N04379,2020-08-15 17:10:00,66.39,100.00
129N04379,2020-08-15 17:20:00,66.29,100.00
129N04379,2020-08-15 17:30:00,64.58,100.00
129N04379,2020-08-15 17:40:00,64.37,100.00
129N04379,2020-08-15 17:50:00,62.87,100.00
129N04379,2020-08-15 18:00:00,62.30,100.00
129N04379,2020-08-15 18:10:00,65.56,100.00
129N04379,2020-08-15 18:20:00,68.00,100.00
129N04379,2020-08-15 18:30:00,67.07,95.40
129N04379,2020-08-15 18:40:00,67.19,100.00
129N04379,2020-08-15 18:50:00,68.79,100.00
129N04379,2020-08-15 19:00:00,69.49,100.00
129N04379,2020-08-15 19:10:00,66.79,100.00
129N04379,2020-08-15 19:20:00,64.86,100.00
129N04379,2020-08-15 19:30:00,68.34,100.00
129N04379,2020-08-15 19:40:00,65.75,100.00
129N04379,2020-08-15 19:50:00,67.79,100.00
129N04379,2020-08-15 20:00:00,66.35,100.00
129N04379,2020-08-15 20:10:00,65.99,100.00
129N04379,2020-08-15 20:20:00,65.08,100.00
129N04379,2020-08-15 20:30:00,64.44,100.00
129N04379,2020-08-15 20:40:00,62.39,100.00
129N04379,2020-08-15 20:50:00,64.67,99.90
129N04379,2020-08-15 21:00:00,65.38,100.00
129N04379,2020-08-15 21:10:00,64.97,100.00
129N04379,2020-08-15 21:20:00,64.73,99.70
129N04379,2020-08-15 21:30:00,60.89,100.00
129N04379,2020-08-15 21:40:00,67.68,83.40
129N04379,2020-08-15 21:50:00,66.38,100.00
129N04379,2020-08-15 22:00:00,64.96,99.10
129N04379,2020-08-15 22:10:00,65.45,99.50
129N04379,2020-08-15 22:20:00,67.62,84.70
129N04379,2020-08-15 22:30:00,64.82,97.30
129N04379,2020-08-15 22:40:00,68.75,100.00
129N04379,2020-08-15 22:50:00,64.82,99.40
129N04379,2020-08-15 23:00:00,66.56,93.30
129N04379,2020-08-15 23:10:00,62.95,76.40
129N04379,2020-08-15 23:20:00,67.48,77.30
129N04379,2020-08-15 23:30:00,68.78,94.00
129N04379,2020-08-15 23:40:00,69.58,79.20
129N04379,2020-08-15 23:50:00,65.66,92.40
129N04376,2020-08-15 00:00:00,59.02,71.20
129N04376,2020-08-15 00:10:00,55.48,67.83
129N04376,2020-08-15 00:20:00,59.40,93.40
129N04376,2020-08-15 00:30:00,63.67,61.10
129N04376,2020-08-15 00:40:00,56.98,68.10
129N04376,2020-08-15 00:50:00,56.08,79.38
129N04376,2020-08-15 01:00:00,59.44,90.40
129N04376,2020-08-15 01:10:00,59.43,79.60
129N04376,2020-08-15 01:20:00,,
129N04376,2020-08-15 01:30:00,69.83,30.00
129N04376,2020-08-15 01:40:00,67.92,58.20
129N04376,2020-08-15 01:50:00,63.08,88.78
129N04376,2020-08-15 02:00:00,72.76,64.00
129N04376,2020-08-15 02:10:00,59.00,29.30
129N04376,2020-08-15 02:20:00,56.16,43.40
129N04376,2020-08-15 02:30:00,59.40,89.00
129N04376,2020-08-15 02:40:00,,
129N04376,2020-08-15 02:50:00,,
129N04376,2020-08-15 03:00:00,56.00,92.40
129N04376,2020-08-15 03:10:00,,
129N04376,2020-08-15 03:20:00,56.49,94.63
129N04376,2020-08-15 03:30:00,54.98,98.50
129N04376,2020-08-15 03:40:00,61.66,70.50
129N04376,2020-08-15 03:50:00,65.24,55.67
129N04376,2020-08-15 04:00:00,69.36,44.30
129N04376,2020-08-15 04:10:00,58.70,65.50
129N04376,2020-08-15 04:20:00,57.68,68.30
129N04376,2020-08-15 04:30:00,56.99,72.86
129N04376,2020-08-15 04:40:00,59.05,78.90
129N04376,2020-08-15 04:50:00,70.85,17.40
129N04376,2020-08-15 05:00:00,73.00,27.33
129N04376,2020-08-15 05:10:00,,
129N04376,2020-08-15 05:20:00,63.86,66.50
129N04376,2020-08-15 05:30:00,67.83,77.70
129N04376,2020-08-15 05:40:00,71.74,73.50
129N04376,2020-08-15 05:50:00,66.94,92.20
129N04376,2020-08-15 06:00:00,67.72,76.70
129N04376,2020-08-15 06:10:00,72.38,79.60
129N04376,2020-08-15 06:20:00,65.74,84.20
129N04376,2020-08-15 06:30:00,68.06,100.00
129N04376,2020-08-15 06:40:00,64.67,100.00
129N04376,2020-08-15 06:50:00,64.79,99.70
129N04376,2020-08-15 07:00:00,66.25,100.00
129N04376,2020-08-15 07:10:00,72.97,91.10
129N04376,2020-08-15 07:20:00,73.23,97.90
129N04376,2020-08-15 07:30:00,65.72,100.00
129N04376,2020-08-15 07:40:00,65.34,100.00
129N04376,2020-08-15 07:50:00,63.87,100.00
129N04376,2020-08-15 08:00:00,64.69,100.00
129N04376,2020-08-15 08:10:00,66.18,100.00
129N04376,2020-08-15 08:20:00,63.82,100.00
129N04376,2020-08-15 08:30:00,64.50,100.00
129N04376,2020-08-15 08:40:00,58.62,100.00
129N04376,2020-08-15 08:50:00,58.58,100.00
129N04376,2020-08-15 09:00:00,57.46,100.00
129N04376,2020-08-15 09:10:00,63.45,97.40
129N04376,2020-08-15 09:20:00,60.30,100.00
129N04376,2020-08-15 09:30:00,59.01,100.00
129N04376,2020-08-15 09:40:00,63.06,100.00
129N04376,2020-08-15 09:50:00,63.40,100.00
129N04376,2020-08-15 10:00:00,56.80,100.00
129N04376,2020-08-15 10:10:00,60.66,100.00
129N04376,2020-08-15 10:20:00,57.77,100.00
129N04376,2020-08-15 10:30:00,59.48,100.00
129N04376,2020-08-15 10:40:00,58.97,100.00
129N04376,2020-08-15 10:50:00,53.67,100.00
129N04376,2020-08-15 11:00:00,55.15,100.00
129N04376,2020-08-15 11:10:00,58.45,100.00
129N04376,2020-08-15 11:20:00,57.24,100.00
129N04376,2020-08-15 11:30:00,58.99,100.00
129N04376,2020-08-15 11:40:00,58.06,100.00
129N04376,2020-08-15 11:50:00,55.40,100.00
129N04376,2020-08-15 12:00:00,50.22,100.00
129N04376,2020-08-15 12:10:00,56.79,100.00
129N04376,2020-08-15 12:20:00,58.25,100.00
129N04376,2020-08-15 12:30:00,54.59,100.00
129N04376,2020-08-15 12:40:00,50.04,100.00
129N04376,2020-08-15 12:50:00,43.79,100.00
129N04376,2020-08-15 13:00:00,53.67,100.00
129N04376,2020-08-15 13:10:00,56.57,100.00
129N04376,2020-08-15 13:20:00,50.29,100.00
129N04376,2020-08-15 13:30:00,58.00,100.00
129N04376,2020-08-15 13:40:00,57.79,100.00
129N04376,2020-08-15 13:50:00,58.88,98.30
129N04376,2020-08-15 14:00:00,59.87,100.00
129N04376,2020-08-15 14:10:00,60.73,100.00
129N04376,2020-08-15 14:20:00,57.74,100.00
129N04376,2020-08-15 14:30:00,56.09,100.00
129N04376,2020-08-15 14:40:00,52.44,100.00
129N04376,2020-08-15 14:50:00,51.29,100.00
129N04376,2020-08-15 15:00:00,49.47,100.00
129N04376,2020-08-15 15:10:00,56.53,100.00
129N04376,2020-08-15 15:20:00,60.08,100.00
129N04376,2020-08-15 15:30:00,61.04,100.00
129N04376,2020-08-15 15:40:00,56.92,100.00
129N04376,2020-08-15 15:50:00,59.20,100.00
129N04376,2020-08-15 16:00:00,59.21,100.00
129N04376,2020-08-15 16:10:00,58.37,100.00
129N04376,2020-08-15 16:20:00,62.05,100.00
129N04376,2020-08-15 16:30:00,61.73,100.00
129N04376,2020-08-15 16:40:00,61.32,100.00
129N04376,2020-08-15 16:50:00,57.62,100.00
129N04376,2020-08-15 17:00:00,61.23,100.00
129N04376,2020-08-15 17:10:00,59.16,100.00
129N04376,2020-08-15 17:20:00,60.87,100.00
129N04376,2020-08-15 17:30:00,58.78,100.00
129N04376,2020-08-15 17:40:00,60.03,100.00
129N04376,2020-08-15 17:50:00,65.35,100.00
129N04376,2020-08-15 18:00:00,61.58,100.00
129N04376,2020-08-15 18:10:00,63.97,100.00
129N04376,2020-08-15 18:20:00,60.97,100.00
129N04376,2020-08-15 18:30:00,57.36,100.00
129N04376,2020-08-15 18:40:00,65.20,100.00
129N04376,2020-08-15 18:50:00,63.27,100.00
129N04376,2020-08-15 19:00:00,62.37,100.00
129N04376,2020-08-15 19:10:00,60.66,99.90
129N04376,2020-08-15 19:20:00,58.43,99.20
129N04376,2020-08-15 19:30:00,65.47,100.00
129N04376,2020-08-15 19:40:00,60.81,100.00
129N04376,2020-08-15 19:50:00,61.42,100.00
129N04376,2020-08-15 20:00:00,58.71,99.80
129N04376,2020-08-15 20:10:00,61.71,99.50
129N04376,2020-08-15 20:20:00,59.45,98.20
129N04376,2020-08-15 20:30:00,53.51,98.80
129N04376,2020-08-15 20:40:00,57.42,97.80
129N04376,2020-08-15 20:50:00,59.52,96.00
129N04376,2020-08-15 21:00:00,62.41,92.60
129N04376,2020-08-15 21:10:00,62.08,100.00
129N04376,2020-08-15 21:20:00,60.53,94.20
129N04376,2020-08-15 21:30:00,58.81,97.70
129N04376,2020-08-15 21:40:00,61.22,98.30
129N04376,2020-08-15 21:50:00,62.15,99.30
129N04376,2020-08-15 22:00:00,59.69,88.30
129N04376,2020-08-15 22:10:00,59.54,94.80
129N04376,2020-08-15 22:20:00,59.46,100.00
129N04376,2020-08-15 22:30:00,62.92,97.10
129N04376,2020-08-15 22:40:00,62.49,100.00
129N04376,2020-08-15 22:50:00,60.69,85.20
129N04376,2020-08-15 23:00:00,63.97,70.60
129N04376,2020-08-15 23:10:00,60.01,88.10
129N04376,2020-08-15 23:20:00,62.68,49.60
129N04376,2020-08-15 23:30:00,71.87,45.40
129N04376,2020-08-15 23:40:00,71.19,68.70
129N04376,2020-08-15 23:50:00,59.96,58.57
129N04377,2020-08-15 00:00:00,66.46,82.00
129N04377,2020-08-15 00:10:00,58.76,39.00
129N04377,2020-08-15 00:20:00,61.00,76.20
129N04377,2020-08-15 00:30:00,53.45,62.40
129N04377,2020-08-15 00:40:00,62.70,92.20
129N04377,2020-08-15 00:50:00,66.69,73.70
129N04377,2020-08-15 01:00:00,61.77,89.60
129N04377,2020-08-15 01:10:00,61.84,89.30
129N04377,2020-08-15 01:20:00,56.47,68.38
129N04377,2020-08-15 01:30:00,64.87,64.88
129N04377,2020-08-15 01:40:00,68.75,48.00
129N04377,2020-08-15 01:50:00,61.43,97.67
129N04377,2020-08-15 02:00:00,71.84,56.88
129N04377,2020-08-15 02:10:00,71.39,74.50
129N04377,2020-08-15 02:20:00,56.39,27.75
129N04377,2020-08-15 02:30:00,56.32,47.33
129N04377,2020-08-15 02:40:00,61.00,86.00
129N04377,2020-08-15 02:50:00,,
129N04377,2020-08-15 03:00:00,60.40,83.00
129N04377,2020-08-15 03:10:00,63.00,81.13
129N04377,2020-08-15 03:20:00,57.00,88.00
129N04377,2020-08-15 03:30:00,55.48,80.50
129N04377,2020-08-15 03:40:00,69.00,45.83
129N04377,2020-08-15 03:50:00,69.74,53.25
129N04377,2020-08-15 04:00:00,66.91,72.50
129N04377,2020-08-15 04:10:00,61.17,74.10
129N04377,2020-08-15 04:20:00,57.94,42.60
129N04377,2020-08-15 04:30:00,60.20,74.83
129N04377,2020-08-15 04:40:00,62.05,82.60
129N04377,2020-08-15 04:50:00,69.78,30.00
129N04377,2020-08-15 05:00:00,63.60,43.50
129N04377,2020-08-15 05:10:00,62.62,88.50
129N04377,2020-08-15 05:20:00,66.54,42.70
129N04377,2020-08-15 05:30:00,67.60,73.10
129N04377,2020-08-15 05:40:00,67.14,85.50
129N04377,2020-08-15 05:50:00,68.69,96.30
129N04377,2020-08-15 06:00:00,65.73,83.40
129N04377,2020-08-15 06:10:00,68.39,96.40
129N04377,2020-08-15 06:20:00,68.46,94.90
129N04377,2020-08-15 06:30:00,66.46,100.00
129N04377,2020-08-15 06:40:00,67.07,99.20
129N04377,2020-08-15 06:50:00,66.59,100.00
129N04377,2020-08-15 07:00:00,66.79,100.00
129N04377,2020-08-15 07:10:00,71.58,100.00
129N04377,2020-08-15 07:20:00,70.98,100.00
129N04377,2020-08-15 07:30:00,69.95,100.00
129N04377,2020-08-15 07:40:00,67.17,100.00
129N04377,2020-08-15 07:50:00,67.16,100.00
129N04377,2020-08-15 08:00:00,70.08,99.70
129N04377,2020-08-15 08:10:00,66.15,100.00
129N04377,2020-08-15 08:20:00,71.56,97.60
129N04377,2020-08-15 08:30:00,67.94,100.00
129N04377,2020-08-15 08:40:00,61.27,100.00
129N04377,2020-08-15 08:50:00,59.83,100.00
129N04377,2020-08-15 09:00:00,61.39,100.00
129N04377,2020-08-15 09:10:00,63.04,100.00
129N04377,2020-08-15 09:20:00,59.49,100.00
129N04377,2020-08-15 09:30:00,60.26,100.00
129N04377,2020-08-15 09:40:00,64.07,100.00
129N04377,2020-08-15 09:50:00,60.43,100.00
129N04377,2020-08-15 10:00:00,59.56,100.00
129N04377,2020-08-15 10:10:00,57.08,100.00
129N04377,2020-08-15 10:20:00,58.16,100.00
129N04377,2020-08-15 10:30:00,59.59,100.00
129N04377,2020-08-15 10:40:00,61.09,100.00
129N04377,2020-08-15 10:50:00,56.49,100.00
129N04377,2020-08-15 11:00:00,57.28,100.00
129N04377,2020-08-15 11:10:00,59.15,100.00
129N04377,2020-08-15 11:20:00,57.76,100.00
129N04377,2020-08-15 11:30:00,57.79,100.00
129N04377,2020-08-15 11:40:00,57.50,100.00
129N04377,2020-08-15 11:50:00,57.80,100.00
129N04377,2020-08-15 12:00:00,55.56,100.00
129N04377,2020-08-15 12:10:00,59.64,100.00
129N04377,2020-08-15 12:20:00,57.14,99.90
129N04377,2020-08-15 12:30:00,55.84,100.00
129N04377,2020-08-15 12:40:00,56.13,100.00
129N04377,2020-08-15 12:50:00,53.00,100.00
129N04377,2020-08-15 13:00:00,56.67,100.00
129N04377,2020-08-15 13:10:00,56.97,100.00
129N04377,2020-08-15 13:20:00,56.40,100.00
129N04377,2020-08-15 13:30:00,59.86,100.00
129N04377,2020-08-15 13:40:00,59.17,100.00
129N04377,2020-08-15 13:50:00,57.67,100.00
129N04377,2020-08-15 14:00:00,58.49,100.00
129N04377,2020-08-15 14:10:00,58.49,100.00
129N04377,2020-08-15 14:20:00,58.10,100.00
129N04377,2020-08-15 14:30:00,56.80,100.00
129N04377,2020-08-15 14:40:00,55.15,100.00
129N04377,2020-08-15 14:50:00,55.16,100.00
129N04377,2020-08-15 15:00:00,56.99,100.00
129N04377,2020-08-15 15:10:00,58.28,100.00
129N04377,2020-08-15 15:20:00,59.07,99.40
129N04377,2020-08-15 15:30:00,59.70,100.00
129N04377,2020-08-15 15:40:00,57.50,100.00
129N04377,2020-08-15 15:50:00,61.09,100.00
129N04377,2020-08-15 16:00:00,60.48,100.00
129N04377,2020-08-15 16:10:00,58.86,100.00
129N04377,2020-08-15 16:20:00,62.88,100.00
129N04377,2020-08-15 16:30:00,61.28,100.00
129N04377,2020-08-15 16:40:00,61.52,100.00
129N04377,2020-08-15 16:50:00,58.27,100.00
129N04377,2020-08-15 17:00:00,59.14,100.00
129N04377,2020-08-15 17:10:00,59.26,100.00
129N04377,2020-08-15 17:20:00,60.69,100.00
129N04377,2020-08-15 17:30:00,60.29,100.00
129N04377,2020-08-15 17:40:00,59.81,100.00
129N04377,2020-08-15 17:50:00,56.85,100.00
129N04377,2020-08-15 18:00:00,56.32,100.00
129N04377,2020-08-15 18:10:00,60.82,100.00
129N04377,2020-08-15 18:20:00,61.89,100.00
129N04377,2020-08-15 18:30:00,62.15,100.00
129N04377,2020-08-15 18:40:00,64.76,99.30
129N04377,2020-08-15 18:50:00,66.48,100.00
129N04377,2020-08-15 19:00:00,63.98,100.00
129N04377,2020-08-15 19:10:00,58.44,100.00
129N04377,2020-08-15 19:20:00,59.24,100.00
129N04377,2020-08-15 19:30:00,65.15,100.00
129N04377,2020-08-15 19:40:00,64.27,100.00
129N04377,2020-08-15 19:50:00,62.65,100.00
129N04377,2020-08-15 20:00:00,60.94,100.00
129N04377,2020-08-15 20:10:00,60.76,100.00
129N04377,2020-08-15 20:20:00,57.89,100.00
129N04377,2020-08-15 20:30:00,62.06,100.00
129N04377,2020-08-15 20:40:00,58.38,99.80
129N04377,2020-08-15 20:50:00,58.39,100.00
129N04377,2020-08-15 21:00:00,64.90,95.90
129N04377,2020-08-15 21:10:00,61.69,100.00
129N04377,2020-08-15 21:20:00,64.75,84.10
129N04377,2020-08-15 21:30:00,59.63,98.10
129N04377,2020-08-15 21:40:00,61.08,99.70
129N04377,2020-08-15 21:50:00,60.07,100.00
129N04377,2020-08-15 22:00:00,59.33,99.80
129N04377,2020-08-15 22:10:00,60.30,99.70
129N04377,2020-08-15 22:20:00,60.76,99.70
129N04377,2020-08-15 22:30:00,62.63,99.40
129N04377,2020-08-15 22:40:00,60.97,100.00
129N04377,2020-08-15 22:50:00,65.28,83.80
129N04377,2020-08-15 23:00:00,69.96,45.90
129N04377,2020-08-15 23:10:00,61.48,80.70
129N04377,2020-08-15 23:20:00,64.72,70.90
129N04377,2020-08-15 23:30:00,71.07,51.10
129N04377,2020-08-15 23:40:00,68.25,75.50
129N04377,2020-08-15 23:50:00,63.29,84.10
129N04374,2020-08-15 00:00:00,72.17,56.10
129N04374,2020-08-15 00:10:00,64.99,74.00
129N04374,2020-08-15 00:20:00,66.37,78.17
129N04374,2020-08-15 00:30:00,70.04,84.30
129N04374,2020-08-15 00:40:00,67.49,93.60
129N04374,2020-08-15 00:50:00,68.94,88.60
129N04374,2020-08-15 01:00:00,65.19,81.70
129N04374,2020-08-15 01:10:00,67.23,90.40
129N04374,2020-08-15 01:20:00,63.85,81.50
129N04374,2020-08-15 01:30:00,63.94,82.90
129N04374,2020-08-15 01:40:00,69.68,76.10
129N04374,2020-08-15 01:50:00,69.21,74.20
129N04374,2020-08-15 02:00:00,67.76,84.14
129N04374,2020-08-15 02:10:00,72.19,64.60
129N04374,2020-08-15 02:20:00,70.58,88.40
129N04374,2020-08-15 02:30:00,66.54,75.00
129N04374,2020-08-15 02:40:00,65.50,74.00
129N04374,2020-08-15 02:50:00,63.00,52.33
129N04374,2020-08-15 03:00:00,61.79,61.20
129N04374,2020-08-15 03:10:00,65.00,97.00
129N04374,2020-08-15 03:20:00,64.06,94.50
129N04374,2020-08-15 03:30:00,65.69,92.40
129N04374,2020-08-15 03:40:00,68.11,56.80
129N04374,2020-08-15 03:50:00,69.08,85.80
129N04374,2020-08-15 04:00:00,70.08,80.80
129N04374,2020-08-15 04:10:00,67.15,92.50
129N04374,2020-08-15 04:20:00,68.04,91.00
129N04374,2020-08-15 04:30:00,68.62,64.40
129N04374,2020-08-15 04:40:00,66.62,87.90
129N04374,2020-08-15 04:50:00,71.16,70.60
129N04374,2020-08-15 05:00:00,75.00,46.00
129N04374,2020-08-15 05:10:00,,
129N04374,2020-08-15 05:20:00,72.94,85.63
129N04374,2020-08-15 05:30:00,73.96,72.50
129N04374,2020-08-15 05:40:00,73.03,69.60
129N04374,2020-08-15 05:50:00,73.04,94.70
129N04374,2020-08-15 06:00:00,70.07,98.00
129N04374,2020-08-15 06:10:00,74.92,87.20
129N04374,2020-08-15 06:20:00,74.19,85.60
129N04374,2020-08-15 06:30:00,73.87,99.50
129N04374,2020-08-15 06:40:00,70.43,100.00
129N04374,2020-08-15 06:50:00,73.42,99.00
129N04374,2020-08-15 07:00:00,70.69,100.00
129N04374,2020-08-15 07:10:00,73.25,99.00
129N04374,2020-08-15 07:20:00,74.47,100.00
129N04374,2020-08-15 07:30:00,74.98,99.90
129N04374,2020-08-15 07:40:00,74.15,100.00
129N04374,2020-08-15 07:50:00,71.47,100.00
129N04374,2020-08-15 08:00:00,73.28,99.70
129N04374,2020-08-15 08:10:00,71.02,100.00
129N04374,2020-08-15 08:20:00,69.26,100.00
129N04374,2020-08-15 08:30:00,70.50,100.00
129N04374,2020-08-15 08:40:00,69.99,100.00
129N04374,2020-08-15 08:50:00,67.86,100.00
129N04374,2020-08-15 09:00:00,68.29,100.00
129N04374,2020-08-15 09:10:00,70.73,100.00
129N04374,2020-08-15 09:20:00,70.65,98.30
129N04374,2020-08-15 09:30:00,68.29,100.00
129N04374,2020-08-15 09:40:00,72.98,100.00
129N04374,2020-08-15 09:50:00,70.78,100.00
129N04374,2020-08-15 10:00:00,70.89,99.80
129N04374,2020-08-15 10:10:00,69.67,100.00
129N04374,2020-08-15 10:20:00,68.07,100.00
129N04374,2020-08-15 10:30:00,67.20,100.00
129N04374,2020-08-15 10:40:00,67.79,100.00
129N04374,2020-08-15 10:50:00,67.39,100.00
129N04374,2020-08-15 11:00:00,67.29,100.00
129N04374,2020-08-15 11:10:00,69.08,100.00
129N04374,2020-08-15 11:20:00,67.69,100.00
129N04374,2020-08-15 11:30:00,65.75,99.80
129N04374,2020-08-15 11:40:00,66.48,100.00
129N04374,2020-08-15 11:50:00,66.99,100.00
129N04374,2020-08-15 12:00:00,68.29,100.00
129N04374,2020-08-15 12:10:00,68.19,98.90
129N04374,2020-08-15 12:20:00,67.79,100.00
129N04374,2020-08-15 12:30:00,68.29,100.00
129N04374,2020-08-15 12:40:00,67.59,100.00
129N04374,2020-08-15 12:50:00,66.69,99.60
129N04374,2020-08-15 13:00:00,66.20,100.00
129N04374,2020-08-15 13:10:00,66.99,100.00
129N04374,2020-08-15 13:20:00,68.80,100.00
129N04374,2020-08-15 13:30:00,67.29,100.00
129N04374,2020-08-15 13:40:00,67.60,100.00
129N04374,2020-08-15 13:50:00,68.89,100.00
129N04374,2020-08-15 14:00:00,68.09,100.00
129N04374,2020-08-15 14:10:00,69.99,100.00
129N04374,2020-08-15 14:20:00,67.79,100.00
129N04374,2020-08-15 14:30:00,67.49,100.00
129N04374,2020-08-15 14:40:00,67.99,100.00
129N04374,2020-08-15 14:50:00,67.49,100.00
129N04374,2020-08-15 15:00:00,67.40,100.00
129N04374,2020-08-15 15:10:00,68.10,100.00
129N04374,2020-08-15 15:20:00,67.19,100.00
129N04374,2020-08-15 15:30:00,67.08,100.00
129N04374,2020-08-15 15:40:00,68.59,100.00
129N04374,2020-08-15 15:50:00,68.38,100.00
129N04374,2020-08-15 16:00:00,69.19,100.00
129N04374,2020-08-15 16:10:00,67.38,100.00
129N04374,2020-08-15 16:20:00,68.29,100.00
129N04374,2020-08-15 16:30:00,69.69,100.00
129N04374,2020-08-15 16:40:00,70.09,100.00
129N04374,2020-08-15 16:50:00,69.19,100.00
129N04374,2020-08-15 17:00:00,69.09,100.00
129N04374,2020-08-15 17:10:00,68.59,100.00
129N04374,2020-08-15 17:20:00,67.60,100.00
129N04374,2020-08-15 17:30:00,70.69,100.00
129N04374,2020-08-15 17:40:00,70.29,100.00
129N04374,2020-08-15 17:50:00,70.99,100.00
129N04374,2020-08-15 18:00:00,70.19,99.90
129N04374,2020-08-15 18:10:00,68.49,100.00
129N04374,2020-08-15 18:20:00,71.09,100.00
129N04374,2020-08-15 18:30:00,70.18,100.00
129N04374,2020-08-15 18:40:00,67.77,100.00
129N04374,2020-08-15 18:50:00,70.49,100.00
129N04374,2020-08-15 19:00:00,70.19,100.00
129N04374,2020-08-15 19:10:00,71.38,98.80
129N04374,2020-08-15 19:20:00,71.27,100.00
129N04374,2020-08-15 19:30:00,71.39,100.00
129N04374,2020-08-15 19:40:00,69.71,100.00
129N04374,2020-08-15 19:50:00,70.66,100.00
129N04374,2020-08-15 20:00:00,69.66,100.00
129N04374,2020-08-15 20:10:00,68.28,100.00
129N04374,2020-08-15 20:20:00,67.19,100.00
129N04374,2020-08-15 20:30:00,65.10,100.00
129N04374,2020-08-15 20:40:00,65.17,100.00
129N04374,2020-08-15 20:50:00,68.77,100.00
129N04374,2020-08-15 21:00:00,67.39,95.60
129N04374,2020-08-15 21:10:00,67.77,100.00
129N04374,2020-08-15 21:20:00,67.88,100.00
129N04374,2020-08-15 21:30:00,66.28,100.00
129N04374,2020-08-15 21:40:00,67.16,98.40
129N04374,2020-08-15 21:50:00,69.16,99.40
129N04374,2020-08-15 22:00:00,71.48,92.70
129N04374,2020-08-15 22:10:00,69.83,100.00
129N04374,2020-08-15 22:20:00,68.79,100.00
129N04374,2020-08-15 22:30:00,68.69,100.00
129N04374,2020-08-15 22:40:00,71.58,100.00
129N04374,2020-08-15 22:50:00,72.34,90.90
129N04374,2020-08-15 23:00:00,69.37,77.10
129N04374,2020-08-15 23:10:00,68.20,70.70
129N04374,2020-08-15 23:20:00,65.35,61.40
129N04374,2020-08-15 23:30:00,72.29,82.70
129N04374,2020-08-15 23:40:00,72.07,79.40
129N04374,2020-08-15 23:50:00,73.37,58.00
129N04375,2020-08-15 00:00:00,62.41,74.80
129N04375,2020-08-15 00:10:00,58.10,48.50
129N04375,2020-08-15 00:20:00,61.73,90.33
129N04375,2020-08-15 00:30:00,64.48,71.80
129N04375,2020-08-15 00:40:00,66.37,58.80
129N04375,2020-08-15 00:50:00,65.91,59.80
129N04375,2020-08-15 01:00:00,61.24,77.80
129N04375,2020-08-15 01:10:00,65.74,94.50
129N04375,2020-08-15 01:20:00,58.39,53.00
129N04375,2020-08-15 01:30:00,56.08,39.90
129N04375,2020-08-15 01:40:00,67.12,69.30
129N04375,2020-08-15 01:50:00,67.51,78.20
129N04375,2020-08-15 02:00:00,71.86,43.25
129N04375,2020-08-15 02:10:00,72.56,58.80
129N04375,2020-08-15 02:20:00,60.90,51.30
129N04375,2020-08-15 02:30:00,62.36,61.50
129N04375,2020-08-15 02:40:00,,
129N04375,2020-08-15 02:50:00,50.00,16.14
129N04375,2020-08-15 03:00:00,56.11,83.38
129N04375,2020-08-15 03:10:00,62.00,80.75
129N04375,2020-08-15 03:20:00,61.36,73.40
129N04375,2020-08-15 03:30:00,62.61,62.20
129N04375,2020-08-15 03:40:00,67.23,44.30
129N04375,2020-08-15 03:50:00,66.07,86.20
129N04375,2020-08-15 04:00:00,67.99,77.10
129N04375,2020-08-15 04:10:00,66.23,93.00
129N04375,2020-08-15 04:20:00,64.37,94.60
129N04375,2020-08-15 04:30:00,62.39,75.10
129N04375,2020-08-15 04:40:00,62.59,80.40
129N04375,2020-08-15 04:50:00,69.69,60.80
129N04375,2020-08-15 05:00:00,69.00,71.57
129N04375,2020-08-15 05:10:00,,
129N04375,2020-08-15 05:20:00,71.92,59.50
129N04375,2020-08-15 05:30:00,69.16,80.30
129N04375,2020-08-15 05:40:00,73.94,79.50
129N04375,2020-08-15 05:50:00,71.37,90.50
129N04375,2020-08-15 06:00:00,67.45,95.20
129N04375,2020-08-15 06:10:00,73.20,92.60
129N04375,2020-08-15 06:20:00,69.03,93.40
129N04375,2020-08-15 06:30:00,71.52,88.10
129N04375,2020-08-15 06:40:00,69.33,100.00
129N04375,2020-08-15 06:50:00,69.03,98.80
129N04375,2020-08-15 07:00:00,68.12,98.70
129N04375,2020-08-15 07:10:00,70.95,96.10
129N04375,2020-08-15 07:20:00,70.25,100.00
129N04375,2020-08-15 07:30:00,71.54,100.00
129N04375,2020-08-15 07:40:00,68.65,100.00
129N04375,2020-08-15 07:50:00,66.27,100.00
129N04375,2020-08-15 08:00:00,68.29,100.00
129N04375,2020-08-15 08:10:00,68.18,100.00
129N04375,2020-08-15 08:20:00,67.96,100.00
129N04375,2020-08-15 08:30:00,70.70,100.00
129N04375,2020-08-15 08:40:00,65.94,100.00
129N04375,2020-08-15 08:50:00,65.00,100.00
129N04375,2020-08-15 09:00:00,63.24,100.00
129N04375,2020-08-15 09:10:00,69.73,100.00
129N04375,2020-08-15 09:20:00,67.36,100.00
129N04375,2020-08-15 09:30:00,65.05,100.00
129N04375,2020-08-15 09:40:00,69.07,100.00
129N04375,2020-08-15 09:50:00,69.88,100.00
129N04375,2020-08-15 10:00:00,66.87,100.00
129N04375,2020-08-15 10:10:00,65.84,100.00
129N04375,2020-08-15 10:20:00,63.09,100.00
129N04375,2020-08-15 10:30:00,64.48,100.00
129N04375,2020-08-15 10:40:00,64.73,100.00
129N04375,2020-08-15 10:50:00,62.47,100.00
129N04375,2020-08-15 11:00:00,62.97,100.00
129N04375,2020-08-15 11:10:00,64.48,100.00
129N04375,2020-08-15 11:20:00,64.08,100.00
129N04375,2020-08-15 11:30:00,64.69,100.00
129N04375,2020-08-15 11:40:00,62.90,100.00
129N04375,2020-08-15 11:50:00,60.97,100.00
129N04375,2020-08-15 12:00:00,63.08,100.00
129N04375,2020-08-15 12:10:00,64.98,100.00
129N04375,2020-08-15 12:20:00,64.49,100.00
129N04375,2020-08-15 12:30:00,61.50,100.00
129N04375,2020-08-15 12:40:00,61.28,100.00
129N04375,2020-08-15 12:50:00,60.28,100.00
129N04375,2020-08-15 13:00:00,61.19,100.00
129N04375,2020-08-15 13:10:00,61.66,100.00
129N04375,2020-08-15 13:20:00,62.19,100.00
129N04375,2020-08-15 13:30:00,62.89,100.00
129N04375,2020-08-15 13:40:00,63.80,100.00
129N04375,2020-08-15 13:50:00,64.67,100.00
129N04375,2020-08-15 14:00:00,65.39,100.00
129N04375,2020-08-15 14:10:00,66.24,100.00
129N04375,2020-08-15 14:20:00,65.17,100.00
129N04375,2020-08-15 14:30:00,62.69,100.00
129N04375,2020-08-15 14:40:00,62.49,100.00
129N04375,2020-08-15 14:50:00,61.79,100.00
129N04375,2020-08-15 15:00:00,62.84,100.00
129N04375,2020-08-15 15:10:00,62.83,100.00
129N04375,2020-08-15 15:20:00,64.18,100.00
129N04375,2020-08-15 15:30:00,65.03,100.00
129N04375,2020-08-15 15:40:00,65.62,100.00
129N04375,2020-08-15 15:50:00,63.59,100.00
129N04375,2020-08-15 16:00:00,63.18,100.00
129N04375,2020-08-15 16:10:00,64.08,100.00
129N04375,2020-08-15 16:20:00,64.37,100.00
129N04375,2020-08-15 16:30:00,66.10,100.00
129N04375,2020-08-15 16:40:00,66.06,100.00
129N04375,2020-08-15 16:50:00,63.96,100.00
129N04375,2020-08-15 17:00:00,64.89,100.00
129N04375,2020-08-15 17:10:00,64.28,100.00
129N04375,2020-08-15 17:20:00,65.79,100.00
129N04375,2020-08-15 17:30:00,65.58,100.00
129N04375,2020-08-15 17:40:00,67.18,100.00
129N04375,2020-08-15 17:50:00,68.28,100.00
129N04375,2020-08-15 18:00:00,63.89,100.00
129N04375,2020-08-15 18:10:00,67.36,100.00
129N04375,2020-08-15 18:20:00,66.97,100.00
129N04375,2020-08-15 18:30:00,66.14,100.00
129N04375,2020-08-15 18:40:00,67.06,100.00
129N04375,2020-08-15 18:50:00,65.88,100.00
129N04375,2020-08-15 19:00:00,66.99,100.00
129N04375,2020-08-15 19:10:00,67.77,100.00
129N04375,2020-08-15 19:20:00,66.19,100.00
129N04375,2020-08-15 19:30:00,66.84,100.00
129N04375,2020-08-15 19:40:00,68.05,100.00
129N04375,2020-08-15 19:50:00,68.24,100.00
129N04375,2020-08-15 20:00:00,62.18,100.00
129N04375,2020-08-15 20:10:00,64.88,100.00
129N04375,2020-08-15 20:20:00,64.74,100.00
129N04375,2020-08-15 20:30:00,61.14,100.00
129N04375,2020-08-15 20:40:00,63.48,100.00
129N04375,2020-08-15 20:50:00,64.49,100.00
129N04375,2020-08-15 21:00:00,68.30,100.00
129N04375,2020-08-15 21:10:00,64.84,100.00
129N04375,2020-08-15 21:20:00,63.79,100.00
129N04375,2020-08-15 21:30:00,62.69,100.00
129N04375,2020-08-15 21:40:00,65.66,99.70
129N04375,2020-08-15 21:50:00,66.24,100.00
129N04375,2020-08-15 22:00:00,64.96,95.50
129N04375,2020-08-15 22:10:00,64.00,94.10
129N04375,2020-08-15 22:20:00,65.19,100.00
129N04375,2020-08-15 22:30:00,67.16,95.80
129N04375,2020-08-15 22:40:00,66.62,100.00
129N04375,2020-08-15 22:50:00,69.28,84.10
129N04375,2020-08-15 23:00:00,65.29,67.00
129N04375,2020-08-15 23:10:00,64.67,77.60
129N04375,2020-08-15 23:20:00,66.69,81.50
129N04375,2020-08-15 23:30:00,73.37,52.50
129N04375,2020-08-15 23:40:00,70.88,79.10
129N04375,2020-08-15 23:50:00,68.89,85.86
129N04372,2020-08-15 00:00:00,75.13,35.60
129N04372,2020-08-15 00:10:00,69.16,82.00
129N04372,2020-08-15 00:20:00,63.74,54.83
129N04372,2020-08-15 00:30:00,67.32,86.60
129N04372,2020-08-15 00:40:00,59.90,39.60
129N04372,2020-08-15 00:50:00,69.08,83.90
129N04372,2020-08-15 01:00:00,66.19,98.90
129N04372,2020-08-15 01:10:00,68.35,80.20
129N04372,2020-08-15 01:20:00,68.78,75.00
129N04372,2020-08-15 01:30:00,66.63,62.80
129N04372,2020-08-15 01:40:00,68.35,89.20
129N04372,2020-08-15 01:50:00,74.35,44.80
129N04372,2020-08-15 02:00:00,68.91,62.80
129N04372,2020-08-15 02:10:00,76.07,50.00
129N04372,2020-08-15 02:20:00,73.30,86.70
129N04372,2020-08-15 02:30:00,63.85,38.90
129N04372,2020-08-15 02:40:00,61.00,35.00
129N04372,2020-08-15 02:50:00,63.00,67.33
129N04372,2020-08-15 03:00:00,61.98,77.50
129N04372,2020-08-15 03:10:00,64.24,80.00
129N04372,2020-08-15 03:20:00,63.08,75.20
129N04372,2020-08-15 03:30:00,62.59,96.70
129N04372,2020-08-15 03:40:00,70.91,47.25
129N04372,2020-08-15 03:50:00,70.49,67.90
129N04372,2020-08-15 04:00:00,71.00,82.50
129N04372,2020-08-15 04:10:00,68.46,94.00
129N04372,2020-08-15 04:20:00,70.12,85.60
129N04372,2020-08-15 04:30:00,63.00,24.10
129N04372,2020-08-15 04:40:00,68.52,59.30
129N04372,2020-08-15 04:50:00,70.97,70.70
129N04372,2020-08-15 05:00:00,79.66,25.00
129N04372,2020-08-15 05:10:00,63.00,62.00
129N04372,2020-08-15 05:20:00,68.17,80.50
129N04372,2020-08-15 05:30:00,70.16,76.80
129N04372,2020-08-15 05:40:00,73.51,82.90
129N04372,2020-08-15 05:50:00,75.25,71.20
129N04372,2020-08-15 06:00:00,74.64,88.70
129N04372,2020-08-15 06:10:00,73.82,92.20
129N04372,2020-08-15 06:20:00,70.96,94.60
129N04372,2020-08-15 06:30:00,72.52,97.60
129N04372,2020-08-15 06:40:00,70.76,100.00
129N04372,2020-08-15 06:50:00,72.58,97.60
129N04372,2020-08-15 07:00:00,68.48,98.20
129N04372,2020-08-15 07:10:00,72.11,98.40
129N04372,2020-08-15 07:20:00,75.39,100.00
129N04372,2020-08-15 07:30:00,76.36,99.20
129N04372,2020-08-15 07:40:00,74.27,100.00
129N04372,2020-08-15 07:50:00,70.49,100.00
129N04372,2020-08-15 08:00:00,68.88,100.00
129N04372,2020-08-15 08:10:00,70.48,100.00
129N04372,2020-08-15 08:20:00,68.86,100.00
129N04372,2020-08-15 08:30:00,69.88,99.70
129N04372,2020-08-15 08:40:00,68.07,100.00
129N04372,2020-08-15 08:50:00,64.88,100.00
129N04372,2020-08-15 09:00:00,68.88,99.90
129N04372,2020-08-15 09:10:00,70.59,100.00
129N04372,2020-08-15 09:20:00,67.93,98.50
129N04372,2020-08-15 09:30:00,67.36,98.60
129N04372,2020-08-15 09:40:00,71.46,100.00
129N04372,2020-08-15 09:50:00,70.60,100.00
129N04372,2020-08-15 10:00:00,68.66,98.70
129N04372,2020-08-15 10:10:00,72.67,100.00
129N04372,2020-08-15 10:20:00,67.36,100.00
129N04372,2020-08-15 10:30:00,64.48,100.00
129N04372,2020-08-15 10:40:00,65.08,100.00
129N04372,2020-08-15 10:50:00,64.79,100.00
129N04372,2020-08-15 11:00:00,65.41,100.00
129N04372,2020-08-15 11:10:00,65.99,100.00
129N04372,2020-08-15 11:20:00,64.67,100.00
129N04372,2020-08-15 11:30:00,66.86,99.20
129N04372,2020-08-15 11:40:00,63.17,100.00
129N04372,2020-08-15 11:50:00,64.49,100.00
129N04372,2020-08-15 12:00:00,67.49,100.00
129N04372,2020-08-15 12:10:00,67.27,96.00
129N04372,2020-08-15 12:20:00,67.08,100.00
129N04372,2020-08-15 12:30:00,66.83,100.00
129N04372,2020-08-15 12:40:00,66.39,100.00
129N04372,2020-08-15 12:50:00,64.59,100.00
129N04372,2020-08-15 13:00:00,63.97,100.00
129N04372,2020-08-15 13:10:00,65.59,100.00
129N04372,2020-08-15 13:20:00,67.58,100.00
129N04372,2020-08-15 13:30:00,65.79,100.00
129N04372,2020-08-15 13:40:00,66.79,100.00
129N04372,2020-08-15 13:50:00,69.17,99.50
129N04372,2020-08-15 14:00:00,68.29,100.00
129N04372,2020-08-15 14:10:00,70.09,100.00
129N04372,2020-08-15 14:20:00,67.26,100.00
129N04372,2020-08-15 14:30:00,66.59,100.00
129N04372,2020-08-15 14:40:00,65.19,100.00
129N04372,2020-08-15 14:50:00,67.89,100.00
129N04372,2020-08-15 15:00:00,65.98,99.90
129N04372,2020-08-15 15:10:00,66.69,100.00
129N04372,2020-08-15 15:20:00,67.69,100.00
129N04372,2020-08-15 15:30:00,65.59,100.00
129N04372,2020-08-15 15:40:00,68.17,100.00
129N04372,2020-08-15 15:50:00,64.17,100.00
129N04372,2020-08-15 16:00:00,67.77,100.00
129N04372,2020-08-15 16:10:00,67.50,99.70
129N04372,2020-08-15 16:20:00,68.47,100.00
129N04372,2020-08-15 16:30:00,67.89,100.00
129N04372,2020-08-15 16:40:00,69.27,100.00
129N04372,2020-08-15 16:50:00,66.39,100.00
129N04372,2020-08-15 17:00:00,66.39,100.00
129N04372,2020-08-15 17:10:00,68.09,100.00
129N04372,2020-08-15 17:20:00,67.99,100.00
129N04372,2020-08-15 17:30:00,69.28,100.00
129N04372,2020-08-15 17:40:00,69.19,100.00
129N04372,2020-08-15 17:50:00,67.46,100.00
129N04372,2020-08-15 18:00:00,67.88,100.00
129N04372,2020-08-15 18:10:00,70.58,100.00
129N04372,2020-08-15 18:20:00,68.67,100.00
129N04372,2020-08-15 18:30:00,69.46,100.00
129N04372,2020-08-15 18:40:00,70.99,98.80
129N04372,2020-08-15 18:50:00,69.05,100.00
129N04372,2020-08-15 19:00:00,68.98,100.00
129N04372,2020-08-15 19:10:00,71.45,100.00
129N04372,2020-08-15 19:20:00,69.88,100.00
129N04372,2020-08-15 19:30:00,68.19,100.00
129N04372,2020-08-15 19:40:00,68.38,100.00
129N04372,2020-08-15 19:50:00,68.45,100.00
129N04372,2020-08-15 20:00:00,71.24,96.60
129N04372,2020-08-15 20:10:00,68.69,100.00
129N04372,2020-08-15 20:20:00,67.99,100.00
129N04372,2020-08-15 20:30:00,67.53,100.00
129N04372,2020-08-15 20:40:00,66.38,100.00
129N04372,2020-08-15 20:50:00,67.69,100.00
129N04372,2020-08-15 21:00:00,61.85,100.00
129N04372,2020-08-15 21:10:00,61.34,96.60
129N04372,2020-08-15 21:20:00,68.43,97.30
129N04372,2020-08-15 21:30:00,64.05,90.40
129N04372,2020-08-15 21:40:00,70.13,98.40
129N04372,2020-08-15 21:50:00,71.49,97.60
129N04372,2020-08-15 22:00:00,71.70,97.50
129N04372,2020-08-15 22:10:00,72.33,84.00
129N04372,2020-08-15 22:20:00,68.69,100.00
129N04372,2020-08-15 22:30:00,70.08,98.90
129N04372,2020-08-15 22:40:00,71.25,100.00
129N04372,2020-08-15 22:50:00,73.48,93.30
129N04372,2020-08-15 23:00:00,68.61,80.80
129N04372,2020-08-15 23:10:00,66.26,62.40
129N04372,2020-08-15 23:20:00,62.63,37.50
129N04372,2020-08-15 23:30:00,67.39,70.20
129N04372,2020-08-15 23:40:00,70.38,75.50
129N04372,2020-08-15 23:50:00,70.76,70.40
129N04373,2020-08-15 00:00:00,75.21,35.70
129N04373,2020-08-15 00:10:00,65.04,51.80
129N04373,2020-08-15 00:20:00,64.83,59.75
129N04373,2020-08-15 00:30:00,71.99,87.80
129N04373,2020-08-15 00:40:00,69.30,82.90
129N04373,2020-08-15 00:50:00,70.80,82.30
129N04373,2020-08-15 01:00:00,65.41,66.40
129N04373,2020-08-15 01:10:00,70.54,86.20
129N04373,2020-08-15 01:20:00,70.79,92.40
129N04373,2020-08-15 01:30:00,64.19,53.70
129N04373,2020-08-15 01:40:00,67.10,97.80
129N04373,2020-08-15 01:50:00,70.41,58.60
129N04373,2020-08-15 02:00:00,71.44,68.14
129N04373,2020-08-15 02:10:00,75.00,52.00
129N04373,2020-08-15 02:20:00,68.79,75.30
129N04373,2020-08-15 02:30:00,67.04,71.30
129N04373,2020-08-15 02:40:00,64.24,56.67
129N04373,2020-08-15 02:50:00,64.50,57.00
129N04373,2020-08-15 03:00:00,62.78,72.40
129N04373,2020-08-15 03:10:00,64.16,94.60
129N04373,2020-08-15 03:20:00,61.19,80.30
129N04373,2020-08-15 03:30:00,64.20,93.70
129N04373,2020-08-15 03:40:00,68.85,51.60
129N04373,2020-08-15 03:50:00,69.69,69.80
129N04373,2020-08-15 04:00:00,70.00,76.90
129N04373,2020-08-15 04:10:00,69.38,85.00
129N04373,2020-08-15 04:20:00,72.13,79.60
129N04373,2020-08-15 04:30:00,65.58,58.90
129N04373,2020-08-15 04:40:00,65.92,69.00
129N04373,2020-08-15 04:50:00,71.93,70.80
129N04373,2020-08-15 05:00:00,78.44,27.67
129N04373,2020-08-15 05:10:00,,
129N04373,2020-08-15 05:20:00,70.82,85.00
129N04373,2020-08-15 05:30:00,73.20,78.70
129N04373,2020-08-15 05:40:00,72.74,81.50
129N04373,2020-08-15 05:50:00,74.22,86.70
129N04373,2020-08-15 06:00:00,73.07,97.90
129N04373,2020-08-15 06:10:00,73.41,90.50
129N04373,2020-08-15 06:20:00,74.76,84.90
129N04373,2020-08-15 06:30:00,71.13,89.80
129N04373,2020-08-15 06:40:00,71.33,98.40
129N04373,2020-08-15 06:50:00,74.54,88.00
129N04373,2020-08-15 07:00:00,68.27,100.00
129N04373,2020-08-15 07:10:00,73.52,100.00
129N04373,2020-08-15 07:20:00,75.39,100.00
129N04373,2020-08-15 07:30:00,76.98,99.00
129N04373,2020-08-15 07:40:00,73.68,100.00
129N04373,2020-08-15 07:50:00,71.87,100.00
129N04373,2020-08-15 08:00:00,71.17,99.70
129N04373,2020-08-15 08:10:00,71.74,100.00
129N04373,2020-08-15 08:20:00,69.28,100.00
129N04373,2020-08-15 08:30:00,71.38,100.00
129N04373,2020-08-15 08:40:00,68.75,100.00
129N04373,2020-08-15 08:50:00,66.09,100.00
129N04373,2020-08-15 09:00:00,70.28,100.00
129N04373,2020-08-15 09:10:00,71.35,94.90
129N04373,2020-08-15 09:20:00,71.19,97.60
129N04373,2020-08-15 09:30:00,67.23,100.00
129N04373,2020-08-15 09:40:00,70.99,100.00
129N04373,2020-08-15 09:50:00,71.09,100.00
129N04373,2020-08-15 10:00:00,70.40,100.00
129N04373,2020-08-15 10:10:00,71.39,100.00
129N04373,2020-08-15 10:20:00,68.67,100.00
129N04373,2020-08-15 10:30:00,68.19,100.00
129N04373,2020-08-15 10:40:00,67.89,100.00
129N04373,2020-08-15 10:50:00,66.39,100.00
129N04373,2020-08-15 11:00:00,67.07,100.00
129N04373,2020-08-15 11:10:00,68.79,100.00
129N04373,2020-08-15 11:20:00,67.98,100.00
129N04373,2020-08-15 11:30:00,66.26,100.00
129N04373,2020-08-15 11:40:00,64.47,100.00
129N04373,2020-08-15 11:50:00,66.88,100.00
129N04373,2020-08-15 12:00:00,69.98,100.00
129N04373,2020-08-15 12:10:00,68.39,99.40
129N04373,2020-08-15 12:20:00,69.16,100.00
129N04373,2020-08-15 12:30:00,68.37,100.00
129N04373,2020-08-15 12:40:00,67.99,100.00
129N04373,2020-08-15 12:50:00,66.50,100.00
129N04373,2020-08-15 13:00:00,66.20,100.00
129N04373,2020-08-15 13:10:00,66.10,100.00
129N04373,2020-08-15 13:20:00,68.38,100.00
129N04373,2020-08-15 13:30:00,66.49,100.00
129N04373,2020-08-15 13:40:00,68.38,100.00
129N04373,2020-08-15 13:50:00,68.48,100.00
129N04373,2020-08-15 14:00:00,69.09,100.00
129N04373,2020-08-15 14:10:00,70.88,100.00
129N04373,2020-08-15 14:20:00,69.50,100.00
129N04373,2020-08-15 14:30:00,69.16,100.00
129N04373,2020-08-15 14:40:00,67.89,100.00
129N04373,2020-08-15 14:50:00,68.88,100.00
129N04373,2020-08-15 15:00:00,68.99,100.00
129N04373,2020-08-15 15:10:00,68.19,100.00
129N04373,2020-08-15 15:20:00,67.90,100.00
129N04373,2020-08-15 15:30:00,67.28,100.00
129N04373,2020-08-15 15:40:00,69.59,100.00
129N04373,2020-08-15 15:50:00,68.06,100.00
129N04373,2020-08-15 16:00:00,69.58,100.00
129N04373,2020-08-15 16:10:00,67.79,100.00
129N04373,2020-08-15 16:20:00,68.25,100.00
129N04373,2020-08-15 16:30:00,70.09,100.00
129N04373,2020-08-15 16:40:00,71.18,100.00
129N04373,2020-08-15 16:50:00,69.60,100.00
129N04373,2020-08-15 17:00:00,69.89,100.00
129N04373,2020-08-15 17:10:00,70.98,100.00
129N04373,2020-08-15 17:20:00,69.17,100.00
129N04373,2020-08-15 17:30:00,71.49,100.00
129N04373,2020-08-15 17:40:00,71.78,100.00
129N04373,2020-08-15 17:50:00,69.56,100.00
129N04373,2020-08-15 18:00:00,70.40,100.00
129N04373,2020-08-15 18:10:00,71.19,100.00
129N04373,2020-08-15 18:20:00,70.34,100.00
129N04373,2020-08-15 18:30:00,71.19,100.00
129N04373,2020-08-15 18:40:00,72.29,100.00
129N04373,2020-08-15 18:50:00,71.49,100.00
129N04373,2020-08-15 19:00:00,70.21,100.00
129N04373,2020-08-15 19:10:00,71.36,100.00
129N04373,2020-08-15 19:20:00,70.87,100.00
129N04373,2020-08-15 19:30:00,69.78,100.00
129N04373,2020-08-15 19:40:00,70.05,100.00
129N04373,2020-08-15 19:50:00,69.59,100.00
129N04373,2020-08-15 20:00:00,72.83,98.50
129N04373,2020-08-15 20:10:00,68.97,100.00
129N04373,2020-08-15 20:20:00,68.86,100.00
129N04373,2020-08-15 20:30:00,68.85,100.00
129N04373,2020-08-15 20:40:00,67.12,100.00
129N04373,2020-08-15 20:50:00,70.69,100.00
129N04373,2020-08-15 21:00:00,63.77,97.00
129N04373,2020-08-15 21:10:00,66.29,100.00
129N04373,2020-08-15 21:20:00,69.38,98.90
129N04373,2020-08-15 21:30:00,66.87,100.00
129N04373,2020-08-15 21:40:00,70.52,100.00
129N04373,2020-08-15 21:50:00,71.17,100.00
129N04373,2020-08-15 22:00:00,72.29,98.40
129N04373,2020-08-15 22:10:00,72.03,90.40
129N04373,2020-08-15 22:20:00,68.07,100.00
129N04373,2020-08-15 22:30:00,68.79,99.90
129N04373,2020-08-15 22:40:00,73.05,100.00
129N04373,2020-08-15 22:50:00,73.90,83.80
129N04373,2020-08-15 23:00:00,70.36,73.20
129N04373,2020-08-15 23:10:00,69.28,61.00
129N04373,2020-08-15 23:20:00,65.43,46.90
129N04373,2020-08-15 23:30:00,68.06,71.90
129N04373,2020-08-15 23:40:00,71.19,85.50
129N04373,2020-08-15 23:50:00,68.56,66.83
129N04370,2020-08-15 00:00:00,71.27,71.20
129N04370,2020-08-15 00:10:00,66.77,79.00
129N04370,2020-08-15 00:20:00,63.98,68.57
129N04370,2020-08-15 00:30:00,72.24,70.67
129N04370,2020-08-15 00:40:00,70.38,81.50
129N04370,2020-08-15 00:50:00,71.52,72.60
129N04370,2020-08-15 01:00:00,71.79,89.10
129N04370,2020-08-15 01:10:00,68.99,91.00
129N04370,2020-08-15 01:20:00,,
129N04370,2020-08-15 01:30:00,66.20,66.22
129N04370,2020-08-15 01:40:00,67.41,85.00
129N04370,2020-08-15 01:50:00,65.16,87.30
129N04370,2020-08-15 02:00:00,68.78,90.11
129N04370,2020-08-15 02:10:00,,
129N04370,2020-08-15 02:20:00,63.00,77.22
129N04370,2020-08-15 02:30:00,69.55,59.33
129N04370,2020-08-15 02:40:00,69.47,90.00
129N04370,2020-08-15 02:50:00,65.31,76.00
129N04370,2020-08-15 03:00:00,62.10,63.00
129N04370,2020-08-15 03:10:00,65.47,93.50
129N04370,2020-08-15 03:20:00,66.00,97.00
129N04370,2020-08-15 03:30:00,67.22,78.00
129N04370,2020-08-15 03:40:00,63.96,64.50
129N04370,2020-08-15 03:50:00,69.33,81.33
129N04370,2020-08-15 04:00:00,71.96,66.10
129N04370,2020-08-15 04:10:00,71.38,83.86
129N04370,2020-08-15 04:20:00,69.16,93.70
129N04370,2020-08-15 04:30:00,66.35,76.10
129N04370,2020-08-15 04:40:00,77.99,40.70
129N04370,2020-08-15 04:50:00,68.53,74.20
129N04370,2020-08-15 05:00:00,77.00,57.90
129N04370,2020-08-15 05:10:00,71.10,78.38
129N04370,2020-08-15 05:20:00,69.83,83.30
129N04370,2020-08-15 05:30:00,74.85,62.70
129N04370,2020-08-15 05:40:00,76.15,73.20
129N04370,2020-08-15 05:50:00,78.07,77.10
129N04370,2020-08-15 06:00:00,75.00,99.80
129N04370,2020-08-15 06:10:00,75.89,98.50
129N04370,2020-08-15 06:20:00,76.45,95.00
129N04370,2020-08-15 06:30:00,72.86,96.30
129N04370,2020-08-15 06:40:00,72.94,99.80
129N04370,2020-08-15 06:50:00,73.68,98.70
129N04370,2020-08-15 07:00:00,70.21,99.30
129N04370,2020-08-15 07:10:00,71.21,100.00
129N04370,2020-08-15 07:20:00,75.33,100.00
129N04370,2020-08-15 07:30:00,74.18,100.00
129N04370,2020-08-15 07:40:00,76.69,100.00
129N04370,2020-08-15 07:50:00,72.97,100.00
129N04370,2020-08-15 08:00:00,69.99,100.00
129N04370,2020-08-15 08:10:00,69.77,99.50
129N04370,2020-08-15 08:20:00,69.19,100.00
129N04370,2020-08-15 08:30:00,72.01,90.30
129N04370,2020-08-15 08:40:00,72.75,100.00
129N04370,2020-08-15 08:50:00,74.40,92.50
129N04370,2020-08-15 09:00:00,71.43,99.10
129N04370,2020-08-15 09:10:00,73.56,100.00
129N04370,2020-08-15 09:20:00,72.29,100.00
129N04370,2020-08-15 09:30:00,69.17,100.00
129N04370,2020-08-15 09:40:00,69.48,100.00
129N04370,2020-08-15 09:50:00,69.28,100.00
129N04370,2020-08-15 10:00:00,71.30,99.40
129N04370,2020-08-15 10:10:00,74.37,97.70
129N04370,2020-08-15 10:20:00,71.36,100.00
129N04370,2020-08-15 10:30:00,67.70,100.00
129N04370,2020-08-15 10:40:00,69.29,100.00
129N04370,2020-08-15 10:50:00,70.99,100.00
129N04370,2020-08-15 11:00:00,69.90,100.00
129N04370,2020-08-15 11:10:00,70.37,99.40
129N04370,2020-08-15 11:20:00,69.08,100.00
129N04370,2020-08-15 11:30:00,69.69,100.00
129N04370,2020-08-15 11:40:00,69.29,100.00
129N04370,2020-08-15 11:50:00,69.37,100.00
129N04370,2020-08-15 12:00:00,69.67,100.00
129N04370,2020-08-15 12:10:00,70.89,100.00
129N04370,2020-08-15 12:20:00,71.48,100.00
129N04370,2020-08-15 12:30:00,71.48,100.00
129N04370,2020-08-15 12:40:00,69.79,100.00
129N04370,2020-08-15 12:50:00,68.99,100.00
129N04370,2020-08-15 13:00:00,68.89,100.00
129N04370,2020-08-15 13:10:00,70.49,100.00
129N04370,2020-08-15 13:20:00,69.99,100.00
129N04370,2020-08-15 13:30:00,70.10,100.00
129N04370,2020-08-15 13:40:00,70.69,100.00
129N04370,2020-08-15 13:50:00,72.09,100.00
129N04370,2020-08-15 14:00:00,71.47,100.00
129N04370,2020-08-15 14:10:00,70.38,100.00
129N04370,2020-08-15 14:20:00,69.66,100.00
129N04370,2020-08-15 14:30:00,69.48,100.00
129N04370,2020-08-15 14:40:00,69.96,100.00
129N04370,2020-08-15 14:50:00,70.77,100.00
129N04370,2020-08-15 15:00:00,68.69,100.00
129N04370,2020-08-15 15:10:00,68.13,100.00
129N04370,2020-08-15 15:20:00,69.39,100.00
129N04370,2020-08-15 15:30:00,70.70,100.00
129N04370,2020-08-15 15:40:00,71.77,100.00
129N04370,2020-08-15 15:50:00,72.44,100.00
129N04370,2020-08-15 16:00:00,75.68,100.00
129N04370,2020-08-15 16:10:00,71.69,100.00
129N04370,2020-08-15 16:20:00,73.85,100.00
129N04370,2020-08-15 16:30:00,72.66,100.00
129N04370,2020-08-15 16:40:00,72.97,100.00
129N04370,2020-08-15 16:50:00,70.76,100.00
129N04370,2020-08-15 17:00:00,71.59,100.00
129N04370,2020-08-15 17:10:00,71.87,100.00
129N04370,2020-08-15 17:20:00,68.89,100.00
129N04370,2020-08-15 17:30:00,73.78,100.00
129N04370,2020-08-15 17:40:00,73.88,100.00
129N04370,2020-08-15 17:50:00,72.56,100.00
129N04370,2020-08-15 18:00:00,71.00,100.00
129N04370,2020-08-15 18:10:00,73.44,100.00
129N04370,2020-08-15 18:20:00,72.47,100.00
129N04370,2020-08-15 18:30:00,73.57,100.00
129N04370,2020-08-15 18:40:00,75.09,100.00
129N04370,2020-08-15 18:50:00,74.90,100.00
129N04370,2020-08-15 19:00:00,76.39,100.00
129N04370,2020-08-15 19:10:00,73.71,100.00
129N04370,2020-08-15 19:20:00,70.88,100.00
129N04370,2020-08-15 19:30:00,69.89,100.00
129N04370,2020-08-15 19:40:00,73.27,99.80
129N04370,2020-08-15 19:50:00,73.59,100.00
129N04370,2020-08-15 20:00:00,74.58,99.00
129N04370,2020-08-15 20:10:00,73.79,97.80
129N04370,2020-08-15 20:20:00,68.67,100.00
129N04370,2020-08-15 20:30:00,67.58,100.00
129N04370,2020-08-15 20:40:00,66.39,100.00
129N04370,2020-08-15 20:50:00,71.39,100.00
129N04370,2020-08-15 21:00:00,69.87,96.20
129N04370,2020-08-15 21:10:00,69.77,100.00
129N04370,2020-08-15 21:20:00,73.65,99.50
129N04370,2020-08-15 21:30:00,69.28,100.00
129N04370,2020-08-15 21:40:00,70.56,88.10
129N04370,2020-08-15 21:50:00,73.78,77.50
129N04370,2020-08-15 22:00:00,68.18,100.00
129N04370,2020-08-15 22:10:00,68.82,94.90
129N04370,2020-08-15 22:20:00,69.73,90.70
129N04370,2020-08-15 22:30:00,69.19,100.00
129N04370,2020-08-15 22:40:00,73.17,99.60
129N04370,2020-08-15 22:50:00,72.36,83.60
129N04370,2020-08-15 23:00:00,68.64,88.20
129N04370,2020-08-15 23:10:00,63.37,42.00
129N04370,2020-08-15 23:20:00,68.40,96.90
129N04370,2020-08-15 23:30:00,75.84,39.80
129N04370,2020-08-15 23:40:00,71.25,78.80
129N04370,2020-08-15 23:50:00,66.94,75.30
129N04371,2020-08-15 00:00:00,76.77,55.00
129N04371,2020-08-15 00:10:00,69.76,82.90
129N04371,2020-08-15 00:20:00,69.74,81.60
129N04371,2020-08-15 00:30:00,74.32,81.70
129N04371,2020-08-15 00:40:00,69.09,68.50
129N04371,2020-08-15 00:50:00,70.61,86.30
129N04371,2020-08-15 01:00:00,68.47,81.20
129N04371,2020-08-15 01:10:00,61.93,26.67
129N04371,2020-08-15 01:20:00,,
129N04371,2020-08-15 01:30:00,64.96,75.80
129N04371,2020-08-15 01:40:00,67.57,95.40
129N04371,2020-08-15 01:50:00,64.59,94.20
129N04371,2020-08-15 02:00:00,,
129N04371,2020-08-15 02:10:00,64.00,88.00
129N04371,2020-08-15 02:20:00,65.19,95.60
129N04371,2020-08-15 02:30:00,64.31,89.40
129N04371,2020-08-15 02:40:00,62.00,91.83
129N04371,2020-08-15 02:50:00,64.00,100.00
129N04371,2020-08-15 03:00:00,63.29,97.90
129N04371,2020-08-15 03:10:00,62.00,88.00
129N04371,2020-08-15 03:20:00,63.00,99.00
129N04371,2020-08-15 03:30:00,65.59,88.20
129N04371,2020-08-15 03:40:00,62.81,77.86
129N04371,2020-08-15 03:50:00,68.79,70.50
129N04371,2020-08-15 04:00:00,71.00,65.30
129N04371,2020-08-15 04:10:00,69.83,85.43
129N04371,2020-08-15 04:20:00,73.18,69.40
129N04371,2020-08-15 04:30:00,67.95,67.90
129N04371,2020-08-15 04:40:00,68.33,78.70
129N04371,2020-08-15 04:50:00,68.28,71.90
129N04371,2020-08-15 05:00:00,79.00,26.40
129N04371,2020-08-15 05:10:00,67.39,60.71
129N04371,2020-08-15 05:20:00,67.58,87.00
129N04371,2020-08-15 05:30:00,70.14,78.50
129N04371,2020-08-15 05:40:00,76.08,67.30
129N04371,2020-08-15 05:50:00,78.45,52.20
129N04371,2020-08-15 06:00:00,71.99,98.60
129N04371,2020-08-15 06:10:00,75.37,93.50
129N04371,2020-08-15 06:20:00,76.60,95.70
129N04371,2020-08-15 06:30:00,73.46,96.00
129N04371,2020-08-15 06:40:00,71.28,97.90
129N04371,2020-08-15 06:50:00,71.49,95.10
129N04371,2020-08-15 07:00:00,70.55,99.60
129N04371,2020-08-15 07:10:00,73.24,98.20
129N04371,2020-08-15 07:20:00,76.48,98.50
129N04371,2020-08-15 07:30:00,76.95,95.40
129N04371,2020-08-15 07:40:00,75.02,98.80
129N04371,2020-08-15 07:50:00,73.79,99.90
129N04371,2020-08-15 08:00:00,71.19,100.00
129N04371,2020-08-15 08:10:00,73.61,97.60
129N04371,2020-08-15 08:20:00,71.16,99.90
129N04371,2020-08-15 08:30:00,73.85,88.30
129N04371,2020-08-15 08:40:00,73.83,100.00
129N04371,2020-08-15 08:50:00,72.99,99.30
129N04371,2020-08-15 09:00:00,71.98,99.50
129N04371,2020-08-15 09:10:00,75.45,98.90
129N04371,2020-08-15 09:20:00,75.64,99.40
129N04371,2020-08-15 09:30:00,70.49,100.00
129N04371,2020-08-15 09:40:00,71.97,99.90
129N04371,2020-08-15 09:50:00,71.77,99.20
129N04371,2020-08-15 10:00:00,74.19,99.80
129N04371,2020-08-15 10:10:00,75.57,100.00
129N04371,2020-08-15 10:20:00,70.69,100.00
129N04371,2020-08-15 10:30:00,69.49,100.00
129N04371,2020-08-15 10:40:00,70.59,100.00
129N04371,2020-08-15 10:50:00,71.19,100.00
129N04371,2020-08-15 11:00:00,69.89,100.00
129N04371,2020-08-15 11:10:00,71.56,100.00
129N04371,2020-08-15 11:20:00,70.00,100.00
129N04371,2020-08-15 11:30:00,72.59,100.00
129N04371,2020-08-15 11:40:00,71.08,100.00
129N04371,2020-08-15 11:50:00,71.72,100.00
129N04371,2020-08-15 12:00:00,71.76,100.00
129N04371,2020-08-15 12:10:00,72.46,99.60
129N04371,2020-08-15 12:20:00,71.98,100.00
129N04371,2020-08-15 12:30:00,74.18,100.00
129N04371,2020-08-15 12:40:00,72.68,100.00
129N04371,2020-08-15 12:50:00,70.70,100.00
129N04371,2020-08-15 13:00:00,70.29,100.00
129N04371,2020-08-15 13:10:00,71.28,100.00
129N04371,2020-08-15 13:20:00,72.29,100.00
129N04371,2020-08-15 13:30:00,70.99,100.00
129N04371,2020-08-15 13:40:00,72.37,100.00
129N04371,2020-08-15 13:50:00,75.10,100.00
129N04371,2020-08-15 14:00:00,73.70,100.00
129N04371,2020-08-15 14:10:00,72.99,100.00
129N04371,2020-08-15 14:20:00,72.35,100.00
129N04371,2020-08-15 14:30:00,71.09,100.00
129N04371,2020-08-15 14:40:00,72.49,100.00
129N04371,2020-08-15 14:50:00,73.98,100.00
129N04371,2020-08-15 15:00:00,72.08,100.00
129N04371,2020-08-15 15:10:00,72.98,100.00
129N04371,2020-08-15 15:20:00,72.89,100.00
129N04371,2020-08-15 15:30:00,72.49,100.00
129N04371,2020-08-15 15:40:00,74.05,100.00
129N04371,2020-08-15 15:50:00,73.95,100.00
129N04371,2020-08-15 16:00:00,75.49,100.00
129N04371,2020-08-15 16:10:00,72.08,100.00
129N04371,2020-08-15 16:20:00,73.57,100.00
129N04371,2020-08-15 16:30:00,71.87,100.00
129N04371,2020-08-15 16:40:00,67.97,100.00
129N04371,2020-08-15 16:50:00,64.46,100.00
129N04371,2020-08-15 17:00:00,67.93,100.00
129N04371,2020-08-15 17:10:00,72.29,100.00
129N04371,2020-08-15 17:20:00,70.89,100.00
129N04371,2020-08-15 17:30:00,73.09,99.00
129N04371,2020-08-15 17:40:00,71.89,100.00
129N04371,2020-08-15 17:50:00,73.25,100.00
129N04371,2020-08-15 18:00:00,71.78,100.00
129N04371,2020-08-15 18:10:00,77.53,93.30
129N04371,2020-08-15 18:20:00,74.76,100.00
129N04371,2020-08-15 18:30:00,73.05,100.00
129N04371,2020-08-15 18:40:00,75.69,100.00
129N04371,2020-08-15 18:50:00,74.67,100.00
129N04371,2020-08-15 19:00:00,77.29,100.00
129N04371,2020-08-15 19:10:00,75.69,100.00
129N04371,2020-08-15 19:20:00,74.27,99.60
129N04371,2020-08-15 19:30:00,70.69,100.00
129N04371,2020-08-15 19:40:00,75.19,99.90
129N04371,2020-08-15 19:50:00,73.55,98.60
129N04371,2020-08-15 20:00:00,74.46,98.50
129N04371,2020-08-15 20:10:00,71.89,99.80
129N04371,2020-08-15 20:20:00,70.15,99.50
129N04371,2020-08-15 20:30:00,68.86,100.00
129N04371,2020-08-15 20:40:00,67.33,87.30
129N04371,2020-08-15 20:50:00,71.08,100.00
129N04371,2020-08-15 21:00:00,69.52,89.80
129N04371,2020-08-15 21:10:00,71.43,91.00
129N04371,2020-08-15 21:20:00,72.37,100.00
129N04371,2020-08-15 21:30:00,70.46,98.80
129N04371,2020-08-15 21:40:00,73.13,88.30
129N04371,2020-08-15 21:50:00,76.37,85.60
129N04371,2020-08-15 22:00:00,71.01,100.00
129N04371,2020-08-15 22:10:00,75.44,82.10
129N04371,2020-08-15 22:20:00,75.00,79.70
129N04371,2020-08-15 22:30:00,71.72,97.00
129N04371,2020-08-15 22:40:00,74.19,100.00
129N04371,2020-08-15 22:50:00,71.91,100.00
129N04371,2020-08-15 23:00:00,72.96,94.20
129N04371,2020-08-15 23:10:00,65.09,41.70
129N04371,2020-08-15 23:20:00,66.29,60.50
129N04371,2020-08-15 23:30:00,73.68,76.30
129N04371,2020-08-15 23:40:00,72.20,86.40
129N04371,2020-08-15 23:50:00,68.43,69.22
129-04339,2020-08-15 00:00:00,66.55,84.40
129-04339,2020-08-15 00:10:00,73.21,56.40
129-04339,2020-08-15 00:20:00,71.69,50.33
129-04339,2020-08-15 00:30:00,61.69,54.00
129-04339,2020-08-15 00:40:00,60.62,67.10
129-04339,2020-08-15 00:50:00,68.65,93.80
129-04339,2020-08-15 01:00:00,64.84,89.80
129-04339,2020-08-15 01:10:00,57.80,54.30
129-04339,2020-08-15 01:20:00,61.62,92.00
129-04339,2020-08-15 01:30:00,,
129-04339,2020-08-15 01:40:00,63.00,100.00
129-04339,2020-08-15 01:50:00,67.50,51.00
129-04339,2020-08-15 02:00:00,67.22,67.00
129-04339,2020-08-15 02:10:00,50.00,27.90
129-04339,2020-08-15 02:20:00,60.27,88.33
129-04339,2020-08-15 02:30:00,61.95,81.70
129-04339,2020-08-15 02:40:00,61.32,77.70
129-04339,2020-08-15 02:50:00,65.08,63.00
129-04339,2020-08-15 03:00:00,60.68,80.80
129-04339,2020-08-15 03:10:00,70.59,43.00
129-04339,2020-08-15 03:20:00,59.93,67.30
129-04339,2020-08-15 03:30:00,61.60,66.50
129-04339,2020-08-15 03:40:00,67.00,85.67
129-04339,2020-08-15 03:50:00,71.32,51.00
129-04339,2020-08-15 04:00:00,60.14,73.30
129-04339,2020-08-15 04:10:00,63.55,92.50
129-04339,2020-08-15 04:20:00,64.80,94.60
129-04339,2020-08-15 04:30:00,68.55,68.20
129-04339,2020-08-15 04:40:00,70.17,55.50
129-04339,2020-08-15 04:50:00,67.51,64.30
129-04339,2020-08-15 05:00:00,62.84,47.00
129-04339,2020-08-15 05:10:00,61.73,72.00
129-04339,2020-08-15 05:20:00,62.00,81.67
129-04339,2020-08-15 05:30:00,64.00,99.00
129-04339,2020-08-15 05:40:00,64.09,99.00
129-04339,2020-08-15 05:50:00,68.83,61.90
129-04339,2020-08-15 06:00:00,73.27,42.50
129-04339,2020-08-15 06:10:00,74.18,67.40
129-04339,2020-08-15 06:20:00,68.14,87.20
129-04339,2020-08-15 06:30:00,74.00,85.90
129-04339,2020-08-15 06:40:00,72.94,96.30
129-04339,2020-08-15 06:50:00,71.00,100.00
129-04339,2020-08-15 07:00:00,74.38,82.60
129-04339,2020-08-15 07:10:00,72.92,93.20
129-04339,2020-08-15 07:20:00,68.65,100.00
129-04339,2020-08-15 07:30:00,66.39,100.00
129-04339,2020-08-15 07:40:00,66.28,100.00
129-04339,2020-08-15 07:50:00,67.54,100.00
129-04339,2020-08-15 08:00:00,74.69,100.00
129-04339,2020-08-15 08:10:00,71.22,100.00
129-04339,2020-08-15 08:20:00,71.97,100.00
129-04339,2020-08-15 08:30:00,69.05,100.00
129-04339,2020-08-15 08:40:00,65.00,100.00
129-04339,2020-08-15 08:50:00,68.27,100.00
129-04339,2020-08-15 09:00:00,64.70,100.00
129-04339,2020-08-15 09:10:00,69.10,92.00
129-04339,2020-08-15 09:20:00,67.48,100.00
129-04339,2020-08-15 09:30:00,66.23,93.00
129-04339,2020-08-15 09:40:00,60.11,58.60
129-04339,2020-08-15 09:50:00,68.70,100.00
129-04339,2020-08-15 10:00:00,69.58,100.00
129-04339,2020-08-15 10:10:00,67.94,100.00
129-04339,2020-08-15 10:20:00,70.94,86.40
129-04339,2020-08-15 10:30:00,67.87,100.00
129-04339,2020-08-15 10:40:00,62.98,95.00
129-04339,2020-08-15 10:50:00,66.57,100.00
129-04339,2020-08-15 11:00:00,66.06,100.00
129-04339,2020-08-15 11:10:00,68.92,100.00
129-04339,2020-08-15 11:20:00,64.62,93.40
129-04339,2020-08-15 11:30:00,64.18,98.70
129-04339,2020-08-15 11:40:00,64.07,90.00
129-04339,2020-08-15 11:50:00,64.86,99.30
129-04339,2020-08-15 12:00:00,67.66,100.00
129-04339,2020-08-15 12:10:00,67.47,100.00
129-04339,2020-08-15 12:20:00,66.23,100.00
129-04339,2020-08-15 12:30:00,66.63,100.00
129-04339,2020-08-15 12:40:00,68.93,100.00
129-04339,2020-08-15 12:50:00,65.08,100.00
129-04339,2020-08-15 13:00:00,66.38,100.00
129-04339,2020-08-15 13:10:00,66.46,100.00
129-04339,2020-08-15 13:20:00,67.47,100.00
129-04339,2020-08-15 13:30:00,61.47,100.00
129-04339,2020-08-15 13:40:00,31.99,100.00
129-04339,2020-08-15 13:50:00,19.43,100.00
129-04339,2020-08-15 14:00:00,16.64,100.00
129-04339,2020-08-15 14:10:00,17.23,100.00
129-04339,2020-08-15 14:20:00,43.25,90.20
129-04339,2020-08-15 14:30:00,65.45,100.00
129-04339,2020-08-15 14:40:00,65.28,100.00
129-04339,2020-08-15 14:50:00,68.86,100.00
129-04339,2020-08-15 15:00:00,65.19,100.00
129-04339,2020-08-15 15:10:00,65.21,100.00
129-04339,2020-08-15 15:20:00,65.65,100.00
129-04339,2020-08-15 15:30:00,68.30,100.00
129-04339,2020-08-15 15:40:00,65.28,100.00
129-04339,2020-08-15 15:50:00,66.90,100.00
129-04339,2020-08-15 16:00:00,67.19,100.00
129-04339,2020-08-15 16:10:00,67.56,100.00
129-04339,2020-08-15 16:20:00,62.05,100.00
129-04339,2020-08-15 16:30:00,64.48,100.00
129-04339,2020-08-15 16:40:00,67.57,85.10
129-04339,2020-08-15 16:50:00,63.27,100.00
129-04339,2020-08-15 17:00:00,65.47,100.00
129-04339,2020-08-15 17:10:00,65.46,98.40
129-04339,2020-08-15 17:20:00,65.07,98.60
129-04339,2020-08-15 17:30:00,68.66,100.00
129-04339,2020-08-15 17:40:00,71.79,76.40
129-04339,2020-08-15 17:50:00,68.38,100.00
129-04339,2020-08-15 18:00:00,66.17,100.00
129-04339,2020-08-15 18:10:00,64.41,84.70
129-04339,2020-08-15 18:20:00,65.20,100.00
129-04339,2020-08-15 18:30:00,67.96,100.00
129-04339,2020-08-15 18:40:00,67.16,100.00
129-04339,2020-08-15 18:50:00,64.98,100.00
129-04339,2020-08-15 19:00:00,64.16,100.00
129-04339,2020-08-15 19:10:00,64.60,100.00
129-04339,2020-08-15 19:20:00,67.68,100.00
129-04339,2020-08-15 19:30:00,70.65,100.00
129-04339,2020-08-15 19:40:00,68.09,100.00
129-04339,2020-08-15 19:50:00,66.58,100.00
129-04339,2020-08-15 20:00:00,65.39,100.00
129-04339,2020-08-15 20:10:00,64.80,100.00
129-04339,2020-08-15 20:20:00,61.38,92.90
129-04339,2020-08-15 20:30:00,62.47,96.80
129-04339,2020-08-15 20:40:00,63.99,100.00
129-04339,2020-08-15 20:50:00,63.04,90.10
129-04339,2020-08-15 21:00:00,67.53,67.00
129-04339,2020-08-15 21:10:00,69.64,54.90
129-04339,2020-08-15 21:20:00,61.68,76.80
129-04339,2020-08-15 21:30:00,60.71,88.20
129-04339,2020-08-15 21:40:00,57.03,41.90
129-04339,2020-08-15 21:50:00,62.85,98.10
129-04339,2020-08-15 22:00:00,67.00,100.00
129-04339,2020-08-15 22:10:00,62.98,100.00
129-04339,2020-08-15 22:20:00,67.29,100.00
129-04339,2020-08-15 22:30:00,67.80,100.00
129-04339,2020-08-15 22:40:00,64.02,80.17
129-04339,2020-08-15 22:50:00,63.76,92.44
129-04339,2020-08-15 23:00:00,66.90,99.70
129-04339,2020-08-15 23:10:00,66.03,97.10
129-04339,2020-08-15 23:20:00,64.05,64.20
129-04339,2020-08-15 23:30:00,63.21,87.10
129-04339,2020-08-15 23:40:00,65.29,98.30
129-04339,2020-08-15 23:50:00,63.67,80.56
129-04359,2020-08-15 00:00:00,61.98,96.10
129-04359,2020-08-15 00:10:00,64.71,81.90
129-04359,2020-08-15 00:20:00,63.59,78.00
129-04359,2020-08-15 00:30:00,65.48,83.70
129-04359,2020-08-15 00:40:00,69.38,53.43
129-04359,2020-08-15 00:50:00,70.87,49.38
129-04359,2020-08-15 01:00:00,66.49,89.00
129-04359,2020-08-15 01:10:00,59.09,41.70
129-04359,2020-08-15 01:20:00,59.33,58.00
129-04359,2020-08-15 01:30:00,66.00,92.50
129-04359,2020-08-15 01:40:00,56.00,47.00
129-04359,2020-08-15 01:50:00,56.00,60.67
129-04359,2020-08-15 02:00:00,61.60,65.00
129-04359,2020-08-15 02:10:00,67.00,63.30
129-04359,2020-08-15 02:20:00,,
129-04359,2020-08-15 02:30:00,61.64,84.71
129-04359,2020-08-15 02:40:00,65.32,68.00
129-04359,2020-08-15 02:50:00,71.85,47.63
129-04359,2020-08-15 03:00:00,56.46,23.00
129-04359,2020-08-15 03:10:00,58.29,48.70
129-04359,2020-08-15 03:20:00,63.10,87.56
129-04359,2020-08-15 03:30:00,66.00,100.00
129-04359,2020-08-15 03:40:00,,
129-04359,2020-08-15 03:50:00,66.00,94.67
129-04359,2020-08-15 04:00:00,68.87,59.50
129-04359,2020-08-15 04:10:00,70.00,73.00
129-04359,2020-08-15 04:20:00,64.14,74.00
129-04359,2020-08-15 04:30:00,67.37,91.00
129-04359,2020-08-15 04:40:00,66.68,67.90
129-04359,2020-08-15 04:50:00,68.89,56.50
129-04359,2020-08-15 05:00:00,65.77,73.90
129-04359,2020-08-15 05:10:00,65.48,75.70
129-04359,2020-08-15 05:20:00,64.78,85.60
129-04359,2020-08-15 05:30:00,65.30,94.00
129-04359,2020-08-15 05:40:00,71.57,50.20
129-04359,2020-08-15 05:50:00,67.23,92.70
129-04359,2020-08-15 06:00:00,69.83,89.80
129-04359,2020-08-15 06:10:00,69.03,87.40
129-04359,2020-08-15 06:20:00,67.44,100.00
129-04359,2020-08-15 06:30:00,69.32,96.40
129-04359,2020-08-15 06:40:00,69.97,96.40
129-04359,2020-08-15 06:50:00,69.97,87.80
129-04359,2020-08-15 07:00:00,71.76,80.50
129-04359,2020-08-15 07:10:00,68.20,99.90
129-04359,2020-08-15 07:20:00,69.08,100.00
129-04359,2020-08-15 07:30:00,69.78,100.00
129-04359,2020-08-15 07:40:00,70.28,100.00
129-04359,2020-08-15 07:50:00,71.38,100.00
129-04359,2020-08-15 08:00:00,68.39,100.00
129-04359,2020-08-15 08:10:00,66.63,100.00
129-04359,2020-08-15 08:20:00,69.79,100.00
129-04359,2020-08-15 08:30:00,68.56,100.00
129-04359,2020-08-15 08:40:00,70.37,96.00
129-04359,2020-08-15 08:50:00,69.47,100.00
129-04359,2020-08-15 09:00:00,68.28,100.00
129-04359,2020-08-15 09:10:00,64.97,100.00
129-04359,2020-08-15 09:20:00,68.97,100.00
129-04359,2020-08-15 09:30:00,70.27,100.00
129-04359,2020-08-15 09:40:00,67.47,100.00
129-04359,2020-08-15 09:50:00,63.39,100.00
129-04359,2020-08-15 10:00:00,66.63,100.00
129-04359,2020-08-15 10:10:00,67.65,100.00
129-04359,2020-08-15 10:20:00,68.36,100.00
129-04359,2020-08-15 10:30:00,65.60,100.00
129-04359,2020-08-15 10:40:00,68.29,100.00
129-04359,2020-08-15 10:50:00,68.15,100.00
129-04359,2020-08-15 11:00:00,65.01,100.00
129-04359,2020-08-15 11:10:00,64.69,100.00
129-04359,2020-08-15 11:20:00,65.30,100.00
129-04359,2020-08-15 11:30:00,66.38,100.00
129-04359,2020-08-15 11:40:00,67.15,100.00
129-04359,2020-08-15 11:50:00,66.37,97.80
129-04359,2020-08-15 12:00:00,63.39,100.00
129-04359,2020-08-15 12:10:00,66.48,100.00
129-04359,2020-08-15 12:20:00,66.40,100.00
129-04359,2020-08-15 12:30:00,65.86,100.00
129-04359,2020-08-15 12:40:00,66.90,100.00
129-04359,2020-08-15 12:50:00,66.99,100.00
129-04359,2020-08-15 13:00:00,66.39,100.00
129-04359,2020-08-15 13:10:00,63.88,100.00
129-04359,2020-08-15 13:20:00,66.39,100.00
129-04359,2020-08-15 13:30:00,68.28,100.00
129-04359,2020-08-15 13:40:00,68.10,100.00
129-04359,2020-08-15 13:50:00,67.28,100.00
129-04359,2020-08-15 14:00:00,68.08,100.00
129-04359,2020-08-15 14:10:00,67.59,100.00
129-04359,2020-08-15 14:20:00,66.08,100.00
129-04359,2020-08-15 14:30:00,67.49,100.00
129-04359,2020-08-15 14:40:00,67.69,100.00
129-04359,2020-08-15 14:50:00,65.50,100.00
129-04359,2020-08-15 15:00:00,68.09,100.00
129-04359,2020-08-15 15:10:00,66.19,100.00
129-04359,2020-08-15 15:20:00,68.29,100.00
129-04359,2020-08-15 15:30:00,67.48,100.00
129-04359,2020-08-15 15:40:00,65.39,100.00
129-04359,2020-08-15 15:50:00,67.88,100.00
129-04359,2020-08-15 16:00:00,69.39,100.00
129-04359,2020-08-15 16:10:00,67.29,100.00
129-04359,2020-08-15 16:20:00,68.07,100.00
129-04359,2020-08-15 16:30:00,67.09,100.00
129-04359,2020-08-15 16:40:00,68.49,100.00
129-04359,2020-08-15 16:50:00,70.39,100.00
129-04359,2020-08-15 17:00:00,68.29,100.00
129-04359,2020-08-15 17:10:00,66.66,100.00
129-04359,2020-08-15 17:20:00,66.29,100.00
129-04359,2020-08-15 17:30:00,70.29,100.00
129-04359,2020-08-15 17:40:00,71.78,98.30
129-04359,2020-08-15 17:50:00,65.89,100.00
129-04359,2020-08-15 18:00:00,67.17,100.00
129-04359,2020-08-15 18:10:00,67.37,100.00
129-04359,2020-08-15 18:20:00,65.47,100.00
129-04359,2020-08-15 18:30:00,70.36,100.00
129-04359,2020-08-15 18:40:00,69.38,100.00
129-04359,2020-08-15 18:50:00,69.09,100.00
129-04359,2020-08-15 19:00:00,71.07,100.00
129-04359,2020-08-15 19:10:00,71.38,100.00
129-04359,2020-08-15 19:20:00,70.19,100.00
129-04359,2020-08-15 19:30:00,70.69,100.00
129-04359,2020-08-15 19:40:00,68.68,100.00
129-04359,2020-08-15 19:50:00,68.97,100.00
129-04359,2020-08-15 20:00:00,65.98,100.00
129-04359,2020-08-15 20:10:00,65.70,100.00
129-04359,2020-08-15 20:20:00,64.76,100.00
129-04359,2020-08-15 20:30:00,66.38,100.00
129-04359,2020-08-15 20:40:00,66.09,100.00
129-04359,2020-08-15 20:50:00,66.38,100.00
129-04359,2020-08-15 21:00:00,64.48,100.00
129-04359,2020-08-15 21:10:00,60.77,100.00
129-04359,2020-08-15 21:20:00,62.68,100.00
129-04359,2020-08-15 21:30:00,72.31,84.10
129-04359,2020-08-15 21:40:00,64.38,84.80
129-04359,2020-08-15 21:50:00,65.10,97.40
129-04359,2020-08-15 22:00:00,63.22,100.00
129-04359,2020-08-15 22:10:00,64.78,100.00
129-04359,2020-08-15 22:20:00,64.67,100.00
129-04359,2020-08-15 22:30:00,69.16,94.90
129-04359,2020-08-15 22:40:00,61.29,100.00
129-04359,2020-08-15 22:50:00,65.94,94.90
129-04359,2020-08-15 23:00:00,66.90,98.00
129-04359,2020-08-15 23:10:00,69.48,84.80
129-04359,2020-08-15 23:20:00,67.35,95.00
129-04359,2020-08-15 23:30:00,65.28,96.10
129-04359,2020-08-15 23:40:00,64.14,76.60
129-04359,2020-08-15 23:50:00,64.43,83.60
129-04357,2020-08-15 00:00:00,65.77,96.40
129-04357,2020-08-15 00:10:00,63.89,95.33
129-04357,2020-08-15 00:20:00,71.28,79.00
129-04357,2020-08-15 00:30:00,67.77,92.60
129-04357,2020-08-15 00:40:00,65.70,87.90
129-04357,2020-08-15 00:50:00,73.95,60.40
129-04357,2020-08-15 01:00:00,66.85,88.20
129-04357,2020-08-15 01:10:00,72.98,68.30
129-04357,2020-08-15 01:20:00,68.24,93.38
129-04357,2020-08-15 01:30:00,64.75,59.56
129-04357,2020-08-15 01:40:00,60.79,34.10
129-04357,2020-08-15 01:50:00,60.00,44.00
129-04357,2020-08-15 02:00:00,,
129-04357,2020-08-15 02:10:00,73.63,29.70
129-04357,2020-08-15 02:20:00,72.41,66.00
129-04357,2020-08-15 02:30:00,65.98,79.25
129-04357,2020-08-15 02:40:00,68.69,76.60
129-04357,2020-08-15 02:50:00,72.94,87.40
129-04357,2020-08-15 03:00:00,68.95,71.25
129-04357,2020-08-15 03:10:00,63.47,52.80
129-04357,2020-08-15 03:20:00,62.95,62.63
129-04357,2020-08-15 03:30:00,66.00,95.00
129-04357,2020-08-15 03:40:00,,
129-04357,2020-08-15 03:50:00,,
129-04357,2020-08-15 04:00:00,68.45,73.75
129-04357,2020-08-15 04:10:00,69.69,89.30
129-04357,2020-08-15 04:20:00,68.00,95.50
129-04357,2020-08-15 04:30:00,68.68,95.40
129-04357,2020-08-15 04:40:00,72.18,72.00
129-04357,2020-08-15 04:50:00,65.97,76.14
129-04357,2020-08-15 05:00:00,66.10,63.11
129-04357,2020-08-15 05:10:00,68.24,80.80
129-04357,2020-08-15 05:20:00,68.19,96.00
129-04357,2020-08-15 05:30:00,65.47,88.70
129-04357,2020-08-15 05:40:00,71.16,41.20
129-04357,2020-08-15 05:50:00,67.45,89.50
129-04357,2020-08-15 06:00:00,75.72,44.90
129-04357,2020-08-15 06:10:00,77.98,54.90
129-04357,2020-08-15 06:20:00,71.19,100.00
129-04357,2020-08-15 06:30:00,70.95,100.00
129-04357,2020-08-15 06:40:00,74.97,99.30
129-04357,2020-08-15 06:50:00,71.56,99.30
129-04357,2020-08-15 07:00:00,74.36,91.50
129-04357,2020-08-15 07:10:00,73.67,96.30
129-04357,2020-08-15 07:20:00,73.38,100.00
129-04357,2020-08-15 07:30:00,71.50,100.00
129-04357,2020-08-15 07:40:00,72.35,100.00
129-04357,2020-08-15 07:50:00,74.98,99.60
129-04357,2020-08-15 08:00:00,75.47,100.00
129-04357,2020-08-15 08:10:00,71.29,100.00
129-04357,2020-08-15 08:20:00,71.74,100.00
129-04357,2020-08-15 08:30:00,73.14,100.00
129-04357,2020-08-15 08:40:00,74.69,98.00
129-04357,2020-08-15 08:50:00,72.94,100.00
129-04357,2020-08-15 09:00:00,70.78,100.00
129-04357,2020-08-15 09:10:00,71.79,100.00
129-04357,2020-08-15 09:20:00,74.23,100.00
129-04357,2020-08-15 09:30:00,72.06,100.00
129-04357,2020-08-15 09:40:00,71.97,100.00
129-04357,2020-08-15 09:50:00,71.15,100.00
129-04357,2020-08-15 10:00:00,72.28,100.00
129-04357,2020-08-15 10:10:00,71.98,100.00
129-04357,2020-08-15 10:20:00,72.39,100.00
129-04357,2020-08-15 10:30:00,70.45,100.00
129-04357,2020-08-15 10:40:00,70.26,100.00
129-04357,2020-08-15 10:50:00,70.59,100.00
129-04357,2020-08-15 11:00:00,71.09,100.00
129-04357,2020-08-15 11:10:00,70.29,100.00
129-04357,2020-08-15 11:20:00,68.79,100.00
129-04357,2020-08-15 11:30:00,70.79,100.00
129-04357,2020-08-15 11:40:00,71.47,100.00
129-04357,2020-08-15 11:50:00,71.37,100.00
129-04357,2020-08-15 12:00:00,68.99,100.00
129-04357,2020-08-15 12:10:00,68.29,100.00
129-04357,2020-08-15 12:20:00,69.79,100.00
129-04357,2020-08-15 12:30:00,69.39,99.90
129-04357,2020-08-15 12:40:00,70.19,100.00
129-04357,2020-08-15 12:50:00,68.39,100.00
129-04357,2020-08-15 13:00:00,68.78,100.00
129-04357,2020-08-15 13:10:00,69.79,100.00
129-04357,2020-08-15 13:20:00,67.19,100.00
129-04357,2020-08-15 13:30:00,68.67,100.00
129-04357,2020-08-15 13:40:00,68.67,99.90
129-04357,2020-08-15 13:50:00,70.29,100.00
129-04357,2020-08-15 14:00:00,70.20,100.00
129-04357,2020-08-15 14:10:00,70.70,100.00
129-04357,2020-08-15 14:20:00,69.19,100.00
129-04357,2020-08-15 14:30:00,69.58,100.00
129-04357,2020-08-15 14:40:00,70.29,100.00
129-04357,2020-08-15 14:50:00,69.79,100.00
129-04357,2020-08-15 15:00:00,70.49,100.00
129-04357,2020-08-15 15:10:00,68.69,100.00
129-04357,2020-08-15 15:20:00,69.89,100.00
129-04357,2020-08-15 15:30:00,71.29,100.00
129-04357,2020-08-15 15:40:00,67.98,100.00
129-04357,2020-08-15 15:50:00,71.37,100.00
129-04357,2020-08-15 16:00:00,72.88,100.00
129-04357,2020-08-15 16:10:00,72.18,100.00
129-04357,2020-08-15 16:20:00,71.58,100.00
129-04357,2020-08-15 16:30:00,71.69,100.00
129-04357,2020-08-15 16:40:00,72.48,100.00
129-04357,2020-08-15 16:50:00,74.39,100.00
129-04357,2020-08-15 17:00:00,71.57,100.00
129-04357,2020-08-15 17:10:00,70.59,100.00
129-04357,2020-08-15 17:20:00,71.10,100.00
129-04357,2020-08-15 17:30:00,71.19,100.00
129-04357,2020-08-15 17:40:00,73.57,100.00
129-04357,2020-08-15 17:50:00,73.88,100.00
129-04357,2020-08-15 18:00:00,71.48,100.00
129-04357,2020-08-15 18:10:00,73.83,100.00
129-04357,2020-08-15 18:20:00,73.78,100.00
129-04357,2020-08-15 18:30:00,74.56,100.00
129-04357,2020-08-15 18:40:00,75.40,100.00
129-04357,2020-08-15 18:50:00,73.58,100.00
129-04357,2020-08-15 19:00:00,72.65,100.00
129-04357,2020-08-15 19:10:00,73.29,100.00
129-04357,2020-08-15 19:20:00,72.72,100.00
129-04357,2020-08-15 19:30:00,75.49,100.00
129-04357,2020-08-15 19:40:00,70.60,100.00
129-04357,2020-08-15 19:50:00,71.19,100.00
129-04357,2020-08-15 20:00:00,71.47,100.00
129-04357,2020-08-15 20:10:00,74.88,96.00
129-04357,2020-08-15 20:20:00,70.15,97.50
129-04357,2020-08-15 20:30:00,69.59,100.00
129-04357,2020-08-15 20:40:00,68.52,100.00
129-04357,2020-08-15 20:50:00,69.04,100.00
129-04357,2020-08-15 21:00:00,69.82,100.00
129-04357,2020-08-15 21:10:00,65.77,93.60
129-04357,2020-08-15 21:20:00,65.34,83.10
129-04357,2020-08-15 21:30:00,73.37,95.90
129-04357,2020-08-15 21:40:00,69.82,95.90
129-04357,2020-08-15 21:50:00,66.82,93.90
129-04357,2020-08-15 22:00:00,72.78,97.10
129-04357,2020-08-15 22:10:00,70.48,100.00
129-04357,2020-08-15 22:20:00,70.40,100.00
129-04357,2020-08-15 22:30:00,74.53,91.00
129-04357,2020-08-15 22:40:00,68.43,94.60
129-04357,2020-08-15 22:50:00,71.86,100.00
129-04357,2020-08-15 23:00:00,71.91,94.10
129-04357,2020-08-15 23:10:00,68.27,81.50
129-04357,2020-08-15 23:20:00,68.11,80.90
129-04357,2020-08-15 23:30:00,70.88,83.00
129-04357,2020-08-15 23:40:00,68.84,71.80
129-04357,2020-08-15 23:50:00,72.67,60.10
129-04358,2020-08-15 00:00:00,58.10,72.60
129-04358,2020-08-15 00:10:00,57.66,84.33
129-04358,2020-08-15 00:20:00,64.05,81.30
129-04358,2020-08-15 00:30:00,65.50,63.90
129-04358,2020-08-15 00:40:00,73.76,25.00
129-04358,2020-08-15 00:50:00,69.25,77.60
129-04358,2020-08-15 01:00:00,65.40,94.60
129-04358,2020-08-15 01:10:00,63.21,68.80
129-04358,2020-08-15 01:20:00,61.70,46.14
129-04358,2020-08-15 01:30:00,62.30,54.90
129-04358,2020-08-15 01:40:00,58.02,55.30
129-04358,2020-08-15 01:50:00,55.00,57.33
129-04358,2020-08-15 02:00:00,70.00,40.00
129-04358,2020-08-15 02:10:00,72.22,33.10
129-04358,2020-08-15 02:20:00,83.00,17.67
129-04358,2020-08-15 02:30:00,63.40,74.60
129-04358,2020-08-15 02:40:00,67.45,76.60
129-04358,2020-08-15 02:50:00,74.00,98.13
129-04358,2020-08-15 03:00:00,59.50,26.00
129-04358,2020-08-15 03:10:00,61.79,56.90
129-04358,2020-08-15 03:20:00,61.49,65.25
129-04358,2020-08-15 03:30:00,,
129-04358,2020-08-15 03:40:00,80.00,
129-04358,2020-08-15 03:50:00,75.63,76.00
129-04358,2020-08-15 04:00:00,66.74,68.70
129-04358,2020-08-15 04:10:00,70.50,74.00
129-04358,2020-08-15 04:20:00,64.32,66.75
129-04358,2020-08-15 04:30:00,65.60,97.60
129-04358,2020-08-15 04:40:00,66.25,93.70
129-04358,2020-08-15 04:50:00,73.85,53.20
129-04358,2020-08-15 05:00:00,65.79,68.20
129-04358,2020-08-15 05:10:00,68.08,83.10
129-04358,2020-08-15 05:20:00,64.77,77.00
129-04358,2020-08-15 05:30:00,64.34,76.70
129-04358,2020-08-15 05:40:00,70.04,43.50
129-04358,2020-08-15 05:50:00,67.38,97.50
129-04358,2020-08-15 06:00:00,70.53,78.80
129-04358,2020-08-15 06:10:00,72.87,59.30
129-04358,2020-08-15 06:20:00,67.37,100.00
129-04358,2020-08-15 06:30:00,66.15,100.00
129-04358,2020-08-15 06:40:00,66.97,100.00
129-04358,2020-08-15 06:50:00,63.88,100.00
129-04358,2020-08-15 07:00:00,71.11,100.00
129-04358,2020-08-15 07:10:00,66.30,100.00
129-04358,2020-08-15 07:20:00,70.39,100.00
129-04358,2020-08-15 07:30:00,69.19,100.00
129-04358,2020-08-15 07:40:00,70.89,100.00
129-04358,2020-08-15 07:50:00,73.07,100.00
129-04358,2020-08-15 08:00:00,71.97,100.00
129-04358,2020-08-15 08:10:00,70.39,100.00
129-04358,2020-08-15 08:20:00,68.54,100.00
129-04358,2020-08-15 08:30:00,70.97,100.00
129-04358,2020-08-15 08:40:00,66.15,100.00
129-04358,2020-08-15 08:50:00,65.93,100.00
129-04358,2020-08-15 09:00:00,68.39,100.00
129-04358,2020-08-15 09:10:00,65.95,100.00
129-04358,2020-08-15 09:20:00,67.23,100.00
129-04358,2020-08-15 09:30:00,67.58,100.00
129-04358,2020-08-15 09:40:00,68.49,100.00
129-04358,2020-08-15 09:50:00,65.97,100.00
129-04358,2020-08-15 10:00:00,66.92,100.00
129-04358,2020-08-15 10:10:00,68.85,100.00
129-04358,2020-08-15 10:20:00,70.46,100.00
129-04358,2020-08-15 10:30:00,68.00,100.00
129-04358,2020-08-15 10:40:00,69.86,100.00
129-04358,2020-08-15 10:50:00,69.09,100.00
129-04358,2020-08-15 11:00:00,68.09,100.00
129-04358,2020-08-15 11:10:00,65.44,100.00
129-04358,2020-08-15 11:20:00,63.06,100.00
129-04358,2020-08-15 11:30:00,65.50,100.00
129-04358,2020-08-15 11:40:00,67.07,100.00
129-04358,2020-08-15 11:50:00,65.49,100.00
129-04358,2020-08-15 12:00:00,62.39,100.00
129-04358,2020-08-15 12:10:00,65.50,100.00
129-04358,2020-08-15 12:20:00,66.77,100.00
129-04358,2020-08-15 12:30:00,64.55,100.00
129-04358,2020-08-15 12:40:00,66.68,100.00
129-04358,2020-08-15 12:50:00,65.70,100.00
129-04358,2020-08-15 13:00:00,67.54,100.00
129-04358,2020-08-15 13:10:00,62.68,100.00
129-04358,2020-08-15 13:20:00,65.79,100.00
129-04358,2020-08-15 13:30:00,69.37,100.00
129-04358,2020-08-15 13:40:00,67.44,100.00
129-04358,2020-08-15 13:50:00,66.48,100.00
129-04358,2020-08-15 14:00:00,67.56,100.00
129-04358,2020-08-15 14:10:00,70.68,100.00
129-04358,2020-08-15 14:20:00,67.34,100.00
129-04358,2020-08-15 14:30:00,68.47,100.00
129-04358,2020-08-15 14:40:00,68.38,100.00
129-04358,2020-08-15 14:50:00,65.36,100.00
129-04358,2020-08-15 15:00:00,65.88,100.00
129-04358,2020-08-15 15:10:00,66.88,100.00
129-04358,2020-08-15 15:20:00,67.79,100.00
129-04358,2020-08-15 15:30:00,68.79,100.00
129-04358,2020-08-15 15:40:00,65.01,100.00
129-04358,2020-08-15 15:50:00,66.61,100.00
129-04358,2020-08-15 16:00:00,70.79,100.00
129-04358,2020-08-15 16:10:00,68.54,100.00
129-04358,2020-08-15 16:20:00,66.93,100.00
129-04358,2020-08-15 16:30:00,65.79,100.00
129-04358,2020-08-15 16:40:00,68.27,100.00
129-04358,2020-08-15 16:50:00,69.65,100.00
129-04358,2020-08-15 17:00:00,69.88,100.00
129-04358,2020-08-15 17:10:00,68.57,100.00
129-04358,2020-08-15 17:20:00,67.27,100.00
129-04358,2020-08-15 17:30:00,69.08,100.00
129-04358,2020-08-15 17:40:00,72.18,100.00
129-04358,2020-08-15 17:50:00,69.69,100.00
129-04358,2020-08-15 18:00:00,70.36,100.00
129-04358,2020-08-15 18:10:00,70.81,100.00
129-04358,2020-08-15 18:20:00,67.06,100.00
129-04358,2020-08-15 18:30:00,72.27,100.00
129-04358,2020-08-15 18:40:00,67.92,100.00
129-04358,2020-08-15 18:50:00,68.87,100.00
129-04358,2020-08-15 19:00:00,68.47,100.00
129-04358,2020-08-15 19:10:00,69.35,100.00
129-04358,2020-08-15 19:20:00,68.33,100.00
129-04358,2020-08-15 19:30:00,70.98,100.00
129-04358,2020-08-15 19:40:00,67.15,100.00
129-04358,2020-08-15 19:50:00,67.87,100.00
129-04358,2020-08-15 20:00:00,66.18,100.00
129-04358,2020-08-15 20:10:00,67.74,100.00
129-04358,2020-08-15 20:20:00,68.16,100.00
129-04358,2020-08-15 20:30:00,68.25,100.00
129-04358,2020-08-15 20:40:00,64.75,100.00
129-04358,2020-08-15 20:50:00,66.09,100.00
129-04358,2020-08-15 21:00:00,67.85,100.00
129-04358,2020-08-15 21:10:00,62.77,100.00
129-04358,2020-08-15 21:20:00,64.75,100.00
129-04358,2020-08-15 21:30:00,72.74,59.20
129-04358,2020-08-15 21:40:00,64.82,93.30
129-04358,2020-08-15 21:50:00,64.96,100.00
129-04358,2020-08-15 22:00:00,68.87,100.00
129-04358,2020-08-15 22:10:00,63.57,100.00
129-04358,2020-08-15 22:20:00,68.42,90.40
129-04358,2020-08-15 22:30:00,68.78,100.00
129-04358,2020-08-15 22:40:00,66.37,100.00
129-04358,2020-08-15 22:50:00,68.47,100.00
129-04358,2020-08-15 23:00:00,68.45,93.40
129-04358,2020-08-15 23:10:00,65.64,85.60
129-04358,2020-08-15 23:20:00,68.08,97.60
129-04358,2020-08-15 23:30:00,67.69,99.00
129-04358,2020-08-15 23:40:00,65.87,95.40
129-04358,2020-08-15 23:50:00,68.78,91.60
129-04355,2020-08-15 00:00:00,64.09,98.70
129-04355,2020-08-15 00:10:00,62.23,93.88
129-04355,2020-08-15 00:20:00,65.32,92.80
129-04355,2020-08-15 00:30:00,63.68,98.30
129-04355,2020-08-15 00:40:00,63.17,95.90
129-04355,2020-08-15 00:50:00,74.87,19.30
129-04355,2020-08-15 01:00:00,50.54,30.00
129-04355,2020-08-15 01:10:00,70.78,78.33
129-04355,2020-08-15 01:20:00,65.10,93.30
129-04355,2020-08-15 01:30:00,55.00,25.67
129-04355,2020-08-15 01:40:00,56.88,66.40
129-04355,2020-08-15 01:50:00,57.00,77.33
129-04355,2020-08-15 02:00:00,,
129-04355,2020-08-15 02:10:00,71.69,27.71
129-04355,2020-08-15 02:20:00,68.23,59.83
129-04355,2020-08-15 02:30:00,66.00,90.00
129-04355,2020-08-15 02:40:00,66.49,87.00
129-04355,2020-08-15 02:50:00,71.49,84.00
129-04355,2020-08-15 03:00:00,66.94,68.71
129-04355,2020-08-15 03:10:00,61.40,50.50
129-04355,2020-08-15 03:20:00,62.00,69.70
129-04355,2020-08-15 03:30:00,62.00,90.29
129-04355,2020-08-15 03:40:00,,
129-04355,2020-08-15 03:50:00,,
129-04355,2020-08-15 04:00:00,66.69,71.25
129-04355,2020-08-15 04:10:00,69.99,63.20
129-04355,2020-08-15 04:20:00,70.75,85.75
129-04355,2020-08-15 04:30:00,66.96,88.80
129-04355,2020-08-15 04:40:00,67.93,88.50
129-04355,2020-08-15 04:50:00,65.33,74.78
129-04355,2020-08-15 05:00:00,60.99,51.44
129-04355,2020-08-15 05:10:00,64.91,87.80
129-04355,2020-08-15 05:20:00,66.76,92.60
129-04355,2020-08-15 05:30:00,66.59,88.00
129-04355,2020-08-15 05:40:00,67.64,51.90
129-04355,2020-08-15 05:50:00,65.57,72.40
129-04355,2020-08-15 06:00:00,72.50,64.40
129-04355,2020-08-15 06:10:00,76.38,53.10
129-04355,2020-08-15 06:20:00,71.68,97.10
129-04355,2020-08-15 06:30:00,68.33,100.00
129-04355,2020-08-15 06:40:00,69.98,100.00
129-04355,2020-08-15 06:50:00,70.29,100.00
129-04355,2020-08-15 07:00:00,72.04,79.80
129-04355,2020-08-15 07:10:00,69.52,85.10
129-04355,2020-08-15 07:20:00,70.79,100.00
129-04355,2020-08-15 07:30:00,70.15,100.00
129-04355,2020-08-15 07:40:00,71.56,100.00
129-04355,2020-08-15 07:50:00,71.65,100.00
129-04355,2020-08-15 08:00:00,74.29,100.00
129-04355,2020-08-15 08:10:00,69.04,100.00
129-04355,2020-08-15 08:20:00,68.95,100.00
129-04355,2020-08-15 08:30:00,69.35,100.00
129-04355,2020-08-15 08:40:00,68.88,100.00
129-04355,2020-08-15 08:50:00,69.06,100.00
129-04355,2020-08-15 09:00:00,68.89,100.00
129-04355,2020-08-15 09:10:00,70.19,100.00
129-04355,2020-08-15 09:20:00,70.23,100.00
129-04355,2020-08-15 09:30:00,68.88,100.00
129-04355,2020-08-15 09:40:00,68.89,100.00
129-04355,2020-08-15 09:50:00,66.69,100.00
129-04355,2020-08-15 10:00:00,68.00,100.00
129-04355,2020-08-15 10:10:00,68.43,100.00
129-04355,2020-08-15 10:20:00,68.76,100.00
129-04355,2020-08-15 10:30:00,68.95,100.00
129-04355,2020-08-15 10:40:00,66.58,100.00
129-04355,2020-08-15 10:50:00,66.57,100.00
129-04355,2020-08-15 11:00:00,66.99,100.00
129-04355,2020-08-15 11:10:00,67.39,100.00
129-04355,2020-08-15 11:20:00,66.08,100.00
129-04355,2020-08-15 11:30:00,65.89,100.00
129-04355,2020-08-15 11:40:00,67.89,100.00
129-04355,2020-08-15 11:50:00,67.19,100.00
129-04355,2020-08-15 12:00:00,65.79,100.00
129-04355,2020-08-15 12:10:00,65.00,100.00
129-04355,2020-08-15 12:20:00,65.89,100.00
129-04355,2020-08-15 12:30:00,65.69,100.00
129-04355,2020-08-15 12:40:00,66.49,100.00
129-04355,2020-08-15 12:50:00,65.50,100.00
129-04355,2020-08-15 13:00:00,65.99,100.00
129-04355,2020-08-15 13:10:00,67.39,100.00
129-04355,2020-08-15 13:20:00,64.49,100.00
129-04355,2020-08-15 13:30:00,66.35,100.00
129-04355,2020-08-15 13:40:00,64.88,100.00
129-04355,2020-08-15 13:50:00,66.79,100.00
129-04355,2020-08-15 14:00:00,65.68,100.00
129-04355,2020-08-15 14:10:00,67.28,100.00
129-04355,2020-08-15 14:20:00,66.09,100.00
129-04355,2020-08-15 14:30:00,64.19,100.00
129-04355,2020-08-15 14:40:00,67.90,100.00
129-04355,2020-08-15 14:50:00,66.98,100.00
129-04355,2020-08-15 15:00:00,67.07,100.00
129-04355,2020-08-15 15:10:00,65.48,100.00
129-04355,2020-08-15 15:20:00,65.79,100.00
129-04355,2020-08-15 15:30:00,66.49,100.00
129-04355,2020-08-15 15:40:00,65.69,100.00
129-04355,2020-08-15 15:50:00,66.68,100.00
129-04355,2020-08-15 16:00:00,68.76,100.00
129-04355,2020-08-15 16:10:00,66.56,100.00
129-04355,2020-08-15 16:20:00,66.67,100.00
129-04355,2020-08-15 16:30:00,67.98,100.00
129-04355,2020-08-15 16:40:00,68.36,100.00
129-04355,2020-08-15 16:50:00,69.47,100.00
129-04355,2020-08-15 17:00:00,65.50,100.00
129-04355,2020-08-15 17:10:00,65.15,100.00
129-04355,2020-08-15 17:20:00,66.99,100.00
129-04355,2020-08-15 17:30:00,67.29,100.00
129-04355,2020-08-15 17:40:00,69.17,100.00
129-04355,2020-08-15 17:50:00,71.28,100.00
129-04355,2020-08-15 18:00:00,69.89,100.00
129-04355,2020-08-15 18:10:00,69.19,100.00
129-04355,2020-08-15 18:20:00,69.19,100.00
129-04355,2020-08-15 18:30:00,69.39,100.00
129-04355,2020-08-15 18:40:00,66.25,100.00
129-04355,2020-08-15 18:50:00,66.79,100.00
129-04355,2020-08-15 19:00:00,67.37,100.00
129-04355,2020-08-15 19:10:00,69.29,100.00
129-04355,2020-08-15 19:20:00,70.83,100.00
129-04355,2020-08-15 19:30:00,71.96,100.00
129-04355,2020-08-15 19:40:00,68.47,100.00
129-04355,2020-08-15 19:50:00,67.78,100.00
129-04355,2020-08-15 20:00:00,68.18,100.00
129-04355,2020-08-15 20:10:00,65.97,100.00
129-04355,2020-08-15 20:20:00,70.49,85.60
129-04355,2020-08-15 20:30:00,65.69,100.00
129-04355,2020-08-15 20:40:00,67.46,100.00
129-04355,2020-08-15 20:50:00,65.82,100.00
129-04355,2020-08-15 21:00:00,68.37,100.00
129-04355,2020-08-15 21:10:00,63.57,100.00
129-04355,2020-08-15 21:20:00,63.07,100.00
129-04355,2020-08-15 21:30:00,69.20,100.00
129-04355,2020-08-15 21:40:00,69.09,79.70
129-04355,2020-08-15 21:50:00,65.10,100.00
129-04355,2020-08-15 22:00:00,67.78,100.00
129-04355,2020-08-15 22:10:00,65.89,100.00
129-04355,2020-08-15 22:20:00,66.86,100.00
129-04355,2020-08-15 22:30:00,66.76,100.00
129-04355,2020-08-15 22:40:00,62.49,92.00
129-04355,2020-08-15 22:50:00,65.48,100.00
129-04355,2020-08-15 23:00:00,66.68,100.00
129-04355,2020-08-15 23:10:00,64.34,94.50
129-04355,2020-08-15 23:20:00,62.14,85.30
129-04355,2020-08-15 23:30:00,65.62,79.10
129-04355,2020-08-15 23:40:00,68.16,56.70
129-04355,2020-08-15 23:50:00,64.65,84.00
129-04356,2020-08-15 00:00:00,59.11,84.80
129-04356,2020-08-15 00:10:00,55.80,74.43
129-04356,2020-08-15 00:20:00,64.16,93.00
129-04356,2020-08-15 00:30:00,62.99,85.60
129-04356,2020-08-15 00:40:00,60.27,73.56
129-04356,2020-08-15 00:50:00,78.27,22.80
129-04356,2020-08-15 01:00:00,51.75,35.00
129-04356,2020-08-15 01:10:00,67.42,87.00
129-04356,2020-08-15 01:20:00,64.32,93.00
129-04356,2020-08-15 01:30:00,53.15,37.13
129-04356,2020-08-15 01:40:00,52.95,63.50
129-04356,2020-08-15 01:50:00,55.50,90.00
129-04356,2020-08-15 02:00:00,,
129-04356,2020-08-15 02:10:00,70.19,20.00
129-04356,2020-08-15 02:20:00,67.87,53.75
129-04356,2020-08-15 02:30:00,58.00,61.00
129-04356,2020-08-15 02:40:00,65.76,91.30
129-04356,2020-08-15 02:50:00,72.18,71.70
129-04356,2020-08-15 03:00:00,65.65,61.60
129-04356,2020-08-15 03:10:00,61.18,51.00
129-04356,2020-08-15 03:20:00,60.43,66.11
129-04356,2020-08-15 03:30:00,62.00,91.43
129-04356,2020-08-15 03:40:00,,
129-04356,2020-08-15 03:50:00,63.00,
129-04356,2020-08-15 04:00:00,64.52,80.63
129-04356,2020-08-15 04:10:00,64.99,94.90
129-04356,2020-08-15 04:20:00,63.33,96.00
129-04356,2020-08-15 04:30:00,64.37,97.70
129-04356,2020-08-15 04:40:00,64.19,99.40
129-04356,2020-08-15 04:50:00,63.84,93.00
129-04356,2020-08-15 05:00:00,62.25,80.89
129-04356,2020-08-15 05:10:00,65.25,78.40
129-04356,2020-08-15 05:20:00,66.78,85.90
129-04356,2020-08-15 05:30:00,64.69,88.10
129-04356,2020-08-15 05:40:00,66.53,51.70
129-04356,2020-08-15 05:50:00,63.48,66.70
129-04356,2020-08-15 06:00:00,72.91,48.70
129-04356,2020-08-15 06:10:00,76.35,44.90
129-04356,2020-08-15 06:20:00,70.29,98.10
129-04356,2020-08-15 06:30:00,68.35,100.00
129-04356,2020-08-15 06:40:00,69.25,100.00
129-04356,2020-08-15 06:50:00,70.07,100.00
129-04356,2020-08-15 07:00:00,72.55,87.20
129-04356,2020-08-15 07:10:00,68.74,94.10
129-04356,2020-08-15 07:20:00,71.08,97.90
129-04356,2020-08-15 07:30:00,70.48,100.00
129-04356,2020-08-15 07:40:00,70.33,100.00
129-04356,2020-08-15 07:50:00,71.98,100.00
129-04356,2020-08-15 08:00:00,74.28,100.00
129-04356,2020-08-15 08:10:00,70.52,98.60
129-04356,2020-08-15 08:20:00,68.71,100.00
129-04356,2020-08-15 08:30:00,69.46,100.00
129-04356,2020-08-15 08:40:00,71.00,100.00
129-04356,2020-08-15 08:50:00,70.48,98.40
129-04356,2020-08-15 09:00:00,68.79,100.00
129-04356,2020-08-15 09:10:00,69.39,100.00
129-04356,2020-08-15 09:20:00,70.06,100.00
129-04356,2020-08-15 09:30:00,67.07,100.00
129-04356,2020-08-15 09:40:00,68.77,100.00
129-04356,2020-08-15 09:50:00,67.17,100.00
129-04356,2020-08-15 10:00:00,68.99,100.00
129-04356,2020-08-15 10:10:00,68.72,100.00
129-04356,2020-08-15 10:20:00,68.08,100.00
129-04356,2020-08-15 10:30:00,67.91,100.00
129-04356,2020-08-15 10:40:00,67.46,100.00
129-04356,2020-08-15 10:50:00,67.46,100.00
129-04356,2020-08-15 11:00:00,67.68,100.00
129-04356,2020-08-15 11:10:00,67.88,100.00
129-04356,2020-08-15 11:20:00,64.96,100.00
129-04356,2020-08-15 11:30:00,67.24,100.00
129-04356,2020-08-15 11:40:00,67.88,100.00
129-04356,2020-08-15 11:50:00,67.08,100.00
129-04356,2020-08-15 12:00:00,65.08,100.00
129-04356,2020-08-15 12:10:00,63.67,100.00
129-04356,2020-08-15 12:20:00,64.66,100.00
129-04356,2020-08-15 12:30:00,66.49,99.20
129-04356,2020-08-15 12:40:00,66.49,100.00
129-04356,2020-08-15 12:50:00,64.88,100.00
129-04356,2020-08-15 13:00:00,64.05,100.00
129-04356,2020-08-15 13:10:00,65.68,100.00
129-04356,2020-08-15 13:20:00,62.40,100.00
129-04356,2020-08-15 13:30:00,64.93,100.00
129-04356,2020-08-15 13:40:00,65.90,99.50
129-04356,2020-08-15 13:50:00,65.87,100.00
129-04356,2020-08-15 14:00:00,66.48,100.00
129-04356,2020-08-15 14:10:00,67.09,100.00
129-04356,2020-08-15 14:20:00,66.19,100.00
129-04356,2020-08-15 14:30:00,63.98,100.00
129-04356,2020-08-15 14:40:00,67.59,100.00
129-04356,2020-08-15 14:50:00,67.56,100.00
129-04356,2020-08-15 15:00:00,67.49,99.80
129-04356,2020-08-15 15:10:00,64.30,100.00
129-04356,2020-08-15 15:20:00,65.89,100.00
129-04356,2020-08-15 15:30:00,66.49,100.00
129-04356,2020-08-15 15:40:00,64.49,100.00
129-04356,2020-08-15 15:50:00,68.46,100.00
129-04356,2020-08-15 16:00:00,69.16,100.00
129-04356,2020-08-15 16:10:00,67.58,100.00
129-04356,2020-08-15 16:20:00,66.47,100.00
129-04356,2020-08-15 16:30:00,67.96,100.00
129-04356,2020-08-15 16:40:00,68.25,100.00
129-04356,2020-08-15 16:50:00,70.69,100.00
129-04356,2020-08-15 17:00:00,66.99,100.00
129-04356,2020-08-15 17:10:00,65.79,100.00
129-04356,2020-08-15 17:20:00,66.98,100.00
129-04356,2020-08-15 17:30:00,68.08,99.90
129-04356,2020-08-15 17:40:00,68.85,100.00
129-04356,2020-08-15 17:50:00,70.90,100.00
129-04356,2020-08-15 18:00:00,68.27,100.00
129-04356,2020-08-15 18:10:00,69.68,100.00
129-04356,2020-08-15 18:20:00,70.48,100.00
129-04356,2020-08-15 18:30:00,69.69,100.00
129-04356,2020-08-15 18:40:00,72.76,100.00
129-04356,2020-08-15 18:50:00,69.67,100.00
129-04356,2020-08-15 19:00:00,69.46,100.00
129-04356,2020-08-15 19:10:00,70.39,100.00
129-04356,2020-08-15 19:20:00,71.24,100.00
129-04356,2020-08-15 19:30:00,72.36,100.00
129-04356,2020-08-15 19:40:00,69.58,100.00
129-04356,2020-08-15 19:50:00,68.60,100.00
129-04356,2020-08-15 20:00:00,67.67,100.00
129-04356,2020-08-15 20:10:00,68.39,100.00
129-04356,2020-08-15 20:20:00,70.36,88.80
129-04356,2020-08-15 20:30:00,65.30,100.00
129-04356,2020-08-15 20:40:00,66.86,100.00
129-04356,2020-08-15 20:50:00,63.53,100.00
129-04356,2020-08-15 21:00:00,65.13,100.00
129-04356,2020-08-15 21:10:00,63.28,100.00
129-04356,2020-08-15 21:20:00,64.67,100.00
129-04356,2020-08-15 21:30:00,70.12,94.80
129-04356,2020-08-15 21:40:00,66.96,79.50
129-04356,2020-08-15 21:50:00,59.29,76.70
129-04356,2020-08-15 22:00:00,66.17,83.00
129-04356,2020-08-15 22:10:00,66.39,100.00
129-04356,2020-08-15 22:20:00,67.56,100.00
129-04356,2020-08-15 22:30:00,68.19,100.00
129-04356,2020-08-15 22:40:00,64.54,100.00
129-04356,2020-08-15 22:50:00,66.57,100.00
129-04356,2020-08-15 23:00:00,67.19,99.90
129-04356,2020-08-15 23:10:00,66.65,92.10
129-04356,2020-08-15 23:20:00,65.31,87.70
129-04356,2020-08-15 23:30:00,68.52,64.70
129-04356,2020-08-15 23:40:00,67.44,53.30
129-04356,2020-08-15 23:50:00,65.45,60.80
129-04353,2020-08-15 00:00:00,66.63,63.50
129-04353,2020-08-15 00:10:00,62.96,95.80
129-04353,2020-08-15 00:20:00,72.41,69.00
129-04353,2020-08-15 00:30:00,66.34,86.50
129-04353,2020-08-15 00:40:00,63.19,87.90
129-04353,2020-08-15 00:50:00,73.41,53.10
129-04353,2020-08-15 01:00:00,71.71,47.90
129-04353,2020-08-15 01:10:00,67.21,78.00
129-04353,2020-08-15 01:20:00,69.76,97.90
129-04353,2020-08-15 01:30:00,68.12,83.33
129-04353,2020-08-15 01:40:00,63.00,56.90
129-04353,2020-08-15 01:50:00,63.00,80.00
129-04353,2020-08-15 02:00:00,,
129-04353,2020-08-15 02:10:00,62.07,81.89
129-04353,2020-08-15 02:20:00,60.86,87.33
129-04353,2020-08-15 02:30:00,67.00,84.00
129-04353,2020-08-15 02:40:00,66.53,88.67
129-04353,2020-08-15 02:50:00,66.15,89.70
129-04353,2020-08-15 03:00:00,66.11,93.00
129-04353,2020-08-15 03:10:00,63.00,83.90
129-04353,2020-08-15 03:20:00,60.00,77.00
129-04353,2020-08-15 03:30:00,62.47,89.56
129-04353,2020-08-15 03:40:00,69.00,47.33
129-04353,2020-08-15 03:50:00,50.00,7.50
129-04353,2020-08-15 04:00:00,52.15,35.50
129-04353,2020-08-15 04:10:00,66.47,71.40
129-04353,2020-08-15 04:20:00,65.27,82.60
129-04353,2020-08-15 04:30:00,67.65,70.44
129-04353,2020-08-15 04:40:00,69.38,70.30
129-04353,2020-08-15 04:50:00,71.00,76.88
129-04353,2020-08-15 05:00:00,,
129-04353,2020-08-15 05:10:00,63.00,66.33
129-04353,2020-08-15 05:20:00,63.00,71.86
129-04353,2020-08-15 05:30:00,71.00,87.00
129-04353,2020-08-15 05:40:00,65.13,49.40
129-04353,2020-08-15 05:50:00,68.79,94.50
129-04353,2020-08-15 06:00:00,70.82,67.00
129-04353,2020-08-15 06:10:00,77.97,30.40
129-04353,2020-08-15 06:20:00,70.19,81.70
129-04353,2020-08-15 06:30:00,69.95,100.00
129-04353,2020-08-15 06:40:00,69.53,100.00
129-04353,2020-08-15 06:50:00,68.56,100.00
129-04353,2020-08-15 07:00:00,68.73,100.00
129-04353,2020-08-15 07:10:00,65.82,100.00
129-04353,2020-08-15 07:20:00,67.76,100.00
129-04353,2020-08-15 07:30:00,68.77,100.00
129-04353,2020-08-15 07:40:00,70.98,100.00
129-04353,2020-08-15 07:50:00,72.39,100.00
129-04353,2020-08-15 08:00:00,73.39,100.00
129-04353,2020-08-15 08:10:00,69.34,100.00
129-04353,2020-08-15 08:20:00,69.37,100.00
129-04353,2020-08-15 08:30:00,68.97,100.00
129-04353,2020-08-15 08:40:00,69.55,100.00
129-04353,2020-08-15 08:50:00,68.17,100.00
129-04353,2020-08-15 09:00:00,66.17,100.00
129-04353,2020-08-15 09:10:00,69.38,100.00
129-04353,2020-08-15 09:20:00,66.58,100.00
129-04353,2020-08-15 09:30:00,65.39,100.00
129-04353,2020-08-15 09:40:00,65.00,100.00
129-04353,2020-08-15 09:50:00,64.96,100.00
129-04353,2020-08-15 10:00:00,69.97,100.00
129-04353,2020-08-15 10:10:00,66.38,100.00
129-04353,2020-08-15 10:20:00,64.58,100.00
129-04353,2020-08-15 10:30:00,68.32,100.00
129-04353,2020-08-15 10:40:00,66.77,100.00
129-04353,2020-08-15 10:50:00,68.16,100.00
129-04353,2020-08-15 11:00:00,67.58,100.00
129-04353,2020-08-15 11:10:00,65.97,100.00
129-04353,2020-08-15 11:20:00,64.98,100.00
129-04353,2020-08-15 11:30:00,63.59,100.00
129-04353,2020-08-15 11:40:00,64.76,100.00
129-04353,2020-08-15 11:50:00,64.37,100.00
129-04353,2020-08-15 12:00:00,66.58,100.00
129-04353,2020-08-15 12:10:00,64.39,100.00
129-04353,2020-08-15 12:20:00,65.17,100.00
129-04353,2020-08-15 12:30:00,66.58,100.00
129-04353,2020-08-15 12:40:00,63.38,100.00
129-04353,2020-08-15 12:50:00,64.17,100.00
129-04353,2020-08-15 13:00:00,64.96,100.00
129-04353,2020-08-15 13:10:00,65.57,100.00
129-04353,2020-08-15 13:20:00,64.39,100.00
129-04353,2020-08-15 13:30:00,65.35,100.00
129-04353,2020-08-15 13:40:00,64.57,100.00
129-04353,2020-08-15 13:50:00,65.59,100.00
129-04353,2020-08-15 14:00:00,64.76,100.00
129-04353,2020-08-15 14:10:00,65.57,100.00
129-04353,2020-08-15 14:20:00,65.39,100.00
129-04353,2020-08-15 14:30:00,64.98,100.00
129-04353,2020-08-15 14:40:00,66.39,100.00
129-04353,2020-08-15 14:50:00,64.18,100.00
129-04353,2020-08-15 15:00:00,66.37,100.00
129-04353,2020-08-15 15:10:00,65.00,100.00
129-04353,2020-08-15 15:20:00,63.59,100.00
129-04353,2020-08-15 15:30:00,63.59,100.00
129-04353,2020-08-15 15:40:00,64.98,100.00
129-04353,2020-08-15 15:50:00,65.79,100.00
129-04353,2020-08-15 16:00:00,66.59,100.00
129-04353,2020-08-15 16:10:00,65.38,100.00
129-04353,2020-08-15 16:20:00,65.76,100.00
129-04353,2020-08-15 16:30:00,67.99,100.00
129-04353,2020-08-15 16:40:00,68.99,100.00
129-04353,2020-08-15 16:50:00,69.76,100.00
129-04353,2020-08-15 17:00:00,64.57,100.00
129-04353,2020-08-15 17:10:00,67.17,100.00
129-04353,2020-08-15 17:20:00,68.16,100.00
129-04353,2020-08-15 17:30:00,64.17,100.00
129-04353,2020-08-15 17:40:00,67.16,100.00
129-04353,2020-08-15 17:50:00,67.11,100.00
129-04353,2020-08-15 18:00:00,62.98,100.00
129-04353,2020-08-15 18:10:00,61.57,100.00
129-04353,2020-08-15 18:20:00,63.23,100.00
129-04353,2020-08-15 18:30:00,65.08,100.00
129-04353,2020-08-15 18:40:00,68.33,100.00
129-04353,2020-08-15 18:50:00,62.28,100.00
129-04353,2020-08-15 19:00:00,67.15,100.00
129-04353,2020-08-15 19:10:00,67.77,100.00
129-04353,2020-08-15 19:20:00,69.33,100.00
129-04353,2020-08-15 19:30:00,71.27,100.00
129-04353,2020-08-15 19:40:00,65.56,100.00
129-04353,2020-08-15 19:50:00,69.17,100.00
129-04353,2020-08-15 20:00:00,66.96,100.00
129-04353,2020-08-15 20:10:00,65.29,100.00
129-04353,2020-08-15 20:20:00,69.88,70.80
129-04353,2020-08-15 20:30:00,65.43,93.00
129-04353,2020-08-15 20:40:00,63.79,100.00
129-04353,2020-08-15 20:50:00,66.52,100.00
129-04353,2020-08-15 21:00:00,70.93,70.20
129-04353,2020-08-15 21:10:00,64.78,100.00
129-04353,2020-08-15 21:20:00,67.11,100.00
129-04353,2020-08-15 21:30:00,69.01,97.10
129-04353,2020-08-15 21:40:00,69.22,100.00
129-04353,2020-08-15 21:50:00,64.59,100.00
129-04353,2020-08-15 22:00:00,69.75,97.20
129-04353,2020-08-15 22:10:00,67.16,100.00
129-04353,2020-08-15 22:20:00,65.15,100.00
129-04353,2020-08-15 22:30:00,69.31,86.30
129-04353,2020-08-15 22:40:00,66.71,100.00
129-04353,2020-08-15 22:50:00,62.37,75.70
129-04353,2020-08-15 23:00:00,70.77,77.80
129-04353,2020-08-15 23:10:00,66.78,98.00
129-04353,2020-08-15 23:20:00,66.16,94.50
129-04353,2020-08-15 23:30:00,67.53,92.20
129-04353,2020-08-15 23:40:00,67.71,90.00
129-04353,2020-08-15 23:50:00,60.77,64.40
129-04354,2020-08-15 00:00:00,68.52,69.40
129-04354,2020-08-15 00:10:00,66.59,98.60
129-04354,2020-08-15 00:20:00,69.65,91.50
129-04354,2020-08-15 00:30:00,66.37,98.00
129-04354,2020-08-15 00:40:00,66.10,95.80
129-04354,2020-08-15 00:50:00,78.40,31.20
129-04354,2020-08-15 01:00:00,71.90,55.40
129-04354,2020-08-15 01:10:00,72.39,83.90
129-04354,2020-08-15 01:20:00,66.50,68.80
129-04354,2020-08-15 01:30:00,65.60,61.00
129-04354,2020-08-15 01:40:00,62.70,47.30
129-04354,2020-08-15 01:50:00,62.00,72.00
129-04354,2020-08-15 02:00:00,,
129-04354,2020-08-15 02:10:00,75.34,28.00
129-04354,2020-08-15 02:20:00,68.00,100.00
129-04354,2020-08-15 02:30:00,,
129-04354,2020-08-15 02:40:00,69.38,92.30
129-04354,2020-08-15 02:50:00,69.68,96.80
129-04354,2020-08-15 03:00:00,68.60,91.89
129-04354,2020-08-15 03:10:00,63.90,68.30
129-04354,2020-08-15 03:20:00,63.00,74.40
129-04354,2020-08-15 03:30:00,67.00,100.00
129-04354,2020-08-15 03:40:00,,
129-04354,2020-08-15 03:50:00,,
129-04354,2020-08-15 04:00:00,68.00,85.80
129-04354,2020-08-15 04:10:00,68.10,93.40
129-04354,2020-08-15 04:20:00,67.50,98.00
129-04354,2020-08-15 04:30:00,70.89,86.00
129-04354,2020-08-15 04:40:00,71.07,89.60
129-04354,2020-08-15 04:50:00,74.42,74.71
129-04354,2020-08-15 05:00:00,61.30,25.78
129-04354,2020-08-15 05:10:00,65.89,84.10
129-04354,2020-08-15 05:20:00,65.88,91.10
129-04354,2020-08-15 05:30:00,70.41,72.70
129-04354,2020-08-15 05:40:00,69.60,51.90
129-04354,2020-08-15 05:50:00,69.69,93.20
129-04354,2020-08-15 06:00:00,73.03,69.60
129-04354,2020-08-15 06:10:00,78.30,41.30
129-04354,2020-08-15 06:20:00,71.35,90.40
129-04354,2020-08-15 06:30:00,70.78,100.00
129-04354,2020-08-15 06:40:00,69.58,100.00
129-04354,2020-08-15 06:50:00,69.66,100.00
129-04354,2020-08-15 07:00:00,69.52,88.60
129-04354,2020-08-15 07:10:00,70.39,91.70
129-04354,2020-08-15 07:20:00,70.08,100.00
129-04354,2020-08-15 07:30:00,70.19,100.00
129-04354,2020-08-15 07:40:00,72.84,100.00
129-04354,2020-08-15 07:50:00,71.84,100.00
129-04354,2020-08-15 08:00:00,73.68,100.00
129-04354,2020-08-15 08:10:00,70.69,100.00
129-04354,2020-08-15 08:20:00,68.15,100.00
129-04354,2020-08-15 08:30:00,69.83,100.00
129-04354,2020-08-15 08:40:00,69.86,100.00
129-04354,2020-08-15 08:50:00,70.38,100.00
129-04354,2020-08-15 09:00:00,70.10,100.00
129-04354,2020-08-15 09:10:00,70.99,100.00
129-04354,2020-08-15 09:20:00,71.35,100.00
129-04354,2020-08-15 09:30:00,68.79,100.00
129-04354,2020-08-15 09:40:00,69.17,100.00
129-04354,2020-08-15 09:50:00,67.66,100.00
129-04354,2020-08-15 10:00:00,70.68,100.00
129-04354,2020-08-15 10:10:00,68.58,100.00
129-04354,2020-08-15 10:20:00,67.28,100.00
129-04354,2020-08-15 10:30:00,70.67,100.00
129-04354,2020-08-15 10:40:00,67.96,100.00
129-04354,2020-08-15 10:50:00,68.58,100.00
129-04354,2020-08-15 11:00:00,69.19,100.00
129-04354,2020-08-15 11:10:00,67.79,100.00
129-04354,2020-08-15 11:20:00,67.89,100.00
129-04354,2020-08-15 11:30:00,65.10,100.00
129-04354,2020-08-15 11:40:00,67.68,100.00
129-04354,2020-08-15 11:50:00,69.80,100.00
129-04354,2020-08-15 12:00:00,68.28,100.00
129-04354,2020-08-15 12:10:00,66.78,100.00
129-04354,2020-08-15 12:20:00,66.79,100.00
129-04354,2020-08-15 12:30:00,67.27,100.00
129-04354,2020-08-15 12:40:00,66.39,100.00
129-04354,2020-08-15 12:50:00,66.79,100.00
129-04354,2020-08-15 13:00:00,67.28,100.00
129-04354,2020-08-15 13:10:00,69.08,100.00
129-04354,2020-08-15 13:20:00,65.29,100.00
129-04354,2020-08-15 13:30:00,66.96,100.00
129-04354,2020-08-15 13:40:00,67.38,100.00
129-04354,2020-08-15 13:50:00,69.17,100.00
129-04354,2020-08-15 14:00:00,69.57,100.00
129-04354,2020-08-15 14:10:00,69.48,100.00
129-04354,2020-08-15 14:20:00,70.00,100.00
129-04354,2020-08-15 14:30:00,66.37,100.00
129-04354,2020-08-15 14:40:00,68.46,100.00
129-04354,2020-08-15 14:50:00,69.37,100.00
129-04354,2020-08-15 15:00:00,66.86,100.00
129-04354,2020-08-15 15:10:00,68.09,100.00
129-04354,2020-08-15 15:20:00,65.89,100.00
129-04354,2020-08-15 15:30:00,67.99,100.00
129-04354,2020-08-15 15:40:00,68.19,100.00
129-04354,2020-08-15 15:50:00,68.35,100.00
129-04354,2020-08-15 16:00:00,73.48,100.00
129-04354,2020-08-15 16:10:00,69.29,100.00
129-04354,2020-08-15 16:20:00,70.17,100.00
129-04354,2020-08-15 16:30:00,71.26,100.00
129-04354,2020-08-15 16:40:00,70.60,100.00
129-04354,2020-08-15 16:50:00,71.30,100.00
129-04354,2020-08-15 17:00:00,69.99,100.00
129-04354,2020-08-15 17:10:00,69.18,100.00
129-04354,2020-08-15 17:20:00,70.99,100.00
129-04354,2020-08-15 17:30:00,68.89,100.00
129-04354,2020-08-15 17:40:00,70.79,100.00
129-04354,2020-08-15 17:50:00,74.06,100.00
129-04354,2020-08-15 18:00:00,71.73,100.00
129-04354,2020-08-15 18:10:00,67.39,100.00
129-04354,2020-08-15 18:20:00,68.32,100.00
129-04354,2020-08-15 18:30:00,71.15,100.00
129-04354,2020-08-15 18:40:00,71.83,100.00
129-04354,2020-08-15 18:50:00,68.88,100.00
129-04354,2020-08-15 19:00:00,70.48,100.00
129-04354,2020-08-15 19:10:00,72.18,100.00
129-04354,2020-08-15 19:20:00,72.18,100.00
129-04354,2020-08-15 19:30:00,75.59,100.00
129-04354,2020-08-15 19:40:00,68.46,100.00
129-04354,2020-08-15 19:50:00,70.70,100.00
129-04354,2020-08-15 20:00:00,69.76,100.00
129-04354,2020-08-15 20:10:00,66.86,100.00
129-04354,2020-08-15 20:20:00,71.34,100.00
129-04354,2020-08-15 20:30:00,69.04,100.00
129-04354,2020-08-15 20:40:00,67.28,100.00
129-04354,2020-08-15 20:50:00,71.49,100.00
129-04354,2020-08-15 21:00:00,74.47,91.10
129-04354,2020-08-15 21:10:00,67.97,100.00
129-04354,2020-08-15 21:20:00,66.04,100.00
129-04354,2020-08-15 21:30:00,70.61,100.00
129-04354,2020-08-15 21:40:00,71.49,100.00
129-04354,2020-08-15 21:50:00,66.20,100.00
129-04354,2020-08-15 22:00:00,70.75,100.00
129-04354,2020-08-15 22:10:00,69.88,100.00
129-04354,2020-08-15 22:20:00,72.18,100.00
129-04354,2020-08-15 22:30:00,71.93,90.70
129-04354,2020-08-15 22:40:00,69.17,94.80
129-04354,2020-08-15 22:50:00,65.87,100.00
129-04354,2020-08-15 23:00:00,71.29,96.00
129-04354,2020-08-15 23:10:00,69.17,96.60
129-04354,2020-08-15 23:20:00,71.64,82.10
129-04354,2020-08-15 23:30:00,69.72,91.10
129-04354,2020-08-15 23:40:00,70.96,83.80
129-04354,2020-08-15 23:50:00,63.45,50.90
129-04351,2020-08-15 00:00:00,70.21,64.60
129-04351,2020-08-15 00:10:00,63.36,79.50
129-04351,2020-08-15 00:20:00,61.96,71.60
129-04351,2020-08-15 00:30:00,66.73,88.10
129-04351,2020-08-15 00:40:00,63.87,86.90
129-04351,2020-08-15 00:50:00,70.75,53.00
129-04351,2020-08-15 01:00:00,78.75,20.70
129-04351,2020-08-15 01:10:00,65.58,89.90
129-04351,2020-08-15 01:20:00,67.69,98.40
129-04351,2020-08-15 01:30:00,68.00,99.00
129-04351,2020-08-15 01:40:00,55.25,21.25
129-04351,2020-08-15 01:50:00,57.40,59.70
129-04351,2020-08-15 02:00:00,58.00,76.00
129-04351,2020-08-15 02:10:00,64.55,72.57
129-04351,2020-08-15 02:20:00,63.42,75.44
129-04351,2020-08-15 02:30:00,,
129-04351,2020-08-15 02:40:00,64.49,91.88
129-04351,2020-08-15 02:50:00,66.39,89.30
129-04351,2020-08-15 03:00:00,66.40,90.44
129-04351,2020-08-15 03:10:00,62.90,89.40
129-04351,2020-08-15 03:20:00,61.19,77.70
129-04351,2020-08-15 03:30:00,63.97,89.40
129-04351,2020-08-15 03:40:00,66.54,78.13
129-04351,2020-08-15 03:50:00,,
129-04351,2020-08-15 04:00:00,,
129-04351,2020-08-15 04:10:00,66.40,98.20
129-04351,2020-08-15 04:20:00,70.58,81.40
129-04351,2020-08-15 04:30:00,66.61,78.56
129-04351,2020-08-15 04:40:00,62.66,60.90
129-04351,2020-08-15 04:50:00,65.00,81.14
129-04351,2020-08-15 05:00:00,70.37,79.90
129-04351,2020-08-15 05:10:00,64.00,65.33
129-04351,2020-08-15 05:20:00,61.00,71.25
129-04351,2020-08-15 05:30:00,72.65,44.00
129-04351,2020-08-15 05:40:00,68.66,62.30
129-04351,2020-08-15 05:50:00,73.71,71.00
129-04351,2020-08-15 06:00:00,68.91,96.70
129-04351,2020-08-15 06:10:00,76.14,62.20
129-04351,2020-08-15 06:20:00,70.87,85.00
129-04351,2020-08-15 06:30:00,67.89,100.00
129-04351,2020-08-15 06:40:00,68.09,100.00
129-04351,2020-08-15 06:50:00,69.76,99.50
129-04351,2020-08-15 07:00:00,70.12,100.00
129-04351,2020-08-15 07:10:00,68.74,100.00
129-04351,2020-08-15 07:20:00,66.59,100.00
129-04351,2020-08-15 07:30:00,66.57,100.00
129-04351,2020-08-15 07:40:00,66.99,100.00
129-04351,2020-08-15 07:50:00,69.25,100.00
129-04351,2020-08-15 08:00:00,70.29,100.00
129-04351,2020-08-15 08:10:00,65.29,100.00
129-04351,2020-08-15 08:20:00,66.45,100.00
129-04351,2020-08-15 08:30:00,68.73,95.20
129-04351,2020-08-15 08:40:00,69.19,100.00
129-04351,2020-08-15 08:50:00,68.29,100.00
129-04351,2020-08-15 09:00:00,68.19,100.00
129-04351,2020-08-15 09:10:00,68.07,100.00
129-04351,2020-08-15 09:20:00,67.49,100.00
129-04351,2020-08-15 09:30:00,66.92,100.00
129-04351,2020-08-15 09:40:00,65.87,100.00
129-04351,2020-08-15 09:50:00,66.87,100.00
129-04351,2020-08-15 10:00:00,66.09,100.00
129-04351,2020-08-15 10:10:00,64.49,100.00
129-04351,2020-08-15 10:20:00,63.39,100.00
129-04351,2020-08-15 10:30:00,64.87,100.00
129-04351,2020-08-15 10:40:00,63.48,100.00
129-04351,2020-08-15 10:50:00,64.18,100.00
129-04351,2020-08-15 11:00:00,63.00,100.00
129-04351,2020-08-15 11:10:00,64.35,100.00
129-04351,2020-08-15 11:20:00,66.66,100.00
129-04351,2020-08-15 11:30:00,63.78,100.00
129-04351,2020-08-15 11:40:00,64.39,100.00
129-04351,2020-08-15 11:50:00,65.56,100.00
129-04351,2020-08-15 12:00:00,63.20,100.00
129-04351,2020-08-15 12:10:00,63.68,100.00
129-04351,2020-08-15 12:20:00,64.88,100.00
129-04351,2020-08-15 12:30:00,64.29,100.00
129-04351,2020-08-15 12:40:00,65.00,100.00
129-04351,2020-08-15 12:50:00,64.18,100.00
129-04351,2020-08-15 13:00:00,65.09,100.00
129-04351,2020-08-15 13:10:00,63.17,100.00
129-04351,2020-08-15 13:20:00,62.58,100.00
129-04351,2020-08-15 13:30:00,64.37,100.00
129-04351,2020-08-15 13:40:00,64.76,100.00
129-04351,2020-08-15 13:50:00,65.28,98.80
129-04351,2020-08-15 14:00:00,66.24,100.00
129-04351,2020-08-15 14:10:00,63.58,100.00
129-04351,2020-08-15 14:20:00,65.50,100.00
129-04351,2020-08-15 14:30:00,64.97,100.00
129-04351,2020-08-15 14:40:00,63.99,100.00
129-04351,2020-08-15 14:50:00,63.00,100.00
129-04351,2020-08-15 15:00:00,65.28,99.80
129-04351,2020-08-15 15:10:00,63.98,100.00
129-04351,2020-08-15 15:20:00,62.90,100.00
129-04351,2020-08-15 15:30:00,63.88,100.00
129-04351,2020-08-15 15:40:00,63.19,100.00
129-04351,2020-08-15 15:50:00,64.17,100.00
129-04351,2020-08-15 16:00:00,63.97,100.00
129-04351,2020-08-15 16:10:00,64.79,100.00
129-04351,2020-08-15 16:20:00,65.20,100.00
129-04351,2020-08-15 16:30:00,68.60,100.00
129-04351,2020-08-15 16:40:00,66.48,100.00
129-04351,2020-08-15 16:50:00,66.78,100.00
129-04351,2020-08-15 17:00:00,66.86,100.00
129-04351,2020-08-15 17:10:00,65.18,100.00
129-04351,2020-08-15 17:20:00,64.37,100.00
129-04351,2020-08-15 17:30:00,63.48,100.00
129-04351,2020-08-15 17:40:00,63.39,100.00
129-04351,2020-08-15 17:50:00,64.69,100.00
129-04351,2020-08-15 18:00:00,63.29,100.00
129-04351,2020-08-15 18:10:00,63.00,100.00
129-04351,2020-08-15 18:20:00,64.37,100.00
129-04351,2020-08-15 18:30:00,63.69,100.00
129-04351,2020-08-15 18:40:00,66.18,100.00
129-04351,2020-08-15 18:50:00,64.70,100.00
129-04351,2020-08-15 19:00:00,65.56,100.00
129-04351,2020-08-15 19:10:00,66.59,100.00
129-04351,2020-08-15 19:20:00,69.00,100.00
129-04351,2020-08-15 19:30:00,70.05,100.00
129-04351,2020-08-15 19:40:00,65.47,100.00
129-04351,2020-08-15 19:50:00,62.78,100.00
129-04351,2020-08-15 20:00:00,65.48,100.00
129-04351,2020-08-15 20:10:00,67.88,100.00
129-04351,2020-08-15 20:20:00,66.38,92.10
129-04351,2020-08-15 20:30:00,67.89,84.50
129-04351,2020-08-15 20:40:00,66.29,100.00
129-04351,2020-08-15 20:50:00,67.63,100.00
129-04351,2020-08-15 21:00:00,69.20,100.00
129-04351,2020-08-15 21:10:00,65.99,100.00
129-04351,2020-08-15 21:20:00,68.46,100.00
129-04351,2020-08-15 21:30:00,66.13,100.00
129-04351,2020-08-15 21:40:00,70.44,100.00
129-04351,2020-08-15 21:50:00,67.52,100.00
129-04351,2020-08-15 22:00:00,70.58,91.70
129-04351,2020-08-15 22:10:00,68.47,100.00
129-04351,2020-08-15 22:20:00,66.28,100.00
129-04351,2020-08-15 22:30:00,64.97,100.00
129-04351,2020-08-15 22:40:00,63.30,94.30
129-04351,2020-08-15 22:50:00,60.97,81.10
129-04351,2020-08-15 23:00:00,62.10,88.10
129-04351,2020-08-15 23:10:00,67.54,92.50
129-04351,2020-08-15 23:20:00,67.58,85.90
129-04351,2020-08-15 23:30:00,68.15,72.40
129-04351,2020-08-15 23:40:00,69.72,67.50
129-04351,2020-08-15 23:50:00,66.58,89.70
129-04352,2020-08-15 00:00:00,73.84,52.30
129-04352,2020-08-15 00:10:00,63.49,62.70
129-04352,2020-08-15 00:20:00,62.90,65.20
129-04352,2020-08-15 00:30:00,69.31,88.00
129-04352,2020-08-15 00:40:00,65.99,96.00
129-04352,2020-08-15 00:50:00,73.71,45.20
129-04352,2020-08-15 01:00:00,75.05,43.20
129-04352,2020-08-15 01:10:00,68.41,78.11
129-04352,2020-08-15 01:20:00,69.58,96.40
129-04352,2020-08-15 01:30:00,71.00,99.67
129-04352,2020-08-15 01:40:00,65.37,68.50
129-04352,2020-08-15 01:50:00,63.00,69.60
129-04352,2020-08-15 02:00:00,,
129-04352,2020-08-15 02:10:00,64.42,97.00
129-04352,2020-08-15 02:20:00,63.98,97.38
129-04352,2020-08-15 02:30:00,68.00,77.75
129-04352,2020-08-15 02:40:00,65.49,98.50
129-04352,2020-08-15 02:50:00,67.49,93.40
129-04352,2020-08-15 03:00:00,67.41,93.33
129-04352,2020-08-15 03:10:00,63.90,85.80
129-04352,2020-08-15 03:20:00,64.10,91.60
129-04352,2020-08-15 03:30:00,64.38,89.11
129-04352,2020-08-15 03:40:00,68.75,65.86
129-04352,2020-08-15 03:50:00,,
129-04352,2020-08-15 04:00:00,,
129-04352,2020-08-15 04:10:00,68.00,95.33
129-04352,2020-08-15 04:20:00,68.00,99.50
129-04352,2020-08-15 04:30:00,67.86,93.00
129-04352,2020-08-15 04:40:00,70.35,83.90
129-04352,2020-08-15 04:50:00,67.81,75.20
129-04352,2020-08-15 05:00:00,66.09,74.30
129-04352,2020-08-15 05:10:00,62.00,57.00
129-04352,2020-08-15 05:20:00,62.00,62.50
129-04352,2020-08-15 05:30:00,71.83,60.89
129-04352,2020-08-15 05:40:00,68.17,70.50
129-04352,2020-08-15 05:50:00,75.04,58.00
129-04352,2020-08-15 06:00:00,70.35,95.70
129-04352,2020-08-15 06:10:00,76.13,61.50
129-04352,2020-08-15 06:20:00,73.18,79.80
129-04352,2020-08-15 06:30:00,70.87,99.80
129-04352,2020-08-15 06:40:00,68.19,100.00
129-04352,2020-08-15 06:50:00,69.58,99.80
129-04352,2020-08-15 07:00:00,70.48,97.00
129-04352,2020-08-15 07:10:00,70.00,95.20
129-04352,2020-08-15 07:20:00,68.54,100.00
129-04352,2020-08-15 07:30:00,69.79,100.00
129-04352,2020-08-15 07:40:00,69.98,100.00
129-04352,2020-08-15 07:50:00,70.68,100.00
129-04352,2020-08-15 08:00:00,72.09,100.00
129-04352,2020-08-15 08:10:00,68.78,100.00
129-04352,2020-08-15 08:20:00,68.69,100.00
129-04352,2020-08-15 08:30:00,67.95,100.00
129-04352,2020-08-15 08:40:00,70.79,99.20
129-04352,2020-08-15 08:50:00,69.58,100.00
129-04352,2020-08-15 09:00:00,68.89,100.00
129-04352,2020-08-15 09:10:00,70.48,100.00
129-04352,2020-08-15 09:20:00,67.19,100.00
129-04352,2020-08-15 09:30:00,68.38,100.00
129-04352,2020-08-15 09:40:00,67.18,100.00
129-04352,2020-08-15 09:50:00,65.39,100.00
129-04352,2020-08-15 10:00:00,68.38,100.00
129-04352,2020-08-15 10:10:00,67.07,100.00
129-04352,2020-08-15 10:20:00,65.88,100.00
129-04352,2020-08-15 10:30:00,67.85,100.00
129-04352,2020-08-15 10:40:00,66.59,100.00
129-04352,2020-08-15 10:50:00,66.48,100.00
129-04352,2020-08-15 11:00:00,66.00,100.00
129-04352,2020-08-15 11:10:00,66.17,100.00
129-04352,2020-08-15 11:20:00,66.58,100.00
129-04352,2020-08-15 11:30:00,63.88,100.00
129-04352,2020-08-15 11:40:00,64.98,100.00
129-04352,2020-08-15 11:50:00,66.79,100.00
129-04352,2020-08-15 12:00:00,65.09,100.00
129-04352,2020-08-15 12:10:00,64.69,100.00
129-04352,2020-08-15 12:20:00,66.39,100.00
129-04352,2020-08-15 12:30:00,66.10,100.00
129-04352,2020-08-15 12:40:00,65.20,100.00
129-04352,2020-08-15 12:50:00,64.85,100.00
129-04352,2020-08-15 13:00:00,65.97,100.00
129-04352,2020-08-15 13:10:00,62.88,100.00
129-04352,2020-08-15 13:20:00,63.37,100.00
129-04352,2020-08-15 13:30:00,65.19,100.00
129-04352,2020-08-15 13:40:00,65.49,100.00
129-04352,2020-08-15 13:50:00,65.80,99.70
129-04352,2020-08-15 14:00:00,67.29,100.00
129-04352,2020-08-15 14:10:00,64.86,100.00
129-04352,2020-08-15 14:20:00,66.59,100.00
129-04352,2020-08-15 14:30:00,66.00,99.60
129-04352,2020-08-15 14:40:00,67.78,100.00
129-04352,2020-08-15 14:50:00,65.59,100.00
129-04352,2020-08-15 15:00:00,68.18,97.90
129-04352,2020-08-15 15:10:00,66.58,100.00
129-04352,2020-08-15 15:20:00,63.69,100.00
129-04352,2020-08-15 15:30:00,65.27,100.00
129-04352,2020-08-15 15:40:00,64.36,100.00
129-04352,2020-08-15 15:50:00,65.39,100.00
129-04352,2020-08-15 16:00:00,66.97,100.00
129-04352,2020-08-15 16:10:00,66.06,100.00
129-04352,2020-08-15 16:20:00,65.29,100.00
129-04352,2020-08-15 16:30:00,68.08,100.00
129-04352,2020-08-15 16:40:00,68.68,100.00
129-04352,2020-08-15 16:50:00,69.08,100.00
129-04352,2020-08-15 17:00:00,66.16,100.00
129-04352,2020-08-15 17:10:00,66.77,100.00
129-04352,2020-08-15 17:20:00,68.27,100.00
129-04352,2020-08-15 17:30:00,65.28,100.00
129-04352,2020-08-15 17:40:00,65.59,100.00
129-04352,2020-08-15 17:50:00,66.69,100.00
129-04352,2020-08-15 18:00:00,65.39,100.00
129-04352,2020-08-15 18:10:00,65.26,100.00
129-04352,2020-08-15 18:20:00,65.59,100.00
129-04352,2020-08-15 18:30:00,66.99,100.00
129-04352,2020-08-15 18:40:00,68.75,100.00
129-04352,2020-08-15 18:50:00,65.98,100.00
129-04352,2020-08-15 19:00:00,68.08,100.00
129-04352,2020-08-15 19:10:00,69.69,100.00
129-04352,2020-08-15 19:20:00,70.09,100.00
129-04352,2020-08-15 19:30:00,72.97,100.00
129-04352,2020-08-15 19:40:00,68.11,100.00
129-04352,2020-08-15 19:50:00,67.38,100.00
129-04352,2020-08-15 20:00:00,67.97,100.00
129-04352,2020-08-15 20:10:00,68.57,100.00
129-04352,2020-08-15 20:20:00,69.38,97.20
129-04352,2020-08-15 20:30:00,68.79,94.70
129-04352,2020-08-15 20:40:00,67.18,100.00
129-04352,2020-08-15 20:50:00,68.31,100.00
129-04352,2020-08-15 21:00:00,70.80,87.30
129-04352,2020-08-15 21:10:00,67.00,100.00
129-04352,2020-08-15 21:20:00,69.65,97.80
129-04352,2020-08-15 21:30:00,68.58,100.00
129-04352,2020-08-15 21:40:00,71.29,100.00
129-04352,2020-08-15 21:50:00,68.67,99.30
129-04352,2020-08-15 22:00:00,71.88,91.40
129-04352,2020-08-15 22:10:00,70.16,98.70
129-04352,2020-08-15 22:20:00,67.38,100.00
129-04352,2020-08-15 22:30:00,69.13,98.80
129-04352,2020-08-15 22:40:00,66.51,95.10
129-04352,2020-08-15 22:50:00,62.88,94.10
129-04352,2020-08-15 23:00:00,68.26,94.40
129-04352,2020-08-15 23:10:00,67.93,95.10
129-04352,2020-08-15 23:20:00,70.19,84.30
129-04352,2020-08-15 23:30:00,70.40,84.30
129-04352,2020-08-15 23:40:00,71.25,75.30
129-04352,2020-08-15 23:50:00,66.30,75.30
129-04350,2020-08-15 00:00:00,72.35,81.40
129-04350,2020-08-15 00:10:00,66.60,78.90
129-04350,2020-08-15 00:20:00,64.96,82.70
129-04350,2020-08-15 00:30:00,69.39,96.80
129-04350,2020-08-15 00:40:00,67.20,84.60
129-04350,2020-08-15 00:50:00,65.49,90.44
129-04350,2020-08-15 01:00:00,71.41,76.56
129-04350,2020-08-15 01:10:00,68.69,97.80
129-04350,2020-08-15 01:20:00,69.79,88.60
129-04350,2020-08-15 01:30:00,71.78,81.00
129-04350,2020-08-15 01:40:00,69.00,83.00
129-04350,2020-08-15 01:50:00,68.16,82.10
129-04350,2020-08-15 02:00:00,65.00,68.40
129-04350,2020-08-15 02:10:00,67.57,86.67
129-04350,2020-08-15 02:20:00,69.75,86.80
129-04350,2020-08-15 02:30:00,76.29,40.10
129-04350,2020-08-15 02:40:00,75.00,73.25
129-04350,2020-08-15 02:50:00,55.85,68.00
129-04350,2020-08-15 03:00:00,34.03,26.10
129-04350,2020-08-15 03:10:00,65.00,88.50
129-04350,2020-08-15 03:20:00,74.93,58.60
129-04350,2020-08-15 03:30:00,80.00,48.25
129-04350,2020-08-15 03:40:00,66.06,84.80
129-04350,2020-08-15 03:50:00,65.86,94.71
129-04350,2020-08-15 04:00:00,,
129-04350,2020-08-15 04:10:00,70.47,86.00
129-04350,2020-08-15 04:20:00,72.92,51.20
129-04350,2020-08-15 04:30:00,72.63,61.13
129-04350,2020-08-15 04:40:00,67.39,91.40
129-04350,2020-08-15 04:50:00,65.76,81.80
129-04350,2020-08-15 05:00:00,63.74,67.30
129-04350,2020-08-15 05:10:00,66.93,85.33
129-04350,2020-08-15 05:20:00,67.96,89.33
129-04350,2020-08-15 05:30:00,71.58,63.50
129-04350,2020-08-15 05:40:00,75.69,49.10
129-04350,2020-08-15 05:50:00,72.60,81.00
129-04350,2020-08-15 06:00:00,69.33,96.50
129-04350,2020-08-15 06:10:00,76.06,71.10
129-04350,2020-08-15 06:20:00,69.94,99.60
129-04350,2020-08-15 06:30:00,75.05,85.50
129-04350,2020-08-15 06:40:00,76.37,68.70
129-04350,2020-08-15 06:50:00,74.51,87.50
129-04350,2020-08-15 07:00:00,70.15,99.00
129-04350,2020-08-15 07:10:00,71.06,99.20
129-04350,2020-08-15 07:20:00,72.08,98.20
129-04350,2020-08-15 07:30:00,74.68,90.30
129-04350,2020-08-15 07:40:00,72.98,100.00
129-04350,2020-08-15 07:50:00,71.38,100.00
129-04350,2020-08-15 08:00:00,73.20,100.00
129-04350,2020-08-15 08:10:00,71.28,100.00
129-04350,2020-08-15 08:20:00,72.88,99.10
129-04350,2020-08-15 08:30:00,70.89,100.00
129-04350,2020-08-15 08:40:00,73.98,96.20
129-04350,2020-08-15 08:50:00,72.94,93.10
129-04350,2020-08-15 09:00:00,73.18,99.40
129-04350,2020-08-15 09:10:00,69.39,100.00
129-04350,2020-08-15 09:20:00,69.79,100.00
129-04350,2020-08-15 09:30:00,73.57,100.00
129-04350,2020-08-15 09:40:00,72.07,100.00
129-04350,2020-08-15 09:50:00,69.86,99.60
129-04350,2020-08-15 10:00:00,70.48,98.50
129-04350,2020-08-15 10:10:00,68.89,100.00
129-04350,2020-08-15 10:20:00,69.88,100.00
129-04350,2020-08-15 10:30:00,68.88,100.00
129-04350,2020-08-15 10:40:00,70.79,100.00
129-04350,2020-08-15 10:50:00,68.79,100.00
129-04350,2020-08-15 11:00:00,67.90,100.00
129-04350,2020-08-15 11:10:00,68.80,100.00
129-04350,2020-08-15 11:20:00,68.09,100.00
129-04350,2020-08-15 11:30:00,68.87,100.00
129-04350,2020-08-15 11:40:00,69.49,100.00
129-04350,2020-08-15 11:50:00,68.40,100.00
129-04350,2020-08-15 12:00:00,66.89,100.00
129-04350,2020-08-15 12:10:00,65.50,100.00
129-04350,2020-08-15 12:20:00,68.37,100.00
129-04350,2020-08-15 12:30:00,69.19,100.00
129-04350,2020-08-15 12:40:00,69.09,100.00
129-04350,2020-08-15 12:50:00,69.29,99.50
129-04350,2020-08-15 13:00:00,70.50,100.00
129-04350,2020-08-15 13:10:00,68.17,100.00
129-04350,2020-08-15 13:20:00,68.89,100.00
129-04350,2020-08-15 13:30:00,69.98,100.00
129-04350,2020-08-15 13:40:00,71.89,100.00
129-04350,2020-08-15 13:50:00,70.80,98.80
129-04350,2020-08-15 14:00:00,71.68,100.00
129-04350,2020-08-15 14:10:00,69.79,100.00
129-04350,2020-08-15 14:20:00,68.69,100.00
129-04350,2020-08-15 14:30:00,71.49,100.00
129-04350,2020-08-15 14:40:00,71.36,100.00
129-04350,2020-08-15 14:50:00,69.49,100.00
129-04350,2020-08-15 15:00:00,69.99,99.80
129-04350,2020-08-15 15:10:00,70.49,100.00
129-04350,2020-08-15 15:20:00,69.89,100.00
129-04350,2020-08-15 15:30:00,68.99,100.00
129-04350,2020-08-15 15:40:00,69.79,100.00
129-04350,2020-08-15 15:50:00,67.93,100.00
129-04350,2020-08-15 16:00:00,69.06,100.00
129-04350,2020-08-15 16:10:00,70.49,100.00
129-04350,2020-08-15 16:20:00,70.40,100.00
129-04350,2020-08-15 16:30:00,71.78,100.00
129-04350,2020-08-15 16:40:00,71.87,100.00
129-04350,2020-08-15 16:50:00,71.78,100.00
129-04350,2020-08-15 17:00:00,71.39,100.00
129-04350,2020-08-15 17:10:00,71.99,100.00
129-04350,2020-08-15 17:20:00,71.48,100.00
129-04350,2020-08-15 17:30:00,69.29,100.00
129-04350,2020-08-15 17:40:00,70.18,100.00
129-04350,2020-08-15 17:50:00,70.69,100.00
129-04350,2020-08-15 18:00:00,72.68,99.90
129-04350,2020-08-15 18:10:00,70.57,100.00
129-04350,2020-08-15 18:20:00,69.19,100.00
129-04350,2020-08-15 18:30:00,69.79,99.90
129-04350,2020-08-15 18:40:00,70.90,100.00
129-04350,2020-08-15 18:50:00,69.49,100.00
129-04350,2020-08-15 19:00:00,70.29,100.00
129-04350,2020-08-15 19:10:00,70.29,100.00
129-04350,2020-08-15 19:20:00,70.70,100.00
129-04350,2020-08-15 19:30:00,70.48,99.80
129-04350,2020-08-15 19:40:00,70.04,100.00
129-04350,2020-08-15 19:50:00,71.98,100.00
129-04350,2020-08-15 20:00:00,72.49,99.50
129-04350,2020-08-15 20:10:00,69.80,96.40
129-04350,2020-08-15 20:20:00,68.89,100.00
129-04350,2020-08-15 20:30:00,69.29,100.00
129-04350,2020-08-15 20:40:00,71.59,100.00
129-04350,2020-08-15 20:50:00,71.67,99.70
129-04350,2020-08-15 21:00:00,72.97,91.00
129-04350,2020-08-15 21:10:00,70.49,98.80
129-04350,2020-08-15 21:20:00,71.27,97.70
129-04350,2020-08-15 21:30:00,72.18,98.20
129-04350,2020-08-15 21:40:00,70.37,100.00
129-04350,2020-08-15 21:50:00,70.14,96.70
129-04350,2020-08-15 22:00:00,69.28,100.00
129-04350,2020-08-15 22:10:00,66.12,99.90
129-04350,2020-08-15 22:20:00,67.19,100.00
129-04350,2020-08-15 22:30:00,67.86,100.00
129-04350,2020-08-15 22:40:00,69.18,100.00
129-04350,2020-08-15 22:50:00,67.89,100.00
129-04350,2020-08-15 23:00:00,70.44,89.50
129-04350,2020-08-15 23:10:00,70.88,96.40
129-04350,2020-08-15 23:20:00,73.58,74.10
129-04350,2020-08-15 23:30:00,69.41,85.70
129-04350,2020-08-15 23:40:00,71.47,87.20
129-04350,2020-08-15 23:50:00,74.28,84.90
129N04369,2020-08-15 00:00:00,69.79,73.10
129N04369,2020-08-15 00:10:00,65.37,72.80
129N04369,2020-08-15 00:20:00,61.77,51.89
129N04369,2020-08-15 00:30:00,72.40,58.25
129N04369,2020-08-15 00:40:00,78.84,31.30
129N04369,2020-08-15 00:50:00,67.95,85.70
129N04369,2020-08-15 01:00:00,72.20,94.50
129N04369,2020-08-15 01:10:00,66.92,64.00
129N04369,2020-08-15 01:20:00,,
129N04369,2020-08-15 01:30:00,64.10,57.86
129N04369,2020-08-15 01:40:00,66.19,91.60
129N04369,2020-08-15 01:50:00,62.83,86.00
129N04369,2020-08-15 02:00:00,62.80,95.50
129N04369,2020-08-15 02:10:00,59.09,68.00
129N04369,2020-08-15 02:20:00,63.00,98.50
129N04369,2020-08-15 02:30:00,66.09,70.00
129N04369,2020-08-15 02:40:00,68.89,58.00
129N04369,2020-08-15 02:50:00,70.00,56.00
129N04369,2020-08-15 03:00:00,63.25,85.38
129N04369,2020-08-15 03:10:00,61.78,68.20
129N04369,2020-08-15 03:20:00,60.33,56.00
129N04369,2020-08-15 03:30:00,64.84,89.50
129N04369,2020-08-15 03:40:00,62.64,72.00
129N04369,2020-08-15 03:50:00,68.62,55.75
129N04369,2020-08-15 04:00:00,70.48,54.60
129N04369,2020-08-15 04:10:00,71.86,63.86
129N04369,2020-08-15 04:20:00,68.59,88.60
129N04369,2020-08-15 04:30:00,69.99,94.50
129N04369,2020-08-15 04:40:00,76.94,43.90
129N04369,2020-08-15 04:50:00,69.18,65.20
129N04369,2020-08-15 05:00:00,76.60,68.00
129N04369,2020-08-15 05:10:00,72.03,62.00
129N04369,2020-08-15 05:20:00,71.77,92.40
129N04369,2020-08-15 05:30:00,75.73,65.70
129N04369,2020-08-15 05:40:00,74.78,95.40
129N04369,2020-08-15 05:50:00,77.28,89.60
129N04369,2020-08-15 06:00:00,76.78,95.30
129N04369,2020-08-15 06:10:00,74.07,97.90
129N04369,2020-08-15 06:20:00,73.49,91.10
129N04369,2020-08-15 06:30:00,73.19,96.80
129N04369,2020-08-15 06:40:00,71.72,99.90
129N04369,2020-08-15 06:50:00,70.87,100.00
129N04369,2020-08-15 07:00:00,70.13,99.90
129N04369,2020-08-15 07:10:00,69.34,100.00
129N04369,2020-08-15 07:20:00,75.07,100.00
129N04369,2020-08-15 07:30:00,73.28,100.00
129N04369,2020-08-15 07:40:00,73.97,100.00
129N04369,2020-08-15 07:50:00,72.57,100.00
129N04369,2020-08-15 08:00:00,67.79,100.00
129N04369,2020-08-15 08:10:00,69.75,95.20
129N04369,2020-08-15 08:20:00,68.98,100.00
129N04369,2020-08-15 08:30:00,70.54,100.00
129N04369,2020-08-15 08:40:00,70.30,100.00
129N04369,2020-08-15 08:50:00,69.49,100.00
129N04369,2020-08-15 09:00:00,71.28,97.20
129N04369,2020-08-15 09:10:00,70.33,100.00
129N04369,2020-08-15 09:20:00,73.49,98.80
129N04369,2020-08-15 09:30:00,70.45,100.00
129N04369,2020-08-15 09:40:00,66.89,100.00
129N04369,2020-08-15 09:50:00,68.48,100.00
129N04369,2020-08-15 10:00:00,70.89,100.00
129N04369,2020-08-15 10:10:00,69.17,100.00
129N04369,2020-08-15 10:20:00,69.18,100.00
129N04369,2020-08-15 10:30:00,66.06,100.00
129N04369,2020-08-15 10:40:00,66.38,100.00
129N04369,2020-08-15 10:50:00,69.69,100.00
129N04369,2020-08-15 11:00:00,69.69,100.00
129N04369,2020-08-15 11:10:00,67.19,100.00
129N04369,2020-08-15 11:20:00,66.86,100.00
129N04369,2020-08-15 11:30:00,69.68,100.00
129N04369,2020-08-15 11:40:00,67.96,100.00
129N04369,2020-08-15 11:50:00,68.29,100.00
129N04369,2020-08-15 12:00:00,67.16,100.00
129N04369,2020-08-15 12:10:00,67.90,100.00
129N04369,2020-08-15 12:20:00,68.29,100.00
129N04369,2020-08-15 12:30:00,67.65,100.00
129N04369,2020-08-15 12:40:00,68.07,100.00
129N04369,2020-08-15 12:50:00,68.40,100.00
129N04369,2020-08-15 13:00:00,65.27,100.00
129N04369,2020-08-15 13:10:00,67.78,100.00
129N04369,2020-08-15 13:20:00,70.29,100.00
129N04369,2020-08-15 13:30:00,67.77,100.00
129N04369,2020-08-15 13:40:00,68.87,100.00
129N04369,2020-08-15 13:50:00,69.88,100.00
129N04369,2020-08-15 14:00:00,69.98,100.00
129N04369,2020-08-15 14:10:00,69.89,100.00
129N04369,2020-08-15 14:20:00,70.69,100.00
129N04369,2020-08-15 14:30:00,68.48,100.00
129N04369,2020-08-15 14:40:00,68.10,100.00
129N04369,2020-08-15 14:50:00,67.69,100.00
129N04369,2020-08-15 15:00:00,69.19,100.00
129N04369,2020-08-15 15:10:00,68.88,100.00
129N04369,2020-08-15 15:20:00,68.98,100.00
129N04369,2020-08-15 15:30:00,69.19,100.00
129N04369,2020-08-15 15:40:00,69.19,100.00
129N04369,2020-08-15 15:50:00,71.39,100.00
129N04369,2020-08-15 16:00:00,73.08,100.00
129N04369,2020-08-15 16:10:00,70.29,100.00
129N04369,2020-08-15 16:20:00,73.06,100.00
129N04369,2020-08-15 16:30:00,72.19,100.00
129N04369,2020-08-15 16:40:00,71.99,100.00
129N04369,2020-08-15 16:50:00,69.27,100.00
129N04369,2020-08-15 17:00:00,69.28,100.00
129N04369,2020-08-15 17:10:00,69.09,100.00
129N04369,2020-08-15 17:20:00,68.68,100.00
129N04369,2020-08-15 17:30:00,71.89,100.00
129N04369,2020-08-15 17:40:00,70.89,100.00
129N04369,2020-08-15 17:50:00,70.77,100.00
129N04369,2020-08-15 18:00:00,69.79,100.00
129N04369,2020-08-15 18:10:00,71.46,100.00
129N04369,2020-08-15 18:20:00,70.42,100.00
129N04369,2020-08-15 18:30:00,72.84,100.00
129N04369,2020-08-15 18:40:00,72.18,99.00
129N04369,2020-08-15 18:50:00,71.18,100.00
129N04369,2020-08-15 19:00:00,71.85,100.00
129N04369,2020-08-15 19:10:00,69.77,100.00
129N04369,2020-08-15 19:20:00,70.48,100.00
129N04369,2020-08-15 19:30:00,69.58,100.00
129N04369,2020-08-15 19:40:00,72.86,99.30
129N04369,2020-08-15 19:50:00,72.88,100.00
129N04369,2020-08-15 20:00:00,71.55,100.00
129N04369,2020-08-15 20:10:00,71.59,99.80
129N04369,2020-08-15 20:20:00,69.10,99.60
129N04369,2020-08-15 20:30:00,66.28,100.00
129N04369,2020-08-15 20:40:00,68.09,100.00
129N04369,2020-08-15 20:50:00,71.56,88.40
129N04369,2020-08-15 21:00:00,69.25,98.90
129N04369,2020-08-15 21:10:00,67.86,98.50
129N04369,2020-08-15 21:20:00,70.06,100.00
129N04369,2020-08-15 21:30:00,66.96,100.00
129N04369,2020-08-15 21:40:00,69.56,95.10
129N04369,2020-08-15 21:50:00,72.68,79.00
129N04369,2020-08-15 22:00:00,69.89,100.00
129N04369,2020-08-15 22:10:00,67.10,100.00
129N04369,2020-08-15 22:20:00,71.00,87.80
129N04369,2020-08-15 22:30:00,68.74,99.80
129N04369,2020-08-15 22:40:00,72.18,98.00
129N04369,2020-08-15 22:50:00,73.08,91.50
129N04369,2020-08-15 23:00:00,72.05,91.30
129N04369,2020-08-15 23:10:00,63.98,38.00
129N04369,2020-08-15 23:20:00,67.15,86.50
129N04369,2020-08-15 23:30:00,70.87,91.50
129N04369,2020-08-15 23:40:00,70.50,80.90
129N04369,2020-08-15 23:50:00,66.91,78.60
129N04367,2020-08-15 00:00:00,59.08,48.80
129N04367,2020-08-15 00:10:00,70.86,83.10
129N04367,2020-08-15 00:20:00,65.94,72.40
129N04367,2020-08-15 00:30:00,66.86,87.56
129N04367,2020-08-15 00:40:00,69.58,94.00
129N04367,2020-08-15 00:50:00,67.24,95.40
129N04367,2020-08-15 01:00:00,71.03,75.70
129N04367,2020-08-15 01:10:00,62.83,61.75
129N04367,2020-08-15 01:20:00,68.00,97.00
129N04367,2020-08-15 01:30:00,55.36,59.13
129N04367,2020-08-15 01:40:00,61.94,80.60
129N04367,2020-08-15 01:50:00,65.59,87.80
129N04367,2020-08-15 02:00:00,64.39,95.30
129N04367,2020-08-15 02:10:00,64.00,97.00
129N04367,2020-08-15 02:20:00,63.00,99.50
129N04367,2020-08-15 02:30:00,63.96,95.86
129N04367,2020-08-15 02:40:00,67.49,79.60
129N04367,2020-08-15 02:50:00,70.59,58.40
129N04367,2020-08-15 03:00:00,63.00,76.33
129N04367,2020-08-15 03:10:00,63.56,84.10
129N04367,2020-08-15 03:20:00,66.00,98.60
129N04367,2020-08-15 03:30:00,65.95,93.29
129N04367,2020-08-15 03:40:00,67.77,87.33
129N04367,2020-08-15 03:50:00,70.58,74.00
129N04367,2020-08-15 04:00:00,71.86,70.20
129N04367,2020-08-15 04:10:00,71.00,84.67
129N04367,2020-08-15 04:20:00,68.93,83.33
129N04367,2020-08-15 04:30:00,70.87,95.50
129N04367,2020-08-15 04:40:00,74.67,64.00
129N04367,2020-08-15 04:50:00,70.36,86.10
129N04367,2020-08-15 05:00:00,74.87,84.30
129N04367,2020-08-15 05:10:00,69.22,45.10
129N04367,2020-08-15 05:20:00,70.18,77.00
129N04367,2020-08-15 05:30:00,76.20,60.60
129N04367,2020-08-15 05:40:00,71.03,93.20
129N04367,2020-08-15 05:50:00,74.48,94.20
129N04367,2020-08-15 06:00:00,77.46,81.40
129N04367,2020-08-15 06:10:00,74.47,99.30
129N04367,2020-08-15 06:20:00,74.38,91.90
129N04367,2020-08-15 06:30:00,75.15,95.20
129N04367,2020-08-15 06:40:00,69.98,100.00
129N04367,2020-08-15 06:50:00,69.64,100.00
129N04367,2020-08-15 07:00:00,73.82,89.80
129N04367,2020-08-15 07:10:00,71.15,100.00
129N04367,2020-08-15 07:20:00,75.17,100.00
129N04367,2020-08-15 07:30:00,73.42,100.00
129N04367,2020-08-15 07:40:00,75.99,100.00
129N04367,2020-08-15 07:50:00,73.89,100.00
129N04367,2020-08-15 08:00:00,72.35,100.00
129N04367,2020-08-15 08:10:00,73.18,99.90
129N04367,2020-08-15 08:20:00,71.36,100.00
129N04367,2020-08-15 08:30:00,68.14,100.00
129N04367,2020-08-15 08:40:00,71.94,100.00
129N04367,2020-08-15 08:50:00,68.97,100.00
129N04367,2020-08-15 09:00:00,69.59,100.00
129N04367,2020-08-15 09:10:00,71.66,100.00
129N04367,2020-08-15 09:20:00,69.88,100.00
129N04367,2020-08-15 09:30:00,71.18,100.00
129N04367,2020-08-15 09:40:00,68.79,100.00
129N04367,2020-08-15 09:50:00,68.78,100.00
129N04367,2020-08-15 10:00:00,71.27,100.00
129N04367,2020-08-15 10:10:00,70.38,100.00
129N04367,2020-08-15 10:20:00,70.89,100.00
129N04367,2020-08-15 10:30:00,69.58,100.00
129N04367,2020-08-15 10:40:00,67.37,100.00
129N04367,2020-08-15 10:50:00,68.77,100.00
129N04367,2020-08-15 11:00:00,69.59,100.00
129N04367,2020-08-15 11:10:00,70.19,100.00
129N04367,2020-08-15 11:20:00,69.27,100.00
129N04367,2020-08-15 11:30:00,67.37,100.00
129N04367,2020-08-15 11:40:00,68.19,100.00
129N04367,2020-08-15 11:50:00,70.19,100.00
129N04367,2020-08-15 12:00:00,69.57,100.00
129N04367,2020-08-15 12:10:00,70.40,100.00
129N04367,2020-08-15 12:20:00,70.50,100.00
129N04367,2020-08-15 12:30:00,70.00,100.00
129N04367,2020-08-15 12:40:00,71.18,100.00
129N04367,2020-08-15 12:50:00,68.29,100.00
129N04367,2020-08-15 13:00:00,66.89,98.20
129N04367,2020-08-15 13:10:00,67.95,100.00
129N04367,2020-08-15 13:20:00,71.00,100.00
129N04367,2020-08-15 13:30:00,70.89,100.00
129N04367,2020-08-15 13:40:00,71.00,100.00
129N04367,2020-08-15 13:50:00,71.59,100.00
129N04367,2020-08-15 14:00:00,70.67,100.00
129N04367,2020-08-15 14:10:00,70.80,100.00
129N04367,2020-08-15 14:20:00,69.79,100.00
129N04367,2020-08-15 14:30:00,67.76,100.00
129N04367,2020-08-15 14:40:00,69.08,100.00
129N04367,2020-08-15 14:50:00,70.39,100.00
129N04367,2020-08-15 15:00:00,70.40,100.00
129N04367,2020-08-15 15:10:00,68.74,100.00
129N04367,2020-08-15 15:20:00,70.70,100.00
129N04367,2020-08-15 15:30:00,70.14,100.00
129N04367,2020-08-15 15:40:00,70.87,100.00
129N04367,2020-08-15 15:50:00,73.78,100.00
129N04367,2020-08-15 16:00:00,73.06,100.00
129N04367,2020-08-15 16:10:00,71.58,100.00
129N04367,2020-08-15 16:20:00,71.47,100.00
129N04367,2020-08-15 16:30:00,72.39,100.00
129N04367,2020-08-15 16:40:00,71.39,100.00
129N04367,2020-08-15 16:50:00,70.29,100.00
129N04367,2020-08-15 17:00:00,70.29,100.00
129N04367,2020-08-15 17:10:00,70.39,100.00
129N04367,2020-08-15 17:20:00,69.38,100.00
129N04367,2020-08-15 17:30:00,74.78,100.00
129N04367,2020-08-15 17:40:00,73.14,100.00
129N04367,2020-08-15 17:50:00,70.79,100.00
129N04367,2020-08-15 18:00:00,70.47,100.00
129N04367,2020-08-15 18:10:00,69.09,100.00
129N04367,2020-08-15 18:20:00,73.54,100.00
129N04367,2020-08-15 18:30:00,72.15,100.00
129N04367,2020-08-15 18:40:00,72.58,98.70
129N04367,2020-08-15 18:50:00,70.55,100.00
129N04367,2020-08-15 19:00:00,74.49,100.00
129N04367,2020-08-15 19:10:00,73.08,100.00
129N04367,2020-08-15 19:20:00,72.57,100.00
129N04367,2020-08-15 19:30:00,74.06,100.00
129N04367,2020-08-15 19:40:00,71.79,100.00
129N04367,2020-08-15 19:50:00,71.76,100.00
129N04367,2020-08-15 20:00:00,72.79,100.00
129N04367,2020-08-15 20:10:00,72.19,100.00
129N04367,2020-08-15 20:20:00,68.12,100.00
129N04367,2020-08-15 20:30:00,65.79,100.00
129N04367,2020-08-15 20:40:00,68.10,100.00
129N04367,2020-08-15 20:50:00,67.28,100.00
129N04367,2020-08-15 21:00:00,67.59,100.00
129N04367,2020-08-15 21:10:00,67.14,100.00
129N04367,2020-08-15 21:20:00,70.35,100.00
129N04367,2020-08-15 21:30:00,69.87,100.00
129N04367,2020-08-15 21:40:00,70.77,100.00
129N04367,2020-08-15 21:50:00,73.39,87.70
129N04367,2020-08-15 22:00:00,69.45,100.00
129N04367,2020-08-15 22:10:00,66.78,100.00
129N04367,2020-08-15 22:20:00,70.82,97.80
129N04367,2020-08-15 22:30:00,70.27,99.50
129N04367,2020-08-15 22:40:00,73.07,91.80
129N04367,2020-08-15 22:50:00,71.64,94.00
129N04367,2020-08-15 23:00:00,69.19,92.70
129N04367,2020-08-15 23:10:00,66.17,65.40
129N04367,2020-08-15 23:20:00,69.80,72.40
129N04367,2020-08-15 23:30:00,69.05,92.00
129N04367,2020-08-15 23:40:00,70.76,88.00
129N04367,2020-08-15 23:50:00,70.46,75.10
129N04368,2020-08-15 00:00:00,71.00,53.70
129N04368,2020-08-15 00:10:00,70.70,96.50
129N04368,2020-08-15 00:20:00,66.02,64.90
129N04368,2020-08-15 00:30:00,69.76,80.33
129N04368,2020-08-15 00:40:00,65.46,66.00
129N04368,2020-08-15 00:50:00,67.23,86.11
129N04368,2020-08-15 01:00:00,72.91,59.40
129N04368,2020-08-15 01:10:00,66.64,67.29
129N04368,2020-08-15 01:20:00,,
129N04368,2020-08-15 01:30:00,58.56,44.17
129N04368,2020-08-15 01:40:00,65.57,93.80
129N04368,2020-08-15 01:50:00,65.29,91.70
129N04368,2020-08-15 02:00:00,64.41,88.00
129N04368,2020-08-15 02:10:00,62.94,75.00
129N04368,2020-08-15 02:20:00,62.00,92.25
129N04368,2020-08-15 02:30:00,64.04,86.88
129N04368,2020-08-15 02:40:00,67.18,61.50
129N04368,2020-08-15 02:50:00,70.25,62.50
129N04368,2020-08-15 03:00:00,62.00,87.83
129N04368,2020-08-15 03:10:00,63.40,93.71
129N04368,2020-08-15 03:20:00,65.80,98.20
129N04368,2020-08-15 03:30:00,66.76,83.00
129N04368,2020-08-15 03:40:00,68.74,74.25
129N04368,2020-08-15 03:50:00,68.56,85.43
129N04368,2020-08-15 04:00:00,71.84,70.70
129N04368,2020-08-15 04:10:00,71.00,90.75
129N04368,2020-08-15 04:20:00,71.83,89.50
129N04368,2020-08-15 04:30:00,73.24,80.10
129N04368,2020-08-15 04:40:00,75.54,63.56
129N04368,2020-08-15 04:50:00,69.30,48.50
129N04368,2020-08-15 05:00:00,78.30,59.10
129N04368,2020-08-15 05:10:00,77.60,78.40
129N04368,2020-08-15 05:20:00,71.30,80.00
129N04368,2020-08-15 05:30:00,73.91,67.80
129N04368,2020-08-15 05:40:00,74.29,87.30
129N04368,2020-08-15 05:50:00,77.18,86.10
129N04368,2020-08-15 06:00:00,75.30,97.60
129N04368,2020-08-15 06:10:00,77.29,86.60
129N04368,2020-08-15 06:20:00,74.61,95.50
129N04368,2020-08-15 06:30:00,73.16,96.80
129N04368,2020-08-15 06:40:00,69.98,98.30
129N04368,2020-08-15 06:50:00,68.75,100.00
129N04368,2020-08-15 07:00:00,69.85,99.20
129N04368,2020-08-15 07:10:00,69.16,100.00
129N04368,2020-08-15 07:20:00,71.43,100.00
129N04368,2020-08-15 07:30:00,70.85,100.00
129N04368,2020-08-15 07:40:00,74.99,100.00
129N04368,2020-08-15 07:50:00,73.27,100.00
129N04368,2020-08-15 08:00:00,67.88,100.00
129N04368,2020-08-15 08:10:00,67.81,97.20
129N04368,2020-08-15 08:20:00,67.49,100.00
129N04368,2020-08-15 08:30:00,67.42,100.00
129N04368,2020-08-15 08:40:00,69.53,98.30
129N04368,2020-08-15 08:50:00,68.43,100.00
129N04368,2020-08-15 09:00:00,72.28,94.50
129N04368,2020-08-15 09:10:00,69.49,100.00
129N04368,2020-08-15 09:20:00,70.66,100.00
129N04368,2020-08-15 09:30:00,72.23,100.00
129N04368,2020-08-15 09:40:00,66.44,100.00
129N04368,2020-08-15 09:50:00,68.08,100.00
129N04368,2020-08-15 10:00:00,69.91,100.00
129N04368,2020-08-15 10:10:00,67.67,100.00
129N04368,2020-08-15 10:20:00,69.38,100.00
129N04368,2020-08-15 10:30:00,66.35,100.00
129N04368,2020-08-15 10:40:00,64.45,100.00
129N04368,2020-08-15 10:50:00,68.88,100.00
129N04368,2020-08-15 11:00:00,68.90,100.00
129N04368,2020-08-15 11:10:00,68.58,100.00
129N04368,2020-08-15 11:20:00,68.27,100.00
129N04368,2020-08-15 11:30:00,68.69,100.00
129N04368,2020-08-15 11:40:00,67.88,100.00
129N04368,2020-08-15 11:50:00,67.75,100.00
129N04368,2020-08-15 12:00:00,67.34,100.00
129N04368,2020-08-15 12:10:00,69.69,100.00
129N04368,2020-08-15 12:20:00,68.28,100.00
129N04368,2020-08-15 12:30:00,69.97,100.00
129N04368,2020-08-15 12:40:00,70.28,100.00
129N04368,2020-08-15 12:50:00,67.08,100.00
129N04368,2020-08-15 13:00:00,64.88,100.00
129N04368,2020-08-15 13:10:00,64.98,100.00
129N04368,2020-08-15 13:20:00,69.78,100.00
129N04368,2020-08-15 13:30:00,67.47,100.00
129N04368,2020-08-15 13:40:00,69.08,100.00
129N04368,2020-08-15 13:50:00,68.95,100.00
129N04368,2020-08-15 14:00:00,68.08,100.00
129N04368,2020-08-15 14:10:00,69.30,100.00
129N04368,2020-08-15 14:20:00,69.58,100.00
129N04368,2020-08-15 14:30:00,68.64,100.00
129N04368,2020-08-15 14:40:00,67.08,100.00
129N04368,2020-08-15 14:50:00,67.98,100.00
129N04368,2020-08-15 15:00:00,68.99,100.00
129N04368,2020-08-15 15:10:00,69.59,100.00
129N04368,2020-08-15 15:20:00,70.10,100.00
129N04368,2020-08-15 15:30:00,67.96,100.00
129N04368,2020-08-15 15:40:00,70.13,100.00
129N04368,2020-08-15 15:50:00,73.99,100.00
129N04368,2020-08-15 16:00:00,74.47,100.00
129N04368,2020-08-15 16:10:00,71.89,100.00
129N04368,2020-08-15 16:20:00,71.49,100.00
129N04368,2020-08-15 16:30:00,70.29,100.00
129N04368,2020-08-15 16:40:00,71.58,100.00
129N04368,2020-08-15 16:50:00,68.73,100.00
129N04368,2020-08-15 17:00:00,69.73,100.00
129N04368,2020-08-15 17:10:00,69.89,100.00
129N04368,2020-08-15 17:20:00,67.96,100.00
129N04368,2020-08-15 17:30:00,73.59,100.00
129N04368,2020-08-15 17:40:00,70.59,100.00
129N04368,2020-08-15 17:50:00,70.28,100.00
129N04368,2020-08-15 18:00:00,68.97,100.00
129N04368,2020-08-15 18:10:00,70.35,100.00
129N04368,2020-08-15 18:20:00,71.40,100.00
129N04368,2020-08-15 18:30:00,71.34,100.00
129N04368,2020-08-15 18:40:00,70.38,100.00
129N04368,2020-08-15 18:50:00,70.00,100.00
129N04368,2020-08-15 19:00:00,73.15,100.00
129N04368,2020-08-15 19:10:00,71.47,100.00
129N04368,2020-08-15 19:20:00,71.69,98.30
129N04368,2020-08-15 19:30:00,71.98,99.50
129N04368,2020-08-15 19:40:00,73.79,100.00
129N04368,2020-08-15 19:50:00,72.19,100.00
129N04368,2020-08-15 20:00:00,72.95,100.00
129N04368,2020-08-15 20:10:00,72.89,99.70
129N04368,2020-08-15 20:20:00,68.25,93.90
129N04368,2020-08-15 20:30:00,66.42,100.00
129N04368,2020-08-15 20:40:00,69.49,100.00
129N04368,2020-08-15 20:50:00,69.47,100.00
129N04368,2020-08-15 21:00:00,66.86,100.00
129N04368,2020-08-15 21:10:00,67.84,98.40
129N04368,2020-08-15 21:20:00,65.67,100.00
129N04368,2020-08-15 21:30:00,66.15,99.20
129N04368,2020-08-15 21:40:00,71.85,71.70
129N04368,2020-08-15 21:50:00,74.43,51.60
129N04368,2020-08-15 22:00:00,70.91,100.00
129N04368,2020-08-15 22:10:00,66.17,99.30
129N04368,2020-08-15 22:20:00,72.08,86.70
129N04368,2020-08-15 22:30:00,68.98,100.00
129N04368,2020-08-15 22:40:00,74.19,92.80
129N04368,2020-08-15 22:50:00,72.81,90.80
129N04368,2020-08-15 23:00:00,69.07,92.80
129N04368,2020-08-15 23:10:00,64.89,69.70
129N04368,2020-08-15 23:20:00,68.93,79.10
129N04368,2020-08-15 23:30:00,70.60,93.60
129N04368,2020-08-15 23:40:00,67.79,95.70
129N04368,2020-08-15 23:50:00,67.15,83.70
129N04365,2020-08-15 00:00:00,60.34,94.50
129N04365,2020-08-15 00:10:00,66.00,73.88
129N04365,2020-08-15 00:20:00,61.67,88.40
129N04365,2020-08-15 00:30:00,64.27,79.50
129N04365,2020-08-15 00:40:00,73.15,26.80
129N04365,2020-08-15 00:50:00,67.37,53.60
129N04365,2020-08-15 01:00:00,63.00,76.70
129N04365,2020-08-15 01:10:00,62.97,74.60
129N04365,2020-08-15 01:20:00,60.00,54.00
129N04365,2020-08-15 01:30:00,,
129N04365,2020-08-15 01:40:00,58.64,80.33
129N04365,2020-08-15 01:50:00,61.00,97.50
129N04365,2020-08-15 02:00:00,65.98,63.50
129N04365,2020-08-15 02:10:00,70.00,54.00
129N04365,2020-08-15 02:20:00,,
129N04365,2020-08-15 02:30:00,60.00,76.00
129N04365,2020-08-15 02:40:00,66.56,83.78
129N04365,2020-08-15 02:50:00,68.86,82.50
129N04365,2020-08-15 03:00:00,63.00,96.00
129N04365,2020-08-15 03:10:00,62.59,94.90
129N04365,2020-08-15 03:20:00,65.21,99.22
129N04365,2020-08-15 03:30:00,63.00,93.00
129N04365,2020-08-15 03:40:00,63.00,97.33
129N04365,2020-08-15 03:50:00,60.20,48.83
129N04365,2020-08-15 04:00:00,68.19,70.50
129N04365,2020-08-15 04:10:00,70.00,72.50
129N04365,2020-08-15 04:20:00,65.10,82.30
129N04365,2020-08-15 04:30:00,69.79,81.40
129N04365,2020-08-15 04:40:00,68.09,42.70
129N04365,2020-08-15 04:50:00,69.68,71.80
129N04365,2020-08-15 05:00:00,71.15,86.90
129N04365,2020-08-15 05:10:00,70.56,79.10
129N04365,2020-08-15 05:20:00,66.09,73.30
129N04365,2020-08-15 05:30:00,66.08,49.70
129N04365,2020-08-15 05:40:00,72.79,65.20
129N04365,2020-08-15 05:50:00,74.28,92.20
129N04365,2020-08-15 06:00:00,72.21,83.20
129N04365,2020-08-15 06:10:00,76.08,70.50
129N04365,2020-08-15 06:20:00,72.40,96.10
129N04365,2020-08-15 06:30:00,74.69,95.30
129N04365,2020-08-15 06:40:00,70.07,99.90
129N04365,2020-08-15 06:50:00,68.49,100.00
129N04365,2020-08-15 07:00:00,74.89,80.60
129N04365,2020-08-15 07:10:00,69.29,100.00
129N04365,2020-08-15 07:20:00,71.97,100.00
129N04365,2020-08-15 07:30:00,70.77,100.00
129N04365,2020-08-15 07:40:00,72.67,100.00
129N04365,2020-08-15 07:50:00,73.28,100.00
129N04365,2020-08-15 08:00:00,70.42,100.00
129N04365,2020-08-15 08:10:00,71.99,99.40
129N04365,2020-08-15 08:20:00,73.36,100.00
129N04365,2020-08-15 08:30:00,66.47,100.00
129N04365,2020-08-15 08:40:00,68.71,100.00
129N04365,2020-08-15 08:50:00,69.25,100.00
129N04365,2020-08-15 09:00:00,67.77,100.00
129N04365,2020-08-15 09:10:00,67.44,99.30
129N04365,2020-08-15 09:20:00,70.29,100.00
129N04365,2020-08-15 09:30:00,70.09,100.00
129N04365,2020-08-15 09:40:00,66.08,100.00
129N04365,2020-08-15 09:50:00,66.29,100.00
129N04365,2020-08-15 10:00:00,68.73,100.00
129N04365,2020-08-15 10:10:00,69.22,100.00
129N04365,2020-08-15 10:20:00,70.48,100.00
129N04365,2020-08-15 10:30:00,68.59,100.00
129N04365,2020-08-15 10:40:00,67.57,100.00
129N04365,2020-08-15 10:50:00,66.67,100.00
129N04365,2020-08-15 11:00:00,68.29,100.00
129N04365,2020-08-15 11:10:00,67.51,100.00
129N04365,2020-08-15 11:20:00,65.49,100.00
129N04365,2020-08-15 11:30:00,64.38,100.00
129N04365,2020-08-15 11:40:00,66.30,100.00
129N04365,2020-08-15 11:50:00,64.79,100.00
129N04365,2020-08-15 12:00:00,64.84,100.00
129N04365,2020-08-15 12:10:00,66.89,100.00
129N04365,2020-08-15 12:20:00,67.09,99.90
129N04365,2020-08-15 12:30:00,66.49,100.00
129N04365,2020-08-15 12:40:00,67.96,100.00
129N04365,2020-08-15 12:50:00,66.89,100.00
129N04365,2020-08-15 13:00:00,66.10,98.90
129N04365,2020-08-15 13:10:00,66.29,100.00
129N04365,2020-08-15 13:20:00,68.38,100.00
129N04365,2020-08-15 13:30:00,68.69,100.00
129N04365,2020-08-15 13:40:00,69.60,100.00
129N04365,2020-08-15 13:50:00,69.08,100.00
129N04365,2020-08-15 14:00:00,68.58,100.00
129N04365,2020-08-15 14:10:00,67.67,100.00
129N04365,2020-08-15 14:20:00,64.51,100.00
129N04365,2020-08-15 14:30:00,68.56,100.00
129N04365,2020-08-15 14:40:00,67.07,100.00
129N04365,2020-08-15 14:50:00,68.49,100.00
129N04365,2020-08-15 15:00:00,69.90,100.00
129N04365,2020-08-15 15:10:00,69.98,100.00
129N04365,2020-08-15 15:20:00,69.57,100.00
129N04365,2020-08-15 15:30:00,69.28,100.00
129N04365,2020-08-15 15:40:00,66.57,100.00
129N04365,2020-08-15 15:50:00,69.98,100.00
129N04365,2020-08-15 16:00:00,70.29,100.00
129N04365,2020-08-15 16:10:00,70.63,97.80
129N04365,2020-08-15 16:20:00,72.49,100.00
129N04365,2020-08-15 16:30:00,71.59,100.00
129N04365,2020-08-15 16:40:00,71.68,100.00
129N04365,2020-08-15 16:50:00,68.26,100.00
129N04365,2020-08-15 17:00:00,69.25,100.00
129N04365,2020-08-15 17:10:00,68.77,100.00
129N04365,2020-08-15 17:20:00,68.69,100.00
129N04365,2020-08-15 17:30:00,71.17,100.00
129N04365,2020-08-15 17:40:00,71.00,100.00
129N04365,2020-08-15 17:50:00,70.19,100.00
129N04365,2020-08-15 18:00:00,72.86,100.00
129N04365,2020-08-15 18:10:00,68.19,100.00
129N04365,2020-08-15 18:20:00,71.69,100.00
129N04365,2020-08-15 18:30:00,72.09,99.50
129N04365,2020-08-15 18:40:00,72.07,100.00
129N04365,2020-08-15 18:50:00,70.05,100.00
129N04365,2020-08-15 19:00:00,73.29,100.00
129N04365,2020-08-15 19:10:00,73.54,100.00
129N04365,2020-08-15 19:20:00,71.29,100.00
129N04365,2020-08-15 19:30:00,74.24,100.00
129N04365,2020-08-15 19:40:00,70.69,100.00
129N04365,2020-08-15 19:50:00,69.78,100.00
129N04365,2020-08-15 20:00:00,65.33,100.00
129N04365,2020-08-15 20:10:00,71.40,96.10
129N04365,2020-08-15 20:20:00,67.97,100.00
129N04365,2020-08-15 20:30:00,65.67,100.00
129N04365,2020-08-15 20:40:00,68.59,100.00
129N04365,2020-08-15 20:50:00,68.28,98.70
129N04365,2020-08-15 21:00:00,65.75,100.00
129N04365,2020-08-15 21:10:00,62.87,100.00
129N04365,2020-08-15 21:20:00,66.94,100.00
129N04365,2020-08-15 21:30:00,69.93,100.00
129N04365,2020-08-15 21:40:00,69.09,100.00
129N04365,2020-08-15 21:50:00,69.88,86.80
129N04365,2020-08-15 22:00:00,68.37,98.90
129N04365,2020-08-15 22:10:00,63.11,94.90
129N04365,2020-08-15 22:20:00,63.55,40.60
129N04365,2020-08-15 22:30:00,68.71,82.20
129N04365,2020-08-15 22:40:00,68.89,100.00
129N04365,2020-08-15 22:50:00,70.79,88.80
129N04365,2020-08-15 23:00:00,67.64,93.90
129N04365,2020-08-15 23:10:00,66.25,78.40
129N04365,2020-08-15 23:20:00,64.05,71.30
129N04365,2020-08-15 23:30:00,66.95,91.50
129N04365,2020-08-15 23:40:00,65.49,94.20
129N04365,2020-08-15 23:50:00,65.29,88.50
129N04366,2020-08-15 00:00:00,60.00,72.40
129N04366,2020-08-15 00:10:00,67.57,86.90
129N04366,2020-08-15 00:20:00,63.75,62.90
129N04366,2020-08-15 00:30:00,66.52,69.25
129N04366,2020-08-15 00:40:00,70.29,96.10
129N04366,2020-08-15 00:50:00,67.73,96.00
129N04366,2020-08-15 01:00:00,68.76,75.60
129N04366,2020-08-15 01:10:00,60.94,52.11
129N04366,2020-08-15 01:20:00,60.33,68.33
129N04366,2020-08-15 01:30:00,56.04,59.13
129N04366,2020-08-15 01:40:00,59.59,69.10
129N04366,2020-08-15 01:50:00,63.79,72.60
129N04366,2020-08-15 02:00:00,71.53,51.30
129N04366,2020-08-15 02:10:00,73.80,43.20
129N04366,2020-08-15 02:20:00,70.21,83.75
129N04366,2020-08-15 02:30:00,63.39,77.80
129N04366,2020-08-15 02:40:00,65.56,90.20
129N04366,2020-08-15 02:50:00,69.66,85.67
129N04366,2020-08-15 03:00:00,62.83,83.17
129N04366,2020-08-15 03:10:00,63.00,92.50
129N04366,2020-08-15 03:20:00,65.42,99.43
129N04366,2020-08-15 03:30:00,63.00,97.60
129N04366,2020-08-15 03:40:00,63.00,100.00
129N04366,2020-08-15 03:50:00,66.93,76.20
129N04366,2020-08-15 04:00:00,69.08,69.00
129N04366,2020-08-15 04:10:00,71.00,73.10
129N04366,2020-08-15 04:20:00,65.58,70.89
129N04366,2020-08-15 04:30:00,71.58,81.60
129N04366,2020-08-15 04:40:00,69.92,76.50
129N04366,2020-08-15 04:50:00,71.14,85.50
129N04366,2020-08-15 05:00:00,75.02,79.70
129N04366,2020-08-15 05:10:00,72.42,57.00
129N04366,2020-08-15 05:20:00,69.57,87.40
129N04366,2020-08-15 05:30:00,71.92,76.80
129N04366,2020-08-15 05:40:00,72.61,97.20
129N04366,2020-08-15 05:50:00,74.67,92.00
129N04366,2020-08-15 06:00:00,73.20,93.80
129N04366,2020-08-15 06:10:00,76.43,96.40
129N04366,2020-08-15 06:20:00,73.20,97.40
129N04366,2020-08-15 06:30:00,74.19,95.70
129N04366,2020-08-15 06:40:00,69.14,100.00
129N04366,2020-08-15 06:50:00,68.39,100.00
129N04366,2020-08-15 07:00:00,71.66,99.80
129N04366,2020-08-15 07:10:00,69.56,100.00
129N04366,2020-08-15 07:20:00,73.79,100.00
129N04366,2020-08-15 07:30:00,71.57,100.00
129N04366,2020-08-15 07:40:00,74.69,100.00
129N04366,2020-08-15 07:50:00,73.48,100.00
129N04366,2020-08-15 08:00:00,71.66,100.00
129N04366,2020-08-15 08:10:00,72.77,100.00
129N04366,2020-08-15 08:20:00,70.57,100.00
129N04366,2020-08-15 08:30:00,67.79,100.00
129N04366,2020-08-15 08:40:00,72.26,100.00
129N04366,2020-08-15 08:50:00,70.09,100.00
129N04366,2020-08-15 09:00:00,66.08,100.00
129N04366,2020-08-15 09:10:00,70.64,100.00
129N04366,2020-08-15 09:20:00,69.65,100.00
129N04366,2020-08-15 09:30:00,70.69,100.00
129N04366,2020-08-15 09:40:00,68.29,100.00
129N04366,2020-08-15 09:50:00,68.18,100.00
129N04366,2020-08-15 10:00:00,70.25,100.00
129N04366,2020-08-15 10:10:00,70.76,100.00
129N04366,2020-08-15 10:20:00,70.52,100.00
129N04366,2020-08-15 10:30:00,69.08,100.00
129N04366,2020-08-15 10:40:00,67.09,100.00
129N04366,2020-08-15 10:50:00,67.99,100.00
129N04366,2020-08-15 11:00:00,69.47,100.00
129N04366,2020-08-15 11:10:00,69.18,100.00
129N04366,2020-08-15 11:20:00,68.88,100.00
129N04366,2020-08-15 11:30:00,66.73,100.00
129N04366,2020-08-15 11:40:00,67.39,100.00
129N04366,2020-08-15 11:50:00,68.38,100.00
129N04366,2020-08-15 12:00:00,67.97,100.00
129N04366,2020-08-15 12:10:00,69.19,100.00
129N04366,2020-08-15 12:20:00,70.07,100.00
129N04366,2020-08-15 12:30:00,68.88,100.00
129N04366,2020-08-15 12:40:00,71.10,100.00
129N04366,2020-08-15 12:50:00,66.49,100.00
129N04366,2020-08-15 13:00:00,66.39,100.00
129N04366,2020-08-15 13:10:00,65.43,100.00
129N04366,2020-08-15 13:20:00,70.39,100.00
129N04366,2020-08-15 13:30:00,68.69,100.00
129N04366,2020-08-15 13:40:00,69.99,100.00
129N04366,2020-08-15 13:50:00,71.29,100.00
129N04366,2020-08-15 14:00:00,68.16,100.00
129N04366,2020-08-15 14:10:00,69.18,100.00
129N04366,2020-08-15 14:20:00,67.98,100.00
129N04366,2020-08-15 14:30:00,67.64,100.00
129N04366,2020-08-15 14:40:00,68.09,100.00
129N04366,2020-08-15 14:50:00,69.19,100.00
129N04366,2020-08-15 15:00:00,70.79,100.00
129N04366,2020-08-15 15:10:00,68.88,100.00
129N04366,2020-08-15 15:20:00,70.09,100.00
129N04366,2020-08-15 15:30:00,69.88,100.00
129N04366,2020-08-15 15:40:00,68.99,100.00
129N04366,2020-08-15 15:50:00,71.99,100.00
129N04366,2020-08-15 16:00:00,71.66,100.00
129N04366,2020-08-15 16:10:00,70.38,100.00
129N04366,2020-08-15 16:20:00,70.20,100.00
129N04366,2020-08-15 16:30:00,70.48,100.00
129N04366,2020-08-15 16:40:00,68.58,100.00
129N04366,2020-08-15 16:50:00,71.38,100.00
129N04366,2020-08-15 17:00:00,69.99,100.00
129N04366,2020-08-15 17:10:00,68.47,100.00
129N04366,2020-08-15 17:20:00,69.48,100.00
129N04366,2020-08-15 17:30:00,74.19,100.00
129N04366,2020-08-15 17:40:00,73.49,100.00
129N04366,2020-08-15 17:50:00,70.89,100.00
129N04366,2020-08-15 18:00:00,71.08,100.00
129N04366,2020-08-15 18:10:00,70.06,100.00
129N04366,2020-08-15 18:20:00,73.38,100.00
129N04366,2020-08-15 18:30:00,70.97,100.00
129N04366,2020-08-15 18:40:00,71.79,100.00
129N04366,2020-08-15 18:50:00,68.77,100.00
129N04366,2020-08-15 19:00:00,74.80,100.00
129N04366,2020-08-15 19:10:00,73.78,99.10
129N04366,2020-08-15 19:20:00,71.17,100.00
129N04366,2020-08-15 19:30:00,73.87,100.00
129N04366,2020-08-15 19:40:00,70.36,100.00
129N04366,2020-08-15 19:50:00,69.18,100.00
129N04366,2020-08-15 20:00:00,67.78,100.00
129N04366,2020-08-15 20:10:00,69.89,100.00
129N04366,2020-08-15 20:20:00,69.15,100.00
129N04366,2020-08-15 20:30:00,66.78,100.00
129N04366,2020-08-15 20:40:00,62.38,100.00
129N04366,2020-08-15 20:50:00,68.15,100.00
129N04366,2020-08-15 21:00:00,65.25,100.00
129N04366,2020-08-15 21:10:00,63.19,100.00
129N04366,2020-08-15 21:20:00,68.37,100.00
129N04366,2020-08-15 21:30:00,68.93,100.00
129N04366,2020-08-15 21:40:00,68.59,100.00
129N04366,2020-08-15 21:50:00,69.89,87.30
129N04366,2020-08-15 22:00:00,67.11,100.00
129N04366,2020-08-15 22:10:00,64.76,100.00
129N04366,2020-08-15 22:20:00,68.63,98.20
129N04366,2020-08-15 22:30:00,66.37,100.00
129N04366,2020-08-15 22:40:00,70.64,100.00
129N04366,2020-08-15 22:50:00,68.90,91.70
129N04366,2020-08-15 23:00:00,65.49,84.00
129N04366,2020-08-15 23:10:00,66.19,87.20
129N04366,2020-08-15 23:20:00,66.66,91.00
129N04366,2020-08-15 23:30:00,64.33,85.30
129N04366,2020-08-15 23:40:00,63.06,90.80
129N04366,2020-08-15 23:50:00,71.06,52.20
129N04363,2020-08-15 00:00:00,62.00,98.00
129N04363,2020-08-15 00:10:00,68.02,33.57
129N04363,2020-08-15 00:20:00,64.18,79.60
129N04363,2020-08-15 00:30:00,66.32,96.17
129N04363,2020-08-15 00:40:00,73.00,53.71
129N04363,2020-08-15 00:50:00,71.89,71.50
129N04363,2020-08-15 01:00:00,63.19,71.70
129N04363,2020-08-15 01:10:00,63.00,55.40
129N04363,2020-08-15 01:20:00,63.00,76.00
129N04363,2020-08-15 01:30:00,81.00,7.00
129N04363,2020-08-15 01:40:00,70.58,62.60
129N04363,2020-08-15 01:50:00,58.00,53.00
129N04363,2020-08-15 02:00:00,73.00,89.00
129N04363,2020-08-15 02:10:00,73.00,97.13
129N04363,2020-08-15 02:20:00,,
129N04363,2020-08-15 02:30:00,59.00,45.75
129N04363,2020-08-15 02:40:00,68.40,91.13
129N04363,2020-08-15 02:50:00,67.65,99.11
129N04363,2020-08-15 03:00:00,59.00,60.00
129N04363,2020-08-15 03:10:00,59.00,76.60
129N04363,2020-08-15 03:20:00,64.43,92.60
129N04363,2020-08-15 03:30:00,61.01,64.00
129N04363,2020-08-15 03:40:00,56.00,68.89
129N04363,2020-08-15 03:50:00,69.00,41.00
129N04363,2020-08-15 04:00:00,69.00,46.60
129N04363,2020-08-15 04:10:00,69.00,68.00
129N04363,2020-08-15 04:20:00,62.34,64.67
129N04363,2020-08-15 04:30:00,71.73,56.40
129N04363,2020-08-15 04:40:00,60.45,39.40
129N04363,2020-08-15 04:50:00,72.52,52.40
129N04363,2020-08-15 05:00:00,68.47,94.60
129N04363,2020-08-15 05:10:00,68.05,88.13
129N04363,2020-08-15 05:20:00,65.00,94.00
129N04363,2020-08-15 05:30:00,73.71,48.89
129N04363,2020-08-15 05:40:00,75.81,56.70
129N04363,2020-08-15 05:50:00,69.55,92.60
129N04363,2020-08-15 06:00:00,70.90,99.60
129N04363,2020-08-15 06:10:00,74.88,70.80
129N04363,2020-08-15 06:20:00,70.01,95.50
129N04363,2020-08-15 06:30:00,76.76,59.80
129N04363,2020-08-15 06:40:00,69.79,99.60
129N04363,2020-08-15 06:50:00,68.28,100.00
129N04363,2020-08-15 07:00:00,70.28,97.70
129N04363,2020-08-15 07:10:00,72.47,86.20
129N04363,2020-08-15 07:20:00,72.71,93.80
129N04363,2020-08-15 07:30:00,72.27,100.00
129N04363,2020-08-15 07:40:00,72.48,100.00
129N04363,2020-08-15 07:50:00,73.39,100.00
129N04363,2020-08-15 08:00:00,68.53,100.00
129N04363,2020-08-15 08:10:00,66.99,100.00
129N04363,2020-08-15 08:20:00,68.73,97.70
129N04363,2020-08-15 08:30:00,67.37,99.50
129N04363,2020-08-15 08:40:00,61.70,57.90
129N04363,2020-08-15 08:50:00,67.31,94.80
129N04363,2020-08-15 09:00:00,67.82,100.00
129N04363,2020-08-15 09:10:00,70.95,71.40
129N04363,2020-08-15 09:20:00,72.99,85.10
129N04363,2020-08-15 09:30:00,73.58,97.80
129N04363,2020-08-15 09:40:00,68.57,100.00
129N04363,2020-08-15 09:50:00,68.47,97.00
129N04363,2020-08-15 10:00:00,71.86,100.00
129N04363,2020-08-15 10:10:00,70.59,99.80
129N04363,2020-08-15 10:20:00,69.83,100.00
129N04363,2020-08-15 10:30:00,67.19,100.00
129N04363,2020-08-15 10:40:00,67.30,100.00
129N04363,2020-08-15 10:50:00,65.49,100.00
129N04363,2020-08-15 11:00:00,67.00,100.00
129N04363,2020-08-15 11:10:00,68.45,100.00
129N04363,2020-08-15 11:20:00,67.38,100.00
129N04363,2020-08-15 11:30:00,65.85,100.00
129N04363,2020-08-15 11:40:00,68.29,99.70
129N04363,2020-08-15 11:50:00,66.97,100.00
129N04363,2020-08-15 12:00:00,62.28,100.00
129N04363,2020-08-15 12:10:00,67.89,100.00
129N04363,2020-08-15 12:20:00,67.33,100.00
129N04363,2020-08-15 12:30:00,67.98,100.00
129N04363,2020-08-15 12:40:00,66.75,100.00
129N04363,2020-08-15 12:50:00,69.82,100.00
129N04363,2020-08-15 13:00:00,66.38,100.00
129N04363,2020-08-15 13:10:00,62.27,100.00
129N04363,2020-08-15 13:20:00,66.98,100.00
129N04363,2020-08-15 13:30:00,67.69,100.00
129N04363,2020-08-15 13:40:00,69.95,100.00
129N04363,2020-08-15 13:50:00,68.08,100.00
129N04363,2020-08-15 14:00:00,69.86,100.00
129N04363,2020-08-15 14:10:00,68.29,100.00
129N04363,2020-08-15 14:20:00,66.66,100.00
129N04363,2020-08-15 14:30:00,68.79,100.00
129N04363,2020-08-15 14:40:00,68.58,100.00
129N04363,2020-08-15 14:50:00,68.37,100.00
129N04363,2020-08-15 15:00:00,68.98,100.00
129N04363,2020-08-15 15:10:00,67.27,100.00
129N04363,2020-08-15 15:20:00,68.82,100.00
129N04363,2020-08-15 15:30:00,68.87,100.00
129N04363,2020-08-15 15:40:00,63.79,100.00
129N04363,2020-08-15 15:50:00,71.05,100.00
129N04363,2020-08-15 16:00:00,69.65,100.00
129N04363,2020-08-15 16:10:00,69.23,98.50
129N04363,2020-08-15 16:20:00,70.69,100.00
129N04363,2020-08-15 16:30:00,70.78,100.00
129N04363,2020-08-15 16:40:00,69.86,100.00
129N04363,2020-08-15 16:50:00,69.53,100.00
129N04363,2020-08-15 17:00:00,68.39,100.00
129N04363,2020-08-15 17:10:00,70.13,100.00
129N04363,2020-08-15 17:20:00,69.65,96.40
129N04363,2020-08-15 17:30:00,71.67,89.80
129N04363,2020-08-15 17:40:00,71.46,100.00
129N04363,2020-08-15 17:50:00,70.15,100.00
129N04363,2020-08-15 18:00:00,70.23,100.00
129N04363,2020-08-15 18:10:00,71.68,100.00
129N04363,2020-08-15 18:20:00,70.97,99.40
129N04363,2020-08-15 18:30:00,74.38,100.00
129N04363,2020-08-15 18:40:00,72.64,96.90
129N04363,2020-08-15 18:50:00,69.75,98.90
129N04363,2020-08-15 19:00:00,73.16,97.80
129N04363,2020-08-15 19:10:00,73.33,99.30
129N04363,2020-08-15 19:20:00,70.75,96.90
129N04363,2020-08-15 19:30:00,74.26,86.70
129N04363,2020-08-15 19:40:00,71.78,100.00
129N04363,2020-08-15 19:50:00,72.53,99.20
129N04363,2020-08-15 20:00:00,65.50,100.00
129N04363,2020-08-15 20:10:00,68.01,99.60
129N04363,2020-08-15 20:20:00,69.73,99.20
129N04363,2020-08-15 20:30:00,65.19,100.00
129N04363,2020-08-15 20:40:00,64.74,99.30
129N04363,2020-08-15 20:50:00,70.16,83.90
129N04363,2020-08-15 21:00:00,62.59,100.00
129N04363,2020-08-15 21:10:00,61.14,100.00
129N04363,2020-08-15 21:20:00,64.78,99.40
129N04363,2020-08-15 21:30:00,71.18,78.50
129N04363,2020-08-15 21:40:00,69.00,77.00
129N04363,2020-08-15 21:50:00,67.42,88.30
129N04363,2020-08-15 22:00:00,68.05,87.60
129N04363,2020-08-15 22:10:00,68.19,99.90
129N04363,2020-08-15 22:20:00,63.58,100.00
129N04363,2020-08-15 22:30:00,71.38,70.10
129N04363,2020-08-15 22:40:00,65.41,98.60
129N04363,2020-08-15 22:50:00,71.09,88.50
129N04363,2020-08-15 23:00:00,72.88,67.70
129N04363,2020-08-15 23:10:00,70.94,87.20
129N04363,2020-08-15 23:20:00,62.59,44.20
129N04363,2020-08-15 23:30:00,57.04,28.20
129N04363,2020-08-15 23:40:00,65.58,86.50
129N04363,2020-08-15 23:50:00,64.69,96.70
129N04364,2020-08-15 00:00:00,63.00,98.50
129N04364,2020-08-15 00:10:00,69.36,31.71
129N04364,2020-08-15 00:20:00,64.92,79.40
129N04364,2020-08-15 00:30:00,66.99,97.67
129N04364,2020-08-15 00:40:00,73.28,52.43
129N04364,2020-08-15 00:50:00,71.74,70.00
129N04364,2020-08-15 01:00:00,65.90,91.10
129N04364,2020-08-15 01:10:00,65.20,71.90
129N04364,2020-08-15 01:20:00,66.00,87.50
129N04364,2020-08-15 01:30:00,81.00,8.00
129N04364,2020-08-15 01:40:00,76.08,45.20
129N04364,2020-08-15 01:50:00,57.00,36.70
129N04364,2020-08-15 02:00:00,66.03,78.71
129N04364,2020-08-15 02:10:00,73.00,92.63
129N04364,2020-08-15 02:20:00,,
129N04364,2020-08-15 02:30:00,61.00,82.50
129N04364,2020-08-15 02:40:00,68.40,88.25
129N04364,2020-08-15 02:50:00,67.65,99.11
129N04364,2020-08-15 03:00:00,62.00,76.00
129N04364,2020-08-15 03:10:00,62.00,87.70
129N04364,2020-08-15 03:20:00,67.00,96.33
129N04364,2020-08-15 03:30:00,62.86,79.00
129N04364,2020-08-15 03:40:00,59.54,74.11
129N04364,2020-08-15 03:50:00,69.00,57.00
129N04364,2020-08-15 04:00:00,69.00,56.30
129N04364,2020-08-15 04:10:00,69.00,72.00
129N04364,2020-08-15 04:20:00,63.17,59.44
129N04364,2020-08-15 04:30:00,73.03,52.40
129N04364,2020-08-15 04:40:00,62.97,45.90
129N04364,2020-08-15 04:50:00,74.45,48.60
129N04364,2020-08-15 05:00:00,69.34,98.10
129N04364,2020-08-15 05:10:00,69.31,91.50
129N04364,2020-08-15 05:20:00,68.00,95.63
129N04364,2020-08-15 05:30:00,71.10,83.22
129N04364,2020-08-15 05:40:00,76.15,51.00
129N04364,2020-08-15 05:50:00,69.87,93.20
129N04364,2020-08-15 06:00:00,71.00,99.60
129N04364,2020-08-15 06:10:00,74.43,81.80
129N04364,2020-08-15 06:20:00,69.93,98.80
129N04364,2020-08-15 06:30:00,77.47,57.40
129N04364,2020-08-15 06:40:00,71.53,99.80
129N04364,2020-08-15 06:50:00,69.10,100.00
129N04364,2020-08-15 07:00:00,71.72,96.20
129N04364,2020-08-15 07:10:00,72.50,92.10
129N04364,2020-08-15 07:20:00,73.96,86.60
129N04364,2020-08-15 07:30:00,72.58,100.00
129N04364,2020-08-15 07:40:00,72.76,100.00
129N04364,2020-08-15 07:50:00,74.18,100.00
129N04364,2020-08-15 08:00:00,69.36,100.00
129N04364,2020-08-15 08:10:00,69.79,100.00
129N04364,2020-08-15 08:20:00,70.75,97.60
129N04364,2020-08-15 08:30:00,68.58,99.70
129N04364,2020-08-15 08:40:00,66.64,100.00
129N04364,2020-08-15 08:50:00,69.74,96.20
129N04364,2020-08-15 09:00:00,69.07,98.70
129N04364,2020-08-15 09:10:00,71.37,85.90
129N04364,2020-08-15 09:20:00,72.63,100.00
129N04364,2020-08-15 09:30:00,72.82,98.90
129N04364,2020-08-15 09:40:00,69.13,100.00
129N04364,2020-08-15 09:50:00,69.66,99.30
129N04364,2020-08-15 10:00:00,70.56,99.50
129N04364,2020-08-15 10:10:00,70.07,99.60
129N04364,2020-08-15 10:20:00,70.33,100.00
129N04364,2020-08-15 10:30:00,68.07,100.00
129N04364,2020-08-15 10:40:00,68.20,100.00
129N04364,2020-08-15 10:50:00,67.29,100.00
129N04364,2020-08-15 11:00:00,68.50,100.00
129N04364,2020-08-15 11:10:00,69.06,100.00
129N04364,2020-08-15 11:20:00,68.23,100.00
129N04364,2020-08-15 11:30:00,67.48,100.00
129N04364,2020-08-15 11:40:00,68.09,100.00
129N04364,2020-08-15 11:50:00,66.58,100.00
129N04364,2020-08-15 12:00:00,63.57,100.00
129N04364,2020-08-15 12:10:00,69.69,100.00
129N04364,2020-08-15 12:20:00,68.48,100.00
129N04364,2020-08-15 12:30:00,68.78,100.00
129N04364,2020-08-15 12:40:00,66.53,100.00
129N04364,2020-08-15 12:50:00,70.87,100.00
129N04364,2020-08-15 13:00:00,68.08,100.00
129N04364,2020-08-15 13:10:00,64.37,100.00
129N04364,2020-08-15 13:20:00,68.29,100.00
129N04364,2020-08-15 13:30:00,69.49,100.00
129N04364,2020-08-15 13:40:00,70.27,100.00
129N04364,2020-08-15 13:50:00,69.89,100.00
129N04364,2020-08-15 14:00:00,70.98,100.00
129N04364,2020-08-15 14:10:00,69.39,100.00
129N04364,2020-08-15 14:20:00,68.45,100.00
129N04364,2020-08-15 14:30:00,69.79,100.00
129N04364,2020-08-15 14:40:00,68.39,100.00
129N04364,2020-08-15 14:50:00,68.87,99.90
129N04364,2020-08-15 15:00:00,70.20,100.00
129N04364,2020-08-15 15:10:00,68.99,100.00
129N04364,2020-08-15 15:20:00,69.44,100.00
129N04364,2020-08-15 15:30:00,70.88,100.00
129N04364,2020-08-15 15:40:00,65.59,100.00
129N04364,2020-08-15 15:50:00,71.26,100.00
129N04364,2020-08-15 16:00:00,70.77,100.00
129N04364,2020-08-15 16:10:00,70.37,99.30
129N04364,2020-08-15 16:20:00,70.55,100.00
129N04364,2020-08-15 16:30:00,69.87,100.00
129N04364,2020-08-15 16:40:00,70.67,100.00
129N04364,2020-08-15 16:50:00,70.77,100.00
129N04364,2020-08-15 17:00:00,69.09,100.00
129N04364,2020-08-15 17:10:00,68.96,100.00
129N04364,2020-08-15 17:20:00,71.16,96.50
129N04364,2020-08-15 17:30:00,72.14,100.00
129N04364,2020-08-15 17:40:00,71.77,100.00
129N04364,2020-08-15 17:50:00,71.08,100.00
129N04364,2020-08-15 18:00:00,71.76,100.00
129N04364,2020-08-15 18:10:00,72.26,99.40
129N04364,2020-08-15 18:20:00,70.39,100.00
129N04364,2020-08-15 18:30:00,75.18,94.40
129N04364,2020-08-15 18:40:00,72.85,98.90
129N04364,2020-08-15 18:50:00,71.09,99.60
129N04364,2020-08-15 19:00:00,74.15,97.70
129N04364,2020-08-15 19:10:00,73.36,100.00
129N04364,2020-08-15 19:20:00,72.48,98.80
129N04364,2020-08-15 19:30:00,74.65,90.50
129N04364,2020-08-15 19:40:00,71.77,100.00
129N04364,2020-08-15 19:50:00,72.80,99.40
129N04364,2020-08-15 20:00:00,65.96,100.00
129N04364,2020-08-15 20:10:00,67.97,99.30
129N04364,2020-08-15 20:20:00,69.99,100.00
129N04364,2020-08-15 20:30:00,66.79,100.00
129N04364,2020-08-15 20:40:00,67.26,100.00
129N04364,2020-08-15 20:50:00,69.23,88.40
129N04364,2020-08-15 21:00:00,64.80,100.00
129N04364,2020-08-15 21:10:00,63.17,100.00
129N04364,2020-08-15 21:20:00,66.59,99.10
129N04364,2020-08-15 21:30:00,73.45,100.00
129N04364,2020-08-15 21:40:00,72.46,70.90
129N04364,2020-08-15 21:50:00,70.49,93.00
129N04364,2020-08-15 22:00:00,68.77,90.70
129N04364,2020-08-15 22:10:00,68.99,98.50
129N04364,2020-08-15 22:20:00,66.77,97.50
129N04364,2020-08-15 22:30:00,71.57,87.00
129N04364,2020-08-15 22:40:00,66.77,100.00
129N04364,2020-08-15 22:50:00,71.39,85.70
129N04364,2020-08-15 23:00:00,71.48,92.40
129N04364,2020-08-15 23:10:00,71.88,90.50
129N04364,2020-08-15 23:20:00,67.50,77.70
129N04364,2020-08-15 23:30:00,58.60,23.30
129N04364,2020-08-15 23:40:00,67.31,90.80
129N04364,2020-08-15 23:50:00,64.97,92.80
129N04361,2020-08-15 00:00:00,60.10,95.40
129N04361,2020-08-15 00:10:00,75.30,23.50
129N04361,2020-08-15 00:20:00,59.79,88.80
129N04361,2020-08-15 00:30:00,63.00,99.67
129N04361,2020-08-15 00:40:00,73.65,52.33
129N04361,2020-08-15 00:50:00,70.78,74.89
129N04361,2020-08-15 01:00:00,64.79,89.20
129N04361,2020-08-15 01:10:00,60.65,56.60
129N04361,2020-08-15 01:20:00,61.00,72.50
129N04361,2020-08-15 01:30:00,81.00,8.33
129N04361,2020-08-15 01:40:00,69.15,63.00
129N04361,2020-08-15 01:50:00,57.00,62.33
129N04361,2020-08-15 02:00:00,69.00,97.25
129N04361,2020-08-15 02:10:00,69.00,100.00
129N04361,2020-08-15 02:20:00,,
129N04361,2020-08-15 02:30:00,63.00,94.00
129N04361,2020-08-15 02:40:00,67.95,75.33
129N04361,2020-08-15 02:50:00,72.32,62.83
129N04361,2020-08-15 03:00:00,66.59,98.40
129N04361,2020-08-15 03:10:00,63.98,87.60
129N04361,2020-08-15 03:20:00,67.00,99.83
129N04361,2020-08-15 03:30:00,67.00,100.00
129N04361,2020-08-15 03:40:00,,
129N04361,2020-08-15 03:50:00,61.61,100.00
129N04361,2020-08-15 04:00:00,69.00,93.40
129N04361,2020-08-15 04:10:00,69.00,98.75
129N04361,2020-08-15 04:20:00,61.17,41.44
129N04361,2020-08-15 04:30:00,68.94,89.60
129N04361,2020-08-15 04:40:00,65.10,68.10
129N04361,2020-08-15 04:50:00,74.02,45.30
129N04361,2020-08-15 05:00:00,69.34,95.60
129N04361,2020-08-15 05:10:00,65.83,72.20
129N04361,2020-08-15 05:20:00,66.16,90.40
129N04361,2020-08-15 05:30:00,68.12,93.60
129N04361,2020-08-15 05:40:00,72.33,60.00
129N04361,2020-08-15 05:50:00,68.73,89.70
129N04361,2020-08-15 06:00:00,72.76,72.90
129N04361,2020-08-15 06:10:00,76.52,55.50
129N04361,2020-08-15 06:20:00,69.27,97.40
129N04361,2020-08-15 06:30:00,71.26,92.90
129N04361,2020-08-15 06:40:00,68.57,94.30
129N04361,2020-08-15 06:50:00,69.00,100.00
129N04361,2020-08-15 07:00:00,73.31,76.90
129N04361,2020-08-15 07:10:00,75.35,68.10
129N04361,2020-08-15 07:20:00,70.78,100.00
129N04361,2020-08-15 07:30:00,70.53,100.00
129N04361,2020-08-15 07:40:00,71.53,100.00
129N04361,2020-08-15 07:50:00,73.99,100.00
129N04361,2020-08-15 08:00:00,68.69,100.00
129N04361,2020-08-15 08:10:00,67.95,100.00
129N04361,2020-08-15 08:20:00,71.04,90.20
129N04361,2020-08-15 08:30:00,65.49,100.00
129N04361,2020-08-15 08:40:00,66.77,100.00
129N04361,2020-08-15 08:50:00,67.35,100.00
129N04361,2020-08-15 09:00:00,68.88,100.00
129N04361,2020-08-15 09:10:00,68.26,89.30
129N04361,2020-08-15 09:20:00,72.58,66.20
129N04361,2020-08-15 09:30:00,72.38,100.00
129N04361,2020-08-15 09:40:00,66.86,100.00
129N04361,2020-08-15 09:50:00,64.17,100.00
129N04361,2020-08-15 10:00:00,68.15,100.00
129N04361,2020-08-15 10:10:00,66.93,100.00
129N04361,2020-08-15 10:20:00,67.33,100.00
129N04361,2020-08-15 10:30:00,66.19,100.00
129N04361,2020-08-15 10:40:00,68.75,100.00
129N04361,2020-08-15 10:50:00,67.79,100.00
129N04361,2020-08-15 11:00:00,58.09,100.00
129N04361,2020-08-15 11:10:00,61.64,100.00
129N04361,2020-08-15 11:20:00,65.69,100.00
129N04361,2020-08-15 11:30:00,66.16,100.00
129N04361,2020-08-15 11:40:00,67.18,98.60
129N04361,2020-08-15 11:50:00,66.76,98.70
129N04361,2020-08-15 12:00:00,63.27,100.00
129N04361,2020-08-15 12:10:00,66.98,100.00
129N04361,2020-08-15 12:20:00,65.79,100.00
129N04361,2020-08-15 12:30:00,66.98,100.00
129N04361,2020-08-15 12:40:00,64.45,100.00
129N04361,2020-08-15 12:50:00,67.94,100.00
129N04361,2020-08-15 13:00:00,66.59,100.00
129N04361,2020-08-15 13:10:00,64.18,100.00
129N04361,2020-08-15 13:20:00,66.34,98.80
129N04361,2020-08-15 13:30:00,68.39,100.00
129N04361,2020-08-15 13:40:00,69.19,100.00
129N04361,2020-08-15 13:50:00,66.38,100.00
129N04361,2020-08-15 14:00:00,66.99,100.00
129N04361,2020-08-15 14:10:00,67.99,100.00
129N04361,2020-08-15 14:20:00,64.57,100.00
129N04361,2020-08-15 14:30:00,68.39,100.00
129N04361,2020-08-15 14:40:00,67.96,100.00
129N04361,2020-08-15 14:50:00,65.38,100.00
129N04361,2020-08-15 15:00:00,67.97,100.00
129N04361,2020-08-15 15:10:00,66.19,100.00
129N04361,2020-08-15 15:20:00,67.34,100.00
129N04361,2020-08-15 15:30:00,65.59,100.00
129N04361,2020-08-15 15:40:00,64.59,100.00
129N04361,2020-08-15 15:50:00,66.78,100.00
129N04361,2020-08-15 16:00:00,68.19,100.00
129N04361,2020-08-15 16:10:00,66.53,96.80
129N04361,2020-08-15 16:20:00,64.78,100.00
129N04361,2020-08-15 16:30:00,65.74,100.00
129N04361,2020-08-15 16:40:00,70.16,96.50
129N04361,2020-08-15 16:50:00,69.58,100.00
129N04361,2020-08-15 17:00:00,67.79,100.00
129N04361,2020-08-15 17:10:00,65.34,100.00
129N04361,2020-08-15 17:20:00,65.96,99.60
129N04361,2020-08-15 17:30:00,69.29,100.00
129N04361,2020-08-15 17:40:00,72.76,100.00
129N04361,2020-08-15 17:50:00,69.79,100.00
129N04361,2020-08-15 18:00:00,68.17,100.00
129N04361,2020-08-15 18:10:00,67.56,100.00
129N04361,2020-08-15 18:20:00,67.39,100.00
129N04361,2020-08-15 18:30:00,72.28,100.00
129N04361,2020-08-15 18:40:00,68.19,93.70
129N04361,2020-08-15 18:50:00,66.19,100.00
129N04361,2020-08-15 19:00:00,71.36,100.00
129N04361,2020-08-15 19:10:00,72.19,100.00
129N04361,2020-08-15 19:20:00,73.15,100.00
129N04361,2020-08-15 19:30:00,70.57,100.00
129N04361,2020-08-15 19:40:00,69.16,100.00
129N04361,2020-08-15 19:50:00,68.51,100.00
129N04361,2020-08-15 20:00:00,63.59,100.00
129N04361,2020-08-15 20:10:00,66.43,97.30
129N04361,2020-08-15 20:20:00,65.50,100.00
129N04361,2020-08-15 20:30:00,66.79,100.00
129N04361,2020-08-15 20:40:00,68.57,87.20
129N04361,2020-08-15 20:50:00,69.96,83.10
129N04361,2020-08-15 21:00:00,64.94,100.00
129N04361,2020-08-15 21:10:00,65.16,100.00
129N04361,2020-08-15 21:20:00,64.99,100.00
129N04361,2020-08-15 21:30:00,74.46,53.20
129N04361,2020-08-15 21:40:00,68.86,81.60
129N04361,2020-08-15 21:50:00,64.98,100.00
129N04361,2020-08-15 22:00:00,62.90,100.00
129N04361,2020-08-15 22:10:00,65.16,100.00
129N04361,2020-08-15 22:20:00,65.14,94.20
129N04361,2020-08-15 22:30:00,71.18,62.00
129N04361,2020-08-15 22:40:00,61.98,84.60
129N04361,2020-08-15 22:50:00,67.34,96.40
129N04361,2020-08-15 23:00:00,68.36,89.80
129N04361,2020-08-15 23:10:00,69.99,89.90
129N04361,2020-08-15 23:20:00,63.31,77.80
129N04361,2020-08-15 23:30:00,63.00,80.80
129N04361,2020-08-15 23:40:00,61.98,61.80
129N04361,2020-08-15 23:50:00,64.33,92.20
129N04362,2020-08-15 00:00:00,59.49,92.70
129N04362,2020-08-15 00:10:00,60.09,80.50
129N04362,2020-08-15 00:20:00,61.18,80.70
129N04362,2020-08-15 00:30:00,63.32,85.17
129N04362,2020-08-15 00:40:00,73.00,28.71
129N04362,2020-08-15 00:50:00,68.12,54.30
129N04362,2020-08-15 01:00:00,62.00,83.60
129N04362,2020-08-15 01:10:00,58.57,53.30
129N04362,2020-08-15 01:20:00,60.00,76.00
129N04362,2020-08-15 01:30:00,81.00,7.33
129N04362,2020-08-15 01:40:00,67.68,61.80
129N04362,2020-08-15 01:50:00,53.66,61.13
129N04362,2020-08-15 02:00:00,55.67,66.50
129N04362,2020-08-15 02:10:00,69.33,86.88
129N04362,2020-08-15 02:20:00,,
129N04362,2020-08-15 02:30:00,59.00,87.14
129N04362,2020-08-15 02:40:00,67.32,71.44
129N04362,2020-08-15 02:50:00,68.86,86.22
129N04362,2020-08-15 03:00:00,63.16,89.40
129N04362,2020-08-15 03:10:00,60.00,76.10
129N04362,2020-08-15 03:20:00,64.72,89.00
129N04362,2020-08-15 03:30:00,54.89,68.50
129N04362,2020-08-15 03:40:00,53.00,60.11
129N04362,2020-08-15 03:50:00,69.00,46.00
129N04362,2020-08-15 04:00:00,69.00,43.90
129N04362,2020-08-15 04:10:00,69.00,59.25
129N04362,2020-08-15 04:20:00,60.04,69.22
129N04362,2020-08-15 04:30:00,69.06,83.90
129N04362,2020-08-15 04:40:00,62.48,55.20
129N04362,2020-08-15 04:50:00,72.71,43.20
129N04362,2020-08-15 05:00:00,65.59,78.90
129N04362,2020-08-15 05:10:00,63.23,69.70
129N04362,2020-08-15 05:20:00,63.98,87.90
129N04362,2020-08-15 05:30:00,72.76,58.40
129N04362,2020-08-15 05:40:00,73.26,67.30
129N04362,2020-08-15 05:50:00,67.14,89.90
129N04362,2020-08-15 06:00:00,70.67,91.80
129N04362,2020-08-15 06:10:00,74.71,66.00
129N04362,2020-08-15 06:20:00,68.61,97.30
129N04362,2020-08-15 06:30:00,70.32,89.70
129N04362,2020-08-15 06:40:00,67.55,99.80
129N04362,2020-08-15 06:50:00,67.11,97.80
129N04362,2020-08-15 07:00:00,66.42,97.80
129N04362,2020-08-15 07:10:00,71.45,68.50
129N04362,2020-08-15 07:20:00,68.23,98.50
129N04362,2020-08-15 07:30:00,67.23,100.00
129N04362,2020-08-15 07:40:00,69.87,100.00
129N04362,2020-08-15 07:50:00,70.39,100.00
129N04362,2020-08-15 08:00:00,66.41,100.00
129N04362,2020-08-15 08:10:00,64.97,100.00
129N04362,2020-08-15 08:20:00,69.06,95.50
129N04362,2020-08-15 08:30:00,65.02,100.00
129N04362,2020-08-15 08:40:00,64.79,96.50
129N04362,2020-08-15 08:50:00,64.87,99.00
129N04362,2020-08-15 09:00:00,67.04,100.00
129N04362,2020-08-15 09:10:00,64.93,98.80
129N04362,2020-08-15 09:20:00,71.29,100.00
129N04362,2020-08-15 09:30:00,72.44,99.40
129N04362,2020-08-15 09:40:00,66.06,99.50
129N04362,2020-08-15 09:50:00,63.28,100.00
129N04362,2020-08-15 10:00:00,66.64,100.00
129N04362,2020-08-15 10:10:00,66.57,99.90
129N04362,2020-08-15 10:20:00,64.99,99.90
129N04362,2020-08-15 10:30:00,64.47,100.00
129N04362,2020-08-15 10:40:00,66.68,100.00
129N04362,2020-08-15 10:50:00,64.79,100.00
129N04362,2020-08-15 11:00:00,61.84,100.00
129N04362,2020-08-15 11:10:00,62.09,100.00
129N04362,2020-08-15 11:20:00,62.82,100.00
129N04362,2020-08-15 11:30:00,63.77,100.00
129N04362,2020-08-15 11:40:00,65.98,98.40
129N04362,2020-08-15 11:50:00,65.02,98.80
129N04362,2020-08-15 12:00:00,60.89,100.00
129N04362,2020-08-15 12:10:00,64.78,100.00
129N04362,2020-08-15 12:20:00,64.58,99.70
129N04362,2020-08-15 12:30:00,65.95,100.00
129N04362,2020-08-15 12:40:00,61.92,100.00
129N04362,2020-08-15 12:50:00,66.05,100.00
129N04362,2020-08-15 13:00:00,62.78,100.00
129N04362,2020-08-15 13:10:00,60.49,100.00
129N04362,2020-08-15 13:20:00,65.46,100.00
129N04362,2020-08-15 13:30:00,66.78,100.00
129N04362,2020-08-15 13:40:00,67.38,99.90
129N04362,2020-08-15 13:50:00,63.58,100.00
129N04362,2020-08-15 14:00:00,65.59,100.00
129N04362,2020-08-15 14:10:00,65.29,100.00
129N04362,2020-08-15 14:20:00,63.27,100.00
129N04362,2020-08-15 14:30:00,64.79,100.00
129N04362,2020-08-15 14:40:00,65.67,100.00
129N04362,2020-08-15 14:50:00,62.98,99.80
129N04362,2020-08-15 15:00:00,65.08,100.00
129N04362,2020-08-15 15:10:00,63.18,100.00
129N04362,2020-08-15 15:20:00,65.14,100.00
129N04362,2020-08-15 15:30:00,64.18,99.90
129N04362,2020-08-15 15:40:00,61.69,100.00
129N04362,2020-08-15 15:50:00,65.26,100.00
129N04362,2020-08-15 16:00:00,67.28,100.00
129N04362,2020-08-15 16:10:00,64.73,99.90
129N04362,2020-08-15 16:20:00,63.68,100.00
129N04362,2020-08-15 16:30:00,64.14,100.00
129N04362,2020-08-15 16:40:00,67.99,98.40
129N04362,2020-08-15 16:50:00,67.16,100.00
129N04362,2020-08-15 17:00:00,65.59,100.00
129N04362,2020-08-15 17:10:00,65.77,100.00
129N04362,2020-08-15 17:20:00,65.66,99.50
129N04362,2020-08-15 17:30:00,66.29,95.60
129N04362,2020-08-15 17:40:00,69.78,100.00
129N04362,2020-08-15 17:50:00,68.36,100.00
129N04362,2020-08-15 18:00:00,66.08,100.00
129N04362,2020-08-15 18:10:00,66.07,100.00
129N04362,2020-08-15 18:20:00,65.57,100.00
129N04362,2020-08-15 18:30:00,68.88,100.00
129N04362,2020-08-15 18:40:00,66.72,100.00
129N04362,2020-08-15 18:50:00,65.48,99.90
129N04362,2020-08-15 19:00:00,69.79,98.70
129N04362,2020-08-15 19:10:00,70.59,99.60
129N04362,2020-08-15 19:20:00,69.97,100.00
129N04362,2020-08-15 19:30:00,68.67,97.80
129N04362,2020-08-15 19:40:00,69.07,100.00
129N04362,2020-08-15 19:50:00,68.09,99.70
129N04362,2020-08-15 20:00:00,61.24,100.00
129N04362,2020-08-15 20:10:00,63.99,99.90
129N04362,2020-08-15 20:20:00,63.55,100.00
129N04362,2020-08-15 20:30:00,64.47,100.00
129N04362,2020-08-15 20:40:00,63.41,99.10
129N04362,2020-08-15 20:50:00,68.67,77.50
129N04362,2020-08-15 21:00:00,61.55,100.00
129N04362,2020-08-15 21:10:00,58.96,100.00
129N04362,2020-08-15 21:20:00,61.99,99.90
129N04362,2020-08-15 21:30:00,70.74,87.90
129N04362,2020-08-15 21:40:00,65.15,93.60
129N04362,2020-08-15 21:50:00,65.36,87.80
129N04362,2020-08-15 22:00:00,61.33,98.30
129N04362,2020-08-15 22:10:00,65.68,99.80
129N04362,2020-08-15 22:20:00,62.98,98.70
129N04362,2020-08-15 22:30:00,69.38,62.80
129N04362,2020-08-15 22:40:00,62.36,98.80
129N04362,2020-08-15 22:50:00,67.75,90.40
129N04362,2020-08-15 23:00:00,68.17,92.90
129N04362,2020-08-15 23:10:00,69.77,82.30
129N04362,2020-08-15 23:20:00,62.27,67.90
129N04362,2020-08-15 23:30:00,56.56,34.90
129N04362,2020-08-15 23:40:00,61.97,68.90
129N04362,2020-08-15 23:50:00,62.36,90.70
129N04360,2020-08-15 00:00:00,62.31,70.90
129N04360,2020-08-15 00:10:00,69.59,36.56
129N04360,2020-08-15 00:20:00,60.76,87.50
129N04360,2020-08-15 00:30:00,63.75,99.75
129N04360,2020-08-15 00:40:00,73.00,36.17
129N04360,2020-08-15 00:50:00,72.61,60.13
129N04360,2020-08-15 01:00:00,65.00,89.13
129N04360,2020-08-15 01:10:00,58.63,39.60
129N04360,2020-08-15 01:20:00,57.77,52.60
129N04360,2020-08-15 01:30:00,62.00,91.00
129N04360,2020-08-15 01:40:00,57.00,84.00
129N04360,2020-08-15 01:50:00,57.00,95.67
129N04360,2020-08-15 02:00:00,69.00,24.00
129N04360,2020-08-15 02:10:00,69.00,42.50
129N04360,2020-08-15 02:20:00,,
129N04360,2020-08-15 02:30:00,60.56,75.43
129N04360,2020-08-15 02:40:00,64.23,58.40
129N04360,2020-08-15 02:50:00,71.68,54.00
129N04360,2020-08-15 03:00:00,60.00,51.00
129N04360,2020-08-15 03:10:00,60.50,73.60
129N04360,2020-08-15 03:20:00,65.90,85.86
129N04360,2020-08-15 03:30:00,67.00,94.00
129N04360,2020-08-15 03:40:00,,
129N04360,2020-08-15 03:50:00,,
129N04360,2020-08-15 04:00:00,69.74,84.38
129N04360,2020-08-15 04:10:00,70.33,92.17
129N04360,2020-08-15 04:20:00,64.30,73.57
129N04360,2020-08-15 04:30:00,67.38,95.90
129N04360,2020-08-15 04:40:00,64.62,72.80
129N04360,2020-08-15 04:50:00,69.66,47.30
129N04360,2020-08-15 05:00:00,69.26,91.90
129N04360,2020-08-15 05:10:00,65.07,67.50
129N04360,2020-08-15 05:20:00,63.85,79.40
129N04360,2020-08-15 05:30:00,66.21,89.33
129N04360,2020-08-15 05:40:00,71.60,46.10
129N04360,2020-08-15 05:50:00,68.48,81.60
129N04360,2020-08-15 06:00:00,71.05,74.10
129N04360,2020-08-15 06:10:00,73.15,62.50
129N04360,2020-08-15 06:20:00,69.06,91.60
129N04360,2020-08-15 06:30:00,69.86,96.60
129N04360,2020-08-15 06:40:00,69.86,98.00
129N04360,2020-08-15 06:50:00,68.37,99.90
129N04360,2020-08-15 07:00:00,71.86,87.40
129N04360,2020-08-15 07:10:00,72.34,86.40
129N04360,2020-08-15 07:20:00,69.67,100.00
129N04360,2020-08-15 07:30:00,71.17,100.00
129N04360,2020-08-15 07:40:00,71.96,100.00
129N04360,2020-08-15 07:50:00,73.38,100.00
129N04360,2020-08-15 08:00:00,69.11,100.00
129N04360,2020-08-15 08:10:00,69.96,100.00
129N04360,2020-08-15 08:20:00,68.44,98.90
129N04360,2020-08-15 08:30:00,66.86,100.00
129N04360,2020-08-15 08:40:00,66.88,99.50
129N04360,2020-08-15 08:50:00,67.76,100.00
129N04360,2020-08-15 09:00:00,68.61,100.00
129N04360,2020-08-15 09:10:00,65.69,95.90
129N04360,2020-08-15 09:20:00,70.98,84.50
129N04360,2020-08-15 09:30:00,71.47,100.00
129N04360,2020-08-15 09:40:00,67.27,100.00
129N04360,2020-08-15 09:50:00,64.68,100.00
129N04360,2020-08-15 10:00:00,68.05,100.00
129N04360,2020-08-15 10:10:00,66.57,100.00
129N04360,2020-08-15 10:20:00,67.58,100.00
129N04360,2020-08-15 10:30:00,65.98,100.00
129N04360,2020-08-15 10:40:00,67.79,100.00
129N04360,2020-08-15 10:50:00,67.53,100.00
129N04360,2020-08-15 11:00:00,62.41,100.00
129N04360,2020-08-15 11:10:00,63.67,100.00
129N04360,2020-08-15 11:20:00,66.47,100.00
129N04360,2020-08-15 11:30:00,66.59,100.00
129N04360,2020-08-15 11:40:00,67.67,100.00
129N04360,2020-08-15 11:50:00,66.56,98.40
129N04360,2020-08-15 12:00:00,62.89,100.00
129N04360,2020-08-15 12:10:00,67.17,100.00
129N04360,2020-08-15 12:20:00,66.90,100.00
129N04360,2020-08-15 12:30:00,66.48,100.00
129N04360,2020-08-15 12:40:00,66.79,100.00
129N04360,2020-08-15 12:50:00,67.26,100.00
129N04360,2020-08-15 13:00:00,66.69,100.00
129N04360,2020-08-15 13:10:00,64.39,100.00
129N04360,2020-08-15 13:20:00,66.35,100.00
129N04360,2020-08-15 13:30:00,68.69,100.00
129N04360,2020-08-15 13:40:00,68.79,100.00
129N04360,2020-08-15 13:50:00,67.19,100.00
129N04360,2020-08-15 14:00:00,66.77,100.00
129N04360,2020-08-15 14:10:00,67.78,100.00
129N04360,2020-08-15 14:20:00,66.29,100.00
129N04360,2020-08-15 14:30:00,68.19,100.00
129N04360,2020-08-15 14:40:00,67.48,100.00
129N04360,2020-08-15 14:50:00,65.96,100.00
129N04360,2020-08-15 15:00:00,68.37,100.00
129N04360,2020-08-15 15:10:00,65.60,100.00
129N04360,2020-08-15 15:20:00,67.16,100.00
129N04360,2020-08-15 15:30:00,67.09,100.00
129N04360,2020-08-15 15:40:00,64.90,100.00
129N04360,2020-08-15 15:50:00,67.94,100.00
129N04360,2020-08-15 16:00:00,69.17,100.00
129N04360,2020-08-15 16:10:00,66.05,100.00
129N04360,2020-08-15 16:20:00,67.76,100.00
129N04360,2020-08-15 16:30:00,65.68,100.00
129N04360,2020-08-15 16:40:00,69.58,100.00
129N04360,2020-08-15 16:50:00,71.49,100.00
129N04360,2020-08-15 17:00:00,67.30,100.00
129N04360,2020-08-15 17:10:00,66.77,100.00
129N04360,2020-08-15 17:20:00,68.18,99.90
129N04360,2020-08-15 17:30:00,70.76,100.00
129N04360,2020-08-15 17:40:00,73.33,100.00
129N04360,2020-08-15 17:50:00,68.99,100.00
129N04360,2020-08-15 18:00:00,68.79,100.00
129N04360,2020-08-15 18:10:00,66.77,100.00
129N04360,2020-08-15 18:20:00,67.58,100.00
129N04360,2020-08-15 18:30:00,71.45,100.00
129N04360,2020-08-15 18:40:00,68.86,100.00
129N04360,2020-08-15 18:50:00,68.29,100.00
129N04360,2020-08-15 19:00:00,70.38,100.00
129N04360,2020-08-15 19:10:00,71.79,100.00
129N04360,2020-08-15 19:20:00,70.75,100.00
129N04360,2020-08-15 19:30:00,70.38,100.00
129N04360,2020-08-15 19:40:00,68.70,100.00
129N04360,2020-08-15 19:50:00,69.66,100.00
129N04360,2020-08-15 20:00:00,66.17,100.00
129N04360,2020-08-15 20:10:00,67.72,97.90
129N04360,2020-08-15 20:20:00,66.55,99.70
129N04360,2020-08-15 20:30:00,65.90,100.00
129N04360,2020-08-15 20:40:00,66.17,100.00
129N04360,2020-08-15 20:50:00,66.37,98.70
129N04360,2020-08-15 21:00:00,63.25,100.00
129N04360,2020-08-15 21:10:00,63.58,100.00
129N04360,2020-08-15 21:20:00,62.59,100.00
129N04360,2020-08-15 21:30:00,74.10,52.80
129N04360,2020-08-15 21:40:00,67.25,81.80
129N04360,2020-08-15 21:50:00,64.94,99.60
129N04360,2020-08-15 22:00:00,61.55,100.00
129N04360,2020-08-15 22:10:00,63.78,100.00
129N04360,2020-08-15 22:20:00,63.57,99.20
129N04360,2020-08-15 22:30:00,69.46,62.50
129N04360,2020-08-15 22:40:00,64.11,96.00
129N04360,2020-08-15 22:50:00,65.60,95.90
129N04360,2020-08-15 23:00:00,66.20,99.20
129N04360,2020-08-15 23:10:00,70.18,78.10
129N04360,2020-08-15 23:20:00,67.42,88.90
129N04360,2020-08-15 23:30:00,63.49,79.40
129N04360,2020-08-15 23:40:00,61.83,59.10
129N04360,2020-08-15 23:50:00,62.69,74.10
129N14230,2020-08-15 00:00:00,68.00,99.50
129N14230,2020-08-15 00:10:00,69.29,98.50
129N14230,2020-08-15 00:20:00,64.95,64.10
129N14230,2020-08-15 00:30:00,74.65,39.50
129N14230,2020-08-15 00:40:00,66.39,79.80
129N14230,2020-08-15 00:50:00,67.59,90.30
129N14230,2020-08-15 01:00:00,74.08,63.30
129N14230,2020-08-15 01:10:00,71.00,96.67
129N14230,2020-08-15 01:20:00,69.59,96.30
129N14230,2020-08-15 01:30:00,67.17,85.70
129N14230,2020-08-15 01:40:00,68.00,95.00
129N14230,2020-08-15 01:50:00,68.00,98.50
129N14230,2020-08-15 02:00:00,68.00,99.25
129N14230,2020-08-15 02:10:00,73.00,52.20
129N14230,2020-08-15 02:20:00,70.53,86.44
129N14230,2020-08-15 02:30:00,71.51,83.90
129N14230,2020-08-15 02:40:00,67.51,41.40
129N14230,2020-08-15 02:50:00,67.52,59.00
129N14230,2020-08-15 03:00:00,71.72,87.10
129N14230,2020-08-15 03:10:00,68.34,88.80
129N14230,2020-08-15 03:20:00,69.79,97.70
129N14230,2020-08-15 03:30:00,68.18,95.50
129N14230,2020-08-15 03:40:00,66.39,83.90
129N14230,2020-08-15 03:50:00,69.38,97.50
129N14230,2020-08-15 04:00:00,68.19,98.60
129N14230,2020-08-15 04:10:00,66.79,92.40
129N14230,2020-08-15 04:20:00,69.14,89.70
129N14230,2020-08-15 04:30:00,72.83,64.20
129N14230,2020-08-15 04:40:00,69.96,95.60
129N14230,2020-08-15 04:50:00,74.00,69.10
129N14230,2020-08-15 05:00:00,72.07,97.20
129N14230,2020-08-15 05:10:00,73.90,99.00
129N14230,2020-08-15 05:20:00,75.73,70.50
129N14230,2020-08-15 05:30:00,71.10,84.40
129N14230,2020-08-15 05:40:00,75.82,79.50
129N14230,2020-08-15 05:50:00,75.61,64.00
129N14230,2020-08-15 06:00:00,70.19,97.20
129N14230,2020-08-15 06:10:00,77.87,57.80
129N14230,2020-08-15 06:20:00,76.16,78.90
129N14230,2020-08-15 06:30:00,73.27,86.70
129N14230,2020-08-15 06:40:00,71.77,96.10
129N14230,2020-08-15 06:50:00,76.36,95.30
129N14230,2020-08-15 07:00:00,76.09,100.00
129N14230,2020-08-15 07:10:00,73.00,100.00
129N14230,2020-08-15 07:20:00,73.68,98.20
129N14230,2020-08-15 07:30:00,73.98,99.40
129N14230,2020-08-15 07:40:00,73.36,100.00
129N14230,2020-08-15 07:50:00,75.86,98.80
129N14230,2020-08-15 08:00:00,70.39,100.00
129N14230,2020-08-15 08:10:00,73.29,100.00
129N14230,2020-08-15 08:20:00,72.78,100.00
129N14230,2020-08-15 08:30:00,73.33,96.00
129N14230,2020-08-15 08:40:00,72.33,95.70
129N14230,2020-08-15 08:50:00,72.33,99.40
129N14230,2020-08-15 09:00:00,74.94,99.80
129N14230,2020-08-15 09:10:00,74.35,100.00
129N14230,2020-08-15 09:20:00,72.14,96.60
129N14230,2020-08-15 09:30:00,71.65,100.00
129N14230,2020-08-15 09:40:00,75.08,99.90
129N14230,2020-08-15 09:50:00,72.87,100.00
129N14230,2020-08-15 10:00:00,72.59,100.00
129N14230,2020-08-15 10:10:00,71.70,100.00
129N14230,2020-08-15 10:20:00,72.09,100.00
129N14230,2020-08-15 10:30:00,70.70,100.00
129N14230,2020-08-15 10:40:00,70.99,100.00
129N14230,2020-08-15 10:50:00,72.94,100.00
129N14230,2020-08-15 11:00:00,72.69,100.00
129N14230,2020-08-15 11:10:00,71.49,100.00
129N14230,2020-08-15 11:20:00,69.32,100.00
129N14230,2020-08-15 11:30:00,70.80,100.00
129N14230,2020-08-15 11:40:00,71.89,100.00
129N14230,2020-08-15 11:50:00,71.59,100.00
129N14230,2020-08-15 12:00:00,72.50,100.00
129N14230,2020-08-15 12:10:00,71.59,100.00
129N14230,2020-08-15 12:20:00,70.69,100.00
129N14230,2020-08-15 12:30:00,70.89,100.00
129N14230,2020-08-15 12:40:00,72.49,100.00
129N14230,2020-08-15 12:50:00,70.86,100.00
129N14230,2020-08-15 13:00:00,70.39,100.00
129N14230,2020-08-15 13:10:00,71.09,100.00
129N14230,2020-08-15 13:20:00,71.17,100.00
129N14230,2020-08-15 13:30:00,71.49,100.00
129N14230,2020-08-15 13:40:00,71.09,100.00
129N14230,2020-08-15 13:50:00,72.90,100.00
129N14230,2020-08-15 14:00:00,72.09,100.00
129N14230,2020-08-15 14:10:00,73.00,100.00
129N14230,2020-08-15 14:20:00,71.99,100.00
129N14230,2020-08-15 14:30:00,72.08,100.00
129N14230,2020-08-15 14:40:00,69.79,100.00
129N14230,2020-08-15 14:50:00,69.79,100.00
129N14230,2020-08-15 15:00:00,70.00,100.00
129N14230,2020-08-15 15:10:00,70.20,100.00
129N14230,2020-08-15 15:20:00,71.76,100.00
129N14230,2020-08-15 15:30:00,73.49,100.00
129N14230,2020-08-15 15:40:00,72.35,100.00
129N14230,2020-08-15 15:50:00,73.00,100.00
129N14230,2020-08-15 16:00:00,72.90,100.00
129N14230,2020-08-15 16:10:00,72.80,100.00
129N14230,2020-08-15 16:20:00,74.98,100.00
129N14230,2020-08-15 16:30:00,75.19,100.00
129N14230,2020-08-15 16:40:00,75.49,100.00
129N14230,2020-08-15 16:50:00,73.49,100.00
129N14230,2020-08-15 17:00:00,72.99,100.00
129N14230,2020-08-15 17:10:00,71.98,100.00
129N14230,2020-08-15 17:20:00,73.19,100.00
129N14230,2020-08-15 17:30:00,73.00,100.00
129N14230,2020-08-15 17:40:00,74.36,100.00
129N14230,2020-08-15 17:50:00,74.64,100.00
129N14230,2020-08-15 18:00:00,71.28,100.00
129N14230,2020-08-15 18:10:00,72.49,100.00
129N14230,2020-08-15 18:20:00,72.63,100.00
129N14230,2020-08-15 18:30:00,73.34,100.00
129N14230,2020-08-15 18:40:00,73.89,100.00
129N14230,2020-08-15 18:50:00,74.49,100.00
129N14230,2020-08-15 19:00:00,72.99,100.00
129N14230,2020-08-15 19:10:00,72.79,100.00
129N14230,2020-08-15 19:20:00,69.30,93.10
129N14230,2020-08-15 19:30:00,73.97,100.00
129N14230,2020-08-15 19:40:00,74.58,100.00
129N14230,2020-08-15 19:50:00,73.13,100.00
129N14230,2020-08-15 20:00:00,74.46,100.00
129N14230,2020-08-15 20:10:00,75.01,93.90
129N14230,2020-08-15 20:20:00,70.87,100.00
129N14230,2020-08-15 20:30:00,72.08,100.00
129N14230,2020-08-15 20:40:00,73.17,100.00
129N14230,2020-08-15 20:50:00,71.87,100.00
129N14230,2020-08-15 21:00:00,71.63,100.00
129N14230,2020-08-15 21:10:00,69.29,100.00
129N14230,2020-08-15 21:20:00,69.19,100.00
129N14230,2020-08-15 21:30:00,70.19,100.00
129N14230,2020-08-15 21:40:00,73.14,97.60
129N14230,2020-08-15 21:50:00,74.38,86.20
129N14230,2020-08-15 22:00:00,72.27,100.00
129N14230,2020-08-15 22:10:00,71.87,99.40
129N14230,2020-08-15 22:20:00,70.77,100.00
129N14230,2020-08-15 22:30:00,73.37,96.60
129N14230,2020-08-15 22:40:00,72.08,95.20
129N14230,2020-08-15 22:50:00,70.57,100.00
129N14230,2020-08-15 23:00:00,70.30,95.40
129N14230,2020-08-15 23:10:00,75.25,78.50
129N14230,2020-08-15 23:20:00,73.79,95.00
129N14230,2020-08-15 23:30:00,70.00,88.80
129N14230,2020-08-15 23:40:00,65.47,45.50
129N14230,2020-08-15 23:50:00,71.84,75.90
129N04398,2020-08-15 00:00:00,70.28,87.11
129N04398,2020-08-15 00:10:00,74.74,62.50
129N04398,2020-08-15 00:20:00,,
129N04398,2020-08-15 00:30:00,75.24,91.25
129N04398,2020-08-15 00:40:00,74.32,97.67
129N04398,2020-08-15 00:50:00,73.00,96.00
129N04398,2020-08-15 01:00:00,74.80,98.30
129N04398,2020-08-15 01:10:00,71.22,87.00
129N04398,2020-08-15 01:20:00,72.59,98.50
129N04398,2020-08-15 01:30:00,73.37,97.13
129N04398,2020-08-15 01:40:00,76.73,72.30
129N04398,2020-08-15 01:50:00,78.74,57.63
129N04398,2020-08-15 02:00:00,,
129N04398,2020-08-15 02:10:00,,
129N04398,2020-08-15 02:20:00,,
129N04398,2020-08-15 02:30:00,79.00,95.29
129N04398,2020-08-15 02:40:00,79.00,99.40
129N04398,2020-08-15 02:50:00,75.00,75.00
129N04398,2020-08-15 03:00:00,75.00,86.90
129N04398,2020-08-15 03:10:00,,
129N04398,2020-08-15 03:20:00,,
129N04398,2020-08-15 03:30:00,70.00,70.60
129N04398,2020-08-15 03:40:00,72.18,93.00
129N04398,2020-08-15 03:50:00,73.00,97.00
129N04398,2020-08-15 04:00:00,,
129N04398,2020-08-15 04:10:00,,
129N04398,2020-08-15 04:20:00,74.42,93.71
129N04398,2020-08-15 04:30:00,73.20,96.80
129N04398,2020-08-15 04:40:00,71.27,90.30
129N04398,2020-08-15 04:50:00,71.79,93.90
129N04398,2020-08-15 05:00:00,70.96,91.50
129N04398,2020-08-15 05:10:00,72.45,93.80
129N04398,2020-08-15 05:20:00,75.86,60.20
129N04398,2020-08-15 05:30:00,80.87,25.88
129N04398,2020-08-15 05:40:00,76.35,84.14
129N04398,2020-08-15 05:50:00,77.68,77.80
129N04398,2020-08-15 06:00:00,72.59,89.90
129N04398,2020-08-15 06:10:00,71.78,100.00
129N04398,2020-08-15 06:20:00,72.39,100.00
129N04398,2020-08-15 06:30:00,74.24,86.80
129N04398,2020-08-15 06:40:00,73.46,93.50
129N04398,2020-08-15 06:50:00,71.21,96.90
129N04398,2020-08-15 07:00:00,75.08,93.50
129N04398,2020-08-15 07:10:00,71.59,99.80
129N04398,2020-08-15 07:20:00,73.35,87.00
129N04398,2020-08-15 07:30:00,75.98,80.90
129N04398,2020-08-15 07:40:00,76.16,88.60
129N04398,2020-08-15 07:50:00,73.87,90.30
129N04398,2020-08-15 08:00:00,73.88,85.40
129N04398,2020-08-15 08:10:00,70.39,99.20
129N04398,2020-08-15 08:20:00,73.98,99.80
129N04398,2020-08-15 08:30:00,74.13,96.60
129N04398,2020-08-15 08:40:00,77.07,80.60
129N04398,2020-08-15 08:50:00,74.20,100.00
129N04398,2020-08-15 09:00:00,76.55,97.40
129N04398,2020-08-15 09:10:00,75.99,98.70
129N04398,2020-08-15 09:20:00,77.49,92.60
129N04398,2020-08-15 09:30:00,71.10,100.00
129N04398,2020-08-15 09:40:00,76.13,93.10
129N04398,2020-08-15 09:50:00,75.36,97.80
129N04398,2020-08-15 10:00:00,75.39,99.80
129N04398,2020-08-15 10:10:00,72.83,100.00
129N04398,2020-08-15 10:20:00,74.90,94.30
129N04398,2020-08-15 10:30:00,75.95,94.30
129N04398,2020-08-15 10:40:00,75.09,100.00
129N04398,2020-08-15 10:50:00,75.19,100.00
129N04398,2020-08-15 11:00:00,75.00,100.00
129N04398,2020-08-15 11:10:00,76.98,100.00
129N04398,2020-08-15 11:20:00,75.59,99.90
129N04398,2020-08-15 11:30:00,75.38,100.00
129N04398,2020-08-15 11:40:00,77.87,93.10
129N04398,2020-08-15 11:50:00,76.49,100.00
129N04398,2020-08-15 12:00:00,76.67,100.00
129N04398,2020-08-15 12:10:00,78.99,100.00
129N04398,2020-08-15 12:20:00,76.18,100.00
129N04398,2020-08-15 12:30:00,72.63,100.00
129N04398,2020-08-15 12:40:00,77.68,100.00
129N04398,2020-08-15 12:50:00,75.50,100.00
129N04398,2020-08-15 13:00:00,74.89,100.00
129N04398,2020-08-15 13:10:00,74.79,100.00
129N04398,2020-08-15 13:20:00,73.09,100.00
129N04398,2020-08-15 13:30:00,75.66,100.00
129N04398,2020-08-15 13:40:00,76.19,100.00
129N04398,2020-08-15 13:50:00,77.10,100.00
129N04398,2020-08-15 14:00:00,77.70,100.00
129N04398,2020-08-15 14:10:00,74.98,100.00
129N04398,2020-08-15 14:20:00,71.73,97.90
129N04398,2020-08-15 14:30:00,75.60,100.00
129N04398,2020-08-15 14:40:00,76.00,100.00
129N04398,2020-08-15 14:50:00,76.20,100.00
129N04398,2020-08-15 15:00:00,75.69,100.00
129N04398,2020-08-15 15:10:00,75.69,100.00
129N04398,2020-08-15 15:20:00,74.00,100.00
129N04398,2020-08-15 15:30:00,76.29,100.00
129N04398,2020-08-15 15:40:00,73.75,100.00
129N04398,2020-08-15 15:50:00,74.19,100.00
129N04398,2020-08-15 16:00:00,75.68,100.00
129N04398,2020-08-15 16:10:00,76.00,100.00
129N04398,2020-08-15 16:20:00,77.89,100.00
129N04398,2020-08-15 16:30:00,76.34,100.00
129N04398,2020-08-15 16:40:00,77.34,100.00
129N04398,2020-08-15 16:50:00,76.99,100.00
129N04398,2020-08-15 17:00:00,76.88,100.00
129N04398,2020-08-15 17:10:00,73.98,100.00
129N04398,2020-08-15 17:20:00,74.38,100.00
129N04398,2020-08-15 17:30:00,76.67,100.00
129N04398,2020-08-15 17:40:00,76.99,100.00
129N04398,2020-08-15 17:50:00,77.59,100.00
129N04398,2020-08-15 18:00:00,77.26,99.60
129N04398,2020-08-15 18:10:00,77.79,97.90
129N04398,2020-08-15 18:20:00,73.63,100.00
129N04398,2020-08-15 18:30:00,73.41,100.00
129N04398,2020-08-15 18:40:00,76.80,100.00
129N04398,2020-08-15 18:50:00,76.99,98.50
129N04398,2020-08-15 19:00:00,75.88,99.00
129N04398,2020-08-15 19:10:00,75.88,100.00
129N04398,2020-08-15 19:20:00,74.21,96.40
129N04398,2020-08-15 19:30:00,74.60,100.00
129N04398,2020-08-15 19:40:00,74.76,100.00
129N04398,2020-08-15 19:50:00,74.24,100.00
129N04398,2020-08-15 20:00:00,73.84,100.00
129N04398,2020-08-15 20:10:00,74.87,98.10
129N04398,2020-08-15 20:20:00,73.59,100.00
129N04398,2020-08-15 20:30:00,70.86,90.60
129N04398,2020-08-15 20:40:00,71.35,95.70
129N04398,2020-08-15 20:50:00,71.39,100.00
129N04398,2020-08-15 21:00:00,76.10,72.40
129N04398,2020-08-15 21:10:00,73.49,98.20
129N04398,2020-08-15 21:20:00,72.22,91.60
129N04398,2020-08-15 21:30:00,73.59,97.60
129N04398,2020-08-15 21:40:00,72.84,94.90
129N04398,2020-08-15 21:50:00,75.68,77.50
129N04398,2020-08-15 22:00:00,70.23,83.00
129N04398,2020-08-15 22:10:00,71.97,100.00
129N04398,2020-08-15 22:20:00,75.46,87.80
129N04398,2020-08-15 22:30:00,75.78,75.30
129N04398,2020-08-15 22:40:00,82.38,30.80
129N04398,2020-08-15 22:50:00,78.65,64.10
129N04398,2020-08-15 23:00:00,75.12,81.40
129N04398,2020-08-15 23:10:00,79.21,90.38
129N04398,2020-08-15 23:20:00,71.98,46.40
129N04398,2020-08-15 23:30:00,71.27,62.60
129N04398,2020-08-15 23:40:00,68.48,57.33
129N04398,2020-08-15 23:50:00,,
129N04399,2020-08-15 00:00:00,71.20,91.50
129N04399,2020-08-15 00:10:00,69.34,83.50
129N04399,2020-08-15 00:20:00,67.00,97.00
129N04399,2020-08-15 00:30:00,73.00,91.44
129N04399,2020-08-15 00:40:00,71.31,97.00
129N04399,2020-08-15 00:50:00,77.00,79.50
129N04399,2020-08-15 01:00:00,76.10,87.80
129N04399,2020-08-15 01:10:00,71.59,91.13
129N04399,2020-08-15 01:20:00,69.59,94.70
129N04399,2020-08-15 01:30:00,71.76,99.11
129N04399,2020-08-15 01:40:00,73.75,79.40
129N04399,2020-08-15 01:50:00,75.24,53.88
129N04399,2020-08-15 02:00:00,,
129N04399,2020-08-15 02:10:00,,
129N04399,2020-08-15 02:20:00,,
129N04399,2020-08-15 02:30:00,74.90,96.88
129N04399,2020-08-15 02:40:00,71.06,79.56
129N04399,2020-08-15 02:50:00,66.82,76.60
129N04399,2020-08-15 03:00:00,74.00,94.50
129N04399,2020-08-15 03:10:00,,
129N04399,2020-08-15 03:20:00,,
129N04399,2020-08-15 03:30:00,70.56,76.43
129N04399,2020-08-15 03:40:00,69.17,87.10
129N04399,2020-08-15 03:50:00,68.00,95.80
129N04399,2020-08-15 04:00:00,,
129N04399,2020-08-15 04:10:00,,
129N04399,2020-08-15 04:20:00,70.98,94.00
129N04399,2020-08-15 04:30:00,73.68,90.50
129N04399,2020-08-15 04:40:00,71.15,95.00
129N04399,2020-08-15 04:50:00,71.49,95.40
129N04399,2020-08-15 05:00:00,73.23,97.10
129N04399,2020-08-15 05:10:00,71.86,93.70
129N04399,2020-08-15 05:20:00,74.64,62.70
129N04399,2020-08-15 05:30:00,78.55,37.43
129N04399,2020-08-15 05:40:00,80.32,76.22
129N04399,2020-08-15 05:50:00,79.86,79.30
129N04399,2020-08-15 06:00:00,75.28,86.00
129N04399,2020-08-15 06:10:00,72.90,100.00
129N04399,2020-08-15 06:20:00,78.89,99.70
129N04399,2020-08-15 06:30:00,73.65,97.80
129N04399,2020-08-15 06:40:00,73.60,98.50
129N04399,2020-08-15 06:50:00,73.79,96.80
129N04399,2020-08-15 07:00:00,76.90,93.70
129N04399,2020-08-15 07:10:00,72.75,99.90
129N04399,2020-08-15 07:20:00,75.49,93.70
129N04399,2020-08-15 07:30:00,76.69,90.10
129N04399,2020-08-15 07:40:00,76.48,96.10
129N04399,2020-08-15 07:50:00,77.01,88.30
129N04399,2020-08-15 08:00:00,75.12,85.60
129N04399,2020-08-15 08:10:00,75.10,96.40
129N04399,2020-08-15 08:20:00,75.05,97.70
129N04399,2020-08-15 08:30:00,74.81,97.80
129N04399,2020-08-15 08:40:00,75.70,91.40
129N04399,2020-08-15 08:50:00,74.96,100.00
129N04399,2020-08-15 09:00:00,78.38,95.90
129N04399,2020-08-15 09:10:00,74.83,99.00
129N04399,2020-08-15 09:20:00,74.20,100.00
129N04399,2020-08-15 09:30:00,71.81,96.00
129N04399,2020-08-15 09:40:00,76.99,95.20
129N04399,2020-08-15 09:50:00,76.18,99.30
129N04399,2020-08-15 10:00:00,75.79,100.00
129N04399,2020-08-15 10:10:00,73.66,100.00
129N04399,2020-08-15 10:20:00,76.83,98.80
129N04399,2020-08-15 10:30:00,75.49,100.00
129N04399,2020-08-15 10:40:00,74.86,100.00
129N04399,2020-08-15 10:50:00,76.16,100.00
129N04399,2020-08-15 11:00:00,76.47,100.00
129N04399,2020-08-15 11:10:00,76.98,100.00
129N04399,2020-08-15 11:20:00,75.48,100.00
129N04399,2020-08-15 11:30:00,78.09,100.00
129N04399,2020-08-15 11:40:00,77.78,99.30
129N04399,2020-08-15 11:50:00,75.78,100.00
129N04399,2020-08-15 12:00:00,76.08,100.00
129N04399,2020-08-15 12:10:00,77.47,100.00
129N04399,2020-08-15 12:20:00,76.25,100.00
129N04399,2020-08-15 12:30:00,75.05,100.00
129N04399,2020-08-15 12:40:00,76.68,100.00
129N04399,2020-08-15 12:50:00,75.90,100.00
129N04399,2020-08-15 13:00:00,75.07,100.00
129N04399,2020-08-15 13:10:00,76.09,100.00
129N04399,2020-08-15 13:20:00,72.56,100.00
129N04399,2020-08-15 13:30:00,76.08,100.00
129N04399,2020-08-15 13:40:00,76.69,100.00
129N04399,2020-08-15 13:50:00,77.10,100.00
129N04399,2020-08-15 14:00:00,76.38,100.00
129N04399,2020-08-15 14:10:00,75.09,100.00
129N04399,2020-08-15 14:20:00,74.37,100.00
129N04399,2020-08-15 14:30:00,75.80,100.00
129N04399,2020-08-15 14:40:00,76.40,100.00
129N04399,2020-08-15 14:50:00,76.39,100.00
129N04399,2020-08-15 15:00:00,76.09,100.00
129N04399,2020-08-15 15:10:00,76.77,100.00
129N04399,2020-08-15 15:20:00,75.85,100.00
129N04399,2020-08-15 15:30:00,76.08,100.00
129N04399,2020-08-15 15:40:00,76.45,100.00
129N04399,2020-08-15 15:50:00,75.78,100.00
129N04399,2020-08-15 16:00:00,77.70,100.00
129N04399,2020-08-15 16:10:00,76.39,100.00
129N04399,2020-08-15 16:20:00,76.98,100.00
129N04399,2020-08-15 16:30:00,76.19,100.00
129N04399,2020-08-15 16:40:00,77.58,100.00
129N04399,2020-08-15 16:50:00,77.18,100.00
129N04399,2020-08-15 17:00:00,77.29,100.00
129N04399,2020-08-15 17:10:00,75.10,100.00
129N04399,2020-08-15 17:20:00,75.79,100.00
129N04399,2020-08-15 17:30:00,77.38,100.00
129N04399,2020-08-15 17:40:00,77.09,100.00
129N04399,2020-08-15 17:50:00,77.10,100.00
129N04399,2020-08-15 18:00:00,77.19,100.00
129N04399,2020-08-15 18:10:00,77.78,100.00
129N04399,2020-08-15 18:20:00,74.86,100.00
129N04399,2020-08-15 18:30:00,74.45,100.00
129N04399,2020-08-15 18:40:00,77.99,100.00
129N04399,2020-08-15 18:50:00,77.88,100.00
129N04399,2020-08-15 19:00:00,76.27,100.00
129N04399,2020-08-15 19:10:00,72.05,100.00
129N04399,2020-08-15 19:20:00,74.06,100.00
129N04399,2020-08-15 19:30:00,77.49,100.00
129N04399,2020-08-15 19:40:00,77.06,100.00
129N04399,2020-08-15 19:50:00,77.36,100.00
129N04399,2020-08-15 20:00:00,74.58,100.00
129N04399,2020-08-15 20:10:00,73.34,100.00
129N04399,2020-08-15 20:20:00,73.49,100.00
129N04399,2020-08-15 20:30:00,71.78,100.00
129N04399,2020-08-15 20:40:00,72.69,100.00
129N04399,2020-08-15 20:50:00,70.87,100.00
129N04399,2020-08-15 21:00:00,74.49,81.30
129N04399,2020-08-15 21:10:00,68.81,96.90
129N04399,2020-08-15 21:20:00,70.28,64.30
129N04399,2020-08-15 21:30:00,72.10,97.50
129N04399,2020-08-15 21:40:00,73.96,92.20
129N04399,2020-08-15 21:50:00,73.63,69.10
129N04399,2020-08-15 22:00:00,74.09,93.50
129N04399,2020-08-15 22:10:00,72.39,100.00
129N04399,2020-08-15 22:20:00,75.42,89.60
129N04399,2020-08-15 22:30:00,74.13,94.80
129N04399,2020-08-15 22:40:00,77.79,65.80
129N04399,2020-08-15 22:50:00,77.69,75.30
129N04399,2020-08-15 23:00:00,73.70,88.20
129N04399,2020-08-15 23:10:00,74.86,98.60
129N04399,2020-08-15 23:20:00,72.40,71.30
129N04399,2020-08-15 23:30:00,71.20,77.80
129N04399,2020-08-15 23:40:00,70.33,76.83
129N04399,2020-08-15 23:50:00,71.00,80.75
129N04396,2020-08-15 00:00:00,68.00,65.33
129N04396,2020-08-15 00:10:00,71.84,73.00
129N04396,2020-08-15 00:20:00,75.00,70.00
129N04396,2020-08-15 00:30:00,77.66,40.17
129N04396,2020-08-15 00:40:00,73.45,65.50
129N04396,2020-08-15 00:50:00,68.50,72.00
129N04396,2020-08-15 01:00:00,67.69,55.00
129N04396,2020-08-15 01:10:00,68.48,78.70
129N04396,2020-08-15 01:20:00,70.55,84.50
129N04396,2020-08-15 01:30:00,75.00,61.75
129N04396,2020-08-15 01:40:00,76.00,51.25
129N04396,2020-08-15 01:50:00,75.80,81.00
129N04396,2020-08-15 02:00:00,76.00,85.00
129N04396,2020-08-15 02:10:00,,
129N04396,2020-08-15 02:20:00,,
129N04396,2020-08-15 02:30:00,77.00,99.00
129N04396,2020-08-15 02:40:00,77.11,99.56
129N04396,2020-08-15 02:50:00,,
129N04396,2020-08-15 03:00:00,71.00,62.75
129N04396,2020-08-15 03:10:00,71.00,79.50
129N04396,2020-08-15 03:20:00,,
129N04396,2020-08-15 03:30:00,66.28,57.67
129N04396,2020-08-15 03:40:00,68.53,95.56
129N04396,2020-08-15 03:50:00,,
129N04396,2020-08-15 04:00:00,66.24,87.11
129N04396,2020-08-15 04:10:00,71.00,82.00
129N04396,2020-08-15 04:20:00,70.74,88.25
129N04396,2020-08-15 04:30:00,71.46,87.90
129N04396,2020-08-15 04:40:00,73.97,77.40
129N04396,2020-08-15 04:50:00,71.39,98.00
129N04396,2020-08-15 05:00:00,70.80,97.00
129N04396,2020-08-15 05:10:00,72.59,96.60
129N04396,2020-08-15 05:20:00,73.07,95.80
129N04396,2020-08-15 05:30:00,77.39,68.90
129N04396,2020-08-15 05:40:00,80.20,47.40
129N04396,2020-08-15 05:50:00,78.76,75.20
129N04396,2020-08-15 06:00:00,73.05,99.40
129N04396,2020-08-15 06:10:00,73.29,100.00
129N04396,2020-08-15 06:20:00,76.99,96.50
129N04396,2020-08-15 06:30:00,82.38,51.30
129N04396,2020-08-15 06:40:00,77.16,87.40
129N04396,2020-08-15 06:50:00,71.84,100.00
129N04396,2020-08-15 07:00:00,76.52,95.30
129N04396,2020-08-15 07:10:00,73.19,100.00
129N04396,2020-08-15 07:20:00,73.19,100.00
129N04396,2020-08-15 07:30:00,75.08,79.90
129N04396,2020-08-15 07:40:00,77.40,79.20
129N04396,2020-08-15 07:50:00,75.13,96.10
129N04396,2020-08-15 08:00:00,78.92,74.60
129N04396,2020-08-15 08:10:00,71.39,100.00
129N04396,2020-08-15 08:20:00,77.19,96.30
129N04396,2020-08-15 08:30:00,75.00,100.00
129N04396,2020-08-15 08:40:00,77.18,89.00
129N04396,2020-08-15 08:50:00,74.31,90.20
129N04396,2020-08-15 09:00:00,75.47,99.20
129N04396,2020-08-15 09:10:00,77.16,96.00
129N04396,2020-08-15 09:20:00,76.16,98.80
129N04396,2020-08-15 09:30:00,72.99,100.00
129N04396,2020-08-15 09:40:00,77.37,83.70
129N04396,2020-08-15 09:50:00,78.09,88.90
129N04396,2020-08-15 10:00:00,75.88,98.20
129N04396,2020-08-15 10:10:00,76.58,98.20
129N04396,2020-08-15 10:20:00,76.48,100.00
129N04396,2020-08-15 10:30:00,77.19,100.00
129N04396,2020-08-15 10:40:00,76.36,100.00
129N04396,2020-08-15 10:50:00,75.69,100.00
129N04396,2020-08-15 11:00:00,77.39,100.00
129N04396,2020-08-15 11:10:00,76.59,100.00
129N04396,2020-08-15 11:20:00,76.48,100.00
129N04396,2020-08-15 11:30:00,76.39,100.00
129N04396,2020-08-15 11:40:00,78.00,99.90
129N04396,2020-08-15 11:50:00,75.56,100.00
129N04396,2020-08-15 12:00:00,74.89,100.00
129N04396,2020-08-15 12:10:00,78.08,100.00
129N04396,2020-08-15 12:20:00,76.79,100.00
129N04396,2020-08-15 12:30:00,75.28,100.00
129N04396,2020-08-15 12:40:00,78.09,100.00
129N04396,2020-08-15 12:50:00,76.10,100.00
129N04396,2020-08-15 13:00:00,74.18,100.00
129N04396,2020-08-15 13:10:00,75.86,100.00
129N04396,2020-08-15 13:20:00,74.38,100.00
129N04396,2020-08-15 13:30:00,75.19,100.00
129N04396,2020-08-15 13:40:00,76.39,100.00
129N04396,2020-08-15 13:50:00,76.69,100.00
129N04396,2020-08-15 14:00:00,77.39,100.00
129N04396,2020-08-15 14:10:00,77.78,100.00
129N04396,2020-08-15 14:20:00,75.60,100.00
129N04396,2020-08-15 14:30:00,76.58,100.00
129N04396,2020-08-15 14:40:00,76.18,100.00
129N04396,2020-08-15 14:50:00,77.90,100.00
129N04396,2020-08-15 15:00:00,77.70,100.00
129N04396,2020-08-15 15:10:00,75.35,100.00
129N04396,2020-08-15 15:20:00,76.95,100.00
129N04396,2020-08-15 15:30:00,74.38,100.00
129N04396,2020-08-15 15:40:00,76.09,100.00
129N04396,2020-08-15 15:50:00,73.38,100.00
129N04396,2020-08-15 16:00:00,75.75,100.00
129N04396,2020-08-15 16:10:00,75.99,100.00
129N04396,2020-08-15 16:20:00,77.66,100.00
129N04396,2020-08-15 16:30:00,75.27,100.00
129N04396,2020-08-15 16:40:00,76.28,100.00
129N04396,2020-08-15 16:50:00,74.77,100.00
129N04396,2020-08-15 17:00:00,76.98,100.00
129N04396,2020-08-15 17:10:00,77.09,100.00
129N04396,2020-08-15 17:20:00,76.49,100.00
129N04396,2020-08-15 17:30:00,75.67,100.00
129N04396,2020-08-15 17:40:00,77.09,100.00
129N04396,2020-08-15 17:50:00,76.99,100.00
129N04396,2020-08-15 18:00:00,75.48,100.00
129N04396,2020-08-15 18:10:00,73.91,83.20
129N04396,2020-08-15 18:20:00,75.19,100.00
129N04396,2020-08-15 18:30:00,76.57,100.00
129N04396,2020-08-15 18:40:00,76.10,100.00
129N04396,2020-08-15 18:50:00,78.37,100.00
129N04396,2020-08-15 19:00:00,78.22,100.00
129N04396,2020-08-15 19:10:00,76.20,100.00
129N04396,2020-08-15 19:20:00,75.88,100.00
129N04396,2020-08-15 19:30:00,74.09,100.00
129N04396,2020-08-15 19:40:00,74.48,100.00
129N04396,2020-08-15 19:50:00,76.89,100.00
129N04396,2020-08-15 20:00:00,75.50,100.00
129N04396,2020-08-15 20:10:00,74.81,100.00
129N04396,2020-08-15 20:20:00,71.07,100.00
129N04396,2020-08-15 20:30:00,71.19,100.00
129N04396,2020-08-15 20:40:00,69.59,72.90
129N04396,2020-08-15 20:50:00,73.85,100.00
129N04396,2020-08-15 21:00:00,76.68,72.40
129N04396,2020-08-15 21:10:00,72.50,100.00
129N04396,2020-08-15 21:20:00,69.43,75.10
129N04396,2020-08-15 21:30:00,71.37,88.70
129N04396,2020-08-15 21:40:00,71.50,100.00
129N04396,2020-08-15 21:50:00,72.01,100.00
129N04396,2020-08-15 22:00:00,70.30,100.00
129N04396,2020-08-15 22:10:00,70.58,98.70
129N04396,2020-08-15 22:20:00,72.43,92.40
129N04396,2020-08-15 22:30:00,69.33,81.20
129N04396,2020-08-15 22:40:00,75.90,72.90
129N04396,2020-08-15 22:50:00,74.66,94.30
129N04396,2020-08-15 23:00:00,75.25,88.90
129N04396,2020-08-15 23:10:00,76.60,88.50
129N04396,2020-08-15 23:20:00,74.72,96.75
129N04396,2020-08-15 23:30:00,68.79,46.20
129N04396,2020-08-15 23:40:00,70.19,71.70
129N04396,2020-08-15 23:50:00,73.76,86.56
129N04397,2020-08-15 00:00:00,67.85,50.00
129N04397,2020-08-15 00:10:00,73.39,91.70
129N04397,2020-08-15 00:20:00,74.00,91.00
129N04397,2020-08-15 00:30:00,79.00,30.67
129N04397,2020-08-15 00:40:00,79.39,43.40
129N04397,2020-08-15 00:50:00,,
129N04397,2020-08-15 01:00:00,74.10,86.60
129N04397,2020-08-15 01:10:00,70.62,52.70
129N04397,2020-08-15 01:20:00,67.48,44.90
129N04397,2020-08-15 01:30:00,68.23,60.50
129N04397,2020-08-15 01:40:00,76.95,40.90
129N04397,2020-08-15 01:50:00,73.00,95.00
129N04397,2020-08-15 02:00:00,,
129N04397,2020-08-15 02:10:00,,
129N04397,2020-08-15 02:20:00,,
129N04397,2020-08-15 02:30:00,75.00,92.60
129N04397,2020-08-15 02:40:00,75.00,99.14
129N04397,2020-08-15 02:50:00,76.00,98.00
129N04397,2020-08-15 03:00:00,76.00,98.90
129N04397,2020-08-15 03:10:00,75.50,99.50
129N04397,2020-08-15 03:20:00,,
129N04397,2020-08-15 03:30:00,69.38,59.60
129N04397,2020-08-15 03:40:00,70.45,82.60
129N04397,2020-08-15 03:50:00,71.91,88.43
129N04397,2020-08-15 04:00:00,68.41,78.10
129N04397,2020-08-15 04:10:00,72.59,92.20
129N04397,2020-08-15 04:20:00,74.17,73.40
129N04397,2020-08-15 04:30:00,73.38,90.90
129N04397,2020-08-15 04:40:00,73.35,91.90
129N04397,2020-08-15 04:50:00,72.42,88.10
129N04397,2020-08-15 05:00:00,71.17,76.00
129N04397,2020-08-15 05:10:00,71.79,97.20
129N04397,2020-08-15 05:20:00,73.76,92.90
129N04397,2020-08-15 05:30:00,75.63,83.56
129N04397,2020-08-15 05:40:00,76.49,81.67
129N04397,2020-08-15 05:50:00,76.38,89.10
129N04397,2020-08-15 06:00:00,72.79,96.90
129N04397,2020-08-15 06:10:00,73.15,100.00
129N04397,2020-08-15 06:20:00,77.48,84.70
129N04397,2020-08-15 06:30:00,74.73,97.80
129N04397,2020-08-15 06:40:00,72.85,99.00
129N04397,2020-08-15 06:50:00,73.41,98.60
129N04397,2020-08-15 07:00:00,76.29,96.30
129N04397,2020-08-15 07:10:00,76.50,91.20
129N04397,2020-08-15 07:20:00,73.28,100.00
129N04397,2020-08-15 07:30:00,77.58,88.00
129N04397,2020-08-15 07:40:00,77.39,92.20
129N04397,2020-08-15 07:50:00,73.42,100.00
129N04397,2020-08-15 08:00:00,77.10,83.90
129N04397,2020-08-15 08:10:00,72.86,100.00
129N04397,2020-08-15 08:20:00,75.69,100.00
129N04397,2020-08-15 08:30:00,75.10,100.00
129N04397,2020-08-15 08:40:00,76.63,89.20
129N04397,2020-08-15 08:50:00,73.43,100.00
129N04397,2020-08-15 09:00:00,75.37,100.00
129N04397,2020-08-15 09:10:00,74.41,100.00
129N04397,2020-08-15 09:20:00,75.80,92.20
129N04397,2020-08-15 09:30:00,73.99,100.00
129N04397,2020-08-15 09:40:00,73.62,100.00
129N04397,2020-08-15 09:50:00,73.83,97.40
129N04397,2020-08-15 10:00:00,75.40,100.00
129N04397,2020-08-15 10:10:00,73.45,100.00
129N04397,2020-08-15 10:20:00,75.78,93.90
129N04397,2020-08-15 10:30:00,75.16,97.00
129N04397,2020-08-15 10:40:00,75.37,100.00
129N04397,2020-08-15 10:50:00,74.89,100.00
129N04397,2020-08-15 11:00:00,76.39,100.00
129N04397,2020-08-15 11:10:00,77.19,100.00
129N04397,2020-08-15 11:20:00,74.96,100.00
129N04397,2020-08-15 11:30:00,77.18,100.00
129N04397,2020-08-15 11:40:00,76.34,100.00
129N04397,2020-08-15 11:50:00,77.49,99.50
129N04397,2020-08-15 12:00:00,78.65,100.00
129N04397,2020-08-15 12:10:00,78.59,100.00
129N04397,2020-08-15 12:20:00,75.97,100.00
129N04397,2020-08-15 12:30:00,72.89,100.00
129N04397,2020-08-15 12:40:00,76.67,100.00
129N04397,2020-08-15 12:50:00,76.09,100.00
129N04397,2020-08-15 13:00:00,75.80,100.00
129N04397,2020-08-15 13:10:00,75.99,100.00
129N04397,2020-08-15 13:20:00,73.67,100.00
129N04397,2020-08-15 13:30:00,77.05,100.00
129N04397,2020-08-15 13:40:00,76.09,100.00
129N04397,2020-08-15 13:50:00,76.89,100.00
129N04397,2020-08-15 14:00:00,77.39,100.00
129N04397,2020-08-15 14:10:00,77.79,100.00
129N04397,2020-08-15 14:20:00,75.50,100.00
129N04397,2020-08-15 14:30:00,76.79,100.00
129N04397,2020-08-15 14:40:00,76.20,100.00
129N04397,2020-08-15 14:50:00,76.49,100.00
129N04397,2020-08-15 15:00:00,75.49,100.00
129N04397,2020-08-15 15:10:00,76.40,100.00
129N04397,2020-08-15 15:20:00,73.73,100.00
129N04397,2020-08-15 15:30:00,75.66,100.00
129N04397,2020-08-15 15:40:00,75.86,100.00
129N04397,2020-08-15 15:50:00,72.96,100.00
129N04397,2020-08-15 16:00:00,77.89,100.00
129N04397,2020-08-15 16:10:00,78.46,100.00
129N04397,2020-08-15 16:20:00,77.10,100.00
129N04397,2020-08-15 16:30:00,74.26,100.00
129N04397,2020-08-15 16:40:00,73.68,100.00
129N04397,2020-08-15 16:50:00,76.29,100.00
129N04397,2020-08-15 17:00:00,77.19,100.00
129N04397,2020-08-15 17:10:00,75.10,100.00
129N04397,2020-08-15 17:20:00,76.17,100.00
129N04397,2020-08-15 17:30:00,76.29,100.00
129N04397,2020-08-15 17:40:00,77.00,100.00
129N04397,2020-08-15 17:50:00,77.59,100.00
129N04397,2020-08-15 18:00:00,77.80,100.00
129N04397,2020-08-15 18:10:00,77.69,100.00
129N04397,2020-08-15 18:20:00,74.58,100.00
129N04397,2020-08-15 18:30:00,73.36,100.00
129N04397,2020-08-15 18:40:00,76.78,100.00
129N04397,2020-08-15 18:50:00,77.70,100.00
129N04397,2020-08-15 19:00:00,78.90,100.00
129N04397,2020-08-15 19:10:00,78.59,100.00
129N04397,2020-08-15 19:20:00,75.89,100.00
129N04397,2020-08-15 19:30:00,74.58,100.00
129N04397,2020-08-15 19:40:00,76.48,100.00
129N04397,2020-08-15 19:50:00,78.59,100.00
129N04397,2020-08-15 20:00:00,76.99,100.00
129N04397,2020-08-15 20:10:00,73.68,100.00
129N04397,2020-08-15 20:20:00,73.08,100.00
129N04397,2020-08-15 20:30:00,75.99,100.00
129N04397,2020-08-15 20:40:00,71.34,79.10
129N04397,2020-08-15 20:50:00,75.18,100.00
129N04397,2020-08-15 21:00:00,72.49,100.00
129N04397,2020-08-15 21:10:00,74.49,100.00
129N04397,2020-08-15 21:20:00,70.71,68.20
129N04397,2020-08-15 21:30:00,74.96,87.40
129N04397,2020-08-15 21:40:00,73.40,93.00
129N04397,2020-08-15 21:50:00,76.80,86.38
129N04397,2020-08-15 22:00:00,74.18,100.00
129N04397,2020-08-15 22:10:00,72.86,100.00
129N04397,2020-08-15 22:20:00,75.55,97.00
129N04397,2020-08-15 22:30:00,70.34,75.40
129N04397,2020-08-15 22:40:00,74.80,100.00
129N04397,2020-08-15 22:50:00,75.81,100.00
129N04397,2020-08-15 23:00:00,75.86,67.10
129N04397,2020-08-15 23:10:00,77.25,64.10
129N04397,2020-08-15 23:20:00,72.35,83.50
129N04397,2020-08-15 23:30:00,70.38,65.00
129N04397,2020-08-15 23:40:00,69.12,61.88
129N04397,2020-08-15 23:50:00,71.47,91.70
129N04394,2020-08-15 00:00:00,,
129N04394,2020-08-15 00:10:00,,
129N04394,2020-08-15 00:20:00,,
129N04394,2020-08-15 00:30:00,78.00,99.00
129N04394,2020-08-15 00:40:00,76.60,89.50
129N04394,2020-08-15 00:50:00,70.10,59.00
129N04394,2020-08-15 01:00:00,69.79,66.40
129N04394,2020-08-15 01:10:00,67.22,56.33
129N04394,2020-08-15 01:20:00,69.59,85.88
129N04394,2020-08-15 01:30:00,73.10,80.20
129N04394,2020-08-15 01:40:00,74.17,75.40
129N04394,2020-08-15 01:50:00,77.17,57.00
129N04394,2020-08-15 02:00:00,79.00,51.67
129N04394,2020-08-15 02:10:00,,
129N04394,2020-08-15 02:20:00,,
129N04394,2020-08-15 02:30:00,,
129N04394,2020-08-15 02:40:00,76.00,92.78
129N04394,2020-08-15 02:50:00,76.00,99.67
129N04394,2020-08-15 03:00:00,75.48,94.33
129N04394,2020-08-15 03:10:00,75.00,96.88
129N04394,2020-08-15 03:20:00,,
129N04394,2020-08-15 03:30:00,,
129N04394,2020-08-15 03:40:00,67.40,62.00
129N04394,2020-08-15 03:50:00,67.68,75.00
129N04394,2020-08-15 04:00:00,66.00,88.50
129N04394,2020-08-15 04:10:00,70.65,82.30
129N04394,2020-08-15 04:20:00,73.00,78.00
129N04394,2020-08-15 04:30:00,74.64,69.56
129N04394,2020-08-15 04:40:00,73.21,82.50
129N04394,2020-08-15 04:50:00,74.43,84.40
129N04394,2020-08-15 05:00:00,70.63,55.20
129N04394,2020-08-15 05:10:00,72.47,96.10
129N04394,2020-08-15 05:20:00,72.88,98.30
129N04394,2020-08-15 05:30:00,79.24,55.10
129N04394,2020-08-15 05:40:00,80.00,61.30
129N04394,2020-08-15 05:50:00,80.18,66.60
129N04394,2020-08-15 06:00:00,76.32,95.10
129N04394,2020-08-15 06:10:00,71.68,100.00
129N04394,2020-08-15 06:20:00,75.88,98.60
129N04394,2020-08-15 06:30:00,80.00,80.90
129N04394,2020-08-15 06:40:00,76.96,88.78
129N04394,2020-08-15 06:50:00,74.07,99.80
129N04394,2020-08-15 07:00:00,74.33,94.50
129N04394,2020-08-15 07:10:00,76.19,100.00
129N04394,2020-08-15 07:20:00,74.97,99.60
129N04394,2020-08-15 07:30:00,76.74,91.30
129N04394,2020-08-15 07:40:00,74.77,98.70
129N04394,2020-08-15 07:50:00,77.16,99.60
129N04394,2020-08-15 08:00:00,76.04,96.70
129N04394,2020-08-15 08:10:00,75.98,98.00
129N04394,2020-08-15 08:20:00,73.68,100.00
129N04394,2020-08-15 08:30:00,71.46,100.00
129N04394,2020-08-15 08:40:00,71.77,100.00
129N04394,2020-08-15 08:50:00,76.60,84.40
129N04394,2020-08-15 09:00:00,75.75,96.10
129N04394,2020-08-15 09:10:00,76.69,100.00
129N04394,2020-08-15 09:20:00,71.04,100.00
129N04394,2020-08-15 09:30:00,76.49,98.00
129N04394,2020-08-15 09:40:00,75.86,96.40
129N04394,2020-08-15 09:50:00,77.59,92.50
129N04394,2020-08-15 10:00:00,76.85,89.00
129N04394,2020-08-15 10:10:00,74.80,100.00
129N04394,2020-08-15 10:20:00,75.80,100.00
129N04394,2020-08-15 10:30:00,75.29,100.00
129N04394,2020-08-15 10:40:00,74.88,100.00
129N04394,2020-08-15 10:50:00,77.79,100.00
129N04394,2020-08-15 11:00:00,77.09,100.00
129N04394,2020-08-15 11:10:00,76.10,100.00
129N04394,2020-08-15 11:20:00,76.85,96.70
129N04394,2020-08-15 11:30:00,75.76,100.00
129N04394,2020-08-15 11:40:00,78.38,97.70
129N04394,2020-08-15 11:50:00,74.85,97.20
129N04394,2020-08-15 12:00:00,75.93,100.00
129N04394,2020-08-15 12:10:00,80.79,100.00
129N04394,2020-08-15 12:20:00,77.97,100.00
129N04394,2020-08-15 12:30:00,75.79,100.00
129N04394,2020-08-15 12:40:00,75.49,100.00
129N04394,2020-08-15 12:50:00,76.50,100.00
129N04394,2020-08-15 13:00:00,74.15,100.00
129N04394,2020-08-15 13:10:00,74.06,100.00
129N04394,2020-08-15 13:20:00,74.80,100.00
129N04394,2020-08-15 13:30:00,74.98,100.00
129N04394,2020-08-15 13:40:00,75.56,100.00
129N04394,2020-08-15 13:50:00,77.69,100.00
129N04394,2020-08-15 14:00:00,77.19,100.00
129N04394,2020-08-15 14:10:00,77.89,100.00
129N04394,2020-08-15 14:20:00,76.76,100.00
129N04394,2020-08-15 14:30:00,76.79,100.00
129N04394,2020-08-15 14:40:00,75.68,100.00
129N04394,2020-08-15 14:50:00,75.99,100.00
129N04394,2020-08-15 15:00:00,76.79,100.00
129N04394,2020-08-15 15:10:00,77.57,100.00
129N04394,2020-08-15 15:20:00,76.58,100.00
129N04394,2020-08-15 15:30:00,77.18,100.00
129N04394,2020-08-15 15:40:00,77.09,100.00
129N04394,2020-08-15 15:50:00,73.49,100.00
129N04394,2020-08-15 16:00:00,73.66,100.00
129N04394,2020-08-15 16:10:00,75.28,100.00
129N04394,2020-08-15 16:20:00,78.27,100.00
129N04394,2020-08-15 16:30:00,76.37,100.00
129N04394,2020-08-15 16:40:00,76.09,100.00
129N04394,2020-08-15 16:50:00,77.78,100.00
129N04394,2020-08-15 17:00:00,75.35,100.00
129N04394,2020-08-15 17:10:00,76.49,100.00
129N04394,2020-08-15 17:20:00,75.70,100.00
129N04394,2020-08-15 17:30:00,72.39,100.00
129N04394,2020-08-15 17:40:00,77.39,100.00
129N04394,2020-08-15 17:50:00,77.79,100.00
129N04394,2020-08-15 18:00:00,78.09,100.00
129N04394,2020-08-15 18:10:00,76.96,100.00
129N04394,2020-08-15 18:20:00,76.08,100.00
129N04394,2020-08-15 18:30:00,75.16,100.00
129N04394,2020-08-15 18:40:00,75.29,100.00
129N04394,2020-08-15 18:50:00,76.10,100.00
129N04394,2020-08-15 19:00:00,77.59,100.00
129N04394,2020-08-15 19:10:00,76.99,100.00
129N04394,2020-08-15 19:20:00,74.74,100.00
129N04394,2020-08-15 19:30:00,74.77,100.00
129N04394,2020-08-15 19:40:00,73.98,100.00
129N04394,2020-08-15 19:50:00,75.05,100.00
129N04394,2020-08-15 20:00:00,74.77,100.00
129N04394,2020-08-15 20:10:00,76.88,100.00
129N04394,2020-08-15 20:20:00,73.46,100.00
129N04394,2020-08-15 20:30:00,72.68,100.00
129N04394,2020-08-15 20:40:00,72.39,100.00
129N04394,2020-08-15 20:50:00,72.77,100.00
129N04394,2020-08-15 21:00:00,72.69,100.00
129N04394,2020-08-15 21:10:00,71.19,100.00
129N04394,2020-08-15 21:20:00,76.04,95.50
129N04394,2020-08-15 21:30:00,79.74,51.38
129N04394,2020-08-15 21:40:00,75.10,100.00
129N04394,2020-08-15 21:50:00,73.32,100.00
129N04394,2020-08-15 22:00:00,73.64,100.00
129N04394,2020-08-15 22:10:00,71.68,100.00
129N04394,2020-08-15 22:20:00,70.28,100.00
129N04394,2020-08-15 22:30:00,72.60,95.80
129N04394,2020-08-15 22:40:00,71.37,55.90
129N04394,2020-08-15 22:50:00,78.28,55.00
129N04394,2020-08-15 23:00:00,76.29,91.00
129N04394,2020-08-15 23:10:00,75.56,77.50
129N04394,2020-08-15 23:20:00,74.38,93.90
129N04394,2020-08-15 23:30:00,75.76,94.10
129N04394,2020-08-15 23:40:00,71.39,81.00
129N04394,2020-08-15 23:50:00,70.19,77.40
129N04395,2020-08-15 00:00:00,67.00,82.60
129N04395,2020-08-15 00:10:00,70.41,90.80
129N04395,2020-08-15 00:20:00,75.00,85.00
129N04395,2020-08-15 00:30:00,77.00,62.60
129N04395,2020-08-15 00:40:00,75.45,79.30
129N04395,2020-08-15 00:50:00,71.17,88.20
129N04395,2020-08-15 01:00:00,71.07,70.60
129N04395,2020-08-15 01:10:00,70.95,87.10
129N04395,2020-08-15 01:20:00,68.34,75.70
129N04395,2020-08-15 01:30:00,66.00,66.60
129N04395,2020-08-15 01:40:00,76.46,25.56
129N04395,2020-08-15 01:50:00,72.30,78.80
129N04395,2020-08-15 02:00:00,70.66,95.00
129N04395,2020-08-15 02:10:00,,
129N04395,2020-08-15 02:20:00,,
129N04395,2020-08-15 02:30:00,77.00,42.00
129N04395,2020-08-15 02:40:00,77.00,86.30
129N04395,2020-08-15 02:50:00,,
129N04395,2020-08-15 03:00:00,76.00,95.50
129N04395,2020-08-15 03:10:00,75.48,95.33
129N04395,2020-08-15 03:20:00,,
129N04395,2020-08-15 03:30:00,66.00,58.00
129N04395,2020-08-15 03:40:00,69.47,67.80
129N04395,2020-08-15 03:50:00,68.00,50.00
129N04395,2020-08-15 04:00:00,66.81,77.43
129N04395,2020-08-15 04:10:00,71.88,80.44
129N04395,2020-08-15 04:20:00,73.50,71.00
129N04395,2020-08-15 04:30:00,71.97,86.80
129N04395,2020-08-15 04:40:00,77.77,55.40
129N04395,2020-08-15 04:50:00,72.05,93.90
129N04395,2020-08-15 05:00:00,71.44,91.80
129N04395,2020-08-15 05:10:00,72.08,98.90
129N04395,2020-08-15 05:20:00,71.86,92.20
129N04395,2020-08-15 05:30:00,78.37,48.50
129N04395,2020-08-15 05:40:00,79.46,62.20
129N04395,2020-08-15 05:50:00,79.43,64.40
129N04395,2020-08-15 06:00:00,72.77,96.50
129N04395,2020-08-15 06:10:00,72.48,100.00
129N04395,2020-08-15 06:20:00,76.98,93.00
129N04395,2020-08-15 06:30:00,78.90,76.50
129N04395,2020-08-15 06:40:00,73.40,96.30
129N04395,2020-08-15 06:50:00,71.39,100.00
129N04395,2020-08-15 07:00:00,74.35,98.40
129N04395,2020-08-15 07:10:00,71.99,100.00
129N04395,2020-08-15 07:20:00,73.17,97.00
129N04395,2020-08-15 07:30:00,76.79,72.20
129N04395,2020-08-15 07:40:00,75.75,93.60
129N04395,2020-08-15 07:50:00,75.43,96.30
129N04395,2020-08-15 08:00:00,75.86,98.10
129N04395,2020-08-15 08:10:00,72.80,100.00
129N04395,2020-08-15 08:20:00,74.28,100.00
129N04395,2020-08-15 08:30:00,72.76,100.00
129N04395,2020-08-15 08:40:00,74.72,94.90
129N04395,2020-08-15 08:50:00,77.20,78.60
129N04395,2020-08-15 09:00:00,75.35,100.00
129N04395,2020-08-15 09:10:00,76.17,100.00
129N04395,2020-08-15 09:20:00,74.34,100.00
129N04395,2020-08-15 09:30:00,75.78,100.00
129N04395,2020-08-15 09:40:00,72.95,100.00
129N04395,2020-08-15 09:50:00,73.20,100.00
129N04395,2020-08-15 10:00:00,75.26,93.40
129N04395,2020-08-15 10:10:00,74.79,100.00
129N04395,2020-08-15 10:20:00,75.79,100.00
129N04395,2020-08-15 10:30:00,76.76,97.60
129N04395,2020-08-15 10:40:00,73.73,100.00
129N04395,2020-08-15 10:50:00,77.58,100.00
129N04395,2020-08-15 11:00:00,75.70,100.00
129N04395,2020-08-15 11:10:00,74.98,100.00
129N04395,2020-08-15 11:20:00,75.74,100.00
129N04395,2020-08-15 11:30:00,74.77,100.00
129N04395,2020-08-15 11:40:00,77.89,99.30
129N04395,2020-08-15 11:50:00,73.52,99.30
129N04395,2020-08-15 12:00:00,73.00,100.00
129N04395,2020-08-15 12:10:00,79.39,100.00
129N04395,2020-08-15 12:20:00,77.48,100.00
129N04395,2020-08-15 12:30:00,76.88,100.00
129N04395,2020-08-15 12:40:00,76.79,100.00
129N04395,2020-08-15 12:50:00,77.49,100.00
129N04395,2020-08-15 13:00:00,73.20,100.00
129N04395,2020-08-15 13:10:00,75.49,100.00
129N04395,2020-08-15 13:20:00,73.58,100.00
129N04395,2020-08-15 13:30:00,74.37,100.00
129N04395,2020-08-15 13:40:00,77.08,100.00
129N04395,2020-08-15 13:50:00,77.59,100.00
129N04395,2020-08-15 14:00:00,77.79,100.00
129N04395,2020-08-15 14:10:00,77.29,100.00
129N04395,2020-08-15 14:20:00,76.29,100.00
129N04395,2020-08-15 14:30:00,77.68,100.00
129N04395,2020-08-15 14:40:00,75.69,100.00
129N04395,2020-08-15 14:50:00,77.60,100.00
129N04395,2020-08-15 15:00:00,77.10,100.00
129N04395,2020-08-15 15:10:00,74.53,100.00
129N04395,2020-08-15 15:20:00,76.75,100.00
129N04395,2020-08-15 15:30:00,74.98,100.00
129N04395,2020-08-15 15:40:00,74.99,100.00
129N04395,2020-08-15 15:50:00,71.59,100.00
129N04395,2020-08-15 16:00:00,74.23,100.00
129N04395,2020-08-15 16:10:00,78.29,100.00
129N04395,2020-08-15 16:20:00,77.67,100.00
129N04395,2020-08-15 16:30:00,76.27,100.00
129N04395,2020-08-15 16:40:00,76.50,100.00
129N04395,2020-08-15 16:50:00,76.69,100.00
129N04395,2020-08-15 17:00:00,76.39,100.00
129N04395,2020-08-15 17:10:00,74.28,100.00
129N04395,2020-08-15 17:20:00,74.95,100.00
129N04395,2020-08-15 17:30:00,73.61,100.00
129N04395,2020-08-15 17:40:00,76.59,100.00
129N04395,2020-08-15 17:50:00,77.80,100.00
129N04395,2020-08-15 18:00:00,77.09,100.00
129N04395,2020-08-15 18:10:00,76.96,100.00
129N04395,2020-08-15 18:20:00,76.29,100.00
129N04395,2020-08-15 18:30:00,76.28,100.00
129N04395,2020-08-15 18:40:00,74.77,100.00
129N04395,2020-08-15 18:50:00,77.49,100.00
129N04395,2020-08-15 19:00:00,78.55,100.00
129N04395,2020-08-15 19:10:00,75.89,100.00
129N04395,2020-08-15 19:20:00,76.59,100.00
129N04395,2020-08-15 19:30:00,75.17,100.00
129N04395,2020-08-15 19:40:00,74.54,100.00
129N04395,2020-08-15 19:50:00,75.77,100.00
129N04395,2020-08-15 20:00:00,71.39,100.00
129N04395,2020-08-15 20:10:00,74.34,98.70
129N04395,2020-08-15 20:20:00,67.93,100.00
129N04395,2020-08-15 20:30:00,70.10,96.20
129N04395,2020-08-15 20:40:00,70.76,96.00
129N04395,2020-08-15 20:50:00,71.66,100.00
129N04395,2020-08-15 21:00:00,73.91,93.50
129N04395,2020-08-15 21:10:00,75.36,93.80
129N04395,2020-08-15 21:20:00,73.39,100.00
129N04395,2020-08-15 21:30:00,75.79,81.00
129N04395,2020-08-15 21:40:00,76.18,100.00
129N04395,2020-08-15 21:50:00,76.55,83.30
129N04395,2020-08-15 22:00:00,71.55,93.80
129N04395,2020-08-15 22:10:00,70.72,92.30
129N04395,2020-08-15 22:20:00,70.72,96.00
129N04395,2020-08-15 22:30:00,70.97,67.40
129N04395,2020-08-15 22:40:00,77.31,53.00
129N04395,2020-08-15 22:50:00,75.56,91.70
129N04395,2020-08-15 23:00:00,76.50,82.50
129N04395,2020-08-15 23:10:00,77.96,80.10
129N04395,2020-08-15 23:20:00,80.24,62.40
129N04395,2020-08-15 23:30:00,75.58,76.80
129N04395,2020-08-15 23:40:00,75.99,83.20
129N04395,2020-08-15 23:50:00,75.12,85.00
129N04392,2020-08-15 00:00:00,67.00,50.83
129N04392,2020-08-15 00:10:00,70.10,74.13
129N04392,2020-08-15 00:20:00,73.90,77.40
129N04392,2020-08-15 00:30:00,73.00,63.00
129N04392,2020-08-15 00:40:00,79.49,27.88
129N04392,2020-08-15 00:50:00,71.33,56.30
129N04392,2020-08-15 01:00:00,68.05,55.10
129N04392,2020-08-15 01:10:00,68.29,72.00
129N04392,2020-08-15 01:20:00,70.32,95.50
129N04392,2020-08-15 01:30:00,71.00,99.43
129N04392,2020-08-15 01:40:00,78.00,26.00
129N04392,2020-08-15 01:50:00,78.00,38.20
129N04392,2020-08-15 02:00:00,,
129N04392,2020-08-15 02:10:00,,
129N04392,2020-08-15 02:20:00,66.00,11.00
129N04392,2020-08-15 02:30:00,66.00,43.88
129N04392,2020-08-15 02:40:00,75.48,42.83
129N04392,2020-08-15 02:50:00,76.00,52.33
129N04392,2020-08-15 03:00:00,76.00,63.00
129N04392,2020-08-15 03:10:00,76.00,79.20
129N04392,2020-08-15 03:20:00,70.93,55.00
129N04392,2020-08-15 03:30:00,70.00,59.43
129N04392,2020-08-15 03:40:00,68.50,73.00
129N04392,2020-08-15 03:50:00,73.67,56.80
129N04392,2020-08-15 04:00:00,81.15,30.00
129N04392,2020-08-15 04:10:00,69.10,81.30
129N04392,2020-08-15 04:20:00,71.60,97.80
129N04392,2020-08-15 04:30:00,75.84,90.57
129N04392,2020-08-15 04:40:00,72.89,83.00
129N04392,2020-08-15 04:50:00,75.03,77.20
129N04392,2020-08-15 05:00:00,70.90,86.80
129N04392,2020-08-15 05:10:00,70.68,88.00
129N04392,2020-08-15 05:20:00,73.88,94.10
129N04392,2020-08-15 05:30:00,76.59,76.30
129N04392,2020-08-15 05:40:00,76.57,79.50
129N04392,2020-08-15 05:50:00,77.86,55.30
129N04392,2020-08-15 06:00:00,79.06,79.10
129N04392,2020-08-15 06:10:00,70.90,100.00
129N04392,2020-08-15 06:20:00,75.59,99.00
129N04392,2020-08-15 06:30:00,76.96,93.70
129N04392,2020-08-15 06:40:00,73.50,91.00
129N04392,2020-08-15 06:50:00,72.10,100.00
129N04392,2020-08-15 07:00:00,74.05,87.80
129N04392,2020-08-15 07:10:00,76.55,91.30
129N04392,2020-08-15 07:20:00,76.97,88.50
129N04392,2020-08-15 07:30:00,74.06,100.00
129N04392,2020-08-15 07:40:00,75.58,100.00
129N04392,2020-08-15 07:50:00,75.98,100.00
129N04392,2020-08-15 08:00:00,73.69,100.00
129N04392,2020-08-15 08:10:00,73.18,100.00
129N04392,2020-08-15 08:20:00,75.07,100.00
129N04392,2020-08-15 08:30:00,72.54,100.00
129N04392,2020-08-15 08:40:00,72.74,98.30
129N04392,2020-08-15 08:50:00,77.99,93.50
129N04392,2020-08-15 09:00:00,76.18,92.80
129N04392,2020-08-15 09:10:00,74.98,100.00
129N04392,2020-08-15 09:20:00,74.37,100.00
129N04392,2020-08-15 09:30:00,78.06,91.90
129N04392,2020-08-15 09:40:00,73.29,100.00
129N04392,2020-08-15 09:50:00,73.32,100.00
129N04392,2020-08-15 10:00:00,76.79,93.20
129N04392,2020-08-15 10:10:00,73.17,100.00
129N04392,2020-08-15 10:20:00,71.68,100.00
129N04392,2020-08-15 10:30:00,73.80,100.00
129N04392,2020-08-15 10:40:00,72.57,100.00
129N04392,2020-08-15 10:50:00,75.16,100.00
129N04392,2020-08-15 11:00:00,73.19,100.00
129N04392,2020-08-15 11:10:00,73.98,100.00
129N04392,2020-08-15 11:20:00,74.59,100.00
129N04392,2020-08-15 11:30:00,73.75,100.00
129N04392,2020-08-15 11:40:00,76.59,100.00
129N04392,2020-08-15 11:50:00,77.18,100.00
129N04392,2020-08-15 12:00:00,76.28,100.00
129N04392,2020-08-15 12:10:00,76.16,100.00
129N04392,2020-08-15 12:20:00,76.99,100.00
129N04392,2020-08-15 12:30:00,76.30,100.00
129N04392,2020-08-15 12:40:00,75.27,100.00
129N04392,2020-08-15 12:50:00,75.58,100.00
129N04392,2020-08-15 13:00:00,73.70,100.00
129N04392,2020-08-15 13:10:00,75.38,100.00
129N04392,2020-08-15 13:20:00,73.98,100.00
129N04392,2020-08-15 13:30:00,74.78,100.00
129N04392,2020-08-15 13:40:00,74.29,100.00
129N04392,2020-08-15 13:50:00,75.89,100.00
129N04392,2020-08-15 14:00:00,77.29,100.00
129N04392,2020-08-15 14:10:00,76.59,100.00
129N04392,2020-08-15 14:20:00,75.49,100.00
129N04392,2020-08-15 14:30:00,74.34,100.00
129N04392,2020-08-15 14:40:00,74.69,100.00
129N04392,2020-08-15 14:50:00,73.50,100.00
129N04392,2020-08-15 15:00:00,73.28,100.00
129N04392,2020-08-15 15:10:00,76.49,100.00
129N04392,2020-08-15 15:20:00,76.27,100.00
129N04392,2020-08-15 15:30:00,74.78,100.00
129N04392,2020-08-15 15:40:00,78.48,92.40
129N04392,2020-08-15 15:50:00,74.36,100.00
129N04392,2020-08-15 16:00:00,72.99,100.00
129N04392,2020-08-15 16:10:00,74.55,100.00
129N04392,2020-08-15 16:20:00,77.29,100.00
129N04392,2020-08-15 16:30:00,76.49,100.00
129N04392,2020-08-15 16:40:00,74.59,100.00
129N04392,2020-08-15 16:50:00,74.89,100.00
129N04392,2020-08-15 17:00:00,76.56,100.00
129N04392,2020-08-15 17:10:00,76.14,100.00
129N04392,2020-08-15 17:20:00,74.29,100.00
129N04392,2020-08-15 17:30:00,73.75,100.00
129N04392,2020-08-15 17:40:00,75.36,100.00
129N04392,2020-08-15 17:50:00,76.20,100.00
129N04392,2020-08-15 18:00:00,76.49,100.00
129N04392,2020-08-15 18:10:00,76.29,100.00
129N04392,2020-08-15 18:20:00,75.27,100.00
129N04392,2020-08-15 18:30:00,74.14,100.00
129N04392,2020-08-15 18:40:00,75.79,100.00
129N04392,2020-08-15 18:50:00,75.70,100.00
129N04392,2020-08-15 19:00:00,74.26,100.00
129N04392,2020-08-15 19:10:00,71.45,83.60
129N04392,2020-08-15 19:20:00,76.60,100.00
129N04392,2020-08-15 19:30:00,72.72,95.20
129N04392,2020-08-15 19:40:00,74.09,100.00
129N04392,2020-08-15 19:50:00,75.58,100.00
129N04392,2020-08-15 20:00:00,73.96,100.00
129N04392,2020-08-15 20:10:00,69.54,83.70
129N04392,2020-08-15 20:20:00,71.36,100.00
129N04392,2020-08-15 20:30:00,74.63,100.00
129N04392,2020-08-15 20:40:00,71.42,94.00
129N04392,2020-08-15 20:50:00,71.29,100.00
129N04392,2020-08-15 21:00:00,70.58,88.70
129N04392,2020-08-15 21:10:00,73.49,96.20
129N04392,2020-08-15 21:20:00,73.49,100.00
129N04392,2020-08-15 21:30:00,67.93,69.50
129N04392,2020-08-15 21:40:00,75.58,69.90
129N04392,2020-08-15 21:50:00,75.54,100.00
129N04392,2020-08-15 22:00:00,72.25,90.30
129N04392,2020-08-15 22:10:00,73.08,100.00
129N04392,2020-08-15 22:20:00,71.47,100.00
129N04392,2020-08-15 22:30:00,74.09,61.60
129N04392,2020-08-15 22:40:00,73.39,100.00
129N04392,2020-08-15 22:50:00,73.22,87.30
129N04392,2020-08-15 23:00:00,70.69,82.70
129N04392,2020-08-15 23:10:00,77.18,74.00
129N04392,2020-08-15 23:20:00,73.78,72.80
129N04392,2020-08-15 23:30:00,73.28,97.20
129N04392,2020-08-15 23:40:00,71.64,83.00
129N04392,2020-08-15 23:50:00,69.00,65.89
129N04393,2020-08-15 00:00:00,67.83,81.33
129N04393,2020-08-15 00:10:00,72.37,58.75
129N04393,2020-08-15 00:20:00,78.00,34.67
129N04393,2020-08-15 00:30:00,,
129N04393,2020-08-15 00:40:00,77.58,70.70
129N04393,2020-08-15 00:50:00,66.56,42.40
129N04393,2020-08-15 01:00:00,62.36,20.80
129N04393,2020-08-15 01:10:00,66.41,80.80
129N04393,2020-08-15 01:20:00,69.00,99.60
129N04393,2020-08-15 01:30:00,66.26,86.67
129N04393,2020-08-15 01:40:00,73.00,39.75
129N04393,2020-08-15 01:50:00,76.18,34.20
129N04393,2020-08-15 02:00:00,82.00,28.14
129N04393,2020-08-15 02:10:00,,
129N04393,2020-08-15 02:20:00,64.00,26.00
129N04393,2020-08-15 02:30:00,63.80,36.20
129N04393,2020-08-15 02:40:00,73.00,98.71
129N04393,2020-08-15 02:50:00,73.00,87.75
129N04393,2020-08-15 03:00:00,73.00,80.67
129N04393,2020-08-15 03:10:00,73.00,90.56
129N04393,2020-08-15 03:20:00,,
129N04393,2020-08-15 03:30:00,,
129N04393,2020-08-15 03:40:00,67.30,70.50
129N04393,2020-08-15 03:50:00,70.74,59.30
129N04393,2020-08-15 04:00:00,75.48,54.67
129N04393,2020-08-15 04:10:00,68.43,88.40
129N04393,2020-08-15 04:20:00,71.00,97.00
129N04393,2020-08-15 04:30:00,71.96,95.71
129N04393,2020-08-15 04:40:00,71.87,79.40
129N04393,2020-08-15 04:50:00,74.03,73.70
129N04393,2020-08-15 05:00:00,67.07,58.30
129N04393,2020-08-15 05:10:00,70.66,91.40
129N04393,2020-08-15 05:20:00,71.30,98.40
129N04393,2020-08-15 05:30:00,74.46,80.10
129N04393,2020-08-15 05:40:00,74.12,65.30
129N04393,2020-08-15 05:50:00,75.97,55.40
129N04393,2020-08-15 06:00:00,74.65,82.20
129N04393,2020-08-15 06:10:00,68.79,92.50
129N04393,2020-08-15 06:20:00,72.19,100.00
129N04393,2020-08-15 06:30:00,79.46,49.30
129N04393,2020-08-15 06:40:00,71.19,100.00
129N04393,2020-08-15 06:50:00,71.10,100.00
129N04393,2020-08-15 07:00:00,74.43,76.20
129N04393,2020-08-15 07:10:00,75.65,93.20
129N04393,2020-08-15 07:20:00,74.05,97.40
129N04393,2020-08-15 07:30:00,75.12,93.30
129N04393,2020-08-15 07:40:00,74.27,93.30
129N04393,2020-08-15 07:50:00,73.07,100.00
129N04393,2020-08-15 08:00:00,72.44,97.80
129N04393,2020-08-15 08:10:00,74.92,90.20
129N04393,2020-08-15 08:20:00,72.49,100.00
129N04393,2020-08-15 08:30:00,70.80,100.00
129N04393,2020-08-15 08:40:00,72.17,99.00
129N04393,2020-08-15 08:50:00,75.60,97.70
129N04393,2020-08-15 09:00:00,73.19,97.90
129N04393,2020-08-15 09:10:00,74.08,99.40
129N04393,2020-08-15 09:20:00,71.39,98.70
129N04393,2020-08-15 09:30:00,73.44,99.30
129N04393,2020-08-15 09:40:00,69.12,87.50
129N04393,2020-08-15 09:50:00,73.48,81.10
129N04393,2020-08-15 10:00:00,76.41,71.90
129N04393,2020-08-15 10:10:00,72.40,100.00
129N04393,2020-08-15 10:20:00,72.57,100.00
129N04393,2020-08-15 10:30:00,71.39,100.00
129N04393,2020-08-15 10:40:00,70.90,100.00
129N04393,2020-08-15 10:50:00,72.88,100.00
129N04393,2020-08-15 11:00:00,73.48,100.00
129N04393,2020-08-15 11:10:00,71.39,100.00
129N04393,2020-08-15 11:20:00,73.67,100.00
129N04393,2020-08-15 11:30:00,71.88,100.00
129N04393,2020-08-15 11:40:00,74.96,98.10
129N04393,2020-08-15 11:50:00,76.87,85.50
129N04393,2020-08-15 12:00:00,73.95,100.00
129N04393,2020-08-15 12:10:00,74.35,100.00
129N04393,2020-08-15 12:20:00,73.98,100.00
129N04393,2020-08-15 12:30:00,72.86,100.00
129N04393,2020-08-15 12:40:00,72.66,100.00
129N04393,2020-08-15 12:50:00,72.29,100.00
129N04393,2020-08-15 13:00:00,71.29,100.00
129N04393,2020-08-15 13:10:00,71.27,100.00
129N04393,2020-08-15 13:20:00,73.40,100.00
129N04393,2020-08-15 13:30:00,73.29,100.00
129N04393,2020-08-15 13:40:00,71.60,100.00
129N04393,2020-08-15 13:50:00,73.78,100.00
129N04393,2020-08-15 14:00:00,73.49,100.00
129N04393,2020-08-15 14:10:00,74.29,100.00
129N04393,2020-08-15 14:20:00,74.58,100.00
129N04393,2020-08-15 14:30:00,71.00,100.00
129N04393,2020-08-15 14:40:00,72.09,100.00
129N04393,2020-08-15 14:50:00,71.99,100.00
129N04393,2020-08-15 15:00:00,71.78,100.00
129N04393,2020-08-15 15:10:00,75.20,100.00
129N04393,2020-08-15 15:20:00,73.08,100.00
129N04393,2020-08-15 15:30:00,73.75,100.00
129N04393,2020-08-15 15:40:00,74.86,98.00
129N04393,2020-08-15 15:50:00,71.55,100.00
129N04393,2020-08-15 16:00:00,71.58,100.00
129N04393,2020-08-15 16:10:00,74.19,100.00
129N04393,2020-08-15 16:20:00,75.20,100.00
129N04393,2020-08-15 16:30:00,71.38,100.00
129N04393,2020-08-15 16:40:00,72.79,100.00
129N04393,2020-08-15 16:50:00,71.99,100.00
129N04393,2020-08-15 17:00:00,73.78,100.00
129N04393,2020-08-15 17:10:00,73.81,100.00
129N04393,2020-08-15 17:20:00,72.67,100.00
129N04393,2020-08-15 17:30:00,71.78,100.00
129N04393,2020-08-15 17:40:00,73.43,100.00
129N04393,2020-08-15 17:50:00,76.49,100.00
129N04393,2020-08-15 18:00:00,75.69,100.00
129N04393,2020-08-15 18:10:00,73.28,100.00
129N04393,2020-08-15 18:20:00,71.99,100.00
129N04393,2020-08-15 18:30:00,70.79,100.00
129N04393,2020-08-15 18:40:00,71.49,100.00
129N04393,2020-08-15 18:50:00,69.34,100.00
129N04393,2020-08-15 19:00:00,74.38,100.00
129N04393,2020-08-15 19:10:00,73.73,100.00
129N04393,2020-08-15 19:20:00,74.80,100.00
129N04393,2020-08-15 19:30:00,70.47,98.20
129N04393,2020-08-15 19:40:00,71.99,100.00
129N04393,2020-08-15 19:50:00,72.94,100.00
129N04393,2020-08-15 20:00:00,69.37,88.10
129N04393,2020-08-15 20:10:00,67.29,66.10
129N04393,2020-08-15 20:20:00,70.29,99.10
129N04393,2020-08-15 20:30:00,70.96,99.20
129N04393,2020-08-15 20:40:00,68.89,98.50
129N04393,2020-08-15 20:50:00,68.86,98.10
129N04393,2020-08-15 21:00:00,69.08,96.50
129N04393,2020-08-15 21:10:00,70.79,100.00
129N04393,2020-08-15 21:20:00,70.39,100.00
129N04393,2020-08-15 21:30:00,65.32,67.30
129N04393,2020-08-15 21:40:00,70.94,96.40
129N04393,2020-08-15 21:50:00,68.97,100.00
129N04393,2020-08-15 22:00:00,66.76,89.60
129N04393,2020-08-15 22:10:00,70.92,96.80
129N04393,2020-08-15 22:20:00,65.26,79.60
129N04393,2020-08-15 22:30:00,71.67,73.50
129N04393,2020-08-15 22:40:00,71.57,93.10
129N04393,2020-08-15 22:50:00,72.01,75.30
129N04393,2020-08-15 23:00:00,70.98,97.00
129N04393,2020-08-15 23:10:00,72.55,93.44
129N04393,2020-08-15 23:20:00,66.49,65.80
129N04393,2020-08-15 23:30:00,71.77,90.50
129N04393,2020-08-15 23:40:00,67.47,79.88
129N04393,2020-08-15 23:50:00,67.30,89.10
129N04390,2020-08-15 00:00:00,67.00,79.00
129N04390,2020-08-15 00:10:00,67.00,83.00
129N04390,2020-08-15 00:20:00,,
129N04390,2020-08-15 00:30:00,,
129N04390,2020-08-15 00:40:00,78.00,21.80
129N04390,2020-08-15 00:50:00,74.01,60.00
129N04390,2020-08-15 01:00:00,69.69,68.30
129N04390,2020-08-15 01:10:00,66.10,44.90
129N04390,2020-08-15 01:20:00,67.53,76.80
129N04390,2020-08-15 01:30:00,70.00,98.90
129N04390,2020-08-15 01:40:00,70.00,94.50
129N04390,2020-08-15 01:50:00,74.74,53.50
129N04390,2020-08-15 02:00:00,73.00,85.90
129N04390,2020-08-15 02:10:00,72.50,98.00
129N04390,2020-08-15 02:20:00,,
129N04390,2020-08-15 02:30:00,,
129N04390,2020-08-15 02:40:00,72.00,99.33
129N04390,2020-08-15 02:50:00,72.00,99.78
129N04390,2020-08-15 03:00:00,,
129N04390,2020-08-15 03:10:00,76.37,78.50
129N04390,2020-08-15 03:20:00,74.74,86.17
129N04390,2020-08-15 03:30:00,69.00,68.60
129N04390,2020-08-15 03:40:00,,
129N04390,2020-08-15 03:50:00,68.47,67.90
129N04390,2020-08-15 04:00:00,67.80,83.70
129N04390,2020-08-15 04:10:00,67.43,93.67
129N04390,2020-08-15 04:20:00,71.25,84.13
129N04390,2020-08-15 04:30:00,78.00,23.50
129N04390,2020-08-15 04:40:00,71.65,83.10
129N04390,2020-08-15 04:50:00,69.97,96.00
129N04390,2020-08-15 05:00:00,71.39,97.30
129N04390,2020-08-15 05:10:00,75.94,76.60
129N04390,2020-08-15 05:20:00,72.19,98.50
129N04390,2020-08-15 05:30:00,76.15,78.00
129N04390,2020-08-15 05:40:00,77.29,79.00
129N04390,2020-08-15 05:50:00,76.56,79.10
129N04390,2020-08-15 06:00:00,79.80,70.60
129N04390,2020-08-15 06:10:00,70.83,73.00
129N04390,2020-08-15 06:20:00,72.16,100.00
129N04390,2020-08-15 06:30:00,71.39,100.00
129N04390,2020-08-15 06:40:00,77.47,57.90
129N04390,2020-08-15 06:50:00,73.59,98.80
129N04390,2020-08-15 07:00:00,72.99,100.00
129N04390,2020-08-15 07:10:00,78.47,74.80
129N04390,2020-08-15 07:20:00,76.16,95.50
129N04390,2020-08-15 07:30:00,75.40,91.20
129N04390,2020-08-15 07:40:00,74.37,100.00
129N04390,2020-08-15 07:50:00,76.20,98.90
129N04390,2020-08-15 08:00:00,74.56,98.90
129N04390,2020-08-15 08:10:00,77.08,97.30
129N04390,2020-08-15 08:20:00,75.15,98.50
129N04390,2020-08-15 08:30:00,74.38,100.00
129N04390,2020-08-15 08:40:00,73.39,100.00
129N04390,2020-08-15 08:50:00,79.80,71.60
129N04390,2020-08-15 09:00:00,73.81,97.20
129N04390,2020-08-15 09:10:00,73.85,100.00
129N04390,2020-08-15 09:20:00,75.45,99.20
129N04390,2020-08-15 09:30:00,75.37,100.00
129N04390,2020-08-15 09:40:00,74.18,96.80
129N04390,2020-08-15 09:50:00,72.63,99.10
129N04390,2020-08-15 10:00:00,77.59,86.40
129N04390,2020-08-15 10:10:00,75.04,96.40
129N04390,2020-08-15 10:20:00,73.98,97.80
129N04390,2020-08-15 10:30:00,72.54,97.30
129N04390,2020-08-15 10:40:00,72.48,100.00
129N04390,2020-08-15 10:50:00,74.04,100.00
129N04390,2020-08-15 11:00:00,73.58,100.00
129N04390,2020-08-15 11:10:00,76.19,100.00
129N04390,2020-08-15 11:20:00,75.89,100.00
129N04390,2020-08-15 11:30:00,75.37,100.00
129N04390,2020-08-15 11:40:00,75.87,100.00
129N04390,2020-08-15 11:50:00,77.35,94.50
129N04390,2020-08-15 12:00:00,75.57,100.00
129N04390,2020-08-15 12:10:00,74.22,100.00
129N04390,2020-08-15 12:20:00,78.40,100.00
129N04390,2020-08-15 12:30:00,78.59,100.00
129N04390,2020-08-15 12:40:00,74.27,100.00
129N04390,2020-08-15 12:50:00,77.38,100.00
129N04390,2020-08-15 13:00:00,74.28,100.00
129N04390,2020-08-15 13:10:00,72.90,100.00
129N04390,2020-08-15 13:20:00,75.57,100.00
129N04390,2020-08-15 13:30:00,76.00,100.00
129N04390,2020-08-15 13:40:00,73.48,100.00
129N04390,2020-08-15 13:50:00,72.99,100.00
129N04390,2020-08-15 14:00:00,75.07,100.00
129N04390,2020-08-15 14:10:00,75.13,100.00
129N04390,2020-08-15 14:20:00,74.48,100.00
129N04390,2020-08-15 14:30:00,75.85,100.00
129N04390,2020-08-15 14:40:00,75.68,100.00
129N04390,2020-08-15 14:50:00,76.89,100.00
129N04390,2020-08-15 15:00:00,74.64,100.00
129N04390,2020-08-15 15:10:00,75.18,100.00
129N04390,2020-08-15 15:20:00,74.31,100.00
129N04390,2020-08-15 15:30:00,77.04,100.00
129N04390,2020-08-15 15:40:00,76.47,100.00
129N04390,2020-08-15 15:50:00,76.27,96.20
129N04390,2020-08-15 16:00:00,73.36,100.00
129N04390,2020-08-15 16:10:00,74.66,100.00
129N04390,2020-08-15 16:20:00,76.49,100.00
129N04390,2020-08-15 16:30:00,76.68,100.00
129N04390,2020-08-15 16:40:00,75.49,100.00
129N04390,2020-08-15 16:50:00,77.27,100.00
129N04390,2020-08-15 17:00:00,77.65,95.90
129N04390,2020-08-15 17:10:00,77.97,100.00
129N04390,2020-08-15 17:20:00,74.86,100.00
129N04390,2020-08-15 17:30:00,75.96,100.00
129N04390,2020-08-15 17:40:00,73.87,100.00
129N04390,2020-08-15 17:50:00,77.29,100.00
129N04390,2020-08-15 18:00:00,78.00,100.00
129N04390,2020-08-15 18:10:00,77.37,100.00
129N04390,2020-08-15 18:20:00,78.15,100.00
129N04390,2020-08-15 18:30:00,75.78,100.00
129N04390,2020-08-15 18:40:00,75.97,100.00
129N04390,2020-08-15 18:50:00,77.07,100.00
129N04390,2020-08-15 19:00:00,77.98,100.00
129N04390,2020-08-15 19:10:00,75.76,100.00
129N04390,2020-08-15 19:20:00,76.49,100.00
129N04390,2020-08-15 19:30:00,76.79,100.00
129N04390,2020-08-15 19:40:00,75.89,100.00
129N04390,2020-08-15 19:50:00,72.95,100.00
129N04390,2020-08-15 20:00:00,75.34,100.00
129N04390,2020-08-15 20:10:00,71.87,100.00
129N04390,2020-08-15 20:20:00,70.99,96.90
129N04390,2020-08-15 20:30:00,74.46,100.00
129N04390,2020-08-15 20:40:00,72.38,100.00
129N04390,2020-08-15 20:50:00,68.12,66.20
129N04390,2020-08-15 21:00:00,70.52,80.00
129N04390,2020-08-15 21:10:00,70.63,91.90
129N04390,2020-08-15 21:20:00,72.74,100.00
129N04390,2020-08-15 21:30:00,69.13,89.20
129N04390,2020-08-15 21:40:00,76.08,90.00
129N04390,2020-08-15 21:50:00,73.10,100.00
129N04390,2020-08-15 22:00:00,75.07,79.00
129N04390,2020-08-15 22:10:00,74.18,100.00
129N04390,2020-08-15 22:20:00,73.98,100.00
129N04390,2020-08-15 22:30:00,74.21,94.20
129N04390,2020-08-15 22:40:00,72.70,92.10
129N04390,2020-08-15 22:50:00,77.66,64.00
129N04390,2020-08-15 23:00:00,76.68,78.80
129N04390,2020-08-15 23:10:00,74.04,91.40
129N04390,2020-08-15 23:20:00,76.54,93.60
129N04390,2020-08-15 23:30:00,73.20,90.20
129N04390,2020-08-15 23:40:00,69.79,53.50
129N04390,2020-08-15 23:50:00,69.39,70.70
129N04391,2020-08-15 00:00:00,66.00,85.17
129N04391,2020-08-15 00:10:00,68.10,76.86
129N04391,2020-08-15 00:20:00,74.00,50.50
129N04391,2020-08-15 00:30:00,74.00,56.00
129N04391,2020-08-15 00:40:00,78.00,31.83
129N04391,2020-08-15 00:50:00,71.16,52.00
129N04391,2020-08-15 01:00:00,68.35,57.40
129N04391,2020-08-15 01:10:00,67.64,73.90
129N04391,2020-08-15 01:20:00,69.33,94.50
129N04391,2020-08-15 01:30:00,70.00,99.56
129N04391,2020-08-15 01:40:00,,
129N04391,2020-08-15 01:50:00,73.00,76.88
129N04391,2020-08-15 02:00:00,73.00,86.00
129N04391,2020-08-15 02:10:00,,
129N04391,2020-08-15 02:20:00,67.50,67.75
129N04391,2020-08-15 02:30:00,67.11,69.67
129N04391,2020-08-15 02:40:00,77.25,21.00
129N04391,2020-08-15 02:50:00,76.74,49.25
129N04391,2020-08-15 03:00:00,75.00,91.00
129N04391,2020-08-15 03:10:00,76.20,86.80
129N04391,2020-08-15 03:20:00,71.67,65.71
129N04391,2020-08-15 03:30:00,68.00,49.44
129N04391,2020-08-15 03:40:00,67.99,65.00
129N04391,2020-08-15 03:50:00,68.99,80.00
129N04391,2020-08-15 04:00:00,73.00,81.20
129N04391,2020-08-15 04:10:00,69.00,82.60
129N04391,2020-08-15 04:20:00,71.43,94.14
129N04391,2020-08-15 04:30:00,75.72,53.60
129N04391,2020-08-15 04:40:00,71.69,87.56
129N04391,2020-08-15 04:50:00,75.83,58.20
129N04391,2020-08-15 05:00:00,69.68,79.90
129N04391,2020-08-15 05:10:00,73.21,87.50
129N04391,2020-08-15 05:20:00,72.59,99.00
129N04391,2020-08-15 05:30:00,75.89,84.10
129N04391,2020-08-15 05:40:00,75.18,87.00
129N04391,2020-08-15 05:50:00,77.51,69.90
129N04391,2020-08-15 06:00:00,77.92,72.30
129N04391,2020-08-15 06:10:00,70.44,92.00
129N04391,2020-08-15 06:20:00,74.35,99.40
129N04391,2020-08-15 06:30:00,76.74,90.00
129N04391,2020-08-15 06:40:00,76.80,79.60
129N04391,2020-08-15 06:50:00,73.57,100.00
129N04391,2020-08-15 07:00:00,72.50,100.00
129N04391,2020-08-15 07:10:00,74.18,100.00
129N04391,2020-08-15 07:20:00,75.62,87.10
129N04391,2020-08-15 07:30:00,72.95,100.00
129N04391,2020-08-15 07:40:00,73.01,100.00
129N04391,2020-08-15 07:50:00,75.19,100.00
129N04391,2020-08-15 08:00:00,72.86,100.00
129N04391,2020-08-15 08:10:00,74.26,98.10
129N04391,2020-08-15 08:20:00,73.60,93.30
129N04391,2020-08-15 08:30:00,74.05,100.00
129N04391,2020-08-15 08:40:00,70.19,100.00
129N04391,2020-08-15 08:50:00,78.70,86.70
129N04391,2020-08-15 09:00:00,74.25,98.20
129N04391,2020-08-15 09:10:00,74.12,100.00
129N04391,2020-08-15 09:20:00,75.77,95.10
129N04391,2020-08-15 09:30:00,75.69,100.00
129N04391,2020-08-15 09:40:00,74.87,100.00
129N04391,2020-08-15 09:50:00,73.10,100.00
129N04391,2020-08-15 10:00:00,75.99,97.00
129N04391,2020-08-15 10:10:00,74.39,100.00
129N04391,2020-08-15 10:20:00,73.59,100.00
129N04391,2020-08-15 10:30:00,72.29,100.00
129N04391,2020-08-15 10:40:00,73.96,100.00
129N04391,2020-08-15 10:50:00,74.58,100.00
129N04391,2020-08-15 11:00:00,73.27,100.00
129N04391,2020-08-15 11:10:00,74.49,100.00
129N04391,2020-08-15 11:20:00,73.88,100.00
129N04391,2020-08-15 11:30:00,74.45,100.00
129N04391,2020-08-15 11:40:00,75.48,98.40
129N04391,2020-08-15 11:50:00,75.51,91.30
129N04391,2020-08-15 12:00:00,74.47,100.00
129N04391,2020-08-15 12:10:00,72.76,100.00
129N04391,2020-08-15 12:20:00,76.39,100.00
129N04391,2020-08-15 12:30:00,73.97,100.00
129N04391,2020-08-15 12:40:00,74.07,100.00
129N04391,2020-08-15 12:50:00,74.77,100.00
129N04391,2020-08-15 13:00:00,73.59,100.00
129N04391,2020-08-15 13:10:00,74.04,100.00
129N04391,2020-08-15 13:20:00,74.28,100.00
129N04391,2020-08-15 13:30:00,74.06,100.00
129N04391,2020-08-15 13:40:00,74.28,100.00
129N04391,2020-08-15 13:50:00,74.68,100.00
129N04391,2020-08-15 14:00:00,76.09,100.00
129N04391,2020-08-15 14:10:00,75.10,100.00
129N04391,2020-08-15 14:20:00,72.67,100.00
129N04391,2020-08-15 14:30:00,73.94,100.00
129N04391,2020-08-15 14:40:00,75.19,100.00
129N04391,2020-08-15 14:50:00,73.29,100.00
129N04391,2020-08-15 15:00:00,71.17,100.00
129N04391,2020-08-15 15:10:00,74.18,100.00
129N04391,2020-08-15 15:20:00,74.59,100.00
129N04391,2020-08-15 15:30:00,74.75,100.00
129N04391,2020-08-15 15:40:00,73.39,100.00
129N04391,2020-08-15 15:50:00,73.37,100.00
129N04391,2020-08-15 16:00:00,73.67,100.00
129N04391,2020-08-15 16:10:00,73.58,100.00
129N04391,2020-08-15 16:20:00,75.59,100.00
129N04391,2020-08-15 16:30:00,73.63,100.00
129N04391,2020-08-15 16:40:00,72.49,100.00
129N04391,2020-08-15 16:50:00,76.69,97.10
129N04391,2020-08-15 17:00:00,74.68,100.00
129N04391,2020-08-15 17:10:00,75.67,100.00
129N04391,2020-08-15 17:20:00,73.08,100.00
129N04391,2020-08-15 17:30:00,75.10,100.00
129N04391,2020-08-15 17:40:00,74.28,100.00
129N04391,2020-08-15 17:50:00,75.89,100.00
129N04391,2020-08-15 18:00:00,75.20,100.00
129N04391,2020-08-15 18:10:00,76.98,100.00
129N04391,2020-08-15 18:20:00,76.07,100.00
129N04391,2020-08-15 18:30:00,74.98,100.00
129N04391,2020-08-15 18:40:00,76.29,100.00
129N04391,2020-08-15 18:50:00,76.38,100.00
129N04391,2020-08-15 19:00:00,75.78,100.00
129N04391,2020-08-15 19:10:00,74.36,100.00
129N04391,2020-08-15 19:20:00,75.20,100.00
129N04391,2020-08-15 19:30:00,73.77,100.00
129N04391,2020-08-15 19:40:00,72.30,100.00
129N04391,2020-08-15 19:50:00,73.07,100.00
129N04391,2020-08-15 20:00:00,74.03,100.00
129N04391,2020-08-15 20:10:00,72.04,95.90
129N04391,2020-08-15 20:20:00,74.58,100.00
129N04391,2020-08-15 20:30:00,73.54,100.00
129N04391,2020-08-15 20:40:00,69.60,80.00
129N04391,2020-08-15 20:50:00,71.47,93.90
129N04391,2020-08-15 21:00:00,70.87,97.60
129N04391,2020-08-15 21:10:00,69.78,93.10
129N04391,2020-08-15 21:20:00,70.18,100.00
129N04391,2020-08-15 21:30:00,69.28,78.30
129N04391,2020-08-15 21:40:00,73.48,46.20
129N04391,2020-08-15 21:50:00,72.28,98.50
129N04391,2020-08-15 22:00:00,79.16,34.00
129N04391,2020-08-15 22:10:00,72.89,100.00
129N04391,2020-08-15 22:20:00,70.97,100.00
129N04391,2020-08-15 22:30:00,73.45,87.10
129N04391,2020-08-15 22:40:00,72.06,94.10
129N04391,2020-08-15 22:50:00,76.80,86.70
129N04391,2020-08-15 23:00:00,73.91,88.70
129N04391,2020-08-15 23:10:00,75.41,89.30
129N04391,2020-08-15 23:20:00,72.59,91.60
129N04391,2020-08-15 23:30:00,72.97,94.90
129N04391,2020-08-15 23:40:00,71.23,82.30
129N04391,2020-08-15 23:50:00,68.20,68.80
129N04389,2020-08-15 00:00:00,65.96,72.25
129N04389,2020-08-15 00:10:00,65.00,71.75
129N04389,2020-08-15 00:20:00,,
129N04389,2020-08-15 00:30:00,,
129N04389,2020-08-15 00:40:00,79.00,18.60
129N04389,2020-08-15 00:50:00,75.20,55.60
129N04389,2020-08-15 01:00:00,68.58,58.60
129N04389,2020-08-15 01:10:00,65.00,48.90
129N04389,2020-08-15 01:20:00,66.19,78.60
129N04389,2020-08-15 01:30:00,69.39,99.10
129N04389,2020-08-15 01:40:00,69.00,98.50
129N04389,2020-08-15 01:50:00,69.00,96.25
129N04389,2020-08-15 02:00:00,72.19,87.70
129N04389,2020-08-15 02:10:00,66.01,55.33
129N04389,2020-08-15 02:20:00,63.00,47.00
129N04389,2020-08-15 02:30:00,,
129N04389,2020-08-15 02:40:00,67.63,76.00
129N04389,2020-08-15 02:50:00,73.00,55.10
129N04389,2020-08-15 03:00:00,,
129N04389,2020-08-15 03:10:00,71.00,94.80
129N04389,2020-08-15 03:20:00,71.00,98.00
129N04389,2020-08-15 03:30:00,73.00,98.80
129N04389,2020-08-15 03:40:00,73.00,98.00
129N04389,2020-08-15 03:50:00,67.56,82.70
129N04389,2020-08-15 04:00:00,71.63,90.20
129N04389,2020-08-15 04:10:00,67.88,88.50
129N04389,2020-08-15 04:20:00,71.00,97.20
129N04389,2020-08-15 04:30:00,75.41,73.25
129N04389,2020-08-15 04:40:00,74.24,91.40
129N04389,2020-08-15 04:50:00,77.78,95.22
129N04389,2020-08-15 05:00:00,70.39,97.70
129N04389,2020-08-15 05:10:00,75.35,79.40
129N04389,2020-08-15 05:20:00,72.59,97.60
129N04389,2020-08-15 05:30:00,74.76,78.10
129N04389,2020-08-15 05:40:00,76.80,81.20
129N04389,2020-08-15 05:50:00,72.05,79.60
129N04389,2020-08-15 06:00:00,77.20,84.90
129N04389,2020-08-15 06:10:00,71.21,100.00
129N04389,2020-08-15 06:20:00,71.14,93.20
129N04389,2020-08-15 06:30:00,71.51,100.00
129N04389,2020-08-15 06:40:00,76.19,76.60
129N04389,2020-08-15 06:50:00,73.27,100.00
129N04389,2020-08-15 07:00:00,72.38,100.00
129N04389,2020-08-15 07:10:00,73.37,100.00
129N04389,2020-08-15 07:20:00,72.19,100.00
129N04389,2020-08-15 07:30:00,73.69,97.50
129N04389,2020-08-15 07:40:00,73.79,97.50
129N04389,2020-08-15 07:50:00,73.98,98.80
129N04389,2020-08-15 08:00:00,72.96,98.80
129N04389,2020-08-15 08:10:00,76.18,86.50
129N04389,2020-08-15 08:20:00,73.36,100.00
129N04389,2020-08-15 08:30:00,73.39,100.00
129N04389,2020-08-15 08:40:00,72.58,100.00
129N04389,2020-08-15 08:50:00,76.39,72.70
129N04389,2020-08-15 09:00:00,72.32,97.10
129N04389,2020-08-15 09:10:00,72.15,100.00
129N04389,2020-08-15 09:20:00,73.35,100.00
129N04389,2020-08-15 09:30:00,73.95,100.00
129N04389,2020-08-15 09:40:00,75.00,100.00
129N04389,2020-08-15 09:50:00,72.51,98.70
129N04389,2020-08-15 10:00:00,77.49,89.50
129N04389,2020-08-15 10:10:00,74.00,90.70
129N04389,2020-08-15 10:20:00,71.75,100.00
129N04389,2020-08-15 10:30:00,75.56,98.00
129N04389,2020-08-15 10:40:00,73.18,100.00
129N04389,2020-08-15 10:50:00,74.38,100.00
129N04389,2020-08-15 11:00:00,73.78,100.00
129N04389,2020-08-15 11:10:00,74.58,100.00
129N04389,2020-08-15 11:20:00,73.39,100.00
129N04389,2020-08-15 11:30:00,74.75,100.00
129N04389,2020-08-15 11:40:00,74.37,100.00
129N04389,2020-08-15 11:50:00,75.56,100.00
129N04389,2020-08-15 12:00:00,74.57,100.00
129N04389,2020-08-15 12:10:00,72.77,100.00
129N04389,2020-08-15 12:20:00,76.39,100.00
129N04389,2020-08-15 12:30:00,77.79,100.00
129N04389,2020-08-15 12:40:00,74.97,100.00
129N04389,2020-08-15 12:50:00,75.57,100.00
129N04389,2020-08-15 13:00:00,72.69,100.00
129N04389,2020-08-15 13:10:00,71.58,100.00
129N04389,2020-08-15 13:20:00,72.58,100.00
129N04389,2020-08-15 13:30:00,74.19,100.00
129N04389,2020-08-15 13:40:00,72.57,100.00
129N04389,2020-08-15 13:50:00,71.00,100.00
129N04389,2020-08-15 14:00:00,74.17,100.00
129N04389,2020-08-15 14:10:00,74.99,100.00
129N04389,2020-08-15 14:20:00,74.97,100.00
129N04389,2020-08-15 14:30:00,76.18,100.00
129N04389,2020-08-15 14:40:00,74.59,100.00
129N04389,2020-08-15 14:50:00,75.39,100.00
129N04389,2020-08-15 15:00:00,72.75,100.00
129N04389,2020-08-15 15:10:00,73.17,99.30
129N04389,2020-08-15 15:20:00,72.90,99.30
129N04389,2020-08-15 15:30:00,74.14,100.00
129N04389,2020-08-15 15:40:00,73.58,100.00
129N04389,2020-08-15 15:50:00,74.39,100.00
129N04389,2020-08-15 16:00:00,72.57,100.00
129N04389,2020-08-15 16:10:00,73.57,100.00
129N04389,2020-08-15 16:20:00,75.38,100.00
129N04389,2020-08-15 16:30:00,76.19,100.00
129N04389,2020-08-15 16:40:00,73.59,100.00
129N04389,2020-08-15 16:50:00,74.39,100.00
129N04389,2020-08-15 17:00:00,75.04,87.80
129N04389,2020-08-15 17:10:00,76.76,100.00
129N04389,2020-08-15 17:20:00,73.91,100.00
129N04389,2020-08-15 17:30:00,73.59,100.00
129N04389,2020-08-15 17:40:00,72.39,100.00
129N04389,2020-08-15 17:50:00,74.59,100.00
129N04389,2020-08-15 18:00:00,75.99,100.00
129N04389,2020-08-15 18:10:00,76.18,100.00
129N04389,2020-08-15 18:20:00,77.55,100.00
129N04389,2020-08-15 18:30:00,73.18,100.00
129N04389,2020-08-15 18:40:00,72.58,100.00
129N04389,2020-08-15 18:50:00,72.92,100.00
129N04389,2020-08-15 19:00:00,76.65,100.00
129N04389,2020-08-15 19:10:00,76.99,100.00
129N04389,2020-08-15 19:20:00,73.46,100.00
129N04389,2020-08-15 19:30:00,72.56,100.00
129N04389,2020-08-15 19:40:00,73.20,100.00
129N04389,2020-08-15 19:50:00,72.57,100.00
129N04389,2020-08-15 20:00:00,74.59,100.00
129N04389,2020-08-15 20:10:00,71.37,100.00
129N04389,2020-08-15 20:20:00,69.55,100.00
129N04389,2020-08-15 20:30:00,71.82,97.00
129N04389,2020-08-15 20:40:00,70.59,100.00
129N04389,2020-08-15 20:50:00,68.68,100.00
129N04389,2020-08-15 21:00:00,69.27,100.00
129N04389,2020-08-15 21:10:00,67.80,100.00
129N04389,2020-08-15 21:20:00,72.37,100.00
129N04389,2020-08-15 21:30:00,68.01,92.40
129N04389,2020-08-15 21:40:00,73.38,90.50
129N04389,2020-08-15 21:50:00,72.19,100.00
129N04389,2020-08-15 22:00:00,72.30,81.90
129N04389,2020-08-15 22:10:00,74.71,78.50
129N04389,2020-08-15 22:20:00,66.51,100.00
129N04389,2020-08-15 22:30:00,72.90,89.90
129N04389,2020-08-15 22:40:00,74.88,61.50
129N04389,2020-08-15 22:50:00,75.32,58.90
129N04389,2020-08-15 23:00:00,71.03,67.80
129N04389,2020-08-15 23:10:00,69.68,76.20
129N04389,2020-08-15 23:20:00,76.94,87.00
129N04389,2020-08-15 23:30:00,71.00,78.56
129N04389,2020-08-15 23:40:00,64.58,18.10
129N04389,2020-08-15 23:50:00,64.51,56.80
129N04387,2020-08-15 00:00:00,56.25,5.75
129N04387,2020-08-15 00:10:00,56.00,21.13
129N04387,2020-08-15 00:20:00,,
129N04387,2020-08-15 00:30:00,,
129N04387,2020-08-15 00:40:00,74.66,24.67
129N04387,2020-08-15 00:50:00,74.47,49.60
129N04387,2020-08-15 01:00:00,68.00,80.70
129N04387,2020-08-15 01:10:00,65.39,60.90
129N04387,2020-08-15 01:20:00,65.69,77.14
129N04387,2020-08-15 01:30:00,69.38,95.00
129N04387,2020-08-15 01:40:00,70.00,92.50
129N04387,2020-08-15 01:50:00,74.00,52.75
129N04387,2020-08-15 02:00:00,74.40,59.40
129N04387,2020-08-15 02:10:00,65.66,53.00
129N04387,2020-08-15 02:20:00,66.00,62.70
129N04387,2020-08-15 02:30:00,66.00,76.00
129N04387,2020-08-15 02:40:00,,
129N04387,2020-08-15 02:50:00,,
129N04387,2020-08-15 03:00:00,,
129N04387,2020-08-15 03:10:00,73.00,98.00
129N04387,2020-08-15 03:20:00,72.71,98.14
129N04387,2020-08-15 03:30:00,71.28,93.60
129N04387,2020-08-15 03:40:00,70.00,91.00
129N04387,2020-08-15 03:50:00,66.75,73.00
129N04387,2020-08-15 04:00:00,71.74,84.80
129N04387,2020-08-15 04:10:00,68.79,92.10
129N04387,2020-08-15 04:20:00,69.58,97.10
129N04387,2020-08-15 04:30:00,68.47,68.80
129N04387,2020-08-15 04:40:00,76.14,65.70
129N04387,2020-08-15 04:50:00,76.70,40.30
129N04387,2020-08-15 05:00:00,71.97,78.10
129N04387,2020-08-15 05:10:00,76.10,86.00
129N04387,2020-08-15 05:20:00,72.85,90.30
129N04387,2020-08-15 05:30:00,73.82,89.70
129N04387,2020-08-15 05:40:00,76.29,93.70
129N04387,2020-08-15 05:50:00,75.16,96.60
129N04387,2020-08-15 06:00:00,78.00,88.10
129N04387,2020-08-15 06:10:00,71.94,76.90
129N04387,2020-08-15 06:20:00,70.02,85.70
129N04387,2020-08-15 06:30:00,72.56,100.00
129N04387,2020-08-15 06:40:00,72.94,95.60
129N04387,2020-08-15 06:50:00,74.18,92.60
129N04387,2020-08-15 07:00:00,72.49,100.00
129N04387,2020-08-15 07:10:00,76.99,89.00
129N04387,2020-08-15 07:20:00,71.35,100.00
129N04387,2020-08-15 07:30:00,72.47,100.00
129N04387,2020-08-15 07:40:00,73.18,100.00
129N04387,2020-08-15 07:50:00,75.87,98.60
129N04387,2020-08-15 08:00:00,75.36,96.40
129N04387,2020-08-15 08:10:00,75.27,99.60
129N04387,2020-08-15 08:20:00,75.13,97.80
129N04387,2020-08-15 08:30:00,70.90,100.00
129N04387,2020-08-15 08:40:00,71.59,100.00
129N04387,2020-08-15 08:50:00,76.56,78.70
129N04387,2020-08-15 09:00:00,73.27,88.70
129N04387,2020-08-15 09:10:00,71.35,100.00
129N04387,2020-08-15 09:20:00,73.20,100.00
129N04387,2020-08-15 09:30:00,74.06,96.70
129N04387,2020-08-15 09:40:00,72.43,96.60
129N04387,2020-08-15 09:50:00,70.51,100.00
129N04387,2020-08-15 10:00:00,73.86,100.00
129N04387,2020-08-15 10:10:00,73.59,100.00
129N04387,2020-08-15 10:20:00,71.07,100.00
129N04387,2020-08-15 10:30:00,74.49,100.00
129N04387,2020-08-15 10:40:00,73.69,100.00
129N04387,2020-08-15 10:50:00,75.38,100.00
129N04387,2020-08-15 11:00:00,75.40,100.00
129N04387,2020-08-15 11:10:00,73.69,100.00
129N04387,2020-08-15 11:20:00,71.49,100.00
129N04387,2020-08-15 11:30:00,70.19,100.00
129N04387,2020-08-15 11:40:00,71.59,100.00
129N04387,2020-08-15 11:50:00,73.77,100.00
129N04387,2020-08-15 12:00:00,72.49,100.00
129N04387,2020-08-15 12:10:00,71.37,100.00
129N04387,2020-08-15 12:20:00,75.35,100.00
129N04387,2020-08-15 12:30:00,78.08,100.00
129N04387,2020-08-15 12:40:00,73.14,100.00
129N04387,2020-08-15 12:50:00,74.65,100.00
129N04387,2020-08-15 13:00:00,72.80,100.00
129N04387,2020-08-15 13:10:00,73.07,100.00
129N04387,2020-08-15 13:20:00,73.98,100.00
129N04387,2020-08-15 13:30:00,72.58,100.00
129N04387,2020-08-15 13:40:00,71.20,100.00
129N04387,2020-08-15 13:50:00,70.70,100.00
129N04387,2020-08-15 14:00:00,74.67,100.00
129N04387,2020-08-15 14:10:00,76.39,100.00
129N04387,2020-08-15 14:20:00,74.28,100.00
129N04387,2020-08-15 14:30:00,75.07,100.00
129N04387,2020-08-15 14:40:00,73.98,100.00
129N04387,2020-08-15 14:50:00,74.88,100.00
129N04387,2020-08-15 15:00:00,74.19,99.90
129N04387,2020-08-15 15:10:00,71.29,100.00
129N04387,2020-08-15 15:20:00,70.64,100.00
129N04387,2020-08-15 15:30:00,72.66,100.00
129N04387,2020-08-15 15:40:00,76.25,100.00
129N04387,2020-08-15 15:50:00,72.87,100.00
129N04387,2020-08-15 16:00:00,72.88,100.00
129N04387,2020-08-15 16:10:00,71.37,100.00
129N04387,2020-08-15 16:20:00,73.27,100.00
129N04387,2020-08-15 16:30:00,75.59,100.00
129N04387,2020-08-15 16:40:00,72.48,100.00
129N04387,2020-08-15 16:50:00,74.07,100.00
129N04387,2020-08-15 17:00:00,77.18,100.00
129N04387,2020-08-15 17:10:00,77.58,100.00
129N04387,2020-08-15 17:20:00,75.35,100.00
129N04387,2020-08-15 17:30:00,70.69,100.00
129N04387,2020-08-15 17:40:00,71.79,100.00
129N04387,2020-08-15 17:50:00,73.20,100.00
129N04387,2020-08-15 18:00:00,71.59,100.00
129N04387,2020-08-15 18:10:00,71.07,100.00
129N04387,2020-08-15 18:20:00,77.52,83.60
129N04387,2020-08-15 18:30:00,74.36,100.00
129N04387,2020-08-15 18:40:00,72.90,100.00
129N04387,2020-08-15 18:50:00,75.62,100.00
129N04387,2020-08-15 19:00:00,77.07,96.50
129N04387,2020-08-15 19:10:00,71.73,100.00
129N04387,2020-08-15 19:20:00,71.54,98.90
129N04387,2020-08-15 19:30:00,75.89,100.00
129N04387,2020-08-15 19:40:00,72.45,100.00
129N04387,2020-08-15 19:50:00,71.40,100.00
129N04387,2020-08-15 20:00:00,71.68,100.00
129N04387,2020-08-15 20:10:00,70.45,100.00
129N04387,2020-08-15 20:20:00,73.02,100.00
129N04387,2020-08-15 20:30:00,67.86,81.70
129N04387,2020-08-15 20:40:00,71.99,100.00
129N04387,2020-08-15 20:50:00,71.33,100.00
129N04387,2020-08-15 21:00:00,71.16,100.00
129N04387,2020-08-15 21:10:00,68.67,100.00
129N04387,2020-08-15 21:20:00,71.27,98.20
129N04387,2020-08-15 21:30:00,68.99,100.00
129N04387,2020-08-15 21:40:00,70.79,100.00
129N04387,2020-08-15 21:50:00,71.06,98.30
129N04387,2020-08-15 22:00:00,71.18,77.30
129N04387,2020-08-15 22:10:00,73.40,70.20
129N04387,2020-08-15 22:20:00,69.19,100.00
129N04387,2020-08-15 22:30:00,71.67,98.70
129N04387,2020-08-15 22:40:00,74.88,84.80
129N04387,2020-08-15 22:50:00,75.12,74.00
129N04387,2020-08-15 23:00:00,69.67,81.30
129N04387,2020-08-15 23:10:00,73.51,91.40
129N04387,2020-08-15 23:20:00,76.27,71.11
129N04387,2020-08-15 23:30:00,74.13,92.30
129N04387,2020-08-15 23:40:00,70.10,83.90
129N04387,2020-08-15 23:50:00,69.58,66.80
129N04388,2020-08-15 00:00:00,58.00,7.00
129N04388,2020-08-15 00:10:00,58.00,24.63
129N04388,2020-08-15 00:20:00,,
129N04388,2020-08-15 00:30:00,,
129N04388,2020-08-15 00:40:00,75.00,18.67
129N04388,2020-08-15 00:50:00,73.82,53.60
129N04388,2020-08-15 01:00:00,68.00,82.90
129N04388,2020-08-15 01:10:00,65.99,59.10
129N04388,2020-08-15 01:20:00,67.71,86.00
129N04388,2020-08-15 01:30:00,69.59,96.40
129N04388,2020-08-15 01:40:00,70.00,94.50
129N04388,2020-08-15 01:50:00,74.32,58.67
129N04388,2020-08-15 02:00:00,75.00,73.00
129N04388,2020-08-15 02:10:00,69.60,64.33
129N04388,2020-08-15 02:20:00,66.00,46.50
129N04388,2020-08-15 02:30:00,66.00,53.00
129N04388,2020-08-15 02:40:00,,
129N04388,2020-08-15 02:50:00,,
129N04388,2020-08-15 03:00:00,,
129N04388,2020-08-15 03:10:00,76.00,100.00
129N04388,2020-08-15 03:20:00,76.00,100.00
129N04388,2020-08-15 03:30:00,70.00,71.50
129N04388,2020-08-15 03:40:00,70.33,90.33
129N04388,2020-08-15 03:50:00,67.00,65.50
129N04388,2020-08-15 04:00:00,74.17,76.00
129N04388,2020-08-15 04:10:00,69.28,93.80
129N04388,2020-08-15 04:20:00,70.20,98.00
129N04388,2020-08-15 04:30:00,76.00,57.33
129N04388,2020-08-15 04:40:00,75.70,67.50
129N04388,2020-08-15 04:50:00,79.19,32.75
129N04388,2020-08-15 05:00:00,72.62,72.60
129N04388,2020-08-15 05:10:00,76.05,89.80
129N04388,2020-08-15 05:20:00,71.98,80.20
129N04388,2020-08-15 05:30:00,74.39,87.70
129N04388,2020-08-15 05:40:00,76.49,87.10
129N04388,2020-08-15 05:50:00,76.68,80.50
129N04388,2020-08-15 06:00:00,78.00,81.80
129N04388,2020-08-15 06:10:00,70.38,69.70
129N04388,2020-08-15 06:20:00,70.54,85.20
129N04388,2020-08-15 06:30:00,71.98,100.00
129N04388,2020-08-15 06:40:00,72.25,100.00
129N04388,2020-08-15 06:50:00,73.87,94.20
129N04388,2020-08-15 07:00:00,71.69,100.00
129N04388,2020-08-15 07:10:00,75.58,79.50
129N04388,2020-08-15 07:20:00,72.27,100.00
129N04388,2020-08-15 07:30:00,73.22,93.90
129N04388,2020-08-15 07:40:00,73.37,100.00
129N04388,2020-08-15 07:50:00,76.39,98.10
129N04388,2020-08-15 08:00:00,73.92,98.10
129N04388,2020-08-15 08:10:00,75.61,89.80
129N04388,2020-08-15 08:20:00,74.97,91.20
129N04388,2020-08-15 08:30:00,72.95,100.00
129N04388,2020-08-15 08:40:00,72.28,100.00
129N04388,2020-08-15 08:50:00,77.67,85.40
129N04388,2020-08-15 09:00:00,75.72,86.70
129N04388,2020-08-15 09:10:00,72.07,100.00
129N04388,2020-08-15 09:20:00,74.87,100.00
129N04388,2020-08-15 09:30:00,75.24,97.20
129N04388,2020-08-15 09:40:00,75.54,94.60
129N04388,2020-08-15 09:50:00,72.46,100.00
129N04388,2020-08-15 10:00:00,75.15,98.50
129N04388,2020-08-15 10:10:00,75.29,100.00
129N04388,2020-08-15 10:20:00,72.37,100.00
129N04388,2020-08-15 10:30:00,74.79,100.00
129N04388,2020-08-15 10:40:00,74.19,100.00
129N04388,2020-08-15 10:50:00,75.29,100.00
129N04388,2020-08-15 11:00:00,75.39,100.00
129N04388,2020-08-15 11:10:00,73.59,100.00
129N04388,2020-08-15 11:20:00,71.88,100.00
129N04388,2020-08-15 11:30:00,74.09,100.00
129N04388,2020-08-15 11:40:00,75.18,100.00
129N04388,2020-08-15 11:50:00,76.98,100.00
129N04388,2020-08-15 12:00:00,74.66,100.00
129N04388,2020-08-15 12:10:00,72.14,100.00
129N04388,2020-08-15 12:20:00,76.29,100.00
129N04388,2020-08-15 12:30:00,77.20,100.00
129N04388,2020-08-15 12:40:00,74.65,100.00
129N04388,2020-08-15 12:50:00,74.56,100.00
129N04388,2020-08-15 13:00:00,72.09,100.00
129N04388,2020-08-15 13:10:00,70.99,100.00
129N04388,2020-08-15 13:20:00,73.39,100.00
129N04388,2020-08-15 13:30:00,73.00,100.00
129N04388,2020-08-15 13:40:00,71.99,100.00
129N04388,2020-08-15 13:50:00,71.89,100.00
129N04388,2020-08-15 14:00:00,73.39,100.00
129N04388,2020-08-15 14:10:00,76.19,100.00
129N04388,2020-08-15 14:20:00,75.39,100.00
129N04388,2020-08-15 14:30:00,75.80,100.00
129N04388,2020-08-15 14:40:00,74.68,100.00
129N04388,2020-08-15 14:50:00,75.69,100.00
129N04388,2020-08-15 15:00:00,74.67,100.00
129N04388,2020-08-15 15:10:00,72.79,100.00
129N04388,2020-08-15 15:20:00,72.66,100.00
129N04388,2020-08-15 15:30:00,73.04,100.00
129N04388,2020-08-15 15:40:00,75.78,100.00
129N04388,2020-08-15 15:50:00,74.36,100.00
129N04388,2020-08-15 16:00:00,72.88,100.00
129N04388,2020-08-15 16:10:00,72.49,100.00
129N04388,2020-08-15 16:20:00,74.48,100.00
129N04388,2020-08-15 16:30:00,76.69,100.00
129N04388,2020-08-15 16:40:00,73.88,100.00
129N04388,2020-08-15 16:50:00,74.59,100.00
129N04388,2020-08-15 17:00:00,70.38,100.00
129N04388,2020-08-15 17:10:00,77.17,100.00
129N04388,2020-08-15 17:20:00,74.29,100.00
129N04388,2020-08-15 17:30:00,71.78,100.00
129N04388,2020-08-15 17:40:00,73.39,100.00
129N04388,2020-08-15 17:50:00,73.99,100.00
129N04388,2020-08-15 18:00:00,73.68,100.00
129N04388,2020-08-15 18:10:00,73.55,100.00
129N04388,2020-08-15 18:20:00,78.52,83.50
129N04388,2020-08-15 18:30:00,74.49,100.00
129N04388,2020-08-15 18:40:00,72.89,100.00
129N04388,2020-08-15 18:50:00,75.19,100.00
129N04388,2020-08-15 19:00:00,77.39,98.50
129N04388,2020-08-15 19:10:00,73.21,100.00
129N04388,2020-08-15 19:20:00,74.43,100.00
129N04388,2020-08-15 19:30:00,77.68,98.00
129N04388,2020-08-15 19:40:00,74.77,100.00
129N04388,2020-08-15 19:50:00,72.58,100.00
129N04388,2020-08-15 20:00:00,73.58,100.00
129N04388,2020-08-15 20:10:00,72.23,100.00
129N04388,2020-08-15 20:20:00,70.19,97.10
129N04388,2020-08-15 20:30:00,70.78,81.70
129N04388,2020-08-15 20:40:00,71.19,100.00
129N04388,2020-08-15 20:50:00,70.48,100.00
129N04388,2020-08-15 21:00:00,70.75,100.00
129N04388,2020-08-15 21:10:00,69.06,100.00
129N04388,2020-08-15 21:20:00,72.58,100.00
129N04388,2020-08-15 21:30:00,67.12,80.40
129N04388,2020-08-15 21:40:00,72.49,96.50
129N04388,2020-08-15 21:50:00,72.88,100.00
129N04388,2020-08-15 22:00:00,71.66,91.70
129N04388,2020-08-15 22:10:00,71.47,97.40
129N04388,2020-08-15 22:20:00,68.16,100.00
129N04388,2020-08-15 22:30:00,71.26,100.00
129N04388,2020-08-15 22:40:00,75.75,68.00
129N04388,2020-08-15 22:50:00,73.03,86.00
129N04388,2020-08-15 23:00:00,72.91,91.40
129N04388,2020-08-15 23:10:00,75.37,88.80
129N04388,2020-08-15 23:20:00,77.24,77.67
129N04388,2020-08-15 23:30:00,75.00,98.20
129N04388,2020-08-15 23:40:00,66.39,33.60
129N04388,2020-08-15 23:50:00,65.16,46.40
129N04385,2020-08-15 00:00:00,65.00,100.00
129N04385,2020-08-15 00:10:00,,
129N04385,2020-08-15 00:20:00,,
129N04385,2020-08-15 00:30:00,,
129N04385,2020-08-15 00:40:00,65.00,100.00
129N04385,2020-08-15 00:50:00,65.90,97.80
129N04385,2020-08-15 01:00:00,63.67,92.80
129N04385,2020-08-15 01:10:00,64.42,98.71
129N04385,2020-08-15 01:20:00,,
129N04385,2020-08-15 01:30:00,,
129N04385,2020-08-15 01:40:00,,
129N04385,2020-08-15 01:50:00,66.95,84.00
129N04385,2020-08-15 02:00:00,72.66,64.90
129N04385,2020-08-15 02:10:00,75.00,73.00
129N04385,2020-08-15 02:20:00,64.00,44.00
129N04385,2020-08-15 02:30:00,64.00,56.67
129N04385,2020-08-15 02:40:00,63.00,51.33
129N04385,2020-08-15 02:50:00,62.00,64.78
129N04385,2020-08-15 03:00:00,,
129N04385,2020-08-15 03:10:00,74.00,
129N04385,2020-08-15 03:20:00,72.99,
129N04385,2020-08-15 03:30:00,70.75,65.00
129N04385,2020-08-15 03:40:00,67.89,91.11
129N04385,2020-08-15 03:50:00,57.00,17.60
129N04385,2020-08-15 04:00:00,60.18,75.50
129N04385,2020-08-15 04:10:00,62.80,98.80
129N04385,2020-08-15 04:20:00,63.00,99.00
129N04385,2020-08-15 04:30:00,70.00,32.33
129N04385,2020-08-15 04:40:00,66.55,77.00
129N04385,2020-08-15 04:50:00,62.46,88.50
129N04385,2020-08-15 05:00:00,61.00,75.50
129N04385,2020-08-15 05:10:00,65.19,60.00
129N04385,2020-08-15 05:20:00,61.76,80.70
129N04385,2020-08-15 05:30:00,61.90,75.60
129N04385,2020-08-15 05:40:00,64.97,81.40
129N04385,2020-08-15 05:50:00,68.48,53.00
129N04385,2020-08-15 06:00:00,71.77,35.30
129N04385,2020-08-15 06:10:00,75.00,25.50
129N04385,2020-08-15 06:20:00,58.57,26.70
129N04385,2020-08-15 06:30:00,63.89,92.70
129N04385,2020-08-15 06:40:00,73.24,47.90
129N04385,2020-08-15 06:50:00,71.81,71.40
129N04385,2020-08-15 07:00:00,67.75,95.20
129N04385,2020-08-15 07:10:00,75.21,51.20
129N04385,2020-08-15 07:20:00,70.01,74.10
129N04385,2020-08-15 07:30:00,65.79,98.00
129N04385,2020-08-15 07:40:00,65.94,99.60
129N04385,2020-08-15 07:50:00,70.47,95.20
129N04385,2020-08-15 08:00:00,70.12,99.80
129N04385,2020-08-15 08:10:00,67.05,100.00
129N04385,2020-08-15 08:20:00,70.49,91.60
129N04385,2020-08-15 08:30:00,67.09,100.00
129N04385,2020-08-15 08:40:00,62.11,75.40
129N04385,2020-08-15 08:50:00,64.82,100.00
129N04385,2020-08-15 09:00:00,60.32,52.00
129N04385,2020-08-15 09:10:00,62.89,95.80
129N04385,2020-08-15 09:20:00,63.79,100.00
129N04385,2020-08-15 09:30:00,63.87,100.00
129N04385,2020-08-15 09:40:00,66.29,100.00
129N04385,2020-08-15 09:50:00,62.39,85.50
129N04385,2020-08-15 10:00:00,64.14,95.70
129N04385,2020-08-15 10:10:00,67.25,100.00
129N04385,2020-08-15 10:20:00,65.27,100.00
129N04385,2020-08-15 10:30:00,68.97,100.00
129N04385,2020-08-15 10:40:00,66.59,100.00
129N04385,2020-08-15 10:50:00,67.54,100.00
129N04385,2020-08-15 11:00:00,68.36,100.00
129N04385,2020-08-15 11:10:00,65.40,100.00
129N04385,2020-08-15 11:20:00,66.20,100.00
129N04385,2020-08-15 11:30:00,66.48,100.00
129N04385,2020-08-15 11:40:00,64.00,100.00
129N04385,2020-08-15 11:50:00,68.94,80.90
129N04385,2020-08-15 12:00:00,64.85,83.90
129N04385,2020-08-15 12:10:00,67.96,94.20
129N04385,2020-08-15 12:20:00,65.73,100.00
129N04385,2020-08-15 12:30:00,69.95,100.00
129N04385,2020-08-15 12:40:00,66.17,100.00
129N04385,2020-08-15 12:50:00,65.83,100.00
129N04385,2020-08-15 13:00:00,63.86,100.00
129N04385,2020-08-15 13:10:00,63.89,100.00
129N04385,2020-08-15 13:20:00,65.49,100.00
129N04385,2020-08-15 13:30:00,64.97,100.00
129N04385,2020-08-15 13:40:00,62.09,100.00
129N04385,2020-08-15 13:50:00,62.49,100.00
129N04385,2020-08-15 14:00:00,63.86,100.00
129N04385,2020-08-15 14:10:00,67.29,100.00
129N04385,2020-08-15 14:20:00,66.39,100.00
129N04385,2020-08-15 14:30:00,64.86,100.00
129N04385,2020-08-15 14:40:00,65.56,100.00
129N04385,2020-08-15 14:50:00,66.68,100.00
129N04385,2020-08-15 15:00:00,65.69,100.00
129N04385,2020-08-15 15:10:00,65.06,100.00
129N04385,2020-08-15 15:20:00,67.09,100.00
129N04385,2020-08-15 15:30:00,68.19,100.00
129N04385,2020-08-15 15:40:00,69.39,100.00
129N04385,2020-08-15 15:50:00,67.25,100.00
129N04385,2020-08-15 16:00:00,65.85,99.00
129N04385,2020-08-15 16:10:00,64.17,100.00
129N04385,2020-08-15 16:20:00,67.27,98.90
129N04385,2020-08-15 16:30:00,66.38,100.00
129N04385,2020-08-15 16:40:00,65.39,100.00
129N04385,2020-08-15 16:50:00,65.60,100.00
129N04385,2020-08-15 17:00:00,64.88,100.00
129N04385,2020-08-15 17:10:00,66.88,100.00
129N04385,2020-08-15 17:20:00,66.59,100.00
129N04385,2020-08-15 17:30:00,65.18,100.00
129N04385,2020-08-15 17:40:00,66.39,100.00
129N04385,2020-08-15 17:50:00,66.28,100.00
129N04385,2020-08-15 18:00:00,65.38,100.00
129N04385,2020-08-15 18:10:00,62.20,100.00
129N04385,2020-08-15 18:20:00,65.23,100.00
129N04385,2020-08-15 18:30:00,67.36,95.80
129N04385,2020-08-15 18:40:00,65.19,100.00
129N04385,2020-08-15 18:50:00,67.83,100.00
129N04385,2020-08-15 19:00:00,69.99,83.70
129N04385,2020-08-15 19:10:00,68.57,94.90
129N04385,2020-08-15 19:20:00,68.19,99.10
129N04385,2020-08-15 19:30:00,68.34,95.40
129N04385,2020-08-15 19:40:00,67.97,97.00
129N04385,2020-08-15 19:50:00,63.40,100.00
129N04385,2020-08-15 20:00:00,65.48,100.00
129N04385,2020-08-15 20:10:00,63.25,94.60
129N04385,2020-08-15 20:20:00,69.58,96.00
129N04385,2020-08-15 20:30:00,63.85,100.00
129N04385,2020-08-15 20:40:00,61.68,75.50
129N04385,2020-08-15 20:50:00,58.96,57.70
129N04385,2020-08-15 21:00:00,62.50,100.00
129N04385,2020-08-15 21:10:00,66.78,86.60
129N04385,2020-08-15 21:20:00,63.54,98.00
129N04385,2020-08-15 21:30:00,64.49,100.00
129N04385,2020-08-15 21:40:00,64.54,93.50
129N04385,2020-08-15 21:50:00,64.13,96.50
129N04385,2020-08-15 22:00:00,65.46,90.29
129N04385,2020-08-15 22:10:00,71.00,54.80
129N04385,2020-08-15 22:20:00,63.90,97.89
129N04385,2020-08-15 22:30:00,60.22,74.90
129N04385,2020-08-15 22:40:00,67.95,75.40
129N04385,2020-08-15 22:50:00,69.50,74.83
129N04385,2020-08-15 23:00:00,70.78,59.10
129N04385,2020-08-15 23:10:00,62.29,71.50
129N04385,2020-08-15 23:20:00,73.01,43.00
129N04385,2020-08-15 23:30:00,64.52,46.89
129N04385,2020-08-15 23:40:00,60.86,56.89
129N04385,2020-08-15 23:50:00,60.20,68.60
129N04386,2020-08-15 00:00:00,,
129N04386,2020-08-15 00:10:00,,
129N04386,2020-08-15 00:20:00,,
129N04386,2020-08-15 00:30:00,,
129N04386,2020-08-15 00:40:00,75.00,100.00
129N04386,2020-08-15 00:50:00,75.00,100.00
129N04386,2020-08-15 01:00:00,65.46,53.70
129N04386,2020-08-15 01:10:00,61.67,79.71
129N04386,2020-08-15 01:20:00,52.00,10.78
129N04386,2020-08-15 01:30:00,63.90,74.70
129N04386,2020-08-15 01:40:00,71.00,87.33
129N04386,2020-08-15 01:50:00,73.39,42.50
129N04386,2020-08-15 02:00:00,80.79,31.80
129N04386,2020-08-15 02:10:00,83.00,44.60
129N04386,2020-08-15 02:20:00,70.00,73.60
129N04386,2020-08-15 02:30:00,70.00,64.50
129N04386,2020-08-15 02:40:00,70.00,39.67
129N04386,2020-08-15 02:50:00,70.00,65.50
129N04386,2020-08-15 03:00:00,,
129N04386,2020-08-15 03:10:00,78.00,
129N04386,2020-08-15 03:20:00,77.50,
129N04386,2020-08-15 03:30:00,74.04,84.50
129N04386,2020-08-15 03:40:00,70.00,96.63
129N04386,2020-08-15 03:50:00,60.00,27.83
129N04386,2020-08-15 04:00:00,72.59,81.70
129N04386,2020-08-15 04:10:00,69.15,97.60
129N04386,2020-08-15 04:20:00,68.00,99.00
129N04386,2020-08-15 04:30:00,68.00,97.33
129N04386,2020-08-15 04:40:00,70.00,95.00
129N04386,2020-08-15 04:50:00,71.97,98.67
129N04386,2020-08-15 05:00:00,73.00,100.00
129N04386,2020-08-15 05:10:00,73.83,94.78
129N04386,2020-08-15 05:20:00,70.58,99.40
129N04386,2020-08-15 05:30:00,74.66,83.30
129N04386,2020-08-15 05:40:00,77.28,72.20
129N04386,2020-08-15 05:50:00,78.73,74.00
129N04386,2020-08-15 06:00:00,78.88,62.80
129N04386,2020-08-15 06:10:00,74.06,88.75
129N04386,2020-08-15 06:20:00,67.59,92.50
129N04386,2020-08-15 06:30:00,67.99,92.90
129N04386,2020-08-15 06:40:00,72.62,80.29
129N04386,2020-08-15 06:50:00,76.00,57.10
129N04386,2020-08-15 07:00:00,76.95,63.00
129N04386,2020-08-15 07:10:00,81.00,24.70
129N04386,2020-08-15 07:20:00,76.09,92.30
129N04386,2020-08-15 07:30:00,71.74,100.00
129N04386,2020-08-15 07:40:00,70.52,95.56
129N04386,2020-08-15 07:50:00,76.87,95.20
129N04386,2020-08-15 08:00:00,77.28,96.60
129N04386,2020-08-15 08:10:00,75.26,92.60
129N04386,2020-08-15 08:20:00,77.58,84.00
129N04386,2020-08-15 08:30:00,76.29,100.00
129N04386,2020-08-15 08:40:00,71.63,100.00
129N04386,2020-08-15 08:50:00,70.59,100.00
129N04386,2020-08-15 09:00:00,73.72,64.40
129N04386,2020-08-15 09:10:00,70.62,100.00
129N04386,2020-08-15 09:20:00,76.69,100.00
129N04386,2020-08-15 09:30:00,75.67,100.00
129N04386,2020-08-15 09:40:00,77.00,86.80
129N04386,2020-08-15 09:50:00,73.23,92.10
129N04386,2020-08-15 10:00:00,75.28,97.30
129N04386,2020-08-15 10:10:00,73.38,98.50
129N04386,2020-08-15 10:20:00,73.55,100.00
129N04386,2020-08-15 10:30:00,75.09,98.30
129N04386,2020-08-15 10:40:00,74.07,100.00
129N04386,2020-08-15 10:50:00,75.47,100.00
129N04386,2020-08-15 11:00:00,74.39,100.00
129N04386,2020-08-15 11:10:00,74.39,100.00
129N04386,2020-08-15 11:20:00,73.87,100.00
129N04386,2020-08-15 11:30:00,73.15,100.00
129N04386,2020-08-15 11:40:00,70.99,100.00
129N04386,2020-08-15 11:50:00,74.33,87.40
129N04386,2020-08-15 12:00:00,74.14,95.60
129N04386,2020-08-15 12:10:00,74.77,100.00
129N04386,2020-08-15 12:20:00,73.24,100.00
129N04386,2020-08-15 12:30:00,76.39,100.00
129N04386,2020-08-15 12:40:00,72.84,100.00
129N04386,2020-08-15 12:50:00,72.34,100.00
129N04386,2020-08-15 13:00:00,72.29,100.00
129N04386,2020-08-15 13:10:00,73.77,100.00
129N04386,2020-08-15 13:20:00,76.71,100.00
129N04386,2020-08-15 13:30:00,72.28,100.00
129N04386,2020-08-15 13:40:00,70.19,100.00
129N04386,2020-08-15 13:50:00,71.69,100.00
129N04386,2020-08-15 14:00:00,71.75,100.00
129N04386,2020-08-15 14:10:00,75.00,100.00
129N04386,2020-08-15 14:20:00,74.05,100.00
129N04386,2020-08-15 14:30:00,72.96,100.00
129N04386,2020-08-15 14:40:00,74.32,100.00
129N04386,2020-08-15 14:50:00,75.49,100.00
129N04386,2020-08-15 15:00:00,75.29,100.00
129N04386,2020-08-15 15:10:00,74.15,98.20
129N04386,2020-08-15 15:20:00,74.53,100.00
129N04386,2020-08-15 15:30:00,74.38,100.00
129N04386,2020-08-15 15:40:00,77.59,100.00
129N04386,2020-08-15 15:50:00,71.96,100.00
129N04386,2020-08-15 16:00:00,74.67,100.00
129N04386,2020-08-15 16:10:00,74.13,100.00
129N04386,2020-08-15 16:20:00,74.48,100.00
129N04386,2020-08-15 16:30:00,75.56,100.00
129N04386,2020-08-15 16:40:00,71.29,100.00
129N04386,2020-08-15 16:50:00,73.09,100.00
129N04386,2020-08-15 17:00:00,72.94,100.00
129N04386,2020-08-15 17:10:00,76.79,100.00
129N04386,2020-08-15 17:20:00,74.86,100.00
129N04386,2020-08-15 17:30:00,68.87,100.00
129N04386,2020-08-15 17:40:00,73.85,100.00
129N04386,2020-08-15 17:50:00,75.70,100.00
129N04386,2020-08-15 18:00:00,71.64,100.00
129N04386,2020-08-15 18:10:00,69.08,100.00
129N04386,2020-08-15 18:20:00,75.77,96.10
129N04386,2020-08-15 18:30:00,75.27,100.00
129N04386,2020-08-15 18:40:00,73.79,100.00
129N04386,2020-08-15 18:50:00,75.04,100.00
129N04386,2020-08-15 19:00:00,76.39,97.40
129N04386,2020-08-15 19:10:00,73.73,90.50
129N04386,2020-08-15 19:20:00,62.93,45.40
129N04386,2020-08-15 19:30:00,76.76,75.70
129N04386,2020-08-15 19:40:00,73.55,100.00
129N04386,2020-08-15 19:50:00,72.28,100.00
129N04386,2020-08-15 20:00:00,72.59,100.00
129N04386,2020-08-15 20:10:00,70.40,95.40
129N04386,2020-08-15 20:20:00,71.43,100.00
129N04386,2020-08-15 20:30:00,70.94,100.00
129N04386,2020-08-15 20:40:00,73.49,100.00
129N04386,2020-08-15 20:50:00,69.70,92.80
129N04386,2020-08-15 21:00:00,69.90,100.00
129N04386,2020-08-15 21:10:00,70.49,97.70
129N04386,2020-08-15 21:20:00,72.19,92.90
129N04386,2020-08-15 21:30:00,72.38,95.30
129N04386,2020-08-15 21:40:00,74.22,75.70
129N04386,2020-08-15 21:50:00,73.58,96.10
129N04386,2020-08-15 22:00:00,72.33,98.90
129N04386,2020-08-15 22:10:00,75.06,97.10
129N04386,2020-08-15 22:20:00,67.96,100.00
129N04386,2020-08-15 22:30:00,69.28,96.10
129N04386,2020-08-15 22:40:00,74.76,84.00
129N04386,2020-08-15 22:50:00,69.63,100.00
129N04386,2020-08-15 23:00:00,69.20,72.80
129N04386,2020-08-15 23:10:00,65.84,74.00
129N04386,2020-08-15 23:20:00,76.59,60.30
129N04386,2020-08-15 23:30:00,73.73,84.80
129N04386,2020-08-15 23:40:00,68.96,71.60
129N04386,2020-08-15 23:50:00,65.80,57.50
129N04661,2020-08-15 00:00:00,67.20,99.20
129N04661,2020-08-15 00:10:00,68.80,94.20
129N04661,2020-08-15 00:20:00,67.21,88.60
129N04661,2020-08-15 00:30:00,76.39,50.00
129N04661,2020-08-15 00:40:00,66.12,53.33
129N04661,2020-08-15 00:50:00,66.99,83.90
129N04661,2020-08-15 01:00:00,72.50,66.30
129N04661,2020-08-15 01:10:00,66.00,84.00
129N04661,2020-08-15 01:20:00,68.76,89.80
129N04661,2020-08-15 01:30:00,66.17,89.50
129N04661,2020-08-15 01:40:00,65.00,91.00
129N04661,2020-08-15 01:50:00,65.00,96.33
129N04661,2020-08-15 02:00:00,65.00,98.00
129N04661,2020-08-15 02:10:00,71.00,56.40
129N04661,2020-08-15 02:20:00,67.83,89.57
129N04661,2020-08-15 02:30:00,72.41,75.60
129N04661,2020-08-15 02:40:00,66.72,31.70
129N04661,2020-08-15 02:50:00,64.23,53.60
129N04661,2020-08-15 03:00:00,70.87,76.63
129N04661,2020-08-15 03:10:00,63.00,55.67
129N04661,2020-08-15 03:20:00,68.69,91.50
129N04661,2020-08-15 03:30:00,66.26,89.20
129N04661,2020-08-15 03:40:00,66.19,93.40
129N04661,2020-08-15 03:50:00,67.39,97.00
129N04661,2020-08-15 04:00:00,66.79,96.30
129N04661,2020-08-15 04:10:00,64.91,86.80
129N04661,2020-08-15 04:20:00,69.60,64.00
129N04661,2020-08-15 04:30:00,73.24,43.20
129N04661,2020-08-15 04:40:00,66.69,90.60
129N04661,2020-08-15 04:50:00,70.81,89.10
129N04661,2020-08-15 05:00:00,70.39,97.20
129N04661,2020-08-15 05:10:00,71.39,98.00
129N04661,2020-08-15 05:20:00,74.83,63.20
129N04661,2020-08-15 05:30:00,68.51,74.70
129N04661,2020-08-15 05:40:00,74.38,78.30
129N04661,2020-08-15 05:50:00,75.94,56.90
129N04661,2020-08-15 06:00:00,70.10,91.50
129N04661,2020-08-15 06:10:00,78.05,48.70
129N04661,2020-08-15 06:20:00,76.35,62.50
129N04661,2020-08-15 06:30:00,72.18,96.20
129N04661,2020-08-15 06:40:00,71.05,96.70
129N04661,2020-08-15 06:50:00,75.18,97.80
129N04661,2020-08-15 07:00:00,74.39,100.00
129N04661,2020-08-15 07:10:00,73.09,100.00
129N04661,2020-08-15 07:20:00,72.69,99.00
129N04661,2020-08-15 07:30:00,72.77,98.30
129N04661,2020-08-15 07:40:00,72.07,100.00
129N04661,2020-08-15 07:50:00,74.56,99.20
129N04661,2020-08-15 08:00:00,69.75,99.20
129N04661,2020-08-15 08:10:00,72.41,100.00
129N04661,2020-08-15 08:20:00,71.58,99.80
129N04661,2020-08-15 08:30:00,72.65,99.20
129N04661,2020-08-15 08:40:00,73.60,92.50
129N04661,2020-08-15 08:50:00,70.87,99.80
129N04661,2020-08-15 09:00:00,74.44,99.70
129N04661,2020-08-15 09:10:00,71.86,100.00
129N04661,2020-08-15 09:20:00,71.52,98.40
129N04661,2020-08-15 09:30:00,68.15,100.00
129N04661,2020-08-15 09:40:00,71.98,100.00
129N04661,2020-08-15 09:50:00,71.49,100.00
129N04661,2020-08-15 10:00:00,70.70,100.00
129N04661,2020-08-15 10:10:00,69.49,100.00
129N04661,2020-08-15 10:20:00,70.18,100.00
129N04661,2020-08-15 10:30:00,69.38,100.00
129N04661,2020-08-15 10:40:00,70.19,100.00
129N04661,2020-08-15 10:50:00,71.04,100.00
129N04661,2020-08-15 11:00:00,70.39,100.00
129N04661,2020-08-15 11:10:00,69.38,100.00
129N04661,2020-08-15 11:20:00,67.56,100.00
129N04661,2020-08-15 11:30:00,69.29,100.00
129N04661,2020-08-15 11:40:00,70.39,100.00
129N04661,2020-08-15 11:50:00,69.88,100.00
129N04661,2020-08-15 12:00:00,70.09,100.00
129N04661,2020-08-15 12:10:00,70.98,100.00
129N04661,2020-08-15 12:20:00,68.89,100.00
129N04661,2020-08-15 12:30:00,68.79,100.00
129N04661,2020-08-15 12:40:00,70.97,100.00
129N04661,2020-08-15 12:50:00,68.75,100.00
129N04661,2020-08-15 13:00:00,68.86,100.00
129N04661,2020-08-15 13:10:00,71.08,100.00
129N04661,2020-08-15 13:20:00,70.56,100.00
129N04661,2020-08-15 13:30:00,71.29,100.00
129N04661,2020-08-15 13:40:00,70.48,100.00
129N04661,2020-08-15 13:50:00,71.20,100.00
129N04661,2020-08-15 14:00:00,71.20,100.00
129N04661,2020-08-15 14:10:00,70.89,100.00
129N04661,2020-08-15 14:20:00,69.88,100.00
129N04661,2020-08-15 14:30:00,71.08,100.00
129N04661,2020-08-15 14:40:00,69.39,100.00
129N04661,2020-08-15 14:50:00,69.76,100.00
129N04661,2020-08-15 15:00:00,68.90,100.00
129N04661,2020-08-15 15:10:00,68.19,100.00
129N04661,2020-08-15 15:20:00,69.94,100.00
129N04661,2020-08-15 15:30:00,71.69,100.00
129N04661,2020-08-15 15:40:00,71.47,100.00
129N04661,2020-08-15 15:50:00,71.30,100.00
129N04661,2020-08-15 16:00:00,71.99,100.00
129N04661,2020-08-15 16:10:00,72.59,100.00
129N04661,2020-08-15 16:20:00,73.86,100.00
129N04661,2020-08-15 16:30:00,74.08,100.00
129N04661,2020-08-15 16:40:00,74.47,100.00
129N04661,2020-08-15 16:50:00,71.69,100.00
129N04661,2020-08-15 17:00:00,71.89,100.00
129N04661,2020-08-15 17:10:00,70.79,100.00
129N04661,2020-08-15 17:20:00,71.99,100.00
129N04661,2020-08-15 17:30:00,73.29,100.00
129N04661,2020-08-15 17:40:00,73.17,100.00
129N04661,2020-08-15 17:50:00,74.28,100.00
129N04661,2020-08-15 18:00:00,70.64,100.00
129N04661,2020-08-15 18:10:00,73.28,100.00
129N04661,2020-08-15 18:20:00,70.56,100.00
129N04661,2020-08-15 18:30:00,71.66,100.00
129N04661,2020-08-15 18:40:00,71.88,100.00
129N04661,2020-08-15 18:50:00,73.38,100.00
129N04661,2020-08-15 19:00:00,70.79,100.00
129N04661,2020-08-15 19:10:00,70.57,100.00
129N04661,2020-08-15 19:20:00,67.73,100.00
129N04661,2020-08-15 19:30:00,73.68,96.90
129N04661,2020-08-15 19:40:00,73.10,100.00
129N04661,2020-08-15 19:50:00,71.81,100.00
129N04661,2020-08-15 20:00:00,70.58,100.00
129N04661,2020-08-15 20:10:00,73.00,100.00
129N04661,2020-08-15 20:20:00,68.88,100.00
129N04661,2020-08-15 20:30:00,69.29,100.00
129N04661,2020-08-15 20:40:00,69.79,100.00
129N04661,2020-08-15 20:50:00,68.58,100.00
129N04661,2020-08-15 21:00:00,70.59,100.00
129N04661,2020-08-15 21:10:00,68.09,100.00
129N04661,2020-08-15 21:20:00,67.68,100.00
129N04661,2020-08-15 21:30:00,68.17,100.00
129N04661,2020-08-15 21:40:00,70.26,100.00
129N04661,2020-08-15 21:50:00,72.37,90.10
129N04661,2020-08-15 22:00:00,73.35,92.20
129N04661,2020-08-15 22:10:00,71.40,100.00
129N04661,2020-08-15 22:20:00,71.16,100.00
129N04661,2020-08-15 22:30:00,70.49,100.00
129N04661,2020-08-15 22:40:00,71.38,94.70
129N04661,2020-08-15 22:50:00,68.69,100.00
129N04661,2020-08-15 23:00:00,68.00,91.30
129N04661,2020-08-15 23:10:00,72.55,73.90
129N04661,2020-08-15 23:20:00,72.30,89.30
129N04661,2020-08-15 23:30:00,68.00,87.80
129N04661,2020-08-15 23:40:00,65.00,66.80
129N04661,2020-08-15 23:50:00,70.65,79.00
129N04383,2020-08-15 00:00:00,68.18,91.10
129N04383,2020-08-15 00:10:00,74.28,84.70
129N04383,2020-08-15 00:20:00,66.10,99.10
129N04383,2020-08-15 00:30:00,68.34,91.90
129N04383,2020-08-15 00:40:00,67.69,96.30
129N04383,2020-08-15 00:50:00,65.94,85.00
129N04383,2020-08-15 01:00:00,63.47,34.50
129N04383,2020-08-15 01:10:00,64.16,57.20
129N04383,2020-08-15 01:20:00,57.00,62.00
129N04383,2020-08-15 01:30:00,66.33,92.10
129N04383,2020-08-15 01:40:00,73.85,23.40
129N04383,2020-08-15 01:50:00,75.96,43.50
129N04383,2020-08-15 02:00:00,73.99,76.50
129N04383,2020-08-15 02:10:00,65.48,47.90
129N04383,2020-08-15 02:20:00,58.47,37.60
129N04383,2020-08-15 02:30:00,59.00,54.00
129N04383,2020-08-15 02:40:00,,
129N04383,2020-08-15 02:50:00,59.00,84.10
129N04383,2020-08-15 03:00:00,64.73,64.60
129N04383,2020-08-15 03:10:00,60.87,88.33
129N04383,2020-08-15 03:20:00,58.68,80.70
129N04383,2020-08-15 03:30:00,60.73,69.75
129N04383,2020-08-15 03:40:00,65.62,52.30
129N04383,2020-08-15 03:50:00,68.36,47.90
129N04383,2020-08-15 04:00:00,64.96,85.20
129N04383,2020-08-15 04:10:00,60.43,72.10
129N04383,2020-08-15 04:20:00,58.71,53.43
129N04383,2020-08-15 04:30:00,63.82,94.33
129N04383,2020-08-15 04:40:00,68.29,59.10
129N04383,2020-08-15 04:50:00,68.00,73.40
129N04383,2020-08-15 05:00:00,,
129N04383,2020-08-15 05:10:00,69.43,71.00
129N04383,2020-08-15 05:20:00,68.29,71.30
129N04383,2020-08-15 05:30:00,70.47,54.30
129N04383,2020-08-15 05:40:00,72.16,80.50
129N04383,2020-08-15 05:50:00,69.29,98.70
129N04383,2020-08-15 06:00:00,69.28,90.30
129N04383,2020-08-15 06:10:00,65.16,100.00
129N04383,2020-08-15 06:20:00,68.16,100.00
129N04383,2020-08-15 06:30:00,70.48,98.40
129N04383,2020-08-15 06:40:00,68.78,100.00
129N04383,2020-08-15 06:50:00,69.14,100.00
129N04383,2020-08-15 07:00:00,72.18,100.00
129N04383,2020-08-15 07:10:00,73.06,100.00
129N04383,2020-08-15 07:20:00,72.27,100.00
129N04383,2020-08-15 07:30:00,66.54,100.00
129N04383,2020-08-15 07:40:00,66.54,100.00
129N04383,2020-08-15 07:50:00,69.55,100.00
129N04383,2020-08-15 08:00:00,68.36,100.00
129N04383,2020-08-15 08:10:00,67.16,100.00
129N04383,2020-08-15 08:20:00,71.27,100.00
129N04383,2020-08-15 08:30:00,64.35,100.00
129N04383,2020-08-15 08:40:00,64.39,100.00
129N04383,2020-08-15 08:50:00,64.78,100.00
129N04383,2020-08-15 09:00:00,67.33,97.60
129N04383,2020-08-15 09:10:00,66.38,100.00
129N04383,2020-08-15 09:20:00,65.71,100.00
129N04383,2020-08-15 09:30:00,69.18,100.00
129N04383,2020-08-15 09:40:00,65.38,100.00
129N04383,2020-08-15 09:50:00,67.95,100.00
129N04383,2020-08-15 10:00:00,68.36,100.00
129N04383,2020-08-15 10:10:00,68.28,97.30
129N04383,2020-08-15 10:20:00,64.95,100.00
129N04383,2020-08-15 10:30:00,64.37,100.00
129N04383,2020-08-15 10:40:00,64.58,100.00
129N04383,2020-08-15 10:50:00,65.98,100.00
129N04383,2020-08-15 11:00:00,67.19,100.00
129N04383,2020-08-15 11:10:00,66.39,100.00
129N04383,2020-08-15 11:20:00,65.98,100.00
129N04383,2020-08-15 11:30:00,64.99,100.00
129N04383,2020-08-15 11:40:00,62.97,100.00
129N04383,2020-08-15 11:50:00,64.73,100.00
129N04383,2020-08-15 12:00:00,66.77,100.00
129N04383,2020-08-15 12:10:00,68.49,100.00
129N04383,2020-08-15 12:20:00,65.05,100.00
129N04383,2020-08-15 12:30:00,65.57,100.00
129N04383,2020-08-15 12:40:00,64.36,100.00
129N04383,2020-08-15 12:50:00,63.39,100.00
129N04383,2020-08-15 13:00:00,62.39,100.00
129N04383,2020-08-15 13:10:00,63.79,100.00
129N04383,2020-08-15 13:20:00,64.89,100.00
129N04383,2020-08-15 13:30:00,66.39,100.00
129N04383,2020-08-15 13:40:00,62.37,100.00
129N04383,2020-08-15 13:50:00,62.97,100.00
129N04383,2020-08-15 14:00:00,61.48,100.00
129N04383,2020-08-15 14:10:00,62.39,100.00
129N04383,2020-08-15 14:20:00,61.98,100.00
129N04383,2020-08-15 14:30:00,65.00,100.00
129N04383,2020-08-15 14:40:00,64.18,100.00
129N04383,2020-08-15 14:50:00,63.98,100.00
129N04383,2020-08-15 15:00:00,65.17,100.00
129N04383,2020-08-15 15:10:00,64.79,100.00
129N04383,2020-08-15 15:20:00,64.78,100.00
129N04383,2020-08-15 15:30:00,66.58,100.00
129N04383,2020-08-15 15:40:00,63.58,100.00
129N04383,2020-08-15 15:50:00,65.59,100.00
129N04383,2020-08-15 16:00:00,65.77,100.00
129N04383,2020-08-15 16:10:00,64.78,100.00
129N04383,2020-08-15 16:20:00,63.98,100.00
129N04383,2020-08-15 16:30:00,62.77,99.90
129N04383,2020-08-15 16:40:00,65.76,100.00
129N04383,2020-08-15 16:50:00,64.59,100.00
129N04383,2020-08-15 17:00:00,64.58,100.00
129N04383,2020-08-15 17:10:00,66.39,100.00
129N04383,2020-08-15 17:20:00,64.77,100.00
129N04383,2020-08-15 17:30:00,63.79,100.00
129N04383,2020-08-15 17:40:00,65.57,100.00
129N04383,2020-08-15 17:50:00,64.55,100.00
129N04383,2020-08-15 18:00:00,68.13,100.00
129N04383,2020-08-15 18:10:00,64.96,100.00
129N04383,2020-08-15 18:20:00,65.19,100.00
129N04383,2020-08-15 18:30:00,67.59,100.00
129N04383,2020-08-15 18:40:00,66.96,100.00
129N04383,2020-08-15 18:50:00,67.19,100.00
129N04383,2020-08-15 19:00:00,66.59,100.00
129N04383,2020-08-15 19:10:00,67.96,100.00
129N04383,2020-08-15 19:20:00,65.75,100.00
129N04383,2020-08-15 19:30:00,69.38,100.00
129N04383,2020-08-15 19:40:00,67.39,100.00
129N04383,2020-08-15 19:50:00,68.59,100.00
129N04383,2020-08-15 20:00:00,66.17,100.00
129N04383,2020-08-15 20:10:00,65.59,100.00
129N04383,2020-08-15 20:20:00,66.04,98.40
129N04383,2020-08-15 20:30:00,67.40,100.00
129N04383,2020-08-15 20:40:00,65.77,100.00
129N04383,2020-08-15 20:50:00,65.46,100.00
129N04383,2020-08-15 21:00:00,66.60,100.00
129N04383,2020-08-15 21:10:00,65.53,99.70
129N04383,2020-08-15 21:20:00,64.39,100.00
129N04383,2020-08-15 21:30:00,64.90,97.30
129N04383,2020-08-15 21:40:00,69.74,88.10
129N04383,2020-08-15 21:50:00,68.39,99.80
129N04383,2020-08-15 22:00:00,66.67,93.80
129N04383,2020-08-15 22:10:00,67.17,99.40
129N04383,2020-08-15 22:20:00,66.07,94.40
129N04383,2020-08-15 22:30:00,66.56,99.80
129N04383,2020-08-15 22:40:00,67.56,98.00
129N04383,2020-08-15 22:50:00,64.83,99.70
129N04383,2020-08-15 23:00:00,62.31,66.60
129N04383,2020-08-15 23:10:00,63.34,97.00
129N04383,2020-08-15 23:20:00,71.36,37.00
129N04383,2020-08-15 23:30:00,72.48,57.80
129N04383,2020-08-15 23:40:00,65.35,91.70
129N04383,2020-08-15 23:50:00,68.79,99.90
129N04384,2020-08-15 00:00:00,68.45,91.10
129N04384,2020-08-15 00:10:00,68.69,84.70
129N04384,2020-08-15 00:20:00,68.39,99.10
129N04384,2020-08-15 00:30:00,67.55,91.90
129N04384,2020-08-15 00:40:00,68.16,96.30
129N04384,2020-08-15 00:50:00,65.45,85.00
129N04384,2020-08-15 01:00:00,56.64,34.50
129N04384,2020-08-15 01:10:00,59.74,57.20
129N04384,2020-08-15 01:20:00,63.00,62.00
129N04384,2020-08-15 01:30:00,63.78,92.10
129N04384,2020-08-15 01:40:00,72.06,23.40
129N04384,2020-08-15 01:50:00,72.95,43.50
129N04384,2020-08-15 02:00:00,68.46,76.50
129N04384,2020-08-15 02:10:00,64.11,47.90
129N04384,2020-08-15 02:20:00,59.79,37.60
129N04384,2020-08-15 02:30:00,60.00,54.00
129N04384,2020-08-15 02:40:00,,
129N04384,2020-08-15 02:50:00,59.38,84.10
129N04384,2020-08-15 03:00:00,63.90,64.60
129N04384,2020-08-15 03:10:00,64.83,88.33
129N04384,2020-08-15 03:20:00,58.54,80.70
129N04384,2020-08-15 03:30:00,60.29,69.75
129N04384,2020-08-15 03:40:00,69.58,52.30
129N04384,2020-08-15 03:50:00,68.48,47.90
129N04384,2020-08-15 04:00:00,64.20,85.20
129N04384,2020-08-15 04:10:00,62.04,72.10
129N04384,2020-08-15 04:20:00,60.28,53.43
129N04384,2020-08-15 04:30:00,64.62,94.33
129N04384,2020-08-15 04:40:00,69.88,59.10
129N04384,2020-08-15 04:50:00,69.70,73.40
129N04384,2020-08-15 05:00:00,,
129N04384,2020-08-15 05:10:00,60.00,71.00
129N04384,2020-08-15 05:20:00,69.22,71.30
129N04384,2020-08-15 05:30:00,74.72,54.30
129N04384,2020-08-15 05:40:00,71.02,80.50
129N04384,2020-08-15 05:50:00,69.79,98.70
129N04384,2020-08-15 06:00:00,68.98,90.30
129N04384,2020-08-15 06:10:00,64.68,100.00
129N04384,2020-08-15 06:20:00,67.47,100.00
129N04384,2020-08-15 06:30:00,67.66,98.40
129N04384,2020-08-15 06:40:00,69.36,100.00
129N04384,2020-08-15 06:50:00,71.07,100.00
129N04384,2020-08-15 07:00:00,72.39,100.00
129N04384,2020-08-15 07:10:00,72.65,100.00
129N04384,2020-08-15 07:20:00,72.64,100.00
129N04384,2020-08-15 07:30:00,66.36,100.00
129N04384,2020-08-15 07:40:00,68.74,100.00
129N04384,2020-08-15 07:50:00,68.66,100.00
129N04384,2020-08-15 08:00:00,68.16,100.00
129N04384,2020-08-15 08:10:00,68.41,100.00
129N04384,2020-08-15 08:20:00,71.99,100.00
129N04384,2020-08-15 08:30:00,65.14,100.00
129N04384,2020-08-15 08:40:00,64.89,100.00
129N04384,2020-08-15 08:50:00,66.20,100.00
129N04384,2020-08-15 09:00:00,66.31,97.60
129N04384,2020-08-15 09:10:00,65.38,100.00
129N04384,2020-08-15 09:20:00,65.59,100.00
129N04384,2020-08-15 09:30:00,67.19,100.00
129N04384,2020-08-15 09:40:00,64.76,100.00
129N04384,2020-08-15 09:50:00,66.80,100.00
129N04384,2020-08-15 10:00:00,68.97,100.00
129N04384,2020-08-15 10:10:00,67.45,97.30
129N04384,2020-08-15 10:20:00,65.56,100.00
129N04384,2020-08-15 10:30:00,64.27,100.00
129N04384,2020-08-15 10:40:00,66.97,100.00
129N04384,2020-08-15 10:50:00,66.48,100.00
129N04384,2020-08-15 11:00:00,67.58,100.00
129N04384,2020-08-15 11:10:00,66.67,100.00
129N04384,2020-08-15 11:20:00,65.28,100.00
129N04384,2020-08-15 11:30:00,65.38,100.00
129N04384,2020-08-15 11:40:00,63.38,100.00
129N04384,2020-08-15 11:50:00,65.43,100.00
129N04384,2020-08-15 12:00:00,68.26,100.00
129N04384,2020-08-15 12:10:00,70.08,100.00
129N04384,2020-08-15 12:20:00,67.24,100.00
129N04384,2020-08-15 12:30:00,67.39,100.00
129N04384,2020-08-15 12:40:00,65.37,100.00
129N04384,2020-08-15 12:50:00,65.59,100.00
129N04384,2020-08-15 13:00:00,62.79,100.00
129N04384,2020-08-15 13:10:00,64.26,100.00
129N04384,2020-08-15 13:20:00,65.79,100.00
129N04384,2020-08-15 13:30:00,66.87,100.00
129N04384,2020-08-15 13:40:00,65.25,100.00
129N04384,2020-08-15 13:50:00,64.17,100.00
129N04384,2020-08-15 14:00:00,63.29,100.00
129N04384,2020-08-15 14:10:00,65.19,100.00
129N04384,2020-08-15 14:20:00,65.38,100.00
129N04384,2020-08-15 14:30:00,66.20,100.00
129N04384,2020-08-15 14:40:00,65.19,100.00
129N04384,2020-08-15 14:50:00,64.58,100.00
129N04384,2020-08-15 15:00:00,66.19,100.00
129N04384,2020-08-15 15:10:00,64.25,100.00
129N04384,2020-08-15 15:20:00,65.99,100.00
129N04384,2020-08-15 15:30:00,67.29,100.00
129N04384,2020-08-15 15:40:00,64.19,100.00
129N04384,2020-08-15 15:50:00,66.99,100.00
129N04384,2020-08-15 16:00:00,66.76,100.00
129N04384,2020-08-15 16:10:00,65.97,100.00
129N04384,2020-08-15 16:20:00,65.88,100.00
129N04384,2020-08-15 16:30:00,65.90,99.90
129N04384,2020-08-15 16:40:00,66.50,100.00
129N04384,2020-08-15 16:50:00,65.70,100.00
129N04384,2020-08-15 17:00:00,66.57,100.00
129N04384,2020-08-15 17:10:00,66.79,100.00
129N04384,2020-08-15 17:20:00,66.29,100.00
129N04384,2020-08-15 17:30:00,63.59,100.00
129N04384,2020-08-15 17:40:00,66.19,100.00
129N04384,2020-08-15 17:50:00,65.86,100.00
129N04384,2020-08-15 18:00:00,67.97,100.00
129N04384,2020-08-15 18:10:00,65.99,100.00
129N04384,2020-08-15 18:20:00,64.16,100.00
129N04384,2020-08-15 18:30:00,67.70,100.00
129N04384,2020-08-15 18:40:00,67.29,100.00
129N04384,2020-08-15 18:50:00,68.09,100.00
129N04384,2020-08-15 19:00:00,67.59,100.00
129N04384,2020-08-15 19:10:00,69.45,100.00
129N04384,2020-08-15 19:20:00,67.62,100.00
129N04384,2020-08-15 19:30:00,70.27,100.00
129N04384,2020-08-15 19:40:00,68.37,100.00
129N04384,2020-08-15 19:50:00,68.59,100.00
129N04384,2020-08-15 20:00:00,66.78,100.00
129N04384,2020-08-15 20:10:00,65.19,100.00
129N04384,2020-08-15 20:20:00,67.99,98.40
129N04384,2020-08-15 20:30:00,65.16,100.00
129N04384,2020-08-15 20:40:00,65.00,100.00
129N04384,2020-08-15 20:50:00,62.10,100.00
129N04384,2020-08-15 21:00:00,65.39,100.00
129N04384,2020-08-15 21:10:00,65.26,99.70
129N04384,2020-08-15 21:20:00,62.98,100.00
129N04384,2020-08-15 21:30:00,62.44,97.30
129N04384,2020-08-15 21:40:00,65.46,88.10
129N04384,2020-08-15 21:50:00,65.39,99.80
129N04384,2020-08-15 22:00:00,67.96,93.80
129N04384,2020-08-15 22:10:00,67.56,99.40
129N04384,2020-08-15 22:20:00,64.87,94.40
129N04384,2020-08-15 22:30:00,63.88,99.80
129N04384,2020-08-15 22:40:00,66.58,98.00
129N04384,2020-08-15 22:50:00,63.31,99.70
129N04384,2020-08-15 23:00:00,61.70,66.60
129N04384,2020-08-15 23:10:00,63.66,97.00
129N04384,2020-08-15 23:20:00,71.79,37.00
129N04384,2020-08-15 23:30:00,69.11,57.80
129N04384,2020-08-15 23:40:00,63.78,91.70
129N04384,2020-08-15 23:50:00,67.70,99.90
129N04381,2020-08-15 00:00:00,71.56,76.20
129N04381,2020-08-15 00:10:00,75.13,66.10
129N04381,2020-08-15 00:20:00,67.11,69.30
129N04381,2020-08-15 00:30:00,67.99,85.40
129N04381,2020-08-15 00:40:00,68.51,83.20
129N04381,2020-08-15 00:50:00,64.52,60.30
129N04381,2020-08-15 01:00:00,63.57,70.00
129N04381,2020-08-15 01:10:00,65.31,75.71
129N04381,2020-08-15 01:20:00,60.00,58.25
129N04381,2020-08-15 01:30:00,69.24,64.90
129N04381,2020-08-15 01:40:00,73.35,32.70
129N04381,2020-08-15 01:50:00,76.49,33.13
129N04381,2020-08-15 02:00:00,76.29,64.90
129N04381,2020-08-15 02:10:00,73.05,76.33
129N04381,2020-08-15 02:20:00,65.00,13.25
129N04381,2020-08-15 02:30:00,65.00,20.40
129N04381,2020-08-15 02:40:00,,
129N04381,2020-08-15 02:50:00,,
129N04381,2020-08-15 03:00:00,65.22,92.00
129N04381,2020-08-15 03:10:00,63.50,92.00
129N04381,2020-08-15 03:20:00,60.40,83.22
129N04381,2020-08-15 03:30:00,,
129N04381,2020-08-15 03:40:00,68.00,64.78
129N04381,2020-08-15 03:50:00,65.92,76.40
129N04381,2020-08-15 04:00:00,65.70,97.60
129N04381,2020-08-15 04:10:00,63.64,76.10
129N04381,2020-08-15 04:20:00,59.51,55.44
129N04381,2020-08-15 04:30:00,62.54,95.00
129N04381,2020-08-15 04:40:00,67.18,69.80
129N04381,2020-08-15 04:50:00,65.47,60.70
129N04381,2020-08-15 05:00:00,56.10,41.00
129N04381,2020-08-15 05:10:00,61.36,80.67
129N04381,2020-08-15 05:20:00,74.07,26.70
129N04381,2020-08-15 05:30:00,69.66,69.90
129N04381,2020-08-15 05:40:00,68.19,96.70
129N04381,2020-08-15 05:50:00,68.27,96.30
129N04381,2020-08-15 06:00:00,70.10,84.50
129N04381,2020-08-15 06:10:00,68.28,100.00
129N04381,2020-08-15 06:20:00,68.39,100.00
129N04381,2020-08-15 06:30:00,70.39,91.50
129N04381,2020-08-15 06:40:00,69.87,100.00
129N04381,2020-08-15 06:50:00,69.38,100.00
129N04381,2020-08-15 07:00:00,73.63,100.00
129N04381,2020-08-15 07:10:00,75.33,75.90
129N04381,2020-08-15 07:20:00,72.45,100.00
129N04381,2020-08-15 07:30:00,70.27,100.00
129N04381,2020-08-15 07:40:00,68.87,100.00
129N04381,2020-08-15 07:50:00,71.69,100.00
129N04381,2020-08-15 08:00:00,68.68,100.00
129N04381,2020-08-15 08:10:00,69.38,100.00
129N04381,2020-08-15 08:20:00,74.97,100.00
129N04381,2020-08-15 08:30:00,69.75,97.60
129N04381,2020-08-15 08:40:00,67.99,100.00
129N04381,2020-08-15 08:50:00,65.04,100.00
129N04381,2020-08-15 09:00:00,68.29,98.60
129N04381,2020-08-15 09:10:00,66.29,100.00
129N04381,2020-08-15 09:20:00,66.79,100.00
129N04381,2020-08-15 09:30:00,67.79,100.00
129N04381,2020-08-15 09:40:00,69.12,100.00
129N04381,2020-08-15 09:50:00,67.88,100.00
129N04381,2020-08-15 10:00:00,68.38,100.00
129N04381,2020-08-15 10:10:00,70.19,97.30
129N04381,2020-08-15 10:20:00,66.68,100.00
129N04381,2020-08-15 10:30:00,67.17,100.00
129N04381,2020-08-15 10:40:00,65.47,100.00
129N04381,2020-08-15 10:50:00,67.38,100.00
129N04381,2020-08-15 11:00:00,65.08,100.00
129N04381,2020-08-15 11:10:00,66.77,100.00
129N04381,2020-08-15 11:20:00,67.29,100.00
129N04381,2020-08-15 11:30:00,64.39,100.00
129N04381,2020-08-15 11:40:00,64.75,100.00
129N04381,2020-08-15 11:50:00,66.08,100.00
129N04381,2020-08-15 12:00:00,65.49,100.00
129N04381,2020-08-15 12:10:00,66.76,100.00
129N04381,2020-08-15 12:20:00,67.48,100.00
129N04381,2020-08-15 12:30:00,68.10,100.00
129N04381,2020-08-15 12:40:00,67.19,100.00
129N04381,2020-08-15 12:50:00,65.57,100.00
129N04381,2020-08-15 13:00:00,63.59,100.00
129N04381,2020-08-15 13:10:00,66.56,100.00
129N04381,2020-08-15 13:20:00,64.89,100.00
129N04381,2020-08-15 13:30:00,64.07,100.00
129N04381,2020-08-15 13:40:00,48.40,100.00
129N04381,2020-08-15 13:50:00,33.68,100.00
129N04381,2020-08-15 14:00:00,30.32,100.00
129N04381,2020-08-15 14:10:00,30.22,100.00
129N04381,2020-08-15 14:20:00,31.79,100.00
129N04381,2020-08-15 14:30:00,33.24,100.00
129N04381,2020-08-15 14:40:00,33.43,100.00
129N04381,2020-08-15 14:50:00,31.97,100.00
129N04381,2020-08-15 15:00:00,38.53,100.00
129N04381,2020-08-15 15:10:00,60.79,100.00
129N04381,2020-08-15 15:20:00,65.80,100.00
129N04381,2020-08-15 15:30:00,66.79,100.00
129N04381,2020-08-15 15:40:00,66.47,100.00
129N04381,2020-08-15 15:50:00,68.58,100.00
129N04381,2020-08-15 16:00:00,66.49,100.00
129N04381,2020-08-15 16:10:00,65.79,100.00
129N04381,2020-08-15 16:20:00,65.38,100.00
129N04381,2020-08-15 16:30:00,67.98,100.00
129N04381,2020-08-15 16:40:00,67.79,100.00
129N04381,2020-08-15 16:50:00,68.39,100.00
129N04381,2020-08-15 17:00:00,66.59,100.00
129N04381,2020-08-15 17:10:00,66.98,100.00
129N04381,2020-08-15 17:20:00,65.99,100.00
129N04381,2020-08-15 17:30:00,66.19,100.00
129N04381,2020-08-15 17:40:00,66.98,100.00
129N04381,2020-08-15 17:50:00,64.78,100.00
129N04381,2020-08-15 18:00:00,68.48,100.00
129N04381,2020-08-15 18:10:00,69.98,100.00
129N04381,2020-08-15 18:20:00,68.10,100.00
129N04381,2020-08-15 18:30:00,69.59,100.00
129N04381,2020-08-15 18:40:00,71.00,98.70
129N04381,2020-08-15 18:50:00,70.80,100.00
129N04381,2020-08-15 19:00:00,69.90,100.00
129N04381,2020-08-15 19:10:00,70.24,100.00
129N04381,2020-08-15 19:20:00,66.44,100.00
129N04381,2020-08-15 19:30:00,69.39,100.00
129N04381,2020-08-15 19:40:00,68.29,100.00
129N04381,2020-08-15 19:50:00,70.69,100.00
129N04381,2020-08-15 20:00:00,67.65,100.00
129N04381,2020-08-15 20:10:00,66.29,100.00
129N04381,2020-08-15 20:20:00,65.16,100.00
129N04381,2020-08-15 20:30:00,66.89,100.00
129N04381,2020-08-15 20:40:00,66.39,100.00
129N04381,2020-08-15 20:50:00,63.79,100.00
129N04381,2020-08-15 21:00:00,64.46,100.00
129N04381,2020-08-15 21:10:00,64.83,100.00
129N04381,2020-08-15 21:20:00,65.08,99.20
129N04381,2020-08-15 21:30:00,64.47,98.80
129N04381,2020-08-15 21:40:00,69.79,78.10
129N04381,2020-08-15 21:50:00,68.18,99.70
129N04381,2020-08-15 22:00:00,66.84,94.60
129N04381,2020-08-15 22:10:00,67.66,99.60
129N04381,2020-08-15 22:20:00,67.49,95.30
129N04381,2020-08-15 22:30:00,63.57,100.00
129N04381,2020-08-15 22:40:00,66.99,99.80
129N04381,2020-08-15 22:50:00,67.21,94.60
129N04381,2020-08-15 23:00:00,66.47,93.30
129N04381,2020-08-15 23:10:00,65.88,96.60
129N04381,2020-08-15 23:20:00,68.15,89.00
129N04381,2020-08-15 23:30:00,64.57,89.80
129N04381,2020-08-15 23:40:00,66.45,73.90
129N04381,2020-08-15 23:50:00,66.35,94.80
129N04382,2020-08-15 00:00:00,76.43,58.56
129N04382,2020-08-15 00:10:00,72.11,92.60
129N04382,2020-08-15 00:20:00,70.70,94.50
129N04382,2020-08-15 00:30:00,69.10,73.90
129N04382,2020-08-15 00:40:00,70.46,87.20
129N04382,2020-08-15 00:50:00,71.69,96.10
129N04382,2020-08-15 01:00:00,68.35,79.40
129N04382,2020-08-15 01:10:00,69.54,93.00
129N04382,2020-08-15 01:20:00,61.00,20.38
129N04382,2020-08-15 01:30:00,72.48,73.70
129N04382,2020-08-15 01:40:00,75.78,48.70
129N04382,2020-08-15 01:50:00,77.23,48.00
129N04382,2020-08-15 02:00:00,76.95,71.70
129N04382,2020-08-15 02:10:00,67.25,85.29
129N04382,2020-08-15 02:20:00,67.49,49.75
129N04382,2020-08-15 02:30:00,68.00,66.25
129N04382,2020-08-15 02:40:00,,
129N04382,2020-08-15 02:50:00,,
129N04382,2020-08-15 03:00:00,67.22,96.78
129N04382,2020-08-15 03:10:00,63.74,75.29
129N04382,2020-08-15 03:20:00,58.36,49.10
129N04382,2020-08-15 03:30:00,55.00,32.17
129N04382,2020-08-15 03:40:00,67.28,63.56
129N04382,2020-08-15 03:50:00,67.99,56.60
129N04382,2020-08-15 04:00:00,66.72,82.00
129N04382,2020-08-15 04:10:00,65.10,77.10
129N04382,2020-08-15 04:20:00,60.09,51.50
129N04382,2020-08-15 04:30:00,63.39,90.00
129N04382,2020-08-15 04:40:00,70.57,55.50
129N04382,2020-08-15 04:50:00,68.70,74.80
129N04382,2020-08-15 05:00:00,,
129N04382,2020-08-15 05:10:00,73.24,56.80
129N04382,2020-08-15 05:20:00,72.93,32.80
129N04382,2020-08-15 05:30:00,68.27,59.20
129N04382,2020-08-15 05:40:00,74.54,87.40
129N04382,2020-08-15 05:50:00,69.59,85.40
129N04382,2020-08-15 06:00:00,71.19,88.60
129N04382,2020-08-15 06:10:00,66.85,92.40
129N04382,2020-08-15 06:20:00,68.19,83.70
129N04382,2020-08-15 06:30:00,73.33,73.50
129N04382,2020-08-15 06:40:00,72.26,97.70
129N04382,2020-08-15 06:50:00,72.45,100.00
129N04382,2020-08-15 07:00:00,74.79,96.90
129N04382,2020-08-15 07:10:00,74.79,98.00
129N04382,2020-08-15 07:20:00,72.39,100.00
129N04382,2020-08-15 07:30:00,70.45,100.00
129N04382,2020-08-15 07:40:00,69.89,100.00
129N04382,2020-08-15 07:50:00,72.61,100.00
129N04382,2020-08-15 08:00:00,68.29,100.00
129N04382,2020-08-15 08:10:00,69.88,100.00
129N04382,2020-08-15 08:20:00,73.88,94.40
129N04382,2020-08-15 08:30:00,69.02,99.50
129N04382,2020-08-15 08:40:00,67.69,100.00
129N04382,2020-08-15 08:50:00,67.48,100.00
129N04382,2020-08-15 09:00:00,70.18,92.10
129N04382,2020-08-15 09:10:00,69.08,100.00
129N04382,2020-08-15 09:20:00,67.79,100.00
129N04382,2020-08-15 09:30:00,70.29,98.50
129N04382,2020-08-15 09:40:00,68.63,100.00
129N04382,2020-08-15 09:50:00,68.52,100.00
129N04382,2020-08-15 10:00:00,68.97,100.00
129N04382,2020-08-15 10:10:00,68.90,100.00
129N04382,2020-08-15 10:20:00,66.08,100.00
129N04382,2020-08-15 10:30:00,67.47,100.00
129N04382,2020-08-15 10:40:00,65.78,100.00
129N04382,2020-08-15 10:50:00,68.88,100.00
129N04382,2020-08-15 11:00:00,67.66,100.00
129N04382,2020-08-15 11:10:00,67.09,100.00
129N04382,2020-08-15 11:20:00,68.29,100.00
129N04382,2020-08-15 11:30:00,63.99,100.00
129N04382,2020-08-15 11:40:00,65.19,100.00
129N04382,2020-08-15 11:50:00,67.58,97.80
129N04382,2020-08-15 12:00:00,68.58,100.00
129N04382,2020-08-15 12:10:00,68.39,100.00
129N04382,2020-08-15 12:20:00,68.79,100.00
129N04382,2020-08-15 12:30:00,68.09,100.00
129N04382,2020-08-15 12:40:00,68.09,99.70
129N04382,2020-08-15 12:50:00,66.18,100.00
129N04382,2020-08-15 13:00:00,64.89,100.00
129N04382,2020-08-15 13:10:00,66.58,100.00
129N04382,2020-08-15 13:20:00,66.38,100.00
129N04382,2020-08-15 13:30:00,65.57,100.00
129N04382,2020-08-15 13:40:00,62.07,100.00
129N04382,2020-08-15 13:50:00,48.07,100.00
129N04382,2020-08-15 14:00:00,52.43,100.00
129N04382,2020-08-15 14:10:00,40.50,100.00
129N04382,2020-08-15 14:20:00,53.67,100.00
129N04382,2020-08-15 14:30:00,55.56,100.00
129N04382,2020-08-15 14:40:00,59.48,100.00
129N04382,2020-08-15 14:50:00,61.98,100.00
129N04382,2020-08-15 15:00:00,62.69,100.00
129N04382,2020-08-15 15:10:00,64.59,100.00
129N04382,2020-08-15 15:20:00,66.18,100.00
129N04382,2020-08-15 15:30:00,68.09,100.00
129N04382,2020-08-15 15:40:00,65.84,100.00
129N04382,2020-08-15 15:50:00,67.68,100.00
129N04382,2020-08-15 16:00:00,66.19,100.00
129N04382,2020-08-15 16:10:00,65.58,100.00
129N04382,2020-08-15 16:20:00,66.98,100.00
129N04382,2020-08-15 16:30:00,68.40,100.00
129N04382,2020-08-15 16:40:00,67.29,100.00
129N04382,2020-08-15 16:50:00,68.19,100.00
129N04382,2020-08-15 17:00:00,66.38,100.00
129N04382,2020-08-15 17:10:00,67.39,100.00
129N04382,2020-08-15 17:20:00,66.19,100.00
129N04382,2020-08-15 17:30:00,66.79,100.00
129N04382,2020-08-15 17:40:00,66.39,100.00
129N04382,2020-08-15 17:50:00,64.69,100.00
129N04382,2020-08-15 18:00:00,69.37,100.00
129N04382,2020-08-15 18:10:00,69.65,100.00
129N04382,2020-08-15 18:20:00,68.10,100.00
129N04382,2020-08-15 18:30:00,70.99,100.00
129N04382,2020-08-15 18:40:00,71.18,100.00
129N04382,2020-08-15 18:50:00,70.35,100.00
129N04382,2020-08-15 19:00:00,68.88,100.00
129N04382,2020-08-15 19:10:00,69.74,100.00
129N04382,2020-08-15 19:20:00,67.65,100.00
129N04382,2020-08-15 19:30:00,69.79,100.00
129N04382,2020-08-15 19:40:00,67.95,100.00
129N04382,2020-08-15 19:50:00,71.29,100.00
129N04382,2020-08-15 20:00:00,69.18,100.00
129N04382,2020-08-15 20:10:00,68.68,100.00
129N04382,2020-08-15 20:20:00,68.94,99.80
129N04382,2020-08-15 20:30:00,68.88,98.80
129N04382,2020-08-15 20:40:00,69.89,100.00
129N04382,2020-08-15 20:50:00,68.55,96.30
129N04382,2020-08-15 21:00:00,68.79,100.00
129N04382,2020-08-15 21:10:00,67.74,92.30
129N04382,2020-08-15 21:20:00,66.88,97.10
129N04382,2020-08-15 21:30:00,65.48,99.00
129N04382,2020-08-15 21:40:00,72.58,75.70
129N04382,2020-08-15 21:50:00,68.88,99.80
129N04382,2020-08-15 22:00:00,69.14,81.10
129N04382,2020-08-15 22:10:00,69.93,98.80
129N04382,2020-08-15 22:20:00,67.76,97.90
129N04382,2020-08-15 22:30:00,63.76,100.00
129N04382,2020-08-15 22:40:00,68.10,98.60
129N04382,2020-08-15 22:50:00,70.25,89.10
129N04382,2020-08-15 23:00:00,65.06,88.10
129N04382,2020-08-15 23:10:00,66.66,95.70
129N04382,2020-08-15 23:20:00,72.67,73.30
129N04382,2020-08-15 23:30:00,69.63,87.30
129N04382,2020-08-15 23:40:00,67.30,92.44
129N04382,2020-08-15 23:50:00,70.99,92.40
129N04380,2020-08-15 00:00:00,68.63,78.60
129N04380,2020-08-15 00:10:00,65.37,75.11
129N04380,2020-08-15 00:20:00,66.77,99.00
129N04380,2020-08-15 00:30:00,64.28,90.30
129N04380,2020-08-15 00:40:00,68.86,77.50
129N04380,2020-08-15 00:50:00,66.89,74.80
129N04380,2020-08-15 01:00:00,62.86,76.60
129N04380,2020-08-15 01:10:00,65.18,76.14
129N04380,2020-08-15 01:20:00,58.00,45.44
129N04380,2020-08-15 01:30:00,64.00,84.78
129N04380,2020-08-15 01:40:00,71.44,33.00
129N04380,2020-08-15 01:50:00,75.84,21.43
129N04380,2020-08-15 02:00:00,71.97,61.90
129N04380,2020-08-15 02:10:00,73.55,62.00
129N04380,2020-08-15 02:20:00,59.46,16.63
129N04380,2020-08-15 02:30:00,61.74,47.25
129N04380,2020-08-15 02:40:00,,
129N04380,2020-08-15 02:50:00,,
129N04380,2020-08-15 03:00:00,69.41,33.63
129N04380,2020-08-15 03:10:00,69.11,54.00
129N04380,2020-08-15 03:20:00,60.57,43.30
129N04380,2020-08-15 03:30:00,57.00,21.00
129N04380,2020-08-15 03:40:00,68.00,91.22
129N04380,2020-08-15 03:50:00,67.42,78.40
129N04380,2020-08-15 04:00:00,65.92,86.10
129N04380,2020-08-15 04:10:00,62.92,66.40
129N04380,2020-08-15 04:20:00,56.65,26.30
129N04380,2020-08-15 04:30:00,62.48,96.70
129N04380,2020-08-15 04:40:00,65.00,68.30
129N04380,2020-08-15 04:50:00,70.16,44.90
129N04380,2020-08-15 05:00:00,61.00,93.70
129N04380,2020-08-15 05:10:00,66.89,80.00
129N04380,2020-08-15 05:20:00,75.35,28.80
129N04380,2020-08-15 05:30:00,62.54,64.40
129N04380,2020-08-15 05:40:00,70.95,85.80
129N04380,2020-08-15 05:50:00,68.75,98.40
129N04380,2020-08-15 06:00:00,69.03,69.60
129N04380,2020-08-15 06:10:00,68.94,95.10
129N04380,2020-08-15 06:20:00,68.64,90.90
129N04380,2020-08-15 06:30:00,68.44,98.90
129N04380,2020-08-15 06:40:00,71.19,100.00
129N04380,2020-08-15 06:50:00,69.38,100.00
129N04380,2020-08-15 07:00:00,74.47,100.00
129N04380,2020-08-15 07:10:00,72.14,100.00
129N04380,2020-08-15 07:20:00,71.39,100.00
129N04380,2020-08-15 07:30:00,70.26,100.00
129N04380,2020-08-15 07:40:00,68.80,100.00
129N04380,2020-08-15 07:50:00,70.28,100.00
129N04380,2020-08-15 08:00:00,68.79,100.00
129N04380,2020-08-15 08:10:00,68.05,100.00
129N04380,2020-08-15 08:20:00,72.39,100.00
129N04380,2020-08-15 08:30:00,66.73,100.00
129N04380,2020-08-15 08:40:00,65.98,100.00
129N04380,2020-08-15 08:50:00,64.89,100.00
129N04380,2020-08-15 09:00:00,65.15,100.00
129N04380,2020-08-15 09:10:00,64.29,100.00
129N04380,2020-08-15 09:20:00,65.84,100.00
129N04380,2020-08-15 09:30:00,64.08,100.00
129N04380,2020-08-15 09:40:00,66.29,100.00
129N04380,2020-08-15 09:50:00,65.69,100.00
129N04380,2020-08-15 10:00:00,66.19,100.00
129N04380,2020-08-15 10:10:00,68.46,100.00
129N04380,2020-08-15 10:20:00,63.98,100.00
129N04380,2020-08-15 10:30:00,64.56,100.00
129N04380,2020-08-15 10:40:00,61.68,100.00
129N04380,2020-08-15 10:50:00,62.98,100.00
129N04380,2020-08-15 11:00:00,62.59,100.00
129N04380,2020-08-15 11:10:00,62.39,100.00
129N04380,2020-08-15 11:20:00,63.99,100.00
129N04380,2020-08-15 11:30:00,63.19,100.00
129N04380,2020-08-15 11:40:00,61.99,100.00
129N04380,2020-08-15 11:50:00,63.29,100.00
129N04380,2020-08-15 12:00:00,64.09,99.60
129N04380,2020-08-15 12:10:00,62.79,100.00
129N04380,2020-08-15 12:20:00,62.55,100.00
129N04380,2020-08-15 12:30:00,63.48,100.00
129N04380,2020-08-15 12:40:00,63.58,100.00
129N04380,2020-08-15 12:50:00,62.79,100.00
129N04380,2020-08-15 13:00:00,62.10,100.00
129N04380,2020-08-15 13:10:00,62.60,100.00
129N04380,2020-08-15 13:20:00,62.99,100.00
129N04380,2020-08-15 13:30:00,61.15,100.00
129N04380,2020-08-15 13:40:00,61.99,100.00
129N04380,2020-08-15 13:50:00,57.99,100.00
129N04380,2020-08-15 14:00:00,57.58,100.00
129N04380,2020-08-15 14:10:00,60.16,100.00
129N04380,2020-08-15 14:20:00,58.16,100.00
129N04380,2020-08-15 14:30:00,61.59,100.00
129N04380,2020-08-15 14:40:00,59.36,100.00
129N04380,2020-08-15 14:50:00,60.39,100.00
129N04380,2020-08-15 15:00:00,58.78,100.00
129N04380,2020-08-15 15:10:00,61.19,100.00
129N04380,2020-08-15 15:20:00,62.19,100.00
129N04380,2020-08-15 15:30:00,63.40,100.00
129N04380,2020-08-15 15:40:00,63.48,100.00
129N04380,2020-08-15 15:50:00,66.56,100.00
129N04380,2020-08-15 16:00:00,63.59,100.00
129N04380,2020-08-15 16:10:00,64.14,100.00
129N04380,2020-08-15 16:20:00,62.79,100.00
129N04380,2020-08-15 16:30:00,64.29,100.00
129N04380,2020-08-15 16:40:00,64.48,100.00
129N04380,2020-08-15 16:50:00,65.50,100.00
129N04380,2020-08-15 17:00:00,63.89,100.00
129N04380,2020-08-15 17:10:00,64.58,100.00
129N04380,2020-08-15 17:20:00,64.66,100.00
129N04380,2020-08-15 17:30:00,62.89,100.00
129N04380,2020-08-15 17:40:00,65.28,100.00
129N04380,2020-08-15 17:50:00,63.19,100.00
129N04380,2020-08-15 18:00:00,65.19,100.00
129N04380,2020-08-15 18:10:00,64.98,100.00
129N04380,2020-08-15 18:20:00,66.29,100.00
129N04380,2020-08-15 18:30:00,65.96,100.00
129N04380,2020-08-15 18:40:00,66.77,99.50
129N04380,2020-08-15 18:50:00,67.06,100.00
129N04380,2020-08-15 19:00:00,67.27,100.00
129N04380,2020-08-15 19:10:00,66.55,100.00
129N04380,2020-08-15 19:20:00,64.08,100.00
129N04380,2020-08-15 19:30:00,68.02,100.00
129N04380,2020-08-15 19:40:00,65.23,100.00
129N04380,2020-08-15 19:50:00,67.96,100.00
129N04380,2020-08-15 20:00:00,67.26,100.00
129N04380,2020-08-15 20:10:00,66.18,100.00
129N04380,2020-08-15 20:20:00,65.48,100.00
129N04380,2020-08-15 20:30:00,67.44,99.30
129N04380,2020-08-15 20:40:00,65.56,99.00
129N04380,2020-08-15 20:50:00,62.94,100.00
129N04380,2020-08-15 21:00:00,63.67,100.00
129N04380,2020-08-15 21:10:00,65.68,100.00
129N04380,2020-08-15 21:20:00,65.66,97.40
129N04380,2020-08-15 21:30:00,60.85,100.00
129N04380,2020-08-15 21:40:00,69.05,81.00
129N04380,2020-08-15 21:50:00,66.59,100.00
129N04380,2020-08-15 22:00:00,64.82,99.50
129N04380,2020-08-15 22:10:00,65.41,100.00
129N04380,2020-08-15 22:20:00,68.23,76.50
129N04380,2020-08-15 22:30:00,63.22,99.90
129N04380,2020-08-15 22:40:00,69.17,100.00
129N04380,2020-08-15 22:50:00,65.85,99.60
129N04380,2020-08-15 23:00:00,64.79,91.60
129N04380,2020-08-15 23:10:00,65.59,98.00
129N04380,2020-08-15 23:20:00,69.61,68.20
129N04380,2020-08-15 23:30:00,67.69,98.10
129N04380,2020-08-15 23:40:00,71.07,52.40
129N04380,2020-08-15 23:50:00,69.56,93.30
129-04388,2020-08-15 00:00:00,67.22,71.75
129-04388,2020-08-15 00:10:00,68.30,87.50
129-04388,2020-08-15 00:20:00,,
129-04388,2020-08-15 00:30:00,,
129-04388,2020-08-15 00:40:00,74.29,53.80
129-04388,2020-08-15 00:50:00,74.82,57.90
129-04388,2020-08-15 01:00:00,68.69,67.70
129-04388,2020-08-15 01:10:00,65.19,49.00
129-04388,2020-08-15 01:20:00,66.98,85.00
129-04388,2020-08-15 01:30:00,70.00,98.50
129-04388,2020-08-15 01:40:00,70.00,93.75
129-04388,2020-08-15 01:50:00,73.68,60.13
129-04388,2020-08-15 02:00:00,76.00,57.00
129-04388,2020-08-15 02:10:00,68.29,41.00
129-04388,2020-08-15 02:20:00,65.00,31.89
129-04388,2020-08-15 02:30:00,,
129-04388,2020-08-15 02:40:00,72.00,100.00
129-04388,2020-08-15 02:50:00,72.00,81.60
129-04388,2020-08-15 03:00:00,,
129-04388,2020-08-15 03:10:00,72.17,92.80
129-04388,2020-08-15 03:20:00,74.16,94.00
129-04388,2020-08-15 03:30:00,71.00,98.40
129-04388,2020-08-15 03:40:00,71.00,99.00
129-04388,2020-08-15 03:50:00,68.00,72.56
129-04388,2020-08-15 04:00:00,74.96,77.20
129-04388,2020-08-15 04:10:00,67.78,75.70
129-04388,2020-08-15 04:20:00,71.20,97.60
129-04388,2020-08-15 04:30:00,75.96,53.50
129-04388,2020-08-15 04:40:00,74.97,71.90
129-04388,2020-08-15 04:50:00,78.83,37.78
129-04388,2020-08-15 05:00:00,70.85,80.30
129-04388,2020-08-15 05:10:00,73.61,87.00
129-04388,2020-08-15 05:20:00,72.78,95.10
129-04388,2020-08-15 05:30:00,75.45,91.80
129-04388,2020-08-15 05:40:00,77.20,77.40
129-04388,2020-08-15 05:50:00,75.06,79.70
129-04388,2020-08-15 06:00:00,79.00,85.10
129-04388,2020-08-15 06:10:00,71.27,72.50
129-04388,2020-08-15 06:20:00,71.72,86.10
129-04388,2020-08-15 06:30:00,74.02,88.30
129-04388,2020-08-15 06:40:00,76.47,66.50
129-04388,2020-08-15 06:50:00,74.47,98.90
129-04388,2020-08-15 07:00:00,71.89,100.00
129-04388,2020-08-15 07:10:00,73.75,98.90
129-04388,2020-08-15 07:20:00,72.58,100.00
129-04388,2020-08-15 07:30:00,73.83,91.20
129-04388,2020-08-15 07:40:00,72.96,100.00
129-04388,2020-08-15 07:50:00,75.99,97.30
129-04388,2020-08-15 08:00:00,74.67,97.60
129-04388,2020-08-15 08:10:00,76.39,90.80
129-04388,2020-08-15 08:20:00,73.56,100.00
129-04388,2020-08-15 08:30:00,74.39,100.00
129-04388,2020-08-15 08:40:00,72.39,100.00
129-04388,2020-08-15 08:50:00,77.48,83.10
129-04388,2020-08-15 09:00:00,75.97,85.80
129-04388,2020-08-15 09:10:00,72.63,100.00
129-04388,2020-08-15 09:20:00,74.45,100.00
129-04388,2020-08-15 09:30:00,74.84,100.00
129-04388,2020-08-15 09:40:00,74.79,99.50
129-04388,2020-08-15 09:50:00,72.56,100.00
129-04388,2020-08-15 10:00:00,78.09,82.90
129-04388,2020-08-15 10:10:00,74.90,90.40
129-04388,2020-08-15 10:20:00,71.97,100.00
129-04388,2020-08-15 10:30:00,74.57,100.00
129-04388,2020-08-15 10:40:00,73.68,100.00
129-04388,2020-08-15 10:50:00,74.89,100.00
129-04388,2020-08-15 11:00:00,73.48,100.00
129-04388,2020-08-15 11:10:00,74.09,100.00
129-04388,2020-08-15 11:20:00,71.98,100.00
129-04388,2020-08-15 11:30:00,74.89,100.00
129-04388,2020-08-15 11:40:00,75.18,100.00
129-04388,2020-08-15 11:50:00,77.39,100.00
129-04388,2020-08-15 12:00:00,74.98,100.00
129-04388,2020-08-15 12:10:00,72.75,100.00
129-04388,2020-08-15 12:20:00,76.69,100.00
129-04388,2020-08-15 12:30:00,77.59,100.00
129-04388,2020-08-15 12:40:00,73.83,100.00
129-04388,2020-08-15 12:50:00,74.78,100.00
129-04388,2020-08-15 13:00:00,73.29,100.00
129-04388,2020-08-15 13:10:00,71.98,100.00
129-04388,2020-08-15 13:20:00,72.29,100.00
129-04388,2020-08-15 13:30:00,73.70,100.00
129-04388,2020-08-15 13:40:00,72.76,100.00
129-04388,2020-08-15 13:50:00,71.60,100.00
129-04388,2020-08-15 14:00:00,73.57,100.00
129-04388,2020-08-15 14:10:00,75.60,100.00
129-04388,2020-08-15 14:20:00,75.78,100.00
129-04388,2020-08-15 14:30:00,75.99,100.00
129-04388,2020-08-15 14:40:00,75.19,100.00
129-04388,2020-08-15 14:50:00,75.78,100.00
129-04388,2020-08-15 15:00:00,73.86,100.00
129-04388,2020-08-15 15:10:00,73.27,100.00
129-04388,2020-08-15 15:20:00,72.64,100.00
129-04388,2020-08-15 15:30:00,73.51,100.00
129-04388,2020-08-15 15:40:00,74.37,100.00
129-04388,2020-08-15 15:50:00,74.87,100.00
129-04388,2020-08-15 16:00:00,73.58,100.00
129-04388,2020-08-15 16:10:00,73.48,100.00
129-04388,2020-08-15 16:20:00,75.59,100.00
129-04388,2020-08-15 16:30:00,76.18,100.00
129-04388,2020-08-15 16:40:00,73.69,100.00
129-04388,2020-08-15 16:50:00,74.88,100.00
129-04388,2020-08-15 17:00:00,76.67,94.10
129-04388,2020-08-15 17:10:00,76.77,100.00
129-04388,2020-08-15 17:20:00,74.08,100.00
129-04388,2020-08-15 17:30:00,72.37,100.00
129-04388,2020-08-15 17:40:00,73.67,100.00
129-04388,2020-08-15 17:50:00,74.79,100.00
129-04388,2020-08-15 18:00:00,75.79,100.00
129-04388,2020-08-15 18:10:00,75.89,100.00
129-04388,2020-08-15 18:20:00,77.21,100.00
129-04388,2020-08-15 18:30:00,73.29,100.00
129-04388,2020-08-15 18:40:00,73.89,100.00
129-04388,2020-08-15 18:50:00,74.42,100.00
129-04388,2020-08-15 19:00:00,77.69,100.00
129-04388,2020-08-15 19:10:00,74.43,100.00
129-04388,2020-08-15 19:20:00,73.58,100.00
129-04388,2020-08-15 19:30:00,75.76,100.00
129-04388,2020-08-15 19:40:00,74.99,100.00
129-04388,2020-08-15 19:50:00,73.07,100.00
129-04388,2020-08-15 20:00:00,74.38,100.00
129-04388,2020-08-15 20:10:00,71.57,100.00
129-04388,2020-08-15 20:20:00,69.12,100.00
129-04388,2020-08-15 20:30:00,70.90,82.10
129-04388,2020-08-15 20:40:00,70.69,100.00
129-04388,2020-08-15 20:50:00,69.36,97.60
129-04388,2020-08-15 21:00:00,70.34,97.40
129-04388,2020-08-15 21:10:00,70.35,100.00
129-04388,2020-08-15 21:20:00,73.18,100.00
129-04388,2020-08-15 21:30:00,68.53,75.20
129-04388,2020-08-15 21:40:00,73.43,87.10
129-04388,2020-08-15 21:50:00,73.79,94.70
129-04388,2020-08-15 22:00:00,71.94,92.60
129-04388,2020-08-15 22:10:00,73.77,91.20
129-04388,2020-08-15 22:20:00,68.45,100.00
129-04388,2020-08-15 22:30:00,72.71,93.90
129-04388,2020-08-15 22:40:00,74.87,76.50
129-04388,2020-08-15 22:50:00,73.33,75.40
129-04388,2020-08-15 23:00:00,69.92,74.80
129-04388,2020-08-15 23:10:00,71.71,77.40
129-04388,2020-08-15 23:20:00,78.57,53.30
129-04388,2020-08-15 23:30:00,74.10,98.30
129-04388,2020-08-15 23:40:00,65.89,32.70
129-04388,2020-08-15 23:50:00,65.66,55.90
129-04389,2020-08-15 00:00:00,65.72,72.25
129-04389,2020-08-15 00:10:00,65.12,71.75
129-04389,2020-08-15 00:20:00,,
129-04389,2020-08-15 00:30:00,,
129-04389,2020-08-15 00:40:00,80.00,18.60
129-04389,2020-08-15 00:50:00,75.59,55.60
129-04389,2020-08-15 01:00:00,67.69,58.60
129-04389,2020-08-15 01:10:00,65.80,48.90
129-04389,2020-08-15 01:20:00,66.60,78.60
129-04389,2020-08-15 01:30:00,69.70,99.10
129-04389,2020-08-15 01:40:00,69.00,98.50
129-04389,2020-08-15 01:50:00,69.87,96.25
129-04389,2020-08-15 02:00:00,71.00,87.70
129-04389,2020-08-15 02:10:00,64.60,55.33
129-04389,2020-08-15 02:20:00,62.00,47.00
129-04389,2020-08-15 02:30:00,,
129-04389,2020-08-15 02:40:00,69.94,76.00
129-04389,2020-08-15 02:50:00,72.10,55.10
129-04389,2020-08-15 03:00:00,,
129-04389,2020-08-15 03:10:00,70.00,94.80
129-04389,2020-08-15 03:20:00,69.83,98.00
129-04389,2020-08-15 03:30:00,71.00,98.80
129-04389,2020-08-15 03:40:00,72.00,98.00
129-04389,2020-08-15 03:50:00,67.00,82.70
129-04389,2020-08-15 04:00:00,71.56,90.20
129-04389,2020-08-15 04:10:00,67.89,88.50
129-04389,2020-08-15 04:20:00,69.79,97.20
129-04389,2020-08-15 04:30:00,72.41,73.25
129-04389,2020-08-15 04:40:00,71.57,91.40
129-04389,2020-08-15 04:50:00,69.43,95.22
129-04389,2020-08-15 05:00:00,69.78,97.70
129-04389,2020-08-15 05:10:00,75.06,79.40
129-04389,2020-08-15 05:20:00,71.69,97.60
129-04389,2020-08-15 05:30:00,75.74,78.10
129-04389,2020-08-15 05:40:00,77.80,81.20
129-04389,2020-08-15 05:50:00,73.62,79.60
129-04389,2020-08-15 06:00:00,77.99,84.90
129-04389,2020-08-15 06:10:00,71.07,100.00
129-04389,2020-08-15 06:20:00,71.36,93.20
129-04389,2020-08-15 06:30:00,70.67,100.00
129-04389,2020-08-15 06:40:00,74.47,76.60
129-04389,2020-08-15 06:50:00,74.07,100.00
129-04389,2020-08-15 07:00:00,71.68,100.00
129-04389,2020-08-15 07:10:00,74.27,100.00
129-04389,2020-08-15 07:20:00,71.38,100.00
129-04389,2020-08-15 07:30:00,72.57,97.50
129-04389,2020-08-15 07:40:00,72.12,97.50
129-04389,2020-08-15 07:50:00,72.38,98.80
129-04389,2020-08-15 08:00:00,71.75,98.80
129-04389,2020-08-15 08:10:00,75.98,86.50
129-04389,2020-08-15 08:20:00,72.68,100.00
129-04389,2020-08-15 08:30:00,72.69,100.00
129-04389,2020-08-15 08:40:00,71.69,100.00
129-04389,2020-08-15 08:50:00,77.80,72.70
129-04389,2020-08-15 09:00:00,70.09,97.10
129-04389,2020-08-15 09:10:00,71.95,100.00
129-04389,2020-08-15 09:20:00,73.04,100.00
129-04389,2020-08-15 09:30:00,73.08,100.00
129-04389,2020-08-15 09:40:00,75.00,100.00
129-04389,2020-08-15 09:50:00,71.04,98.70
129-04389,2020-08-15 10:00:00,75.18,89.50
129-04389,2020-08-15 10:10:00,73.07,90.70
129-04389,2020-08-15 10:20:00,71.54,100.00
129-04389,2020-08-15 10:30:00,73.75,98.00
129-04389,2020-08-15 10:40:00,70.99,100.00
129-04389,2020-08-15 10:50:00,72.84,100.00
129-04389,2020-08-15 11:00:00,73.07,100.00
129-04389,2020-08-15 11:10:00,74.19,100.00
129-04389,2020-08-15 11:20:00,73.39,100.00
129-04389,2020-08-15 11:30:00,73.36,100.00
129-04389,2020-08-15 11:40:00,73.27,100.00
129-04389,2020-08-15 11:50:00,74.54,100.00
129-04389,2020-08-15 12:00:00,72.97,100.00
129-04389,2020-08-15 12:10:00,71.75,100.00
129-04389,2020-08-15 12:20:00,75.80,100.00
129-04389,2020-08-15 12:30:00,76.79,100.00
129-04389,2020-08-15 12:40:00,73.95,100.00
129-04389,2020-08-15 12:50:00,75.48,100.00
129-04389,2020-08-15 13:00:00,72.08,100.00
129-04389,2020-08-15 13:10:00,70.69,100.00
129-04389,2020-08-15 13:20:00,71.59,100.00
129-04389,2020-08-15 13:30:00,73.69,100.00
129-04389,2020-08-15 13:40:00,71.48,100.00
129-04389,2020-08-15 13:50:00,70.80,100.00
129-04389,2020-08-15 14:00:00,74.18,100.00
129-04389,2020-08-15 14:10:00,73.87,100.00
129-04389,2020-08-15 14:20:00,73.38,100.00
129-04389,2020-08-15 14:30:00,74.48,100.00
129-04389,2020-08-15 14:40:00,74.09,100.00
129-04389,2020-08-15 14:50:00,74.39,100.00
129-04389,2020-08-15 15:00:00,72.53,100.00
129-04389,2020-08-15 15:10:00,72.67,99.30
129-04389,2020-08-15 15:20:00,71.42,99.30
129-04389,2020-08-15 15:30:00,73.80,100.00
129-04389,2020-08-15 15:40:00,73.27,100.00
129-04389,2020-08-15 15:50:00,73.39,100.00
129-04389,2020-08-15 16:00:00,71.59,100.00
129-04389,2020-08-15 16:10:00,72.76,100.00
129-04389,2020-08-15 16:20:00,74.79,100.00
129-04389,2020-08-15 16:30:00,74.99,100.00
129-04389,2020-08-15 16:40:00,72.69,100.00
129-04389,2020-08-15 16:50:00,74.19,100.00
129-04389,2020-08-15 17:00:00,74.45,87.80
129-04389,2020-08-15 17:10:00,76.46,100.00
129-04389,2020-08-15 17:20:00,73.17,100.00
129-04389,2020-08-15 17:30:00,72.29,100.00
129-04389,2020-08-15 17:40:00,71.68,100.00
129-04389,2020-08-15 17:50:00,74.29,100.00
129-04389,2020-08-15 18:00:00,75.40,100.00
129-04389,2020-08-15 18:10:00,75.88,100.00
129-04389,2020-08-15 18:20:00,77.37,100.00
129-04389,2020-08-15 18:30:00,72.98,100.00
129-04389,2020-08-15 18:40:00,71.68,100.00
129-04389,2020-08-15 18:50:00,72.73,100.00
129-04389,2020-08-15 19:00:00,76.17,100.00
129-04389,2020-08-15 19:10:00,73.87,100.00
129-04389,2020-08-15 19:20:00,73.18,100.00
129-04389,2020-08-15 19:30:00,71.69,100.00
129-04389,2020-08-15 19:40:00,72.59,100.00
129-04389,2020-08-15 19:50:00,71.48,100.00
129-04389,2020-08-15 20:00:00,73.93,100.00
129-04389,2020-08-15 20:10:00,70.37,100.00
129-04389,2020-08-15 20:20:00,68.99,100.00
129-04389,2020-08-15 20:30:00,71.02,97.00
129-04389,2020-08-15 20:40:00,70.59,100.00
129-04389,2020-08-15 20:50:00,67.43,100.00
129-04389,2020-08-15 21:00:00,69.79,100.00
129-04389,2020-08-15 21:10:00,67.68,100.00
129-04389,2020-08-15 21:20:00,70.98,100.00
129-04389,2020-08-15 21:30:00,67.89,92.40
129-04389,2020-08-15 21:40:00,73.47,90.50
129-04389,2020-08-15 21:50:00,71.60,100.00
129-04389,2020-08-15 22:00:00,72.76,81.90
129-04389,2020-08-15 22:10:00,73.92,78.50
129-04389,2020-08-15 22:20:00,66.96,100.00
129-04389,2020-08-15 22:30:00,72.41,89.90
129-04389,2020-08-15 22:40:00,76.48,61.50
129-04389,2020-08-15 22:50:00,75.89,58.90
129-04389,2020-08-15 23:00:00,78.09,67.80
129-04389,2020-08-15 23:10:00,71.91,76.20
129-04389,2020-08-15 23:20:00,76.84,87.00
129-04389,2020-08-15 23:30:00,71.00,78.56
129-04389,2020-08-15 23:40:00,63.79,18.10
129-04389,2020-08-15 23:50:00,64.93,56.80
129-04661,2020-08-15 00:00:00,67.00,99.20
129-04661,2020-08-15 00:10:00,67.99,94.20
129-04661,2020-08-15 00:20:00,64.19,88.60
129-04661,2020-08-15 00:30:00,73.91,50.00
129-04661,2020-08-15 00:40:00,67.03,53.33
129-04661,2020-08-15 00:50:00,66.29,83.90
129-04661,2020-08-15 01:00:00,73.30,66.30
129-04661,2020-08-15 01:10:00,69.96,84.00
129-04661,2020-08-15 01:20:00,69.96,89.80
129-04661,2020-08-15 01:30:00,66.25,89.50
129-04661,2020-08-15 01:40:00,66.00,91.00
129-04661,2020-08-15 01:50:00,66.00,96.33
129-04661,2020-08-15 02:00:00,66.00,98.00
129-04661,2020-08-15 02:10:00,73.00,56.40
129-04661,2020-08-15 02:20:00,70.11,89.57
129-04661,2020-08-15 02:30:00,73.09,75.60
129-04661,2020-08-15 02:40:00,67.94,31.70
129-04661,2020-08-15 02:50:00,66.32,53.60
129-04661,2020-08-15 03:00:00,75.96,76.63
129-04661,2020-08-15 03:10:00,64.00,55.67
129-04661,2020-08-15 03:20:00,70.79,91.50
129-04661,2020-08-15 03:30:00,67.44,89.20
129-04661,2020-08-15 03:40:00,67.19,93.40
129-04661,2020-08-15 03:50:00,68.59,97.00
129-04661,2020-08-15 04:00:00,67.97,96.30
129-04661,2020-08-15 04:10:00,67.27,86.80
129-04661,2020-08-15 04:20:00,69.22,64.00
129-04661,2020-08-15 04:30:00,73.29,43.20
129-04661,2020-08-15 04:40:00,68.36,90.60
129-04661,2020-08-15 04:50:00,74.98,89.10
129-04661,2020-08-15 05:00:00,73.26,97.20
129-04661,2020-08-15 05:10:00,74.80,98.00
129-04661,2020-08-15 05:20:00,77.15,63.20
129-04661,2020-08-15 05:30:00,71.39,74.70
129-04661,2020-08-15 05:40:00,76.13,78.30
129-04661,2020-08-15 05:50:00,76.49,56.90
129-04661,2020-08-15 06:00:00,71.39,91.50
129-04661,2020-08-15 06:10:00,78.97,48.70
129-04661,2020-08-15 06:20:00,78.01,62.50
129-04661,2020-08-15 06:30:00,72.99,96.20
129-04661,2020-08-15 06:40:00,72.88,96.70
129-04661,2020-08-15 06:50:00,77.39,97.80
129-04661,2020-08-15 07:00:00,76.10,100.00
129-04661,2020-08-15 07:10:00,74.00,100.00
129-04661,2020-08-15 07:20:00,74.49,99.00
129-04661,2020-08-15 07:30:00,74.59,98.30
129-04661,2020-08-15 07:40:00,73.85,100.00
129-04661,2020-08-15 07:50:00,75.27,99.20
129-04661,2020-08-15 08:00:00,70.47,99.20
129-04661,2020-08-15 08:10:00,73.75,100.00
129-04661,2020-08-15 08:20:00,72.76,99.80
129-04661,2020-08-15 08:30:00,73.74,99.20
129-04661,2020-08-15 08:40:00,72.30,92.50
129-04661,2020-08-15 08:50:00,72.16,99.80
129-04661,2020-08-15 09:00:00,74.45,99.70
129-04661,2020-08-15 09:10:00,74.16,100.00
129-04661,2020-08-15 09:20:00,72.52,98.40
129-04661,2020-08-15 09:30:00,71.17,100.00
129-04661,2020-08-15 09:40:00,73.48,100.00
129-04661,2020-08-15 09:50:00,72.48,100.00
129-04661,2020-08-15 10:00:00,71.68,100.00
129-04661,2020-08-15 10:10:00,71.39,100.00
129-04661,2020-08-15 10:20:00,71.68,100.00
129-04661,2020-08-15 10:30:00,71.38,100.00
129-04661,2020-08-15 10:40:00,70.49,100.00
129-04661,2020-08-15 10:50:00,72.66,100.00
129-04661,2020-08-15 11:00:00,71.99,100.00
129-04661,2020-08-15 11:10:00,71.19,100.00
129-04661,2020-08-15 11:20:00,68.35,100.00
129-04661,2020-08-15 11:30:00,70.60,100.00
129-04661,2020-08-15 11:40:00,71.00,100.00
129-04661,2020-08-15 11:50:00,70.80,100.00
129-04661,2020-08-15 12:00:00,71.87,100.00
129-04661,2020-08-15 12:10:00,72.38,100.00
129-04661,2020-08-15 12:20:00,70.60,100.00
129-04661,2020-08-15 12:30:00,70.59,100.00
129-04661,2020-08-15 12:40:00,71.88,100.00
129-04661,2020-08-15 12:50:00,69.85,100.00
129-04661,2020-08-15 13:00:00,70.58,100.00
129-04661,2020-08-15 13:10:00,71.99,100.00
129-04661,2020-08-15 13:20:00,71.67,100.00
129-04661,2020-08-15 13:30:00,71.39,100.00
129-04661,2020-08-15 13:40:00,71.20,100.00
129-04661,2020-08-15 13:50:00,72.79,100.00
129-04661,2020-08-15 14:00:00,72.38,100.00
129-04661,2020-08-15 14:10:00,72.28,100.00
129-04661,2020-08-15 14:20:00,71.49,100.00
129-04661,2020-08-15 14:30:00,71.99,100.00
129-04661,2020-08-15 14:40:00,70.40,100.00
129-04661,2020-08-15 14:50:00,69.78,100.00
129-04661,2020-08-15 15:00:00,70.10,100.00
129-04661,2020-08-15 15:10:00,69.89,100.00
129-04661,2020-08-15 15:20:00,71.07,100.00
129-04661,2020-08-15 15:30:00,73.09,100.00
129-04661,2020-08-15 15:40:00,72.97,100.00
129-04661,2020-08-15 15:50:00,72.39,100.00
129-04661,2020-08-15 16:00:00,73.10,100.00
129-04661,2020-08-15 16:10:00,73.49,100.00
129-04661,2020-08-15 16:20:00,74.98,100.00
129-04661,2020-08-15 16:30:00,74.99,100.00
129-04661,2020-08-15 16:40:00,75.59,100.00
129-04661,2020-08-15 16:50:00,74.00,100.00
129-04661,2020-08-15 17:00:00,73.08,100.00
129-04661,2020-08-15 17:10:00,71.29,100.00
129-04661,2020-08-15 17:20:00,73.28,100.00
129-04661,2020-08-15 17:30:00,73.70,100.00
129-04661,2020-08-15 17:40:00,74.18,100.00
129-04661,2020-08-15 17:50:00,74.98,100.00
129-04661,2020-08-15 18:00:00,71.16,100.00
129-04661,2020-08-15 18:10:00,72.97,100.00
129-04661,2020-08-15 18:20:00,72.26,100.00
129-04661,2020-08-15 18:30:00,73.14,100.00
129-04661,2020-08-15 18:40:00,72.47,100.00
129-04661,2020-08-15 18:50:00,73.48,100.00
129-04661,2020-08-15 19:00:00,71.58,100.00
129-04661,2020-08-15 19:10:00,72.37,100.00
129-04661,2020-08-15 19:20:00,69.30,100.00
129-04661,2020-08-15 19:30:00,74.89,96.90
129-04661,2020-08-15 19:40:00,74.69,100.00
129-04661,2020-08-15 19:50:00,72.01,100.00
129-04661,2020-08-15 20:00:00,73.46,100.00
129-04661,2020-08-15 20:10:00,75.70,100.00
129-04661,2020-08-15 20:20:00,71.79,100.00
129-04661,2020-08-15 20:30:00,71.39,100.00
129-04661,2020-08-15 20:40:00,72.59,100.00
129-04661,2020-08-15 20:50:00,71.59,100.00
129-04661,2020-08-15 21:00:00,72.26,100.00
129-04661,2020-08-15 21:10:00,69.47,100.00
129-04661,2020-08-15 21:20:00,69.56,100.00
129-04661,2020-08-15 21:30:00,69.97,100.00
129-04661,2020-08-15 21:40:00,72.50,100.00
129-04661,2020-08-15 21:50:00,74.19,90.10
129-04661,2020-08-15 22:00:00,74.48,92.20
129-04661,2020-08-15 22:10:00,73.28,100.00
129-04661,2020-08-15 22:20:00,71.36,100.00
129-04661,2020-08-15 22:30:00,73.18,100.00
129-04661,2020-08-15 22:40:00,72.67,94.70
129-04661,2020-08-15 22:50:00,71.20,100.00
129-04661,2020-08-15 23:00:00,71.79,91.30
129-04661,2020-08-15 23:10:00,76.11,73.90
129-04661,2020-08-15 23:20:00,75.00,89.30
129-04661,2020-08-15 23:30:00,69.39,87.80
129-04661,2020-08-15 23:40:00,65.17,66.80
129-04661,2020-08-15 23:50:00,72.57,79.00
129-04386,2020-08-15 00:00:00,56.01,49.50
129-04386,2020-08-15 00:10:00,53.71,28.90
129-04386,2020-08-15 00:20:00,57.00,70.00
129-04386,2020-08-15 00:30:00,,
129-04386,2020-08-15 00:40:00,62.11,45.50
129-04386,2020-08-15 00:50:00,74.00,31.30
129-04386,2020-08-15 01:00:00,64.79,97.90
129-04386,2020-08-15 01:10:00,63.59,69.30
129-04386,2020-08-15 01:20:00,55.21,38.10
129-04386,2020-08-15 01:30:00,66.18,88.50
129-04386,2020-08-15 01:40:00,68.00,74.70
129-04386,2020-08-15 01:50:00,70.60,58.40
129-04386,2020-08-15 02:00:00,72.98,26.00
129-04386,2020-08-15 02:10:00,54.42,29.80
129-04386,2020-08-15 02:20:00,65.00,96.30
129-04386,2020-08-15 02:30:00,65.00,98.33
129-04386,2020-08-15 02:40:00,,
129-04386,2020-08-15 02:50:00,51.00,
129-04386,2020-08-15 03:00:00,51.00,
129-04386,2020-08-15 03:10:00,53.93,100.00
129-04386,2020-08-15 03:20:00,70.00,100.00
129-04386,2020-08-15 03:30:00,69.09,97.60
129-04386,2020-08-15 03:40:00,68.00,94.00
129-04386,2020-08-15 03:50:00,63.73,61.13
129-04386,2020-08-15 04:00:00,72.14,63.10
129-04386,2020-08-15 04:10:00,66.16,84.80
129-04386,2020-08-15 04:20:00,67.67,93.00
129-04386,2020-08-15 04:30:00,66.54,92.20
129-04386,2020-08-15 04:40:00,68.88,94.40
129-04386,2020-08-15 04:50:00,71.45,86.50
129-04386,2020-08-15 05:00:00,70.82,75.90
129-04386,2020-08-15 05:10:00,72.79,75.30
129-04386,2020-08-15 05:20:00,70.99,97.60
129-04386,2020-08-15 05:30:00,71.77,93.80
129-04386,2020-08-15 05:40:00,72.95,92.50
129-04386,2020-08-15 05:50:00,71.60,89.40
129-04386,2020-08-15 06:00:00,73.50,94.50
129-04386,2020-08-15 06:10:00,71.19,97.10
129-04386,2020-08-15 06:20:00,67.78,100.00
129-04386,2020-08-15 06:30:00,70.07,100.00
129-04386,2020-08-15 06:40:00,69.55,87.30
129-04386,2020-08-15 06:50:00,71.98,92.10
129-04386,2020-08-15 07:00:00,70.40,100.00
129-04386,2020-08-15 07:10:00,73.74,93.20
129-04386,2020-08-15 07:20:00,69.66,100.00
129-04386,2020-08-15 07:30:00,71.48,100.00
129-04386,2020-08-15 07:40:00,71.18,100.00
129-04386,2020-08-15 07:50:00,74.08,100.00
129-04386,2020-08-15 08:00:00,74.87,96.70
129-04386,2020-08-15 08:10:00,72.35,97.60
129-04386,2020-08-15 08:20:00,72.94,97.90
129-04386,2020-08-15 08:30:00,69.38,100.00
129-04386,2020-08-15 08:40:00,69.78,100.00
129-04386,2020-08-15 08:50:00,71.49,100.00
129-04386,2020-08-15 09:00:00,71.88,84.90
129-04386,2020-08-15 09:10:00,70.44,100.00
129-04386,2020-08-15 09:20:00,72.08,100.00
129-04386,2020-08-15 09:30:00,73.14,97.90
129-04386,2020-08-15 09:40:00,73.65,96.10
129-04386,2020-08-15 09:50:00,69.88,100.00
129-04386,2020-08-15 10:00:00,73.15,100.00
129-04386,2020-08-15 10:10:00,70.99,100.00
129-04386,2020-08-15 10:20:00,70.38,100.00
129-04386,2020-08-15 10:30:00,72.39,100.00
129-04386,2020-08-15 10:40:00,70.58,100.00
129-04386,2020-08-15 10:50:00,71.97,100.00
129-04386,2020-08-15 11:00:00,72.49,100.00
129-04386,2020-08-15 11:10:00,72.18,100.00
129-04386,2020-08-15 11:20:00,71.89,100.00
129-04386,2020-08-15 11:30:00,69.57,100.00
129-04386,2020-08-15 11:40:00,69.29,100.00
129-04386,2020-08-15 11:50:00,70.67,100.00
129-04386,2020-08-15 12:00:00,69.99,100.00
129-04386,2020-08-15 12:10:00,70.08,100.00
129-04386,2020-08-15 12:20:00,71.65,100.00
129-04386,2020-08-15 12:30:00,75.89,100.00
129-04386,2020-08-15 12:40:00,70.76,100.00
129-04386,2020-08-15 12:50:00,70.96,100.00
129-04386,2020-08-15 13:00:00,70.50,100.00
129-04386,2020-08-15 13:10:00,70.69,100.00
129-04386,2020-08-15 13:20:00,71.06,100.00
129-04386,2020-08-15 13:30:00,69.48,100.00
129-04386,2020-08-15 13:40:00,68.09,100.00
129-04386,2020-08-15 13:50:00,69.19,100.00
129-04386,2020-08-15 14:00:00,71.17,100.00
129-04386,2020-08-15 14:10:00,72.98,100.00
129-04386,2020-08-15 14:20:00,71.27,100.00
129-04386,2020-08-15 14:30:00,72.19,100.00
129-04386,2020-08-15 14:40:00,70.85,100.00
129-04386,2020-08-15 14:50:00,72.76,100.00
129-04386,2020-08-15 15:00:00,72.66,99.10
129-04386,2020-08-15 15:10:00,70.09,100.00
129-04386,2020-08-15 15:20:00,70.22,100.00
129-04386,2020-08-15 15:30:00,71.23,100.00
129-04386,2020-08-15 15:40:00,74.67,100.00
129-04386,2020-08-15 15:50:00,69.55,100.00
129-04386,2020-08-15 16:00:00,69.69,100.00
129-04386,2020-08-15 16:10:00,70.69,100.00
129-04386,2020-08-15 16:20:00,70.99,100.00
129-04386,2020-08-15 16:30:00,73.77,100.00
129-04386,2020-08-15 16:40:00,70.39,100.00
129-04386,2020-08-15 16:50:00,71.09,100.00
129-04386,2020-08-15 17:00:00,73.85,100.00
129-04386,2020-08-15 17:10:00,74.98,100.00
129-04386,2020-08-15 17:20:00,72.67,100.00
129-04386,2020-08-15 17:30:00,68.09,100.00
129-04386,2020-08-15 17:40:00,70.40,100.00
129-04386,2020-08-15 17:50:00,71.58,100.00
129-04386,2020-08-15 18:00:00,69.58,100.00
129-04386,2020-08-15 18:10:00,66.19,100.00
129-04386,2020-08-15 18:20:00,71.60,86.00
129-04386,2020-08-15 18:30:00,73.08,100.00
129-04386,2020-08-15 18:40:00,70.90,100.00
129-04386,2020-08-15 18:50:00,74.18,100.00
129-04386,2020-08-15 19:00:00,74.68,87.20
129-04386,2020-08-15 19:10:00,69.26,100.00
129-04386,2020-08-15 19:20:00,66.95,93.00
129-04386,2020-08-15 19:30:00,70.14,100.00
129-04386,2020-08-15 19:40:00,70.84,100.00
129-04386,2020-08-15 19:50:00,68.79,100.00
129-04386,2020-08-15 20:00:00,69.38,100.00
129-04386,2020-08-15 20:10:00,68.18,100.00
129-04386,2020-08-15 20:20:00,70.33,100.00
129-04386,2020-08-15 20:30:00,68.64,100.00
129-04386,2020-08-15 20:40:00,69.19,100.00
129-04386,2020-08-15 20:50:00,68.06,100.00
129-04386,2020-08-15 21:00:00,68.98,100.00
129-04386,2020-08-15 21:10:00,66.25,100.00
129-04386,2020-08-15 21:20:00,69.39,100.00
129-04386,2020-08-15 21:30:00,67.58,100.00
129-04386,2020-08-15 21:40:00,67.25,100.00
129-04386,2020-08-15 21:50:00,69.28,100.00
129-04386,2020-08-15 22:00:00,69.43,82.70
129-04386,2020-08-15 22:10:00,70.61,68.70
129-04386,2020-08-15 22:20:00,66.47,100.00
129-04386,2020-08-15 22:30:00,66.73,100.00
129-04386,2020-08-15 22:40:00,73.38,67.80
129-04386,2020-08-15 22:50:00,66.80,90.50
129-04386,2020-08-15 23:00:00,64.43,77.90
129-04386,2020-08-15 23:10:00,68.02,92.10
129-04386,2020-08-15 23:20:00,71.74,68.60
129-04386,2020-08-15 23:30:00,68.77,88.80
129-04386,2020-08-15 23:40:00,66.79,94.10
129-04386,2020-08-15 23:50:00,63.34,62.60
129-04387,2020-08-15 00:00:00,57.00,1.75
129-04387,2020-08-15 00:10:00,57.00,21.38
129-04387,2020-08-15 00:20:00,,
129-04387,2020-08-15 00:30:00,,
129-04387,2020-08-15 00:40:00,75.33,23.33
129-04387,2020-08-15 00:50:00,74.24,53.40
129-04387,2020-08-15 01:00:00,68.10,77.60
129-04387,2020-08-15 01:10:00,68.10,59.30
129-04387,2020-08-15 01:20:00,67.42,82.00
129-04387,2020-08-15 01:30:00,69.38,96.30
129-04387,2020-08-15 01:40:00,70.00,94.50
129-04387,2020-08-15 01:50:00,75.00,50.75
129-04387,2020-08-15 02:00:00,75.00,64.80
129-04387,2020-08-15 02:10:00,66.00,53.67
129-04387,2020-08-15 02:20:00,66.00,56.20
129-04387,2020-08-15 02:30:00,66.00,72.00
129-04387,2020-08-15 02:40:00,,
129-04387,2020-08-15 02:50:00,,
129-04387,2020-08-15 03:00:00,,
129-04387,2020-08-15 03:10:00,76.00,98.00
129-04387,2020-08-15 03:20:00,75.08,97.86
129-04387,2020-08-15 03:30:00,71.20,92.70
129-04387,2020-08-15 03:40:00,70.43,90.43
129-04387,2020-08-15 03:50:00,67.00,75.00
129-04387,2020-08-15 04:00:00,73.49,88.80
129-04387,2020-08-15 04:10:00,68.97,93.40
129-04387,2020-08-15 04:20:00,69.39,97.80
129-04387,2020-08-15 04:30:00,68.28,64.00
129-04387,2020-08-15 04:40:00,74.00,60.20
129-04387,2020-08-15 04:50:00,79.42,31.40
129-04387,2020-08-15 05:00:00,72.67,78.50
129-04387,2020-08-15 05:10:00,75.34,87.90
129-04387,2020-08-15 05:20:00,72.49,88.90
129-04387,2020-08-15 05:30:00,75.96,89.00
129-04387,2020-08-15 05:40:00,76.20,94.20
129-04387,2020-08-15 05:50:00,75.89,97.80
129-04387,2020-08-15 06:00:00,78.00,87.10
129-04387,2020-08-15 06:10:00,72.03,73.10
129-04387,2020-08-15 06:20:00,70.54,82.90
129-04387,2020-08-15 06:30:00,72.08,100.00
129-04387,2020-08-15 06:40:00,73.16,97.20
129-04387,2020-08-15 06:50:00,74.46,92.80
129-04387,2020-08-15 07:00:00,73.00,100.00
129-04387,2020-08-15 07:10:00,77.88,88.20
129-04387,2020-08-15 07:20:00,71.66,100.00
129-04387,2020-08-15 07:30:00,71.86,100.00
129-04387,2020-08-15 07:40:00,74.76,100.00
129-04387,2020-08-15 07:50:00,76.89,98.30
129-04387,2020-08-15 08:00:00,75.66,96.40
129-04387,2020-08-15 08:10:00,77.97,100.00
129-04387,2020-08-15 08:20:00,75.49,97.90
129-04387,2020-08-15 08:30:00,72.77,100.00
129-04387,2020-08-15 08:40:00,72.47,100.00
129-04387,2020-08-15 08:50:00,78.75,74.70
129-04387,2020-08-15 09:00:00,75.38,89.40
129-04387,2020-08-15 09:10:00,71.71,100.00
129-04387,2020-08-15 09:20:00,74.08,100.00
129-04387,2020-08-15 09:30:00,75.53,96.40
129-04387,2020-08-15 09:40:00,74.42,96.60
129-04387,2020-08-15 09:50:00,72.20,100.00
129-04387,2020-08-15 10:00:00,75.34,100.00
129-04387,2020-08-15 10:10:00,75.69,100.00
129-04387,2020-08-15 10:20:00,72.46,100.00
129-04387,2020-08-15 10:30:00,75.90,100.00
129-04387,2020-08-15 10:40:00,75.28,100.00
129-04387,2020-08-15 10:50:00,75.78,100.00
129-04387,2020-08-15 11:00:00,75.79,100.00
129-04387,2020-08-15 11:10:00,74.38,100.00
129-04387,2020-08-15 11:20:00,71.59,100.00
129-04387,2020-08-15 11:30:00,71.79,100.00
129-04387,2020-08-15 11:40:00,72.79,100.00
129-04387,2020-08-15 11:50:00,76.97,100.00
129-04387,2020-08-15 12:00:00,75.17,100.00
129-04387,2020-08-15 12:10:00,72.94,100.00
129-04387,2020-08-15 12:20:00,76.58,100.00
129-04387,2020-08-15 12:30:00,77.69,100.00
129-04387,2020-08-15 12:40:00,74.24,100.00
129-04387,2020-08-15 12:50:00,75.14,100.00
129-04387,2020-08-15 13:00:00,73.20,100.00
129-04387,2020-08-15 13:10:00,73.37,100.00
129-04387,2020-08-15 13:20:00,74.59,100.00
129-04387,2020-08-15 13:30:00,73.00,100.00
129-04387,2020-08-15 13:40:00,72.19,100.00
129-04387,2020-08-15 13:50:00,71.79,100.00
129-04387,2020-08-15 14:00:00,75.37,100.00
129-04387,2020-08-15 14:10:00,77.49,100.00
129-04387,2020-08-15 14:20:00,75.18,100.00
129-04387,2020-08-15 14:30:00,77.08,100.00
129-04387,2020-08-15 14:40:00,75.88,100.00
129-04387,2020-08-15 14:50:00,76.49,100.00
129-04387,2020-08-15 15:00:00,74.66,100.00
129-04387,2020-08-15 15:10:00,71.59,100.00
129-04387,2020-08-15 15:20:00,71.87,100.00
129-04387,2020-08-15 15:30:00,74.28,100.00
129-04387,2020-08-15 15:40:00,76.67,100.00
129-04387,2020-08-15 15:50:00,74.37,100.00
129-04387,2020-08-15 16:00:00,73.00,100.00
129-04387,2020-08-15 16:10:00,71.49,100.00
129-04387,2020-08-15 16:20:00,74.67,100.00
129-04387,2020-08-15 16:30:00,77.60,100.00
129-04387,2020-08-15 16:40:00,73.85,100.00
129-04387,2020-08-15 16:50:00,74.68,100.00
129-04387,2020-08-15 17:00:00,77.59,100.00
129-04387,2020-08-15 17:10:00,78.48,100.00
129-04387,2020-08-15 17:20:00,76.73,100.00
129-04387,2020-08-15 17:30:00,71.59,100.00
129-04387,2020-08-15 17:40:00,72.39,100.00
129-04387,2020-08-15 17:50:00,73.20,100.00
129-04387,2020-08-15 18:00:00,72.39,100.00
129-04387,2020-08-15 18:10:00,73.54,100.00
129-04387,2020-08-15 18:20:00,80.16,83.20
129-04387,2020-08-15 18:30:00,75.08,100.00
129-04387,2020-08-15 18:40:00,73.39,100.00
129-04387,2020-08-15 18:50:00,76.33,100.00
129-04387,2020-08-15 19:00:00,78.20,98.40
129-04387,2020-08-15 19:10:00,73.75,100.00
129-04387,2020-08-15 19:20:00,74.43,100.00
129-04387,2020-08-15 19:30:00,78.09,100.00
129-04387,2020-08-15 19:40:00,73.74,100.00
129-04387,2020-08-15 19:50:00,72.39,100.00
129-04387,2020-08-15 20:00:00,71.97,100.00
129-04387,2020-08-15 20:10:00,70.84,100.00
129-04387,2020-08-15 20:20:00,70.75,100.00
129-04387,2020-08-15 20:30:00,68.50,78.10
129-04387,2020-08-15 20:40:00,71.99,100.00
129-04387,2020-08-15 20:50:00,70.94,100.00
129-04387,2020-08-15 21:00:00,70.76,100.00
129-04387,2020-08-15 21:10:00,68.67,100.00
129-04387,2020-08-15 21:20:00,72.08,97.90
129-04387,2020-08-15 21:30:00,68.46,100.00
129-04387,2020-08-15 21:40:00,71.71,100.00
129-04387,2020-08-15 21:50:00,71.64,98.00
129-04387,2020-08-15 22:00:00,71.56,76.30
129-04387,2020-08-15 22:10:00,72.75,70.50
129-04387,2020-08-15 22:20:00,68.55,100.00
129-04387,2020-08-15 22:30:00,72.58,98.40
129-04387,2020-08-15 22:40:00,74.26,88.20
129-04387,2020-08-15 22:50:00,75.07,71.00
129-04387,2020-08-15 23:00:00,72.03,81.90
129-04387,2020-08-15 23:10:00,74.97,91.40
129-04387,2020-08-15 23:20:00,75.63,71.11
129-04387,2020-08-15 23:30:00,73.67,92.60
129-04387,2020-08-15 23:40:00,70.29,81.90
129-04387,2020-08-15 23:50:00,66.65,67.50
129-04384,2020-08-15 00:00:00,69.40,71.29
129-04384,2020-08-15 00:10:00,,
129-04384,2020-08-15 00:20:00,69.28,84.29
129-04384,2020-08-15 00:30:00,67.04,90.40
129-04384,2020-08-15 00:40:00,65.06,84.60
129-04384,2020-08-15 00:50:00,63.64,82.40
129-04384,2020-08-15 01:00:00,59.18,56.50
129-04384,2020-08-15 01:10:00,65.15,96.50
129-04384,2020-08-15 01:20:00,66.09,93.80
129-04384,2020-08-15 01:30:00,68.59,70.70
129-04384,2020-08-15 01:40:00,72.27,46.30
129-04384,2020-08-15 01:50:00,70.99,68.44
129-04384,2020-08-15 02:00:00,70.80,73.70
129-04384,2020-08-15 02:10:00,67.53,46.30
129-04384,2020-08-15 02:20:00,65.70,65.80
129-04384,2020-08-15 02:30:00,66.00,74.33
129-04384,2020-08-15 02:40:00,,
129-04384,2020-08-15 02:50:00,61.63,54.40
129-04384,2020-08-15 03:00:00,68.00,68.30
129-04384,2020-08-15 03:10:00,68.00,88.00
129-04384,2020-08-15 03:20:00,57.00,44.00
129-04384,2020-08-15 03:30:00,62.26,46.29
129-04384,2020-08-15 03:40:00,68.61,65.20
129-04384,2020-08-15 03:50:00,69.25,75.20
129-04384,2020-08-15 04:00:00,61.62,80.30
129-04384,2020-08-15 04:10:00,64.88,93.70
129-04384,2020-08-15 04:20:00,63.18,78.20
129-04384,2020-08-15 04:30:00,65.07,89.50
129-04384,2020-08-15 04:40:00,68.77,61.10
129-04384,2020-08-15 04:50:00,69.98,56.80
129-04384,2020-08-15 05:00:00,66.38,96.70
129-04384,2020-08-15 05:10:00,59.78,34.56
129-04384,2020-08-15 05:20:00,58.53,37.40
129-04384,2020-08-15 05:30:00,67.64,55.30
129-04384,2020-08-15 05:40:00,70.59,58.10
129-04384,2020-08-15 05:50:00,72.24,50.70
129-04384,2020-08-15 06:00:00,69.92,86.00
129-04384,2020-08-15 06:10:00,68.09,99.30
129-04384,2020-08-15 06:20:00,68.81,99.90
129-04384,2020-08-15 06:30:00,68.98,100.00
129-04384,2020-08-15 06:40:00,70.48,100.00
129-04384,2020-08-15 06:50:00,69.88,100.00
129-04384,2020-08-15 07:00:00,69.97,100.00
129-04384,2020-08-15 07:10:00,71.39,100.00
129-04384,2020-08-15 07:20:00,72.96,100.00
129-04384,2020-08-15 07:30:00,67.47,100.00
129-04384,2020-08-15 07:40:00,69.36,100.00
129-04384,2020-08-15 07:50:00,68.88,100.00
129-04384,2020-08-15 08:00:00,67.49,100.00
129-04384,2020-08-15 08:10:00,68.33,100.00
129-04384,2020-08-15 08:20:00,70.12,90.10
129-04384,2020-08-15 08:30:00,63.69,100.00
129-04384,2020-08-15 08:40:00,63.47,100.00
129-04384,2020-08-15 08:50:00,65.47,100.00
129-04384,2020-08-15 09:00:00,65.82,100.00
129-04384,2020-08-15 09:10:00,65.09,100.00
129-04384,2020-08-15 09:20:00,66.78,100.00
129-04384,2020-08-15 09:30:00,67.09,100.00
129-04384,2020-08-15 09:40:00,66.16,100.00
129-04384,2020-08-15 09:50:00,65.76,100.00
129-04384,2020-08-15 10:00:00,66.67,100.00
129-04384,2020-08-15 10:10:00,65.29,100.00
129-04384,2020-08-15 10:20:00,65.46,100.00
129-04384,2020-08-15 10:30:00,65.98,100.00
129-04384,2020-08-15 10:40:00,66.48,100.00
129-04384,2020-08-15 10:50:00,66.88,100.00
129-04384,2020-08-15 11:00:00,67.46,100.00
129-04384,2020-08-15 11:10:00,67.66,100.00
129-04384,2020-08-15 11:20:00,65.10,100.00
129-04384,2020-08-15 11:30:00,65.78,100.00
129-04384,2020-08-15 11:40:00,63.50,100.00
129-04384,2020-08-15 11:50:00,65.09,100.00
129-04384,2020-08-15 12:00:00,67.76,100.00
129-04384,2020-08-15 12:10:00,68.57,100.00
129-04384,2020-08-15 12:20:00,67.09,100.00
129-04384,2020-08-15 12:30:00,67.99,100.00
129-04384,2020-08-15 12:40:00,66.16,100.00
129-04384,2020-08-15 12:50:00,66.09,100.00
129-04384,2020-08-15 13:00:00,62.59,100.00
129-04384,2020-08-15 13:10:00,65.05,100.00
129-04384,2020-08-15 13:20:00,65.59,100.00
129-04384,2020-08-15 13:30:00,66.38,100.00
129-04384,2020-08-15 13:40:00,66.49,100.00
129-04384,2020-08-15 13:50:00,65.27,100.00
129-04384,2020-08-15 14:00:00,64.90,100.00
129-04384,2020-08-15 14:10:00,66.40,100.00
129-04384,2020-08-15 14:20:00,66.40,100.00
129-04384,2020-08-15 14:30:00,66.39,100.00
129-04384,2020-08-15 14:40:00,65.00,100.00
129-04384,2020-08-15 14:50:00,64.79,100.00
129-04384,2020-08-15 15:00:00,64.05,100.00
129-04384,2020-08-15 15:10:00,65.58,100.00
129-04384,2020-08-15 15:20:00,67.49,100.00
129-04384,2020-08-15 15:30:00,67.78,100.00
129-04384,2020-08-15 15:40:00,65.89,100.00
129-04384,2020-08-15 15:50:00,67.48,100.00
129-04384,2020-08-15 16:00:00,67.79,100.00
129-04384,2020-08-15 16:10:00,66.79,100.00
129-04384,2020-08-15 16:20:00,66.29,100.00
129-04384,2020-08-15 16:30:00,67.09,100.00
129-04384,2020-08-15 16:40:00,66.90,100.00
129-04384,2020-08-15 16:50:00,66.60,100.00
129-04384,2020-08-15 17:00:00,67.08,100.00
129-04384,2020-08-15 17:10:00,67.09,100.00
129-04384,2020-08-15 17:20:00,66.39,100.00
129-04384,2020-08-15 17:30:00,64.29,100.00
129-04384,2020-08-15 17:40:00,66.79,100.00
129-04384,2020-08-15 17:50:00,65.98,100.00
129-04384,2020-08-15 18:00:00,68.19,100.00
129-04384,2020-08-15 18:10:00,65.69,100.00
129-04384,2020-08-15 18:20:00,65.69,100.00
129-04384,2020-08-15 18:30:00,66.70,100.00
129-04384,2020-08-15 18:40:00,66.49,100.00
129-04384,2020-08-15 18:50:00,67.78,100.00
129-04384,2020-08-15 19:00:00,66.90,100.00
129-04384,2020-08-15 19:10:00,68.86,100.00
129-04384,2020-08-15 19:20:00,66.94,100.00
129-04384,2020-08-15 19:30:00,69.09,100.00
129-04384,2020-08-15 19:40:00,67.29,100.00
129-04384,2020-08-15 19:50:00,68.95,100.00
129-04384,2020-08-15 20:00:00,68.88,100.00
129-04384,2020-08-15 20:10:00,66.29,100.00
129-04384,2020-08-15 20:20:00,67.58,100.00
129-04384,2020-08-15 20:30:00,65.49,100.00
129-04384,2020-08-15 20:40:00,63.31,100.00
129-04384,2020-08-15 20:50:00,62.98,100.00
129-04384,2020-08-15 21:00:00,65.99,100.00
129-04384,2020-08-15 21:10:00,66.79,100.00
129-04384,2020-08-15 21:20:00,67.14,96.70
129-04384,2020-08-15 21:30:00,64.04,99.10
129-04384,2020-08-15 21:40:00,65.51,98.70
129-04384,2020-08-15 21:50:00,66.16,98.60
129-04384,2020-08-15 22:00:00,67.44,98.30
129-04384,2020-08-15 22:10:00,66.36,100.00
129-04384,2020-08-15 22:20:00,65.34,95.50
129-04384,2020-08-15 22:30:00,64.51,99.50
129-04384,2020-08-15 22:40:00,67.39,100.00
129-04384,2020-08-15 22:50:00,65.03,100.00
129-04384,2020-08-15 23:00:00,68.97,83.70
129-04384,2020-08-15 23:10:00,66.78,97.70
129-04384,2020-08-15 23:20:00,70.18,76.60
129-04384,2020-08-15 23:30:00,66.12,77.90
129-04384,2020-08-15 23:40:00,64.08,76.30
129-04384,2020-08-15 23:50:00,67.40,99.20
129-04385,2020-08-15 00:00:00,,
129-04385,2020-08-15 00:10:00,,
129-04385,2020-08-15 00:20:00,,
129-04385,2020-08-15 00:30:00,,
129-04385,2020-08-15 00:40:00,72.00,100.00
129-04385,2020-08-15 00:50:00,72.00,100.00
129-04385,2020-08-15 01:00:00,65.68,53.70
129-04385,2020-08-15 01:10:00,68.57,79.71
129-04385,2020-08-15 01:20:00,55.21,10.78
129-04385,2020-08-15 01:30:00,60.39,74.70
129-04385,2020-08-15 01:40:00,65.00,87.33
129-04385,2020-08-15 01:50:00,70.07,42.50
129-04385,2020-08-15 02:00:00,75.17,31.80
129-04385,2020-08-15 02:10:00,78.00,44.60
129-04385,2020-08-15 02:20:00,68.00,73.60
129-04385,2020-08-15 02:30:00,68.00,64.50
129-04385,2020-08-15 02:40:00,66.00,39.67
129-04385,2020-08-15 02:50:00,66.00,65.50
129-04385,2020-08-15 03:00:00,,
129-04385,2020-08-15 03:10:00,78.00,
129-04385,2020-08-15 03:20:00,77.50,
129-04385,2020-08-15 03:30:00,73.81,84.50
129-04385,2020-08-15 03:40:00,70.00,96.63
129-04385,2020-08-15 03:50:00,60.63,27.83
129-04385,2020-08-15 04:00:00,65.57,81.70
129-04385,2020-08-15 04:10:00,66.69,97.60
129-04385,2020-08-15 04:20:00,66.00,99.00
129-04385,2020-08-15 04:30:00,67.00,97.33
129-04385,2020-08-15 04:40:00,68.00,95.00
129-04385,2020-08-15 04:50:00,67.32,98.67
129-04385,2020-08-15 05:00:00,66.00,100.00
129-04385,2020-08-15 05:10:00,66.04,94.78
129-04385,2020-08-15 05:20:00,66.54,99.40
129-04385,2020-08-15 05:30:00,68.46,83.30
129-04385,2020-08-15 05:40:00,71.37,72.20
129-04385,2020-08-15 05:50:00,71.70,74.00
129-04385,2020-08-15 06:00:00,74.49,62.80
129-04385,2020-08-15 06:10:00,71.63,88.75
129-04385,2020-08-15 06:20:00,62.00,92.50
129-04385,2020-08-15 06:30:00,66.19,92.90
129-04385,2020-08-15 06:40:00,71.87,80.29
129-04385,2020-08-15 06:50:00,73.46,57.10
129-04385,2020-08-15 07:00:00,73.19,63.00
129-04385,2020-08-15 07:10:00,79.19,24.70
129-04385,2020-08-15 07:20:00,74.24,92.30
129-04385,2020-08-15 07:30:00,69.95,100.00
129-04385,2020-08-15 07:40:00,69.22,95.56
129-04385,2020-08-15 07:50:00,74.66,95.20
129-04385,2020-08-15 08:00:00,75.55,96.60
129-04385,2020-08-15 08:10:00,73.87,92.60
129-04385,2020-08-15 08:20:00,76.18,84.00
129-04385,2020-08-15 08:30:00,73.99,100.00
129-04385,2020-08-15 08:40:00,68.06,100.00
129-04385,2020-08-15 08:50:00,66.78,100.00
129-04385,2020-08-15 09:00:00,69.48,64.40
129-04385,2020-08-15 09:10:00,68.36,100.00
129-04385,2020-08-15 09:20:00,70.99,100.00
129-04385,2020-08-15 09:30:00,70.68,100.00
129-04385,2020-08-15 09:40:00,73.06,86.80
129-04385,2020-08-15 09:50:00,69.60,92.10
129-04385,2020-08-15 10:00:00,71.63,97.30
129-04385,2020-08-15 10:10:00,70.97,98.50
129-04385,2020-08-15 10:20:00,71.64,100.00
129-04385,2020-08-15 10:30:00,74.18,98.30
129-04385,2020-08-15 10:40:00,71.36,100.00
129-04385,2020-08-15 10:50:00,71.86,100.00
129-04385,2020-08-15 11:00:00,71.50,100.00
129-04385,2020-08-15 11:10:00,72.39,100.00
129-04385,2020-08-15 11:20:00,70.49,100.00
129-04385,2020-08-15 11:30:00,70.39,100.00
129-04385,2020-08-15 11:40:00,68.59,100.00
129-04385,2020-08-15 11:50:00,73.37,87.40
129-04385,2020-08-15 12:00:00,71.53,95.60
129-04385,2020-08-15 12:10:00,73.45,100.00
129-04385,2020-08-15 12:20:00,71.77,100.00
129-04385,2020-08-15 12:30:00,74.47,100.00
129-04385,2020-08-15 12:40:00,70.67,100.00
129-04385,2020-08-15 12:50:00,69.96,100.00
129-04385,2020-08-15 13:00:00,70.70,100.00
129-04385,2020-08-15 13:10:00,70.99,100.00
129-04385,2020-08-15 13:20:00,73.80,100.00
129-04385,2020-08-15 13:30:00,70.47,100.00
129-04385,2020-08-15 13:40:00,67.04,100.00
129-04385,2020-08-15 13:50:00,67.98,100.00
129-04385,2020-08-15 14:00:00,69.47,100.00
129-04385,2020-08-15 14:10:00,71.99,100.00
129-04385,2020-08-15 14:20:00,71.67,100.00
129-04385,2020-08-15 14:30:00,70.97,100.00
129-04385,2020-08-15 14:40:00,71.06,100.00
129-04385,2020-08-15 14:50:00,71.79,100.00
129-04385,2020-08-15 15:00:00,71.99,100.00
129-04385,2020-08-15 15:10:00,70.87,98.20
129-04385,2020-08-15 15:20:00,72.16,100.00
129-04385,2020-08-15 15:30:00,71.41,100.00
129-04385,2020-08-15 15:40:00,74.48,100.00
129-04385,2020-08-15 15:50:00,70.80,100.00
129-04385,2020-08-15 16:00:00,71.37,100.00
129-04385,2020-08-15 16:10:00,69.68,100.00
129-04385,2020-08-15 16:20:00,72.18,100.00
129-04385,2020-08-15 16:30:00,71.57,100.00
129-04385,2020-08-15 16:40:00,68.59,100.00
129-04385,2020-08-15 16:50:00,71.08,100.00
129-04385,2020-08-15 17:00:00,70.07,100.00
129-04385,2020-08-15 17:10:00,73.98,100.00
129-04385,2020-08-15 17:20:00,71.13,100.00
129-04385,2020-08-15 17:30:00,66.97,100.00
129-04385,2020-08-15 17:40:00,71.46,100.00
129-04385,2020-08-15 17:50:00,72.79,100.00
129-04385,2020-08-15 18:00:00,69.97,100.00
129-04385,2020-08-15 18:10:00,67.89,100.00
129-04385,2020-08-15 18:20:00,72.46,96.10
129-04385,2020-08-15 18:30:00,72.48,100.00
129-04385,2020-08-15 18:40:00,71.20,100.00
129-04385,2020-08-15 18:50:00,72.60,100.00
129-04385,2020-08-15 19:00:00,74.08,97.40
129-04385,2020-08-15 19:10:00,72.95,90.50
129-04385,2020-08-15 19:20:00,67.23,45.40
129-04385,2020-08-15 19:30:00,75.44,75.70
129-04385,2020-08-15 19:40:00,71.26,100.00
129-04385,2020-08-15 19:50:00,70.18,100.00
129-04385,2020-08-15 20:00:00,70.59,100.00
129-04385,2020-08-15 20:10:00,67.94,95.40
129-04385,2020-08-15 20:20:00,69.13,100.00
129-04385,2020-08-15 20:30:00,67.51,100.00
129-04385,2020-08-15 20:40:00,70.60,100.00
129-04385,2020-08-15 20:50:00,64.68,92.80
129-04385,2020-08-15 21:00:00,67.00,100.00
129-04385,2020-08-15 21:10:00,70.57,97.70
129-04385,2020-08-15 21:20:00,71.27,92.90
129-04385,2020-08-15 21:30:00,70.08,95.30
129-04385,2020-08-15 21:40:00,73.75,75.70
129-04385,2020-08-15 21:50:00,71.58,96.10
129-04385,2020-08-15 22:00:00,70.49,98.90
129-04385,2020-08-15 22:10:00,70.52,97.10
129-04385,2020-08-15 22:20:00,67.16,100.00
129-04385,2020-08-15 22:30:00,65.18,96.10
129-04385,2020-08-15 22:40:00,71.14,84.00
129-04385,2020-08-15 22:50:00,68.48,100.00
129-04385,2020-08-15 23:00:00,70.42,72.80
129-04385,2020-08-15 23:10:00,65.65,74.00
129-04385,2020-08-15 23:20:00,73.56,60.30
129-04385,2020-08-15 23:30:00,71.08,84.80
129-04385,2020-08-15 23:40:00,64.26,71.60
129-04385,2020-08-15 23:50:00,62.16,57.50
129-04382,2020-08-15 00:00:00,67.58,80.80
129-04382,2020-08-15 00:10:00,68.82,64.70
129-04382,2020-08-15 00:20:00,69.67,94.30
129-04382,2020-08-15 00:30:00,69.92,90.90
129-04382,2020-08-15 00:40:00,70.42,87.30
129-04382,2020-08-15 00:50:00,69.54,92.10
129-04382,2020-08-15 01:00:00,66.87,72.70
129-04382,2020-08-15 01:10:00,66.79,87.80
129-04382,2020-08-15 01:20:00,64.00,64.00
129-04382,2020-08-15 01:30:00,67.21,80.60
129-04382,2020-08-15 01:40:00,76.49,27.90
129-04382,2020-08-15 01:50:00,76.49,49.75
129-04382,2020-08-15 02:00:00,75.00,87.10
129-04382,2020-08-15 02:10:00,66.48,57.50
129-04382,2020-08-15 02:20:00,62.12,34.60
129-04382,2020-08-15 02:30:00,63.00,53.50
129-04382,2020-08-15 02:40:00,,
129-04382,2020-08-15 02:50:00,62.00,84.50
129-04382,2020-08-15 03:00:00,65.58,81.00
129-04382,2020-08-15 03:10:00,61.88,78.50
129-04382,2020-08-15 03:20:00,58.75,65.70
129-04382,2020-08-15 03:30:00,59.59,49.63
129-04382,2020-08-15 03:40:00,67.03,62.20
129-04382,2020-08-15 03:50:00,67.87,54.70
129-04382,2020-08-15 04:00:00,64.76,91.20
129-04382,2020-08-15 04:10:00,62.23,80.20
129-04382,2020-08-15 04:20:00,59.08,58.13
129-04382,2020-08-15 04:30:00,63.07,95.22
129-04382,2020-08-15 04:40:00,68.79,57.50
129-04382,2020-08-15 04:50:00,66.35,81.70
129-04382,2020-08-15 05:00:00,,
129-04382,2020-08-15 05:10:00,70.22,68.80
129-04382,2020-08-15 05:20:00,72.56,43.60
129-04382,2020-08-15 05:30:00,70.13,66.00
129-04382,2020-08-15 05:40:00,73.17,87.50
129-04382,2020-08-15 05:50:00,70.90,98.20
129-04382,2020-08-15 06:00:00,71.07,89.40
129-04382,2020-08-15 06:10:00,67.28,100.00
129-04382,2020-08-15 06:20:00,69.29,99.00
129-04382,2020-08-15 06:30:00,72.96,89.90
129-04382,2020-08-15 06:40:00,70.96,100.00
129-04382,2020-08-15 06:50:00,69.95,100.00
129-04382,2020-08-15 07:00:00,71.06,100.00
129-04382,2020-08-15 07:10:00,72.67,100.00
129-04382,2020-08-15 07:20:00,72.09,100.00
129-04382,2020-08-15 07:30:00,69.24,100.00
129-04382,2020-08-15 07:40:00,68.59,100.00
129-04382,2020-08-15 07:50:00,71.74,100.00
129-04382,2020-08-15 08:00:00,69.18,100.00
129-04382,2020-08-15 08:10:00,67.87,100.00
129-04382,2020-08-15 08:20:00,71.98,100.00
129-04382,2020-08-15 08:30:00,66.91,99.80
129-04382,2020-08-15 08:40:00,66.19,100.00
129-04382,2020-08-15 08:50:00,66.38,100.00
129-04382,2020-08-15 09:00:00,67.74,99.60
129-04382,2020-08-15 09:10:00,66.89,100.00
129-04382,2020-08-15 09:20:00,66.49,100.00
129-04382,2020-08-15 09:30:00,69.48,100.00
129-04382,2020-08-15 09:40:00,65.95,100.00
129-04382,2020-08-15 09:50:00,67.17,100.00
129-04382,2020-08-15 10:00:00,68.10,100.00
129-04382,2020-08-15 10:10:00,67.77,99.60
129-04382,2020-08-15 10:20:00,65.06,100.00
129-04382,2020-08-15 10:30:00,66.36,100.00
129-04382,2020-08-15 10:40:00,64.69,100.00
129-04382,2020-08-15 10:50:00,67.19,100.00
129-04382,2020-08-15 11:00:00,68.00,100.00
129-04382,2020-08-15 11:10:00,67.19,100.00
129-04382,2020-08-15 11:20:00,66.29,100.00
129-04382,2020-08-15 11:30:00,64.59,100.00
129-04382,2020-08-15 11:40:00,64.17,100.00
129-04382,2020-08-15 11:50:00,64.23,100.00
129-04382,2020-08-15 12:00:00,66.77,100.00
129-04382,2020-08-15 12:10:00,67.79,100.00
129-04382,2020-08-15 12:20:00,66.69,100.00
129-04382,2020-08-15 12:30:00,66.99,100.00
129-04382,2020-08-15 12:40:00,65.66,100.00
129-04382,2020-08-15 12:50:00,64.58,100.00
129-04382,2020-08-15 13:00:00,63.69,100.00
129-04382,2020-08-15 13:10:00,65.18,100.00
129-04382,2020-08-15 13:20:00,66.08,100.00
129-04382,2020-08-15 13:30:00,65.99,100.00
129-04382,2020-08-15 13:40:00,62.78,100.00
129-04382,2020-08-15 13:50:00,55.84,100.00
129-04382,2020-08-15 14:00:00,58.17,100.00
129-04382,2020-08-15 14:10:00,56.44,100.00
129-04382,2020-08-15 14:20:00,56.21,100.00
129-04382,2020-08-15 14:30:00,62.79,100.00
129-04382,2020-08-15 14:40:00,63.09,100.00
129-04382,2020-08-15 14:50:00,64.20,100.00
129-04382,2020-08-15 15:00:00,65.29,100.00
129-04382,2020-08-15 15:10:00,64.79,100.00
129-04382,2020-08-15 15:20:00,64.88,100.00
129-04382,2020-08-15 15:30:00,66.40,100.00
129-04382,2020-08-15 15:40:00,64.36,100.00
129-04382,2020-08-15 15:50:00,65.59,100.00
129-04382,2020-08-15 16:00:00,65.99,100.00
129-04382,2020-08-15 16:10:00,65.17,100.00
129-04382,2020-08-15 16:20:00,66.00,100.00
129-04382,2020-08-15 16:30:00,65.50,100.00
129-04382,2020-08-15 16:40:00,66.28,100.00
129-04382,2020-08-15 16:50:00,66.59,100.00
129-04382,2020-08-15 17:00:00,65.69,100.00
129-04382,2020-08-15 17:10:00,66.49,100.00
129-04382,2020-08-15 17:20:00,64.67,100.00
129-04382,2020-08-15 17:30:00,64.48,100.00
129-04382,2020-08-15 17:40:00,65.99,100.00
129-04382,2020-08-15 17:50:00,64.68,100.00
129-04382,2020-08-15 18:00:00,68.86,100.00
129-04382,2020-08-15 18:10:00,66.79,100.00
129-04382,2020-08-15 18:20:00,66.38,100.00
129-04382,2020-08-15 18:30:00,69.39,100.00
129-04382,2020-08-15 18:40:00,70.08,100.00
129-04382,2020-08-15 18:50:00,68.78,100.00
129-04382,2020-08-15 19:00:00,66.90,100.00
129-04382,2020-08-15 19:10:00,68.56,100.00
129-04382,2020-08-15 19:20:00,66.75,100.00
129-04382,2020-08-15 19:30:00,69.09,100.00
129-04382,2020-08-15 19:40:00,68.48,100.00
129-04382,2020-08-15 19:50:00,70.18,100.00
129-04382,2020-08-15 20:00:00,67.60,100.00
129-04382,2020-08-15 20:10:00,67.47,100.00
129-04382,2020-08-15 20:20:00,68.71,99.70
129-04382,2020-08-15 20:30:00,68.96,100.00
129-04382,2020-08-15 20:40:00,67.79,100.00
129-04382,2020-08-15 20:50:00,68.24,100.00
129-04382,2020-08-15 21:00:00,67.99,99.70
129-04382,2020-08-15 21:10:00,67.81,98.80
129-04382,2020-08-15 21:20:00,65.90,99.40
129-04382,2020-08-15 21:30:00,65.29,99.40
129-04382,2020-08-15 21:40:00,71.18,83.90
129-04382,2020-08-15 21:50:00,68.17,99.60
129-04382,2020-08-15 22:00:00,68.03,83.70
129-04382,2020-08-15 22:10:00,67.58,99.90
129-04382,2020-08-15 22:20:00,66.27,98.60
129-04382,2020-08-15 22:30:00,66.57,100.00
129-04382,2020-08-15 22:40:00,66.89,99.60
129-04382,2020-08-15 22:50:00,69.39,88.50
129-04382,2020-08-15 23:00:00,66.39,79.20
129-04382,2020-08-15 23:10:00,65.13,90.00
129-04382,2020-08-15 23:20:00,71.08,87.00
129-04382,2020-08-15 23:30:00,68.60,79.90
129-04382,2020-08-15 23:40:00,67.16,94.20
129-04382,2020-08-15 23:50:00,68.50,98.80
129-04383,2020-08-15 00:00:00,67.75,91.10
129-04383,2020-08-15 00:10:00,73.86,84.70
129-04383,2020-08-15 00:20:00,65.19,99.10
129-04383,2020-08-15 00:30:00,67.90,91.90
129-04383,2020-08-15 00:40:00,68.16,96.30
129-04383,2020-08-15 00:50:00,65.45,85.00
129-04383,2020-08-15 01:00:00,58.59,34.50
129-04383,2020-08-15 01:10:00,57.95,57.20
129-04383,2020-08-15 01:20:00,57.00,62.00
129-04383,2020-08-15 01:30:00,62.58,92.10
129-04383,2020-08-15 01:40:00,71.12,23.40
129-04383,2020-08-15 01:50:00,73.60,43.50
129-04383,2020-08-15 02:00:00,69.64,76.50
129-04383,2020-08-15 02:10:00,63.73,47.90
129-04383,2020-08-15 02:20:00,56.46,37.60
129-04383,2020-08-15 02:30:00,57.00,54.00
129-04383,2020-08-15 02:40:00,,
129-04383,2020-08-15 02:50:00,57.46,84.10
129-04383,2020-08-15 03:00:00,62.00,64.60
129-04383,2020-08-15 03:10:00,54.33,88.33
129-04383,2020-08-15 03:20:00,53.81,80.70
129-04383,2020-08-15 03:30:00,58.72,69.75
129-04383,2020-08-15 03:40:00,66.79,52.30
129-04383,2020-08-15 03:50:00,67.10,47.90
129-04383,2020-08-15 04:00:00,62.46,85.20
129-04383,2020-08-15 04:10:00,60.03,72.10
129-04383,2020-08-15 04:20:00,57.86,53.43
129-04383,2020-08-15 04:30:00,62.73,94.33
129-04383,2020-08-15 04:40:00,67.39,59.10
129-04383,2020-08-15 04:50:00,67.80,73.40
129-04383,2020-08-15 05:00:00,,
129-04383,2020-08-15 05:10:00,58.00,71.00
129-04383,2020-08-15 05:20:00,67.06,71.30
129-04383,2020-08-15 05:30:00,71.93,54.30
129-04383,2020-08-15 05:40:00,71.52,80.50
129-04383,2020-08-15 05:50:00,67.99,98.70
129-04383,2020-08-15 06:00:00,67.34,90.30
129-04383,2020-08-15 06:10:00,62.60,100.00
129-04383,2020-08-15 06:20:00,66.24,100.00
129-04383,2020-08-15 06:30:00,66.55,98.40
129-04383,2020-08-15 06:40:00,67.88,100.00
129-04383,2020-08-15 06:50:00,68.65,100.00
129-04383,2020-08-15 07:00:00,72.94,100.00
129-04383,2020-08-15 07:10:00,72.85,100.00
129-04383,2020-08-15 07:20:00,70.62,100.00
129-04383,2020-08-15 07:30:00,63.56,100.00
129-04383,2020-08-15 07:40:00,66.02,100.00
129-04383,2020-08-15 07:50:00,67.91,100.00
129-04383,2020-08-15 08:00:00,66.95,100.00
129-04383,2020-08-15 08:10:00,66.52,100.00
129-04383,2020-08-15 08:20:00,70.99,100.00
129-04383,2020-08-15 08:30:00,63.71,100.00
129-04383,2020-08-15 08:40:00,61.98,100.00
129-04383,2020-08-15 08:50:00,63.79,100.00
129-04383,2020-08-15 09:00:00,65.53,97.60
129-04383,2020-08-15 09:10:00,64.38,100.00
129-04383,2020-08-15 09:20:00,64.76,100.00
129-04383,2020-08-15 09:30:00,66.60,100.00
129-04383,2020-08-15 09:40:00,62.99,100.00
129-04383,2020-08-15 09:50:00,66.23,100.00
129-04383,2020-08-15 10:00:00,67.55,100.00
129-04383,2020-08-15 10:10:00,66.41,97.30
129-04383,2020-08-15 10:20:00,63.74,100.00
129-04383,2020-08-15 10:30:00,62.44,100.00
129-04383,2020-08-15 10:40:00,62.26,100.00
129-04383,2020-08-15 10:50:00,64.77,100.00
129-04383,2020-08-15 11:00:00,66.39,100.00
129-04383,2020-08-15 11:10:00,64.89,100.00
129-04383,2020-08-15 11:20:00,64.48,100.00
129-04383,2020-08-15 11:30:00,63.19,100.00
129-04383,2020-08-15 11:40:00,61.78,100.00
129-04383,2020-08-15 11:50:00,63.43,100.00
129-04383,2020-08-15 12:00:00,66.65,100.00
129-04383,2020-08-15 12:10:00,68.56,100.00
129-04383,2020-08-15 12:20:00,63.85,100.00
129-04383,2020-08-15 12:30:00,64.77,100.00
129-04383,2020-08-15 12:40:00,63.27,100.00
129-04383,2020-08-15 12:50:00,62.39,100.00
129-04383,2020-08-15 13:00:00,60.80,100.00
129-04383,2020-08-15 13:10:00,62.28,100.00
129-04383,2020-08-15 13:20:00,63.28,100.00
129-04383,2020-08-15 13:30:00,64.57,100.00
129-04383,2020-08-15 13:40:00,61.37,100.00
129-04383,2020-08-15 13:50:00,61.37,100.00
129-04383,2020-08-15 14:00:00,60.99,100.00
129-04383,2020-08-15 14:10:00,61.59,100.00
129-04383,2020-08-15 14:20:00,61.89,100.00
129-04383,2020-08-15 14:30:00,63.98,100.00
129-04383,2020-08-15 14:40:00,62.80,100.00
129-04383,2020-08-15 14:50:00,62.40,100.00
129-04383,2020-08-15 15:00:00,64.06,100.00
129-04383,2020-08-15 15:10:00,62.79,100.00
129-04383,2020-08-15 15:20:00,63.28,100.00
129-04383,2020-08-15 15:30:00,65.69,100.00
129-04383,2020-08-15 15:40:00,61.10,100.00
129-04383,2020-08-15 15:50:00,64.46,100.00
129-04383,2020-08-15 16:00:00,64.36,100.00
129-04383,2020-08-15 16:10:00,63.05,100.00
129-04383,2020-08-15 16:20:00,63.27,100.00
129-04383,2020-08-15 16:30:00,61.89,99.90
129-04383,2020-08-15 16:40:00,64.08,100.00
129-04383,2020-08-15 16:50:00,62.99,100.00
129-04383,2020-08-15 17:00:00,63.96,100.00
129-04383,2020-08-15 17:10:00,64.98,100.00
129-04383,2020-08-15 17:20:00,63.18,100.00
129-04383,2020-08-15 17:30:00,61.67,100.00
129-04383,2020-08-15 17:40:00,64.39,100.00
129-04383,2020-08-15 17:50:00,63.45,100.00
129-04383,2020-08-15 18:00:00,66.67,100.00
129-04383,2020-08-15 18:10:00,63.66,100.00
129-04383,2020-08-15 18:20:00,62.89,100.00
129-04383,2020-08-15 18:30:00,66.39,100.00
129-04383,2020-08-15 18:40:00,65.87,100.00
129-04383,2020-08-15 18:50:00,66.29,100.00
129-04383,2020-08-15 19:00:00,65.48,100.00
129-04383,2020-08-15 19:10:00,66.96,100.00
129-04383,2020-08-15 19:20:00,64.95,100.00
129-04383,2020-08-15 19:30:00,68.68,100.00
129-04383,2020-08-15 19:40:00,65.98,100.00
129-04383,2020-08-15 19:50:00,66.70,100.00
129-04383,2020-08-15 20:00:00,64.27,100.00
129-04383,2020-08-15 20:10:00,62.78,100.00
129-04383,2020-08-15 20:20:00,66.11,98.40
129-04383,2020-08-15 20:30:00,65.34,100.00
129-04383,2020-08-15 20:40:00,63.67,100.00
129-04383,2020-08-15 20:50:00,61.78,100.00
129-04383,2020-08-15 21:00:00,63.39,100.00
129-04383,2020-08-15 21:10:00,62.77,99.70
129-04383,2020-08-15 21:20:00,61.69,100.00
129-04383,2020-08-15 21:30:00,61.86,97.30
129-04383,2020-08-15 21:40:00,66.72,88.10
129-04383,2020-08-15 21:50:00,63.77,99.80
129-04383,2020-08-15 22:00:00,65.75,93.80
129-04383,2020-08-15 22:10:00,65.54,99.40
129-04383,2020-08-15 22:20:00,63.44,94.40
129-04383,2020-08-15 22:30:00,63.07,99.80
129-04383,2020-08-15 22:40:00,65.36,98.00
129-04383,2020-08-15 22:50:00,61.33,99.70
129-04383,2020-08-15 23:00:00,59.41,66.60
129-04383,2020-08-15 23:10:00,61.69,97.00
129-04383,2020-08-15 23:20:00,70.57,37.00
129-04383,2020-08-15 23:30:00,70.50,57.80
129-04383,2020-08-15 23:40:00,62.96,91.70
129-04383,2020-08-15 23:50:00,66.00,99.90
129-04380,2020-08-15 00:00:00,72.40,96.50
129-04380,2020-08-15 00:10:00,70.03,64.70
129-04380,2020-08-15 00:20:00,68.02,80.50
129-04380,2020-08-15 00:30:00,67.70,90.90
129-04380,2020-08-15 00:40:00,70.17,82.30
129-04380,2020-08-15 00:50:00,67.02,83.90
129-04380,2020-08-15 01:00:00,64.55,70.70
129-04380,2020-08-15 01:10:00,67.58,87.44
129-04380,2020-08-15 01:20:00,61.00,42.44
129-04380,2020-08-15 01:30:00,68.11,83.30
129-04380,2020-08-15 01:40:00,72.96,37.20
129-04380,2020-08-15 01:50:00,76.75,26.50
129-04380,2020-08-15 02:00:00,73.37,63.80
129-04380,2020-08-15 02:10:00,74.85,41.40
129-04380,2020-08-15 02:20:00,61.85,20.38
129-04380,2020-08-15 02:30:00,66.14,60.33
129-04380,2020-08-15 02:40:00,,
129-04380,2020-08-15 02:50:00,,
129-04380,2020-08-15 03:00:00,68.36,84.00
129-04380,2020-08-15 03:10:00,65.91,77.75
129-04380,2020-08-15 03:20:00,60.38,57.20
129-04380,2020-08-15 03:30:00,58.00,44.00
129-04380,2020-08-15 03:40:00,69.55,71.89
129-04380,2020-08-15 03:50:00,68.33,71.30
129-04380,2020-08-15 04:00:00,67.26,92.60
129-04380,2020-08-15 04:10:00,64.37,74.40
129-04380,2020-08-15 04:20:00,59.15,33.00
129-04380,2020-08-15 04:30:00,64.19,97.11
129-04380,2020-08-15 04:40:00,66.89,71.70
129-04380,2020-08-15 04:50:00,68.89,54.90
129-04380,2020-08-15 05:00:00,62.00,85.20
129-04380,2020-08-15 05:10:00,66.22,80.50
129-04380,2020-08-15 05:20:00,75.23,26.00
129-04380,2020-08-15 05:30:00,64.93,79.70
129-04380,2020-08-15 05:40:00,72.69,84.60
129-04380,2020-08-15 05:50:00,71.37,96.80
129-04380,2020-08-15 06:00:00,70.15,90.80
129-04380,2020-08-15 06:10:00,68.57,100.00
129-04380,2020-08-15 06:20:00,68.51,95.70
129-04380,2020-08-15 06:30:00,71.04,98.80
129-04380,2020-08-15 06:40:00,71.57,98.90
129-04380,2020-08-15 06:50:00,70.29,100.00
129-04380,2020-08-15 07:00:00,72.88,100.00
129-04380,2020-08-15 07:10:00,72.45,100.00
129-04380,2020-08-15 07:20:00,70.97,100.00
129-04380,2020-08-15 07:30:00,69.67,100.00
129-04380,2020-08-15 07:40:00,69.19,100.00
129-04380,2020-08-15 07:50:00,70.47,100.00
129-04380,2020-08-15 08:00:00,69.69,100.00
129-04380,2020-08-15 08:10:00,68.68,100.00
129-04380,2020-08-15 08:20:00,72.69,100.00
129-04380,2020-08-15 08:30:00,67.75,100.00
129-04380,2020-08-15 08:40:00,67.19,100.00
129-04380,2020-08-15 08:50:00,65.59,100.00
129-04380,2020-08-15 09:00:00,66.87,100.00
129-04380,2020-08-15 09:10:00,65.19,100.00
129-04380,2020-08-15 09:20:00,67.75,100.00
129-04380,2020-08-15 09:30:00,67.19,100.00
129-04380,2020-08-15 09:40:00,68.38,100.00
129-04380,2020-08-15 09:50:00,67.66,100.00
129-04380,2020-08-15 10:00:00,67.48,100.00
129-04380,2020-08-15 10:10:00,69.69,99.60
129-04380,2020-08-15 10:20:00,64.98,100.00
129-04380,2020-08-15 10:30:00,66.38,100.00
129-04380,2020-08-15 10:40:00,63.39,100.00
129-04380,2020-08-15 10:50:00,66.09,100.00
129-04380,2020-08-15 11:00:00,64.37,100.00
129-04380,2020-08-15 11:10:00,64.87,100.00
129-04380,2020-08-15 11:20:00,66.00,100.00
129-04380,2020-08-15 11:30:00,65.40,100.00
129-04380,2020-08-15 11:40:00,64.28,100.00
129-04380,2020-08-15 11:50:00,65.69,100.00
129-04380,2020-08-15 12:00:00,65.49,100.00
129-04380,2020-08-15 12:10:00,64.99,100.00
129-04380,2020-08-15 12:20:00,66.65,100.00
129-04380,2020-08-15 12:30:00,66.48,100.00
129-04380,2020-08-15 12:40:00,67.19,100.00
129-04380,2020-08-15 12:50:00,65.18,100.00
129-04380,2020-08-15 13:00:00,63.09,100.00
129-04380,2020-08-15 13:10:00,64.78,100.00
129-04380,2020-08-15 13:20:00,64.28,100.00
129-04380,2020-08-15 13:30:00,63.19,100.00
129-04380,2020-08-15 13:40:00,58.27,100.00
129-04380,2020-08-15 13:50:00,47.20,100.00
129-04380,2020-08-15 14:00:00,45.28,100.00
129-04380,2020-08-15 14:10:00,45.75,100.00
129-04380,2020-08-15 14:20:00,47.25,100.00
129-04380,2020-08-15 14:30:00,48.57,100.00
129-04380,2020-08-15 14:40:00,45.10,100.00
129-04380,2020-08-15 14:50:00,46.67,100.00
129-04380,2020-08-15 15:00:00,50.92,100.00
129-04380,2020-08-15 15:10:00,59.30,100.00
129-04380,2020-08-15 15:20:00,63.60,100.00
129-04380,2020-08-15 15:30:00,63.59,100.00
129-04380,2020-08-15 15:40:00,65.89,100.00
129-04380,2020-08-15 15:50:00,67.49,100.00
129-04380,2020-08-15 16:00:00,66.69,100.00
129-04380,2020-08-15 16:10:00,64.86,100.00
129-04380,2020-08-15 16:20:00,64.47,100.00
129-04380,2020-08-15 16:30:00,66.30,100.00
129-04380,2020-08-15 16:40:00,66.30,100.00
129-04380,2020-08-15 16:50:00,67.19,100.00
129-04380,2020-08-15 17:00:00,66.19,100.00
129-04380,2020-08-15 17:10:00,65.98,100.00
129-04380,2020-08-15 17:20:00,65.87,100.00
129-04380,2020-08-15 17:30:00,65.40,100.00
129-04380,2020-08-15 17:40:00,66.49,100.00
129-04380,2020-08-15 17:50:00,64.70,100.00
129-04380,2020-08-15 18:00:00,66.89,100.00
129-04380,2020-08-15 18:10:00,68.48,100.00
129-04380,2020-08-15 18:20:00,67.39,100.00
129-04380,2020-08-15 18:30:00,67.79,99.80
129-04380,2020-08-15 18:40:00,69.99,96.80
129-04380,2020-08-15 18:50:00,69.49,100.00
129-04380,2020-08-15 19:00:00,68.69,100.00
129-04380,2020-08-15 19:10:00,69.28,100.00
129-04380,2020-08-15 19:20:00,65.67,100.00
129-04380,2020-08-15 19:30:00,68.39,100.00
129-04380,2020-08-15 19:40:00,67.18,100.00
129-04380,2020-08-15 19:50:00,70.38,100.00
129-04380,2020-08-15 20:00:00,68.29,100.00
129-04380,2020-08-15 20:10:00,67.68,100.00
129-04380,2020-08-15 20:20:00,66.18,100.00
129-04380,2020-08-15 20:30:00,68.99,99.20
129-04380,2020-08-15 20:40:00,67.79,100.00
129-04380,2020-08-15 20:50:00,64.67,100.00
129-04380,2020-08-15 21:00:00,66.06,100.00
129-04380,2020-08-15 21:10:00,67.65,100.00
129-04380,2020-08-15 21:20:00,67.99,98.10
129-04380,2020-08-15 21:30:00,65.47,100.00
129-04380,2020-08-15 21:40:00,69.09,95.40
129-04380,2020-08-15 21:50:00,68.89,100.00
129-04380,2020-08-15 22:00:00,67.38,99.50
129-04380,2020-08-15 22:10:00,68.78,100.00
129-04380,2020-08-15 22:20:00,70.24,94.20
129-04380,2020-08-15 22:30:00,65.70,100.00
129-04380,2020-08-15 22:40:00,68.87,100.00
129-04380,2020-08-15 22:50:00,67.80,98.30
129-04380,2020-08-15 23:00:00,67.59,98.20
129-04380,2020-08-15 23:10:00,66.59,99.40
129-04380,2020-08-15 23:20:00,70.27,77.60
129-04380,2020-08-15 23:30:00,67.58,98.20
129-04380,2020-08-15 23:40:00,70.05,62.60
129-04380,2020-08-15 23:50:00,69.39,96.90
129-04381,2020-08-15 00:00:00,74.66,61.90
129-04381,2020-08-15 00:10:00,74.20,79.10
129-04381,2020-08-15 00:20:00,68.27,81.80
129-04381,2020-08-15 00:30:00,67.49,82.70
129-04381,2020-08-15 00:40:00,69.89,85.20
129-04381,2020-08-15 00:50:00,65.66,65.10
129-04381,2020-08-15 01:00:00,64.98,79.40
129-04381,2020-08-15 01:10:00,69.95,83.60
129-04381,2020-08-15 01:20:00,60.00,38.88
129-04381,2020-08-15 01:30:00,71.15,66.40
129-04381,2020-08-15 01:40:00,75.15,40.40
129-04381,2020-08-15 01:50:00,77.23,46.63
129-04381,2020-08-15 02:00:00,76.95,71.10
129-04381,2020-08-15 02:10:00,72.22,80.56
129-04381,2020-08-15 02:20:00,67.22,30.50
129-04381,2020-08-15 02:30:00,68.00,44.00
129-04381,2020-08-15 02:40:00,,
129-04381,2020-08-15 02:50:00,,
129-04381,2020-08-15 03:00:00,67.55,94.56
129-04381,2020-08-15 03:10:00,64.47,80.50
129-04381,2020-08-15 03:20:00,59.13,52.90
129-04381,2020-08-15 03:30:00,56.00,33.83
129-04381,2020-08-15 03:40:00,67.28,68.00
129-04381,2020-08-15 03:50:00,66.75,62.30
129-04381,2020-08-15 04:00:00,66.36,80.80
129-04381,2020-08-15 04:10:00,64.72,76.70
129-04381,2020-08-15 04:20:00,60.31,62.89
129-04381,2020-08-15 04:30:00,63.39,92.89
129-04381,2020-08-15 04:40:00,68.84,63.40
129-04381,2020-08-15 04:50:00,64.71,53.00
129-04381,2020-08-15 05:00:00,53.80,26.40
129-04381,2020-08-15 05:10:00,71.12,50.80
129-04381,2020-08-15 05:20:00,76.00,40.40
129-04381,2020-08-15 05:30:00,69.11,73.50
129-04381,2020-08-15 05:40:00,69.39,97.80
129-04381,2020-08-15 05:50:00,69.39,95.40
129-04381,2020-08-15 06:00:00,71.24,81.80
129-04381,2020-08-15 06:10:00,67.45,100.00
129-04381,2020-08-15 06:20:00,68.15,100.00
129-04381,2020-08-15 06:30:00,70.46,90.80
129-04381,2020-08-15 06:40:00,71.89,98.40
129-04381,2020-08-15 06:50:00,70.57,100.00
129-04381,2020-08-15 07:00:00,74.26,97.00
129-04381,2020-08-15 07:10:00,75.06,95.50
129-04381,2020-08-15 07:20:00,71.27,100.00
129-04381,2020-08-15 07:30:00,69.36,100.00
129-04381,2020-08-15 07:40:00,68.58,100.00
129-04381,2020-08-15 07:50:00,70.43,100.00
129-04381,2020-08-15 08:00:00,66.77,100.00
129-04381,2020-08-15 08:10:00,68.99,100.00
129-04381,2020-08-15 08:20:00,73.68,95.20
129-04381,2020-08-15 08:30:00,68.36,98.70
129-04381,2020-08-15 08:40:00,66.79,100.00
129-04381,2020-08-15 08:50:00,65.68,100.00
129-04381,2020-08-15 09:00:00,66.35,100.00
129-04381,2020-08-15 09:10:00,66.57,100.00
129-04381,2020-08-15 09:20:00,65.18,100.00
129-04381,2020-08-15 09:30:00,65.62,100.00
129-04381,2020-08-15 09:40:00,67.16,100.00
129-04381,2020-08-15 09:50:00,66.89,100.00
129-04381,2020-08-15 10:00:00,66.68,100.00
129-04381,2020-08-15 10:10:00,66.50,100.00
129-04381,2020-08-15 10:20:00,64.49,100.00
129-04381,2020-08-15 10:30:00,65.57,100.00
129-04381,2020-08-15 10:40:00,63.78,100.00
129-04381,2020-08-15 10:50:00,66.69,100.00
129-04381,2020-08-15 11:00:00,64.58,100.00
129-04381,2020-08-15 11:10:00,65.67,100.00
129-04381,2020-08-15 11:20:00,66.19,100.00
129-04381,2020-08-15 11:30:00,63.19,100.00
129-04381,2020-08-15 11:40:00,64.79,100.00
129-04381,2020-08-15 11:50:00,65.27,97.40
129-04381,2020-08-15 12:00:00,65.09,100.00
129-04381,2020-08-15 12:10:00,66.38,100.00
129-04381,2020-08-15 12:20:00,67.48,100.00
129-04381,2020-08-15 12:30:00,67.49,100.00
129-04381,2020-08-15 12:40:00,65.88,99.70
129-04381,2020-08-15 12:50:00,63.38,100.00
129-04381,2020-08-15 13:00:00,63.20,100.00
129-04381,2020-08-15 13:10:00,65.68,100.00
129-04381,2020-08-15 13:20:00,64.60,100.00
129-04381,2020-08-15 13:30:00,63.69,100.00
129-04381,2020-08-15 13:40:00,59.35,100.00
129-04381,2020-08-15 13:50:00,45.48,100.00
129-04381,2020-08-15 14:00:00,37.43,100.00
129-04381,2020-08-15 14:10:00,34.14,100.00
129-04381,2020-08-15 14:20:00,42.01,100.00
129-04381,2020-08-15 14:30:00,43.91,100.00
129-04381,2020-08-15 14:40:00,51.04,100.00
129-04381,2020-08-15 14:50:00,51.74,100.00
129-04381,2020-08-15 15:00:00,53.01,100.00
129-04381,2020-08-15 15:10:00,62.79,100.00
129-04381,2020-08-15 15:20:00,64.58,100.00
129-04381,2020-08-15 15:30:00,65.79,100.00
129-04381,2020-08-15 15:40:00,64.56,100.00
129-04381,2020-08-15 15:50:00,66.96,100.00
129-04381,2020-08-15 16:00:00,65.10,100.00
129-04381,2020-08-15 16:10:00,63.49,100.00
129-04381,2020-08-15 16:20:00,64.97,100.00
129-04381,2020-08-15 16:30:00,66.80,100.00
129-04381,2020-08-15 16:40:00,65.79,100.00
129-04381,2020-08-15 16:50:00,67.19,100.00
129-04381,2020-08-15 17:00:00,64.59,100.00
129-04381,2020-08-15 17:10:00,65.40,100.00
129-04381,2020-08-15 17:20:00,64.78,100.00
129-04381,2020-08-15 17:30:00,64.79,100.00
129-04381,2020-08-15 17:40:00,64.08,100.00
129-04381,2020-08-15 17:50:00,62.69,100.00
129-04381,2020-08-15 18:00:00,67.07,100.00
129-04381,2020-08-15 18:10:00,68.97,100.00
129-04381,2020-08-15 18:20:00,67.20,100.00
129-04381,2020-08-15 18:30:00,68.98,100.00
129-04381,2020-08-15 18:40:00,70.49,96.30
129-04381,2020-08-15 18:50:00,68.54,100.00
129-04381,2020-08-15 19:00:00,67.69,100.00
129-04381,2020-08-15 19:10:00,67.47,100.00
129-04381,2020-08-15 19:20:00,65.92,100.00
129-04381,2020-08-15 19:30:00,68.19,100.00
129-04381,2020-08-15 19:40:00,66.49,100.00
129-04381,2020-08-15 19:50:00,69.36,100.00
129-04381,2020-08-15 20:00:00,68.08,100.00
129-04381,2020-08-15 20:10:00,67.40,100.00
129-04381,2020-08-15 20:20:00,66.64,100.00
129-04381,2020-08-15 20:30:00,67.69,99.70
129-04381,2020-08-15 20:40:00,67.60,100.00
129-04381,2020-08-15 20:50:00,67.25,96.80
129-04381,2020-08-15 21:00:00,66.48,100.00
129-04381,2020-08-15 21:10:00,65.22,100.00
129-04381,2020-08-15 21:20:00,66.39,100.00
129-04381,2020-08-15 21:30:00,65.09,99.80
129-04381,2020-08-15 21:40:00,70.49,98.20
129-04381,2020-08-15 21:50:00,68.06,99.90
129-04381,2020-08-15 22:00:00,68.10,87.60
129-04381,2020-08-15 22:10:00,69.05,100.00
129-04381,2020-08-15 22:20:00,66.70,96.90
129-04381,2020-08-15 22:30:00,61.57,100.00
129-04381,2020-08-15 22:40:00,67.16,98.30
129-04381,2020-08-15 22:50:00,69.59,87.20
129-04381,2020-08-15 23:00:00,64.14,88.30
129-04381,2020-08-15 23:10:00,64.17,95.60
129-04381,2020-08-15 23:20:00,70.88,64.50
129-04381,2020-08-15 23:30:00,67.28,96.80
129-04381,2020-08-15 23:40:00,68.35,88.90
129-04381,2020-08-15 23:50:00,68.62,88.50
129N04339,2020-08-15 00:00:00,64.63,84.40
129N04339,2020-08-15 00:10:00,67.79,56.40
129N04339,2020-08-15 00:20:00,66.28,50.33
129N04339,2020-08-15 00:30:00,60.28,54.00
129N04339,2020-08-15 00:40:00,59.63,67.10
129N04339,2020-08-15 00:50:00,66.55,93.80
129N04339,2020-08-15 01:00:00,62.20,89.80
129N04339,2020-08-15 01:10:00,54.03,54.30
129N04339,2020-08-15 01:20:00,59.62,92.00
129N04339,2020-08-15 01:30:00,,
129N04339,2020-08-15 01:40:00,61.00,100.00
129N04339,2020-08-15 01:50:00,66.11,51.00
129N04339,2020-08-15 02:00:00,69.00,67.00
129N04339,2020-08-15 02:10:00,48.00,27.90
129N04339,2020-08-15 02:20:00,58.71,88.33
129N04339,2020-08-15 02:30:00,60.57,81.70
129N04339,2020-08-15 02:40:00,59.97,77.70
129N04339,2020-08-15 02:50:00,63.40,63.00
129N04339,2020-08-15 03:00:00,58.90,80.80
129N04339,2020-08-15 03:10:00,69.13,43.00
129N04339,2020-08-15 03:20:00,57.84,67.30
129N04339,2020-08-15 03:30:00,59.87,66.50
129N04339,2020-08-15 03:40:00,65.00,85.67
129N04339,2020-08-15 03:50:00,71.06,51.00
129N04339,2020-08-15 04:00:00,60.60,73.30
129N04339,2020-08-15 04:10:00,61.47,92.50
129N04339,2020-08-15 04:20:00,61.98,94.60
129N04339,2020-08-15 04:30:00,64.24,68.20
129N04339,2020-08-15 04:40:00,67.76,55.50
129N04339,2020-08-15 04:50:00,64.38,64.30
129N04339,2020-08-15 05:00:00,61.06,47.00
129N04339,2020-08-15 05:10:00,59.52,72.00
129N04339,2020-08-15 05:20:00,61.00,81.67
129N04339,2020-08-15 05:30:00,63.00,99.00
129N04339,2020-08-15 05:40:00,62.79,99.00
129N04339,2020-08-15 05:50:00,64.59,61.90
129N04339,2020-08-15 06:00:00,72.79,42.50
129N04339,2020-08-15 06:10:00,73.27,67.40
129N04339,2020-08-15 06:20:00,67.03,87.20
129N04339,2020-08-15 06:30:00,71.51,85.90
129N04339,2020-08-15 06:40:00,70.09,96.30
129N04339,2020-08-15 06:50:00,70.16,100.00
129N04339,2020-08-15 07:00:00,74.18,82.60
129N04339,2020-08-15 07:10:00,71.80,93.20
129N04339,2020-08-15 07:20:00,68.35,100.00
129N04339,2020-08-15 07:30:00,65.98,100.00
129N04339,2020-08-15 07:40:00,66.19,100.00
129N04339,2020-08-15 07:50:00,66.75,100.00
129N04339,2020-08-15 08:00:00,70.37,100.00
129N04339,2020-08-15 08:10:00,69.79,100.00
129N04339,2020-08-15 08:20:00,70.39,100.00
129N04339,2020-08-15 08:30:00,67.31,100.00
129N04339,2020-08-15 08:40:00,65.19,100.00
129N04339,2020-08-15 08:50:00,66.07,100.00
129N04339,2020-08-15 09:00:00,63.00,100.00
129N04339,2020-08-15 09:10:00,68.42,92.00
129N04339,2020-08-15 09:20:00,67.99,100.00
129N04339,2020-08-15 09:30:00,63.51,93.00
129N04339,2020-08-15 09:40:00,60.38,58.60
129N04339,2020-08-15 09:50:00,67.73,100.00
129N04339,2020-08-15 10:00:00,67.99,100.00
129N04339,2020-08-15 10:10:00,67.96,100.00
129N04339,2020-08-15 10:20:00,68.67,86.40
129N04339,2020-08-15 10:30:00,65.79,100.00
129N04339,2020-08-15 10:40:00,61.97,95.00
129N04339,2020-08-15 10:50:00,65.75,100.00
129N04339,2020-08-15 11:00:00,64.18,100.00
129N04339,2020-08-15 11:10:00,68.68,100.00
129N04339,2020-08-15 11:20:00,64.57,93.40
129N04339,2020-08-15 11:30:00,63.59,98.70
129N04339,2020-08-15 11:40:00,61.74,90.00
129N04339,2020-08-15 11:50:00,64.12,99.30
129N04339,2020-08-15 12:00:00,65.38,100.00
129N04339,2020-08-15 12:10:00,63.44,100.00
129N04339,2020-08-15 12:20:00,64.69,100.00
129N04339,2020-08-15 12:30:00,65.59,100.00
129N04339,2020-08-15 12:40:00,66.34,100.00
129N04339,2020-08-15 12:50:00,63.59,100.00
129N04339,2020-08-15 13:00:00,64.57,100.00
129N04339,2020-08-15 13:10:00,65.59,100.00
129N04339,2020-08-15 13:20:00,65.79,100.00
129N04339,2020-08-15 13:30:00,53.80,100.00
129N04339,2020-08-15 13:40:00,19.66,100.00
129N04339,2020-08-15 13:50:00,11.25,100.00
129N04339,2020-08-15 14:00:00,11.08,100.00
129N04339,2020-08-15 14:10:00,11.46,100.00
129N04339,2020-08-15 14:20:00,35.80,90.20
129N04339,2020-08-15 14:30:00,62.95,100.00
129N04339,2020-08-15 14:40:00,63.95,100.00
129N04339,2020-08-15 14:50:00,67.39,100.00
129N04339,2020-08-15 15:00:00,64.79,100.00
129N04339,2020-08-15 15:10:00,65.72,100.00
129N04339,2020-08-15 15:20:00,62.99,100.00
129N04339,2020-08-15 15:30:00,65.76,100.00
129N04339,2020-08-15 15:40:00,63.18,100.00
129N04339,2020-08-15 15:50:00,65.00,100.00
129N04339,2020-08-15 16:00:00,65.59,100.00
129N04339,2020-08-15 16:10:00,66.97,100.00
129N04339,2020-08-15 16:20:00,61.25,100.00
129N04339,2020-08-15 16:30:00,61.77,100.00
129N04339,2020-08-15 16:40:00,67.18,85.10
129N04339,2020-08-15 16:50:00,61.98,100.00
129N04339,2020-08-15 17:00:00,65.32,100.00
129N04339,2020-08-15 17:10:00,63.16,98.40
129N04339,2020-08-15 17:20:00,64.16,98.60
129N04339,2020-08-15 17:30:00,67.35,100.00
129N04339,2020-08-15 17:40:00,70.79,76.40
129N04339,2020-08-15 17:50:00,68.19,100.00
129N04339,2020-08-15 18:00:00,65.59,100.00
129N04339,2020-08-15 18:10:00,64.74,84.70
129N04339,2020-08-15 18:20:00,63.98,100.00
129N04339,2020-08-15 18:30:00,66.36,100.00
129N04339,2020-08-15 18:40:00,65.55,100.00
129N04339,2020-08-15 18:50:00,63.98,100.00
129N04339,2020-08-15 19:00:00,63.36,100.00
129N04339,2020-08-15 19:10:00,64.11,100.00
129N04339,2020-08-15 19:20:00,65.35,100.00
129N04339,2020-08-15 19:30:00,68.91,100.00
129N04339,2020-08-15 19:40:00,66.35,100.00
129N04339,2020-08-15 19:50:00,65.48,100.00
129N04339,2020-08-15 20:00:00,64.45,100.00
129N04339,2020-08-15 20:10:00,62.57,100.00
129N04339,2020-08-15 20:20:00,60.34,92.90
129N04339,2020-08-15 20:30:00,63.16,96.80
129N04339,2020-08-15 20:40:00,62.78,100.00
129N04339,2020-08-15 20:50:00,59.66,90.10
129N04339,2020-08-15 21:00:00,65.64,67.00
129N04339,2020-08-15 21:10:00,68.39,54.90
129N04339,2020-08-15 21:20:00,59.48,76.80
129N04339,2020-08-15 21:30:00,55.89,88.20
129N04339,2020-08-15 21:40:00,53.12,41.90
129N04339,2020-08-15 21:50:00,63.16,98.10
129N04339,2020-08-15 22:00:00,67.34,100.00
129N04339,2020-08-15 22:10:00,61.73,100.00
129N04339,2020-08-15 22:20:00,65.59,100.00
129N04339,2020-08-15 22:30:00,66.59,100.00
129N04339,2020-08-15 22:40:00,61.45,80.17
129N04339,2020-08-15 22:50:00,62.27,92.44
129N04339,2020-08-15 23:00:00,64.79,99.70
129N04339,2020-08-15 23:10:00,64.35,97.10
129N04339,2020-08-15 23:20:00,62.82,64.20
129N04339,2020-08-15 23:30:00,60.91,87.10
129N04339,2020-08-15 23:40:00,63.38,98.30
129N04339,2020-08-15 23:50:00,59.37,80.56
129-04399,2020-08-15 00:00:00,67.60,98.00
129-04399,2020-08-15 00:10:00,67.69,94.40
129-04399,2020-08-15 00:20:00,65.89,87.20
129-04399,2020-08-15 00:30:00,67.49,73.10
129-04399,2020-08-15 00:40:00,66.64,73.67
129-04399,2020-08-15 00:50:00,66.79,91.80
129-04399,2020-08-15 01:00:00,71.64,66.40
129-04399,2020-08-15 01:10:00,66.99,91.50
129-04399,2020-08-15 01:20:00,66.92,89.10
129-04399,2020-08-15 01:30:00,67.19,95.80
129-04399,2020-08-15 01:40:00,68.17,89.00
129-04399,2020-08-15 01:50:00,67.80,93.00
129-04399,2020-08-15 02:00:00,66.75,99.00
129-04399,2020-08-15 02:10:00,73.00,54.60
129-04399,2020-08-15 02:20:00,69.82,91.86
129-04399,2020-08-15 02:30:00,69.45,70.40
129-04399,2020-08-15 02:40:00,62.35,30.20
129-04399,2020-08-15 02:50:00,62.27,52.50
129-04399,2020-08-15 03:00:00,70.74,78.13
129-04399,2020-08-15 03:10:00,62.00,67.00
129-04399,2020-08-15 03:20:00,71.00,67.22
129-04399,2020-08-15 03:30:00,66.69,82.10
129-04399,2020-08-15 03:40:00,66.79,92.00
129-04399,2020-08-15 03:50:00,64.59,71.80
129-04399,2020-08-15 04:00:00,65.39,89.70
129-04399,2020-08-15 04:10:00,64.91,91.60
129-04399,2020-08-15 04:20:00,70.27,53.40
129-04399,2020-08-15 04:30:00,72.89,46.40
129-04399,2020-08-15 04:40:00,67.08,91.60
129-04399,2020-08-15 04:50:00,71.00,83.70
129-04399,2020-08-15 05:00:00,69.95,95.00
129-04399,2020-08-15 05:10:00,71.29,98.20
129-04399,2020-08-15 05:20:00,74.45,69.10
129-04399,2020-08-15 05:30:00,68.80,74.80
129-04399,2020-08-15 05:40:00,74.00,72.80
129-04399,2020-08-15 05:50:00,77.90,45.00
129-04399,2020-08-15 06:00:00,70.99,91.00
129-04399,2020-08-15 06:10:00,72.47,80.90
129-04399,2020-08-15 06:20:00,73.74,79.90
129-04399,2020-08-15 06:30:00,70.58,98.80
129-04399,2020-08-15 06:40:00,69.77,98.80
129-04399,2020-08-15 06:50:00,72.88,96.70
129-04399,2020-08-15 07:00:00,73.99,100.00
129-04399,2020-08-15 07:10:00,73.48,100.00
129-04399,2020-08-15 07:20:00,71.79,99.30
129-04399,2020-08-15 07:30:00,71.98,99.30
129-04399,2020-08-15 07:40:00,72.05,100.00
129-04399,2020-08-15 07:50:00,74.28,99.70
129-04399,2020-08-15 08:00:00,70.55,98.50
129-04399,2020-08-15 08:10:00,72.88,100.00
129-04399,2020-08-15 08:20:00,71.58,99.70
129-04399,2020-08-15 08:30:00,73.58,98.50
129-04399,2020-08-15 08:40:00,72.72,97.50
129-04399,2020-08-15 08:50:00,69.18,100.00
129-04399,2020-08-15 09:00:00,73.14,99.90
129-04399,2020-08-15 09:10:00,69.26,100.00
129-04399,2020-08-15 09:20:00,70.42,98.90
129-04399,2020-08-15 09:30:00,67.20,100.00
129-04399,2020-08-15 09:40:00,71.18,100.00
129-04399,2020-08-15 09:50:00,69.39,100.00
129-04399,2020-08-15 10:00:00,68.79,100.00
129-04399,2020-08-15 10:10:00,67.79,100.00
129-04399,2020-08-15 10:20:00,67.59,100.00
129-04399,2020-08-15 10:30:00,66.47,100.00
129-04399,2020-08-15 10:40:00,68.00,100.00
129-04399,2020-08-15 10:50:00,69.53,100.00
129-04399,2020-08-15 11:00:00,69.08,100.00
129-04399,2020-08-15 11:10:00,67.60,100.00
129-04399,2020-08-15 11:20:00,65.87,100.00
129-04399,2020-08-15 11:30:00,68.29,100.00
129-04399,2020-08-15 11:40:00,69.09,100.00
129-04399,2020-08-15 11:50:00,68.89,100.00
129-04399,2020-08-15 12:00:00,69.39,100.00
129-04399,2020-08-15 12:10:00,69.19,100.00
129-04399,2020-08-15 12:20:00,67.38,100.00
129-04399,2020-08-15 12:30:00,67.18,100.00
129-04399,2020-08-15 12:40:00,69.26,100.00
129-04399,2020-08-15 12:50:00,67.89,100.00
129-04399,2020-08-15 13:00:00,68.49,100.00
129-04399,2020-08-15 13:10:00,69.79,100.00
129-04399,2020-08-15 13:20:00,68.44,100.00
129-04399,2020-08-15 13:30:00,70.70,100.00
129-04399,2020-08-15 13:40:00,69.69,100.00
129-04399,2020-08-15 13:50:00,71.00,100.00
129-04399,2020-08-15 14:00:00,70.20,100.00
129-04399,2020-08-15 14:10:00,69.99,100.00
129-04399,2020-08-15 14:20:00,68.68,100.00
129-04399,2020-08-15 14:30:00,69.69,100.00
129-04399,2020-08-15 14:40:00,69.39,100.00
129-04399,2020-08-15 14:50:00,69.58,100.00
129-04399,2020-08-15 15:00:00,68.99,100.00
129-04399,2020-08-15 15:10:00,68.69,100.00
129-04399,2020-08-15 15:20:00,68.53,100.00
129-04399,2020-08-15 15:30:00,70.09,100.00
129-04399,2020-08-15 15:40:00,70.78,100.00
129-04399,2020-08-15 15:50:00,70.39,100.00
129-04399,2020-08-15 16:00:00,72.09,100.00
129-04399,2020-08-15 16:10:00,71.99,100.00
129-04399,2020-08-15 16:20:00,71.38,100.00
129-04399,2020-08-15 16:30:00,72.39,100.00
129-04399,2020-08-15 16:40:00,72.79,100.00
129-04399,2020-08-15 16:50:00,71.40,100.00
129-04399,2020-08-15 17:00:00,71.49,100.00
129-04399,2020-08-15 17:10:00,70.20,100.00
129-04399,2020-08-15 17:20:00,71.49,100.00
129-04399,2020-08-15 17:30:00,71.28,100.00
129-04399,2020-08-15 17:40:00,71.39,100.00
129-04399,2020-08-15 17:50:00,72.49,100.00
129-04399,2020-08-15 18:00:00,70.18,100.00
129-04399,2020-08-15 18:10:00,72.29,100.00
129-04399,2020-08-15 18:20:00,69.47,100.00
129-04399,2020-08-15 18:30:00,71.16,100.00
129-04399,2020-08-15 18:40:00,71.27,100.00
129-04399,2020-08-15 18:50:00,72.28,100.00
129-04399,2020-08-15 19:00:00,70.17,100.00
129-04399,2020-08-15 19:10:00,69.98,100.00
129-04399,2020-08-15 19:20:00,68.33,100.00
129-04399,2020-08-15 19:30:00,72.28,99.00
129-04399,2020-08-15 19:40:00,72.77,100.00
129-04399,2020-08-15 19:50:00,71.29,100.00
129-04399,2020-08-15 20:00:00,69.48,100.00
129-04399,2020-08-15 20:10:00,70.46,100.00
129-04399,2020-08-15 20:20:00,67.90,100.00
129-04399,2020-08-15 20:30:00,67.89,100.00
129-04399,2020-08-15 20:40:00,69.19,100.00
129-04399,2020-08-15 20:50:00,66.78,100.00
129-04399,2020-08-15 21:00:00,69.92,95.70
129-04399,2020-08-15 21:10:00,66.27,100.00
129-04399,2020-08-15 21:20:00,68.26,100.00
129-04399,2020-08-15 21:30:00,67.25,100.00
129-04399,2020-08-15 21:40:00,67.67,100.00
129-04399,2020-08-15 21:50:00,69.16,96.70
129-04399,2020-08-15 22:00:00,70.10,97.40
129-04399,2020-08-15 22:10:00,70.29,100.00
129-04399,2020-08-15 22:20:00,70.99,100.00
129-04399,2020-08-15 22:30:00,70.49,100.00
129-04399,2020-08-15 22:40:00,71.03,98.20
129-04399,2020-08-15 22:50:00,66.49,100.00
129-04399,2020-08-15 23:00:00,68.49,95.90
129-04399,2020-08-15 23:10:00,70.65,88.50
129-04399,2020-08-15 23:20:00,70.40,93.80
129-04399,2020-08-15 23:30:00,68.00,94.50
129-04399,2020-08-15 23:40:00,64.99,70.80
129-04399,2020-08-15 23:50:00,70.08,76.70
129-04397,2020-08-15 00:00:00,69.87,85.33
129-04397,2020-08-15 00:10:00,73.39,78.60
129-04397,2020-08-15 00:20:00,73.00,89.00
129-04397,2020-08-15 00:30:00,76.00,78.88
129-04397,2020-08-15 00:40:00,75.66,88.00
129-04397,2020-08-15 00:50:00,,
129-04397,2020-08-15 01:00:00,70.00,70.80
129-04397,2020-08-15 01:10:00,69.55,78.89
129-04397,2020-08-15 01:20:00,71.77,90.80
129-04397,2020-08-15 01:30:00,74.36,73.86
129-04397,2020-08-15 01:40:00,76.56,60.10
129-04397,2020-08-15 01:50:00,74.00,98.00
129-04397,2020-08-15 02:00:00,,
129-04397,2020-08-15 02:10:00,56.11,14.40
129-04397,2020-08-15 02:20:00,62.25,60.88
129-04397,2020-08-15 02:30:00,78.00,41.60
129-04397,2020-08-15 02:40:00,78.00,54.33
129-04397,2020-08-15 02:50:00,73.00,87.00
129-04397,2020-08-15 03:00:00,73.00,94.30
129-04397,2020-08-15 03:10:00,73.00,99.00
129-04397,2020-08-15 03:20:00,,
129-04397,2020-08-15 03:30:00,66.06,55.67
129-04397,2020-08-15 03:40:00,69.40,82.40
129-04397,2020-08-15 03:50:00,71.12,72.67
129-04397,2020-08-15 04:00:00,64.47,70.90
129-04397,2020-08-15 04:10:00,66.00,89.20
129-04397,2020-08-15 04:20:00,72.82,62.33
129-04397,2020-08-15 04:30:00,72.48,75.10
129-04397,2020-08-15 04:40:00,70.98,88.50
129-04397,2020-08-15 04:50:00,70.58,93.20
129-04397,2020-08-15 05:00:00,69.45,86.00
129-04397,2020-08-15 05:10:00,71.27,95.80
129-04397,2020-08-15 05:20:00,73.23,81.30
129-04397,2020-08-15 05:30:00,74.52,60.00
129-04397,2020-08-15 05:40:00,73.42,86.83
129-04397,2020-08-15 05:50:00,73.16,90.20
129-04397,2020-08-15 06:00:00,71.79,96.90
129-04397,2020-08-15 06:10:00,70.78,100.00
129-04397,2020-08-15 06:20:00,70.68,92.70
129-04397,2020-08-15 06:30:00,71.35,69.40
129-04397,2020-08-15 06:40:00,72.57,86.00
129-04397,2020-08-15 06:50:00,69.80,90.10
129-04397,2020-08-15 07:00:00,74.88,94.50
129-04397,2020-08-15 07:10:00,71.91,93.70
129-04397,2020-08-15 07:20:00,70.96,97.80
129-04397,2020-08-15 07:30:00,74.85,84.40
129-04397,2020-08-15 07:40:00,74.73,92.60
129-04397,2020-08-15 07:50:00,71.55,90.30
129-04397,2020-08-15 08:00:00,74.03,84.20
129-04397,2020-08-15 08:10:00,69.34,75.20
129-04397,2020-08-15 08:20:00,73.38,100.00
129-04397,2020-08-15 08:30:00,73.28,100.00
129-04397,2020-08-15 08:40:00,71.44,99.30
129-04397,2020-08-15 08:50:00,70.19,97.60
129-04397,2020-08-15 09:00:00,73.76,100.00
129-04397,2020-08-15 09:10:00,73.28,100.00
129-04397,2020-08-15 09:20:00,76.26,81.00
129-04397,2020-08-15 09:30:00,69.92,97.10
129-04397,2020-08-15 09:40:00,70.38,90.70
129-04397,2020-08-15 09:50:00,74.06,97.90
129-04397,2020-08-15 10:00:00,74.68,100.00
129-04397,2020-08-15 10:10:00,71.34,100.00
129-04397,2020-08-15 10:20:00,72.06,100.00
129-04397,2020-08-15 10:30:00,73.47,100.00
129-04397,2020-08-15 10:40:00,73.37,100.00
129-04397,2020-08-15 10:50:00,72.69,100.00
129-04397,2020-08-15 11:00:00,73.59,100.00
129-04397,2020-08-15 11:10:00,74.39,100.00
129-04397,2020-08-15 11:20:00,73.48,100.00
129-04397,2020-08-15 11:30:00,72.88,100.00
129-04397,2020-08-15 11:40:00,74.88,100.00
129-04397,2020-08-15 11:50:00,76.30,98.90
129-04397,2020-08-15 12:00:00,74.78,100.00
129-04397,2020-08-15 12:10:00,76.49,100.00
129-04397,2020-08-15 12:20:00,74.36,100.00
129-04397,2020-08-15 12:30:00,70.79,100.00
129-04397,2020-08-15 12:40:00,74.78,100.00
129-04397,2020-08-15 12:50:00,74.10,100.00
129-04397,2020-08-15 13:00:00,73.79,100.00
129-04397,2020-08-15 13:10:00,73.57,100.00
129-04397,2020-08-15 13:20:00,72.59,100.00
129-04397,2020-08-15 13:30:00,74.77,100.00
129-04397,2020-08-15 13:40:00,73.18,100.00
129-04397,2020-08-15 13:50:00,75.99,100.00
129-04397,2020-08-15 14:00:00,76.30,100.00
129-04397,2020-08-15 14:10:00,75.10,100.00
129-04397,2020-08-15 14:20:00,71.30,100.00
129-04397,2020-08-15 14:30:00,73.89,100.00
129-04397,2020-08-15 14:40:00,75.60,100.00
129-04397,2020-08-15 14:50:00,74.98,100.00
129-04397,2020-08-15 15:00:00,74.58,100.00
129-04397,2020-08-15 15:10:00,75.29,100.00
129-04397,2020-08-15 15:20:00,70.95,100.00
129-04397,2020-08-15 15:30:00,74.29,100.00
129-04397,2020-08-15 15:40:00,72.99,100.00
129-04397,2020-08-15 15:50:00,73.19,100.00
129-04397,2020-08-15 16:00:00,76.29,100.00
129-04397,2020-08-15 16:10:00,75.98,100.00
129-04397,2020-08-15 16:20:00,76.29,100.00
129-04397,2020-08-15 16:30:00,73.75,100.00
129-04397,2020-08-15 16:40:00,74.46,100.00
129-04397,2020-08-15 16:50:00,75.69,100.00
129-04397,2020-08-15 17:00:00,75.99,100.00
129-04397,2020-08-15 17:10:00,72.58,100.00
129-04397,2020-08-15 17:20:00,72.39,100.00
129-04397,2020-08-15 17:30:00,74.77,100.00
129-04397,2020-08-15 17:40:00,76.10,100.00
129-04397,2020-08-15 17:50:00,75.79,100.00
129-04397,2020-08-15 18:00:00,75.90,100.00
129-04397,2020-08-15 18:10:00,76.20,100.00
129-04397,2020-08-15 18:20:00,72.56,100.00
129-04397,2020-08-15 18:30:00,72.36,100.00
129-04397,2020-08-15 18:40:00,76.29,100.00
129-04397,2020-08-15 18:50:00,76.59,100.00
129-04397,2020-08-15 19:00:00,74.68,100.00
129-04397,2020-08-15 19:10:00,76.59,100.00
129-04397,2020-08-15 19:20:00,73.46,100.00
129-04397,2020-08-15 19:30:00,72.90,100.00
129-04397,2020-08-15 19:40:00,73.76,100.00
129-04397,2020-08-15 19:50:00,75.15,100.00
129-04397,2020-08-15 20:00:00,74.14,100.00
129-04397,2020-08-15 20:10:00,73.47,100.00
129-04397,2020-08-15 20:20:00,71.19,100.00
129-04397,2020-08-15 20:30:00,70.67,100.00
129-04397,2020-08-15 20:40:00,69.07,90.70
129-04397,2020-08-15 20:50:00,72.08,100.00
129-04397,2020-08-15 21:00:00,70.96,98.50
129-04397,2020-08-15 21:10:00,71.89,100.00
129-04397,2020-08-15 21:20:00,66.70,65.70
129-04397,2020-08-15 21:30:00,71.97,97.50
129-04397,2020-08-15 21:40:00,72.06,98.78
129-04397,2020-08-15 21:50:00,73.09,87.80
129-04397,2020-08-15 22:00:00,67.41,93.30
129-04397,2020-08-15 22:10:00,71.16,100.00
129-04397,2020-08-15 22:20:00,74.16,95.40
129-04397,2020-08-15 22:30:00,70.02,81.30
129-04397,2020-08-15 22:40:00,76.03,62.20
129-04397,2020-08-15 22:50:00,70.45,83.60
129-04397,2020-08-15 23:00:00,75.04,74.60
129-04397,2020-08-15 23:10:00,75.03,75.60
129-04397,2020-08-15 23:20:00,70.64,78.00
129-04397,2020-08-15 23:30:00,69.59,82.50
129-04397,2020-08-15 23:40:00,67.74,69.50
129-04397,2020-08-15 23:50:00,,
129-04398,2020-08-15 00:00:00,69.05,91.50
129-04398,2020-08-15 00:10:00,72.90,83.50
129-04398,2020-08-15 00:20:00,73.00,97.00
129-04398,2020-08-15 00:30:00,73.00,91.44
129-04398,2020-08-15 00:40:00,71.65,97.00
129-04398,2020-08-15 00:50:00,75.00,79.50
129-04398,2020-08-15 01:00:00,75.00,87.80
129-04398,2020-08-15 01:10:00,71.35,91.13
129-04398,2020-08-15 01:20:00,71.00,94.70
129-04398,2020-08-15 01:30:00,71.33,99.11
129-04398,2020-08-15 01:40:00,74.65,79.40
129-04398,2020-08-15 01:50:00,78.00,53.88
129-04398,2020-08-15 02:00:00,,
129-04398,2020-08-15 02:10:00,,
129-04398,2020-08-15 02:20:00,,
129-04398,2020-08-15 02:30:00,79.74,96.88
129-04398,2020-08-15 02:40:00,78.99,79.56
129-04398,2020-08-15 02:50:00,76.17,76.60
129-04398,2020-08-15 03:00:00,74.00,94.50
129-04398,2020-08-15 03:10:00,,
129-04398,2020-08-15 03:20:00,,
129-04398,2020-08-15 03:30:00,70.56,76.43
129-04398,2020-08-15 03:40:00,70.10,87.10
129-04398,2020-08-15 03:50:00,70.00,95.80
129-04398,2020-08-15 04:00:00,,
129-04398,2020-08-15 04:10:00,,
129-04398,2020-08-15 04:20:00,71.11,94.00
129-04398,2020-08-15 04:30:00,72.49,90.50
129-04398,2020-08-15 04:40:00,70.97,95.00
129-04398,2020-08-15 04:50:00,71.58,95.40
129-04398,2020-08-15 05:00:00,71.59,97.10
129-04398,2020-08-15 05:10:00,71.26,93.70
129-04398,2020-08-15 05:20:00,76.38,62.70
129-04398,2020-08-15 05:30:00,81.00,37.43
129-04398,2020-08-15 05:40:00,77.27,76.22
129-04398,2020-08-15 05:50:00,77.40,79.30
129-04398,2020-08-15 06:00:00,72.89,86.00
129-04398,2020-08-15 06:10:00,71.99,100.00
129-04398,2020-08-15 06:20:00,74.50,99.70
129-04398,2020-08-15 06:30:00,74.10,97.80
129-04398,2020-08-15 06:40:00,73.00,98.50
129-04398,2020-08-15 06:50:00,72.25,96.80
129-04398,2020-08-15 07:00:00,76.00,93.70
129-04398,2020-08-15 07:10:00,71.36,99.90
129-04398,2020-08-15 07:20:00,73.35,93.70
129-04398,2020-08-15 07:30:00,75.68,90.10
129-04398,2020-08-15 07:40:00,75.16,96.10
129-04398,2020-08-15 07:50:00,73.38,88.30
129-04398,2020-08-15 08:00:00,73.16,85.60
129-04398,2020-08-15 08:10:00,71.57,96.40
129-04398,2020-08-15 08:20:00,74.55,97.70
129-04398,2020-08-15 08:30:00,73.65,97.80
129-04398,2020-08-15 08:40:00,76.39,91.40
129-04398,2020-08-15 08:50:00,72.90,100.00
129-04398,2020-08-15 09:00:00,76.84,95.90
129-04398,2020-08-15 09:10:00,73.76,99.00
129-04398,2020-08-15 09:20:00,76.89,100.00
129-04398,2020-08-15 09:30:00,73.01,96.00
129-04398,2020-08-15 09:40:00,76.28,95.20
129-04398,2020-08-15 09:50:00,74.98,99.30
129-04398,2020-08-15 10:00:00,74.69,100.00
129-04398,2020-08-15 10:10:00,72.58,100.00
129-04398,2020-08-15 10:20:00,75.23,98.80
129-04398,2020-08-15 10:30:00,74.82,100.00
129-04398,2020-08-15 10:40:00,75.49,100.00
129-04398,2020-08-15 10:50:00,75.97,100.00
129-04398,2020-08-15 11:00:00,76.00,100.00
129-04398,2020-08-15 11:10:00,76.39,100.00
129-04398,2020-08-15 11:20:00,74.68,100.00
129-04398,2020-08-15 11:30:00,75.88,100.00
129-04398,2020-08-15 11:40:00,77.37,99.30
129-04398,2020-08-15 11:50:00,75.39,100.00
129-04398,2020-08-15 12:00:00,76.27,100.00
129-04398,2020-08-15 12:10:00,77.67,100.00
129-04398,2020-08-15 12:20:00,77.37,100.00
129-04398,2020-08-15 12:30:00,74.36,100.00
129-04398,2020-08-15 12:40:00,76.88,100.00
129-04398,2020-08-15 12:50:00,74.80,100.00
129-04398,2020-08-15 13:00:00,73.38,100.00
129-04398,2020-08-15 13:10:00,74.28,100.00
129-04398,2020-08-15 13:20:00,72.37,100.00
129-04398,2020-08-15 13:30:00,74.86,100.00
129-04398,2020-08-15 13:40:00,75.18,100.00
129-04398,2020-08-15 13:50:00,76.10,100.00
129-04398,2020-08-15 14:00:00,77.49,100.00
129-04398,2020-08-15 14:10:00,74.76,100.00
129-04398,2020-08-15 14:20:00,72.78,100.00
129-04398,2020-08-15 14:30:00,75.09,100.00
129-04398,2020-08-15 14:40:00,75.80,100.00
129-04398,2020-08-15 14:50:00,75.49,100.00
129-04398,2020-08-15 15:00:00,74.49,100.00
129-04398,2020-08-15 15:10:00,75.29,100.00
129-04398,2020-08-15 15:20:00,73.56,100.00
129-04398,2020-08-15 15:30:00,76.48,100.00
129-04398,2020-08-15 15:40:00,73.74,100.00
129-04398,2020-08-15 15:50:00,73.68,100.00
129-04398,2020-08-15 16:00:00,76.18,100.00
129-04398,2020-08-15 16:10:00,75.18,100.00
129-04398,2020-08-15 16:20:00,76.79,100.00
129-04398,2020-08-15 16:30:00,75.54,100.00
129-04398,2020-08-15 16:40:00,75.75,100.00
129-04398,2020-08-15 16:50:00,76.48,100.00
129-04398,2020-08-15 17:00:00,76.58,100.00
129-04398,2020-08-15 17:10:00,73.29,100.00
129-04398,2020-08-15 17:20:00,73.69,100.00
129-04398,2020-08-15 17:30:00,76.55,100.00
129-04398,2020-08-15 17:40:00,76.59,100.00
129-04398,2020-08-15 17:50:00,76.80,100.00
129-04398,2020-08-15 18:00:00,76.59,100.00
129-04398,2020-08-15 18:10:00,76.79,100.00
129-04398,2020-08-15 18:20:00,73.15,100.00
129-04398,2020-08-15 18:30:00,72.99,100.00
129-04398,2020-08-15 18:40:00,76.40,100.00
129-04398,2020-08-15 18:50:00,76.79,100.00
129-04398,2020-08-15 19:00:00,75.37,100.00
129-04398,2020-08-15 19:10:00,72.48,100.00
129-04398,2020-08-15 19:20:00,73.56,100.00
129-04398,2020-08-15 19:30:00,75.40,100.00
129-04398,2020-08-15 19:40:00,75.26,100.00
129-04398,2020-08-15 19:50:00,76.17,100.00
129-04398,2020-08-15 20:00:00,74.06,100.00
129-04398,2020-08-15 20:10:00,74.55,100.00
129-04398,2020-08-15 20:20:00,71.55,100.00
129-04398,2020-08-15 20:30:00,70.00,100.00
129-04398,2020-08-15 20:40:00,71.67,100.00
129-04398,2020-08-15 20:50:00,70.89,100.00
129-04398,2020-08-15 21:00:00,75.08,81.30
129-04398,2020-08-15 21:10:00,71.25,96.90
129-04398,2020-08-15 21:20:00,71.23,64.30
129-04398,2020-08-15 21:30:00,71.97,97.50
129-04398,2020-08-15 21:40:00,71.96,92.20
129-04398,2020-08-15 21:50:00,77.63,69.10
129-04398,2020-08-15 22:00:00,74.78,93.50
129-04398,2020-08-15 22:10:00,71.15,100.00
129-04398,2020-08-15 22:20:00,75.77,89.60
129-04398,2020-08-15 22:30:00,73.87,94.80
129-04398,2020-08-15 22:40:00,79.68,65.80
129-04398,2020-08-15 22:50:00,79.77,75.30
129-04398,2020-08-15 23:00:00,74.05,88.20
129-04398,2020-08-15 23:10:00,76.30,98.60
129-04398,2020-08-15 23:20:00,72.08,71.30
129-04398,2020-08-15 23:30:00,71.00,77.80
129-04398,2020-08-15 23:40:00,70.16,76.83
129-04398,2020-08-15 23:50:00,70.00,80.75
129-04395,2020-08-15 00:00:00,67.16,58.50
129-04395,2020-08-15 00:10:00,71.21,73.90
129-04395,2020-08-15 00:20:00,75.00,70.00
129-04395,2020-08-15 00:30:00,78.00,36.20
129-04395,2020-08-15 00:40:00,75.30,73.10
129-04395,2020-08-15 00:50:00,70.30,80.50
129-04395,2020-08-15 01:00:00,70.79,80.90
129-04395,2020-08-15 01:10:00,70.66,83.90
129-04395,2020-08-15 01:20:00,70.00,91.60
129-04395,2020-08-15 01:30:00,70.00,99.90
129-04395,2020-08-15 01:40:00,78.00,41.50
129-04395,2020-08-15 01:50:00,75.78,73.00
129-04395,2020-08-15 02:00:00,75.00,87.67
129-04395,2020-08-15 02:10:00,,
129-04395,2020-08-15 02:20:00,,
129-04395,2020-08-15 02:30:00,75.47,93.00
129-04395,2020-08-15 02:40:00,77.00,96.70
129-04395,2020-08-15 02:50:00,,
129-04395,2020-08-15 03:00:00,73.00,83.50
129-04395,2020-08-15 03:10:00,73.20,92.80
129-04395,2020-08-15 03:20:00,,
129-04395,2020-08-15 03:30:00,68.27,55.67
129-04395,2020-08-15 03:40:00,69.59,88.20
129-04395,2020-08-15 03:50:00,,
129-04395,2020-08-15 04:00:00,66.53,78.75
129-04395,2020-08-15 04:10:00,71.37,84.25
129-04395,2020-08-15 04:20:00,72.50,85.75
129-04395,2020-08-15 04:30:00,72.16,89.40
129-04395,2020-08-15 04:40:00,76.05,58.00
129-04395,2020-08-15 04:50:00,71.08,93.20
129-04395,2020-08-15 05:00:00,70.25,82.50
129-04395,2020-08-15 05:10:00,73.60,96.00
129-04395,2020-08-15 05:20:00,72.87,98.20
129-04395,2020-08-15 05:30:00,78.29,61.10
129-04395,2020-08-15 05:40:00,80.05,46.70
129-04395,2020-08-15 05:50:00,78.62,72.80
129-04395,2020-08-15 06:00:00,72.88,96.10
129-04395,2020-08-15 06:10:00,72.58,100.00
129-04395,2020-08-15 06:20:00,76.93,93.00
129-04395,2020-08-15 06:30:00,78.49,72.90
129-04395,2020-08-15 06:40:00,75.09,96.00
129-04395,2020-08-15 06:50:00,71.39,100.00
129-04395,2020-08-15 07:00:00,74.87,99.60
129-04395,2020-08-15 07:10:00,72.80,100.00
129-04395,2020-08-15 07:20:00,72.68,98.40
129-04395,2020-08-15 07:30:00,76.30,74.20
129-04395,2020-08-15 07:40:00,76.62,88.60
129-04395,2020-08-15 07:50:00,76.33,96.60
129-04395,2020-08-15 08:00:00,78.95,77.40
129-04395,2020-08-15 08:10:00,72.38,100.00
129-04395,2020-08-15 08:20:00,74.17,100.00
129-04395,2020-08-15 08:30:00,73.36,100.00
129-04395,2020-08-15 08:40:00,74.70,92.40
129-04395,2020-08-15 08:50:00,76.14,78.80
129-04395,2020-08-15 09:00:00,75.77,100.00
129-04395,2020-08-15 09:10:00,75.30,100.00
129-04395,2020-08-15 09:20:00,74.28,100.00
129-04395,2020-08-15 09:30:00,74.45,100.00
129-04395,2020-08-15 09:40:00,71.14,100.00
129-04395,2020-08-15 09:50:00,74.43,92.60
129-04395,2020-08-15 10:00:00,76.68,91.60
129-04395,2020-08-15 10:10:00,75.08,100.00
129-04395,2020-08-15 10:20:00,76.48,100.00
129-04395,2020-08-15 10:30:00,78.68,97.10
129-04395,2020-08-15 10:40:00,75.89,100.00
129-04395,2020-08-15 10:50:00,77.19,100.00
129-04395,2020-08-15 11:00:00,76.29,100.00
129-04395,2020-08-15 11:10:00,76.20,100.00
129-04395,2020-08-15 11:20:00,76.48,100.00
129-04395,2020-08-15 11:30:00,74.29,100.00
129-04395,2020-08-15 11:40:00,77.48,100.00
129-04395,2020-08-15 11:50:00,75.38,100.00
129-04395,2020-08-15 12:00:00,74.98,100.00
129-04395,2020-08-15 12:10:00,78.99,100.00
129-04395,2020-08-15 12:20:00,77.09,100.00
129-04395,2020-08-15 12:30:00,76.20,100.00
129-04395,2020-08-15 12:40:00,77.59,100.00
129-04395,2020-08-15 12:50:00,76.49,100.00
129-04395,2020-08-15 13:00:00,73.59,100.00
129-04395,2020-08-15 13:10:00,75.29,100.00
129-04395,2020-08-15 13:20:00,74.58,100.00
129-04395,2020-08-15 13:30:00,74.57,100.00
129-04395,2020-08-15 13:40:00,76.69,100.00
129-04395,2020-08-15 13:50:00,77.49,100.00
129-04395,2020-08-15 14:00:00,77.50,100.00
129-04395,2020-08-15 14:10:00,77.59,100.00
129-04395,2020-08-15 14:20:00,76.20,100.00
129-04395,2020-08-15 14:30:00,76.27,100.00
129-04395,2020-08-15 14:40:00,75.89,100.00
129-04395,2020-08-15 14:50:00,77.70,100.00
129-04395,2020-08-15 15:00:00,76.99,100.00
129-04395,2020-08-15 15:10:00,75.47,100.00
129-04395,2020-08-15 15:20:00,77.43,100.00
129-04395,2020-08-15 15:30:00,74.38,100.00
129-04395,2020-08-15 15:40:00,76.39,100.00
129-04395,2020-08-15 15:50:00,72.37,100.00
129-04395,2020-08-15 16:00:00,74.57,100.00
129-04395,2020-08-15 16:10:00,77.89,100.00
129-04395,2020-08-15 16:20:00,78.07,100.00
129-04395,2020-08-15 16:30:00,76.59,100.00
129-04395,2020-08-15 16:40:00,75.99,100.00
129-04395,2020-08-15 16:50:00,76.58,100.00
129-04395,2020-08-15 17:00:00,76.89,100.00
129-04395,2020-08-15 17:10:00,75.80,100.00
129-04395,2020-08-15 17:20:00,75.89,100.00
129-04395,2020-08-15 17:30:00,75.06,100.00
129-04395,2020-08-15 17:40:00,76.59,100.00
129-04395,2020-08-15 17:50:00,78.29,100.00
129-04395,2020-08-15 18:00:00,76.29,100.00
129-04395,2020-08-15 18:10:00,76.34,100.00
129-04395,2020-08-15 18:20:00,75.48,100.00
129-04395,2020-08-15 18:30:00,76.48,100.00
129-04395,2020-08-15 18:40:00,75.80,100.00
129-04395,2020-08-15 18:50:00,78.18,100.00
129-04395,2020-08-15 19:00:00,76.83,100.00
129-04395,2020-08-15 19:10:00,75.70,100.00
129-04395,2020-08-15 19:20:00,76.28,100.00
129-04395,2020-08-15 19:30:00,74.78,100.00
129-04395,2020-08-15 19:40:00,75.26,100.00
129-04395,2020-08-15 19:50:00,76.78,100.00
129-04395,2020-08-15 20:00:00,74.09,100.00
129-04395,2020-08-15 20:10:00,75.24,96.10
129-04395,2020-08-15 20:20:00,68.37,100.00
129-04395,2020-08-15 20:30:00,71.88,100.00
129-04395,2020-08-15 20:40:00,70.48,90.50
129-04395,2020-08-15 20:50:00,73.16,100.00
129-04395,2020-08-15 21:00:00,76.46,81.60
129-04395,2020-08-15 21:10:00,75.50,100.00
129-04395,2020-08-15 21:20:00,74.37,85.70
129-04395,2020-08-15 21:30:00,72.68,93.40
129-04395,2020-08-15 21:40:00,72.27,97.00
129-04395,2020-08-15 21:50:00,69.83,70.70
129-04395,2020-08-15 22:00:00,70.49,100.00
129-04395,2020-08-15 22:10:00,71.09,100.00
129-04395,2020-08-15 22:20:00,70.77,97.40
129-04395,2020-08-15 22:30:00,69.22,90.60
129-04395,2020-08-15 22:40:00,76.15,69.60
129-04395,2020-08-15 22:50:00,76.25,81.00
129-04395,2020-08-15 23:00:00,75.68,86.90
129-04395,2020-08-15 23:10:00,78.09,82.30
129-04395,2020-08-15 23:20:00,78.08,89.11
129-04395,2020-08-15 23:30:00,75.08,93.40
129-04395,2020-08-15 23:40:00,73.39,81.50
129-04395,2020-08-15 23:50:00,74.73,69.00
129-04396,2020-08-15 00:00:00,66.00,38.00
129-04396,2020-08-15 00:10:00,74.65,65.90
129-04396,2020-08-15 00:20:00,76.00,58.00
129-04396,2020-08-15 00:30:00,77.00,63.50
129-04396,2020-08-15 00:40:00,74.13,86.60
129-04396,2020-08-15 00:50:00,70.59,81.40
129-04396,2020-08-15 01:00:00,71.19,87.90
129-04396,2020-08-15 01:10:00,69.12,72.10
129-04396,2020-08-15 01:20:00,67.05,56.00
129-04396,2020-08-15 01:30:00,71.12,82.13
129-04396,2020-08-15 01:40:00,75.39,63.80
129-04396,2020-08-15 01:50:00,73.00,89.10
129-04396,2020-08-15 02:00:00,,
129-04396,2020-08-15 02:10:00,,
129-04396,2020-08-15 02:20:00,,
129-04396,2020-08-15 02:30:00,74.00,94.20
129-04396,2020-08-15 02:40:00,74.00,99.43
129-04396,2020-08-15 02:50:00,,
129-04396,2020-08-15 03:00:00,76.00,97.22
129-04396,2020-08-15 03:10:00,75.66,97.67
129-04396,2020-08-15 03:20:00,,
129-04396,2020-08-15 03:30:00,66.44,41.50
129-04396,2020-08-15 03:40:00,68.89,80.11
129-04396,2020-08-15 03:50:00,,
129-04396,2020-08-15 04:00:00,66.73,82.20
129-04396,2020-08-15 04:10:00,71.50,72.33
129-04396,2020-08-15 04:20:00,75.50,48.75
129-04396,2020-08-15 04:30:00,72.89,81.60
129-04396,2020-08-15 04:40:00,74.15,82.30
129-04396,2020-08-15 04:50:00,72.38,92.60
129-04396,2020-08-15 05:00:00,71.86,87.10
129-04396,2020-08-15 05:10:00,72.88,97.50
129-04396,2020-08-15 05:20:00,73.58,95.00
129-04396,2020-08-15 05:30:00,76.10,81.70
129-04396,2020-08-15 05:40:00,78.28,66.50
129-04396,2020-08-15 05:50:00,78.65,77.30
129-04396,2020-08-15 06:00:00,73.16,99.10
129-04396,2020-08-15 06:10:00,73.39,100.00
129-04396,2020-08-15 06:20:00,76.67,94.30
129-04396,2020-08-15 06:30:00,80.49,66.00
129-04396,2020-08-15 06:40:00,75.19,87.60
129-04396,2020-08-15 06:50:00,71.90,99.70
129-04396,2020-08-15 07:00:00,75.83,96.10
129-04396,2020-08-15 07:10:00,74.29,99.50
129-04396,2020-08-15 07:20:00,73.79,100.00
129-04396,2020-08-15 07:30:00,75.68,86.80
129-04396,2020-08-15 07:40:00,77.99,84.90
129-04396,2020-08-15 07:50:00,73.96,99.00
129-04396,2020-08-15 08:00:00,76.99,87.30
129-04396,2020-08-15 08:10:00,71.66,99.50
129-04396,2020-08-15 08:20:00,75.69,98.90
129-04396,2020-08-15 08:30:00,73.20,100.00
129-04396,2020-08-15 08:40:00,77.56,80.80
129-04396,2020-08-15 08:50:00,73.78,97.50
129-04396,2020-08-15 09:00:00,75.37,100.00
129-04396,2020-08-15 09:10:00,76.14,96.80
129-04396,2020-08-15 09:20:00,76.33,94.40
129-04396,2020-08-15 09:30:00,73.20,100.00
129-04396,2020-08-15 09:40:00,77.26,87.50
129-04396,2020-08-15 09:50:00,77.37,92.40
129-04396,2020-08-15 10:00:00,75.50,100.00
129-04396,2020-08-15 10:10:00,74.68,100.00
129-04396,2020-08-15 10:20:00,75.69,100.00
129-04396,2020-08-15 10:30:00,75.87,100.00
129-04396,2020-08-15 10:40:00,76.25,100.00
129-04396,2020-08-15 10:50:00,75.49,100.00
129-04396,2020-08-15 11:00:00,76.79,100.00
129-04396,2020-08-15 11:10:00,77.19,100.00
129-04396,2020-08-15 11:20:00,75.89,100.00
129-04396,2020-08-15 11:30:00,76.88,100.00
129-04396,2020-08-15 11:40:00,77.66,99.20
129-04396,2020-08-15 11:50:00,75.59,100.00
129-04396,2020-08-15 12:00:00,75.89,100.00
129-04396,2020-08-15 12:10:00,78.58,100.00
129-04396,2020-08-15 12:20:00,75.39,100.00
129-04396,2020-08-15 12:30:00,74.80,100.00
129-04396,2020-08-15 12:40:00,77.29,100.00
129-04396,2020-08-15 12:50:00,76.29,100.00
129-04396,2020-08-15 13:00:00,75.30,100.00
129-04396,2020-08-15 13:10:00,75.18,100.00
129-04396,2020-08-15 13:20:00,73.88,100.00
129-04396,2020-08-15 13:30:00,74.78,100.00
129-04396,2020-08-15 13:40:00,76.20,100.00
129-04396,2020-08-15 13:50:00,75.59,100.00
129-04396,2020-08-15 14:00:00,77.59,100.00
129-04396,2020-08-15 14:10:00,78.20,100.00
129-04396,2020-08-15 14:20:00,75.50,100.00
129-04396,2020-08-15 14:30:00,76.68,100.00
129-04396,2020-08-15 14:40:00,76.40,100.00
129-04396,2020-08-15 14:50:00,77.30,100.00
129-04396,2020-08-15 15:00:00,75.49,100.00
129-04396,2020-08-15 15:10:00,75.49,100.00
129-04396,2020-08-15 15:20:00,74.92,100.00
129-04396,2020-08-15 15:30:00,75.28,100.00
129-04396,2020-08-15 15:40:00,75.18,100.00
129-04396,2020-08-15 15:50:00,71.68,100.00
129-04396,2020-08-15 16:00:00,77.38,100.00
129-04396,2020-08-15 16:10:00,76.99,100.00
129-04396,2020-08-15 16:20:00,76.88,100.00
129-04396,2020-08-15 16:30:00,76.00,100.00
129-04396,2020-08-15 16:40:00,75.80,100.00
129-04396,2020-08-15 16:50:00,75.79,100.00
129-04396,2020-08-15 17:00:00,76.78,100.00
129-04396,2020-08-15 17:10:00,76.19,100.00
129-04396,2020-08-15 17:20:00,76.89,100.00
129-04396,2020-08-15 17:30:00,76.28,100.00
129-04396,2020-08-15 17:40:00,76.99,100.00
129-04396,2020-08-15 17:50:00,76.89,100.00
129-04396,2020-08-15 18:00:00,76.09,100.00
129-04396,2020-08-15 18:10:00,76.98,100.00
129-04396,2020-08-15 18:20:00,74.69,100.00
129-04396,2020-08-15 18:30:00,74.69,100.00
129-04396,2020-08-15 18:40:00,76.79,100.00
129-04396,2020-08-15 18:50:00,78.99,100.00
129-04396,2020-08-15 19:00:00,77.68,100.00
129-04396,2020-08-15 19:10:00,76.29,100.00
129-04396,2020-08-15 19:20:00,75.49,100.00
129-04396,2020-08-15 19:30:00,74.89,100.00
129-04396,2020-08-15 19:40:00,75.76,100.00
129-04396,2020-08-15 19:50:00,78.19,100.00
129-04396,2020-08-15 20:00:00,76.38,100.00
129-04396,2020-08-15 20:10:00,74.88,100.00
129-04396,2020-08-15 20:20:00,72.98,100.00
129-04396,2020-08-15 20:30:00,73.68,100.00
129-04396,2020-08-15 20:40:00,71.86,95.20
129-04396,2020-08-15 20:50:00,74.87,100.00
129-04396,2020-08-15 21:00:00,74.35,100.00
129-04396,2020-08-15 21:10:00,71.59,100.00
129-04396,2020-08-15 21:20:00,68.10,63.50
129-04396,2020-08-15 21:30:00,72.09,96.80
129-04396,2020-08-15 21:40:00,72.19,98.20
129-04396,2020-08-15 21:50:00,72.03,99.10
129-04396,2020-08-15 22:00:00,72.46,99.40
129-04396,2020-08-15 22:10:00,70.09,100.00
129-04396,2020-08-15 22:20:00,72.77,99.60
129-04396,2020-08-15 22:30:00,68.76,81.80
129-04396,2020-08-15 22:40:00,71.31,94.80
129-04396,2020-08-15 22:50:00,74.59,100.00
129-04396,2020-08-15 23:00:00,74.19,81.10
129-04396,2020-08-15 23:10:00,76.34,76.90
129-04396,2020-08-15 23:20:00,72.70,97.50
129-04396,2020-08-15 23:30:00,71.99,89.40
129-04396,2020-08-15 23:40:00,70.44,79.89
129-04396,2020-08-15 23:50:00,70.44,87.33
129-04393,2020-08-15 00:00:00,69.70,93.20
129-04393,2020-08-15 00:10:00,69.16,97.83
129-04393,2020-08-15 00:20:00,69.00,99.83
129-04393,2020-08-15 00:30:00,74.57,59.00
129-04393,2020-08-15 00:40:00,75.47,60.60
129-04393,2020-08-15 00:50:00,68.29,78.80
129-04393,2020-08-15 01:00:00,62.42,28.40
129-04393,2020-08-15 01:10:00,62.39,46.10
129-04393,2020-08-15 01:20:00,69.00,97.40
129-04393,2020-08-15 01:30:00,66.48,98.50
129-04393,2020-08-15 01:40:00,69.32,69.13
129-04393,2020-08-15 01:50:00,74.92,33.40
129-04393,2020-08-15 02:00:00,78.00,26.29
129-04393,2020-08-15 02:10:00,,
129-04393,2020-08-15 02:20:00,69.18,73.13
129-04393,2020-08-15 02:30:00,68.00,58.00
129-04393,2020-08-15 02:40:00,75.87,93.63
129-04393,2020-08-15 02:50:00,76.00,86.75
129-04393,2020-08-15 03:00:00,76.00,75.50
129-04393,2020-08-15 03:10:00,76.00,89.00
129-04393,2020-08-15 03:20:00,,
129-04393,2020-08-15 03:30:00,,
129-04393,2020-08-15 03:40:00,66.93,37.88
129-04393,2020-08-15 03:50:00,65.55,49.33
129-04393,2020-08-15 04:00:00,64.25,80.50
129-04393,2020-08-15 04:10:00,69.71,75.70
129-04393,2020-08-15 04:20:00,71.00,69.00
129-04393,2020-08-15 04:30:00,72.42,66.22
129-04393,2020-08-15 04:40:00,71.91,84.80
129-04393,2020-08-15 04:50:00,73.76,84.60
129-04393,2020-08-15 05:00:00,70.28,61.30
129-04393,2020-08-15 05:10:00,71.95,95.50
129-04393,2020-08-15 05:20:00,71.39,99.80
129-04393,2020-08-15 05:30:00,77.47,64.80
129-04393,2020-08-15 05:40:00,73.31,54.10
129-04393,2020-08-15 05:50:00,76.59,71.90
129-04393,2020-08-15 06:00:00,74.60,90.00
129-04393,2020-08-15 06:10:00,69.99,100.00
129-04393,2020-08-15 06:20:00,75.25,90.70
129-04393,2020-08-15 06:30:00,78.48,63.20
129-04393,2020-08-15 06:40:00,71.76,100.00
129-04393,2020-08-15 06:50:00,72.09,100.00
129-04393,2020-08-15 07:00:00,73.87,93.60
129-04393,2020-08-15 07:10:00,75.48,97.70
129-04393,2020-08-15 07:20:00,75.36,89.20
129-04393,2020-08-15 07:30:00,75.16,95.40
129-04393,2020-08-15 07:40:00,74.03,97.90
129-04393,2020-08-15 07:50:00,75.41,100.00
129-04393,2020-08-15 08:00:00,73.46,100.00
129-04393,2020-08-15 08:10:00,73.89,100.00
129-04393,2020-08-15 08:20:00,72.58,100.00
129-04393,2020-08-15 08:30:00,70.59,100.00
129-04393,2020-08-15 08:40:00,71.27,100.00
129-04393,2020-08-15 08:50:00,74.09,100.00
129-04393,2020-08-15 09:00:00,72.85,97.30
129-04393,2020-08-15 09:10:00,75.17,100.00
129-04393,2020-08-15 09:20:00,70.93,100.00
129-04393,2020-08-15 09:30:00,74.27,100.00
129-04393,2020-08-15 09:40:00,70.11,100.00
129-04393,2020-08-15 09:50:00,76.69,87.40
129-04393,2020-08-15 10:00:00,75.38,89.90
129-04393,2020-08-15 10:10:00,74.37,100.00
129-04393,2020-08-15 10:20:00,74.49,100.00
129-04393,2020-08-15 10:30:00,71.88,100.00
129-04393,2020-08-15 10:40:00,72.17,100.00
129-04393,2020-08-15 10:50:00,73.98,100.00
129-04393,2020-08-15 11:00:00,75.50,100.00
129-04393,2020-08-15 11:10:00,72.59,100.00
129-04393,2020-08-15 11:20:00,73.86,100.00
129-04393,2020-08-15 11:30:00,73.36,100.00
129-04393,2020-08-15 11:40:00,77.18,100.00
129-04393,2020-08-15 11:50:00,74.76,100.00
129-04393,2020-08-15 12:00:00,73.85,100.00
129-04393,2020-08-15 12:10:00,76.56,100.00
129-04393,2020-08-15 12:20:00,75.07,100.00
129-04393,2020-08-15 12:30:00,73.38,100.00
129-04393,2020-08-15 12:40:00,73.77,100.00
129-04393,2020-08-15 12:50:00,74.70,100.00
129-04393,2020-08-15 13:00:00,73.16,100.00
129-04393,2020-08-15 13:10:00,72.57,100.00
129-04393,2020-08-15 13:20:00,74.80,100.00
129-04393,2020-08-15 13:30:00,73.98,100.00
129-04393,2020-08-15 13:40:00,72.47,100.00
129-04393,2020-08-15 13:50:00,75.99,100.00
129-04393,2020-08-15 14:00:00,76.19,100.00
129-04393,2020-08-15 14:10:00,76.29,100.00
129-04393,2020-08-15 14:20:00,75.57,100.00
129-04393,2020-08-15 14:30:00,71.87,100.00
129-04393,2020-08-15 14:40:00,74.07,100.00
129-04393,2020-08-15 14:50:00,74.47,100.00
129-04393,2020-08-15 15:00:00,75.09,100.00
129-04393,2020-08-15 15:10:00,75.60,100.00
129-04393,2020-08-15 15:20:00,74.38,100.00
129-04393,2020-08-15 15:30:00,75.98,100.00
129-04393,2020-08-15 15:40:00,76.19,100.00
129-04393,2020-08-15 15:50:00,72.28,100.00
129-04393,2020-08-15 16:00:00,72.17,100.00
129-04393,2020-08-15 16:10:00,74.67,100.00
129-04393,2020-08-15 16:20:00,76.09,100.00
129-04393,2020-08-15 16:30:00,74.59,100.00
129-04393,2020-08-15 16:40:00,74.99,100.00
129-04393,2020-08-15 16:50:00,75.79,100.00
129-04393,2020-08-15 17:00:00,74.37,100.00
129-04393,2020-08-15 17:10:00,74.77,100.00
129-04393,2020-08-15 17:20:00,73.59,100.00
129-04393,2020-08-15 17:30:00,72.19,100.00
129-04393,2020-08-15 17:40:00,75.26,100.00
129-04393,2020-08-15 17:50:00,77.49,100.00
129-04393,2020-08-15 18:00:00,76.99,100.00
129-04393,2020-08-15 18:10:00,73.27,100.00
129-04393,2020-08-15 18:20:00,72.69,100.00
129-04393,2020-08-15 18:30:00,71.16,100.00
129-04393,2020-08-15 18:40:00,72.78,100.00
129-04393,2020-08-15 18:50:00,72.17,100.00
129-04393,2020-08-15 19:00:00,75.47,100.00
129-04393,2020-08-15 19:10:00,72.00,100.00
129-04393,2020-08-15 19:20:00,74.89,100.00
129-04393,2020-08-15 19:30:00,71.98,100.00
129-04393,2020-08-15 19:40:00,71.99,100.00
129-04393,2020-08-15 19:50:00,72.87,100.00
129-04393,2020-08-15 20:00:00,72.09,100.00
129-04393,2020-08-15 20:10:00,72.03,100.00
129-04393,2020-08-15 20:20:00,71.39,100.00
129-04393,2020-08-15 20:30:00,70.30,100.00
129-04393,2020-08-15 20:40:00,70.30,100.00
129-04393,2020-08-15 20:50:00,69.38,100.00
129-04393,2020-08-15 21:00:00,70.19,100.00
129-04393,2020-08-15 21:10:00,70.37,100.00
129-04393,2020-08-15 21:20:00,70.14,100.00
129-04393,2020-08-15 21:30:00,66.82,66.70
129-04393,2020-08-15 21:40:00,74.45,80.30
129-04393,2020-08-15 21:50:00,70.84,100.00
129-04393,2020-08-15 22:00:00,69.38,100.00
129-04393,2020-08-15 22:10:00,70.76,100.00
129-04393,2020-08-15 22:20:00,67.38,83.80
129-04393,2020-08-15 22:30:00,71.33,93.00
129-04393,2020-08-15 22:40:00,72.86,75.20
129-04393,2020-08-15 22:50:00,71.41,61.90
129-04393,2020-08-15 23:00:00,71.79,98.20
129-04393,2020-08-15 23:10:00,72.39,97.10
129-04393,2020-08-15 23:20:00,69.28,86.40
129-04393,2020-08-15 23:30:00,67.10,65.00
129-04393,2020-08-15 23:40:00,64.26,61.70
129-04393,2020-08-15 23:50:00,66.36,87.90
129-04394,2020-08-15 00:00:00,,
129-04394,2020-08-15 00:10:00,,
129-04394,2020-08-15 00:20:00,,
129-04394,2020-08-15 00:30:00,77.60,83.20
129-04394,2020-08-15 00:40:00,75.31,86.70
129-04394,2020-08-15 00:50:00,70.48,70.00
129-04394,2020-08-15 01:00:00,68.69,65.90
129-04394,2020-08-15 01:10:00,69.19,80.00
129-04394,2020-08-15 01:20:00,69.80,90.00
129-04394,2020-08-15 01:30:00,70.00,86.70
129-04394,2020-08-15 01:40:00,75.70,53.10
129-04394,2020-08-15 01:50:00,75.58,73.90
129-04394,2020-08-15 02:00:00,75.00,86.40
129-04394,2020-08-15 02:10:00,,
129-04394,2020-08-15 02:20:00,,
129-04394,2020-08-15 02:30:00,,
129-04394,2020-08-15 02:40:00,76.10,94.90
129-04394,2020-08-15 02:50:00,75.00,100.00
129-04394,2020-08-15 03:00:00,75.00,94.50
129-04394,2020-08-15 03:10:00,74.56,96.29
129-04394,2020-08-15 03:20:00,,
129-04394,2020-08-15 03:30:00,,
129-04394,2020-08-15 03:40:00,68.98,73.11
129-04394,2020-08-15 03:50:00,68.66,79.33
129-04394,2020-08-15 04:00:00,66.49,82.00
129-04394,2020-08-15 04:10:00,70.98,83.40
129-04394,2020-08-15 04:20:00,72.00,83.00
129-04394,2020-08-15 04:30:00,71.86,87.89
129-04394,2020-08-15 04:40:00,74.75,71.30
129-04394,2020-08-15 04:50:00,71.27,92.30
129-04394,2020-08-15 05:00:00,71.33,86.80
129-04394,2020-08-15 05:10:00,73.08,95.90
129-04394,2020-08-15 05:20:00,72.09,97.30
129-04394,2020-08-15 05:30:00,78.90,47.50
129-04394,2020-08-15 05:40:00,79.28,59.90
129-04394,2020-08-15 05:50:00,80.09,70.50
129-04394,2020-08-15 06:00:00,73.64,97.20
129-04394,2020-08-15 06:10:00,71.80,100.00
129-04394,2020-08-15 06:20:00,75.14,96.90
129-04394,2020-08-15 06:30:00,79.46,71.50
129-04394,2020-08-15 06:40:00,76.71,86.20
129-04394,2020-08-15 06:50:00,73.58,100.00
129-04394,2020-08-15 07:00:00,74.35,94.00
129-04394,2020-08-15 07:10:00,75.80,99.60
129-04394,2020-08-15 07:20:00,74.74,96.00
129-04394,2020-08-15 07:30:00,77.59,74.60
129-04394,2020-08-15 07:40:00,76.18,91.70
129-04394,2020-08-15 07:50:00,75.65,98.90
129-04394,2020-08-15 08:00:00,76.72,92.70
129-04394,2020-08-15 08:10:00,75.57,97.20
129-04394,2020-08-15 08:20:00,73.06,100.00
129-04394,2020-08-15 08:30:00,73.47,99.60
129-04394,2020-08-15 08:40:00,73.24,99.00
129-04394,2020-08-15 08:50:00,77.58,85.60
129-04394,2020-08-15 09:00:00,75.39,100.00
129-04394,2020-08-15 09:10:00,77.06,100.00
129-04394,2020-08-15 09:20:00,72.95,100.00
129-04394,2020-08-15 09:30:00,75.37,100.00
129-04394,2020-08-15 09:40:00,73.99,100.00
129-04394,2020-08-15 09:50:00,77.20,92.50
129-04394,2020-08-15 10:00:00,75.98,97.10
129-04394,2020-08-15 10:10:00,74.49,100.00
129-04394,2020-08-15 10:20:00,75.89,100.00
129-04394,2020-08-15 10:30:00,76.49,99.50
129-04394,2020-08-15 10:40:00,74.89,100.00
129-04394,2020-08-15 10:50:00,77.09,100.00
129-04394,2020-08-15 11:00:00,76.00,100.00
129-04394,2020-08-15 11:10:00,75.99,99.80
129-04394,2020-08-15 11:20:00,76.68,99.90
129-04394,2020-08-15 11:30:00,75.49,100.00
129-04394,2020-08-15 11:40:00,77.08,99.40
129-04394,2020-08-15 11:50:00,73.63,99.40
129-04394,2020-08-15 12:00:00,74.69,100.00
129-04394,2020-08-15 12:10:00,79.37,100.00
129-04394,2020-08-15 12:20:00,78.66,99.40
129-04394,2020-08-15 12:30:00,76.39,100.00
129-04394,2020-08-15 12:40:00,76.89,100.00
129-04394,2020-08-15 12:50:00,77.19,100.00
129-04394,2020-08-15 13:00:00,73.89,100.00
129-04394,2020-08-15 13:10:00,75.78,100.00
129-04394,2020-08-15 13:20:00,74.90,100.00
129-04394,2020-08-15 13:30:00,75.08,100.00
129-04394,2020-08-15 13:40:00,77.46,100.00
129-04394,2020-08-15 13:50:00,77.87,100.00
129-04394,2020-08-15 14:00:00,77.19,100.00
129-04394,2020-08-15 14:10:00,77.80,100.00
129-04394,2020-08-15 14:20:00,75.89,100.00
129-04394,2020-08-15 14:30:00,77.09,100.00
129-04394,2020-08-15 14:40:00,75.80,100.00
129-04394,2020-08-15 14:50:00,76.70,100.00
129-04394,2020-08-15 15:00:00,77.20,100.00
129-04394,2020-08-15 15:10:00,75.56,100.00
129-04394,2020-08-15 15:20:00,77.43,100.00
129-04394,2020-08-15 15:30:00,76.07,100.00
129-04394,2020-08-15 15:40:00,76.10,100.00
129-04394,2020-08-15 15:50:00,73.58,100.00
129-04394,2020-08-15 16:00:00,74.58,100.00
129-04394,2020-08-15 16:10:00,76.59,100.00
129-04394,2020-08-15 16:20:00,78.47,100.00
129-04394,2020-08-15 16:30:00,75.80,100.00
129-04394,2020-08-15 16:40:00,75.60,100.00
129-04394,2020-08-15 16:50:00,77.68,100.00
129-04394,2020-08-15 17:00:00,76.58,100.00
129-04394,2020-08-15 17:10:00,75.90,100.00
129-04394,2020-08-15 17:20:00,74.88,100.00
129-04394,2020-08-15 17:30:00,73.19,100.00
129-04394,2020-08-15 17:40:00,77.20,100.00
129-04394,2020-08-15 17:50:00,77.39,100.00
129-04394,2020-08-15 18:00:00,77.70,100.00
129-04394,2020-08-15 18:10:00,76.48,100.00
129-04394,2020-08-15 18:20:00,76.99,100.00
129-04394,2020-08-15 18:30:00,75.80,100.00
129-04394,2020-08-15 18:40:00,76.39,100.00
129-04394,2020-08-15 18:50:00,76.69,100.00
129-04394,2020-08-15 19:00:00,78.79,100.00
129-04394,2020-08-15 19:10:00,77.29,100.00
129-04394,2020-08-15 19:20:00,77.50,100.00
129-04394,2020-08-15 19:30:00,76.59,100.00
129-04394,2020-08-15 19:40:00,75.18,100.00
129-04394,2020-08-15 19:50:00,75.80,100.00
129-04394,2020-08-15 20:00:00,74.24,100.00
129-04394,2020-08-15 20:10:00,73.78,99.70
129-04394,2020-08-15 20:20:00,67.86,82.50
129-04394,2020-08-15 20:30:00,70.90,97.50
129-04394,2020-08-15 20:40:00,70.68,93.90
129-04394,2020-08-15 20:50:00,71.09,100.00
129-04394,2020-08-15 21:00:00,70.49,95.60
129-04394,2020-08-15 21:10:00,71.28,98.70
129-04394,2020-08-15 21:20:00,74.18,100.00
129-04394,2020-08-15 21:30:00,74.05,92.20
129-04394,2020-08-15 21:40:00,74.69,100.00
129-04394,2020-08-15 21:50:00,74.21,94.00
129-04394,2020-08-15 22:00:00,71.14,94.80
129-04394,2020-08-15 22:10:00,70.60,92.90
129-04394,2020-08-15 22:20:00,70.88,98.30
129-04394,2020-08-15 22:30:00,72.60,77.30
129-04394,2020-08-15 22:40:00,72.30,72.30
129-04394,2020-08-15 22:50:00,72.69,87.70
129-04394,2020-08-15 23:00:00,76.19,71.70
129-04394,2020-08-15 23:10:00,76.28,83.20
129-04394,2020-08-15 23:20:00,76.48,84.30
129-04394,2020-08-15 23:30:00,74.90,92.60
129-04394,2020-08-15 23:40:00,72.58,79.80
129-04394,2020-08-15 23:50:00,70.74,63.50
129-04391,2020-08-15 00:00:00,66.00,89.17
129-04391,2020-08-15 00:10:00,68.24,78.75
129-04391,2020-08-15 00:20:00,73.00,48.40
129-04391,2020-08-15 00:30:00,73.00,61.00
129-04391,2020-08-15 00:40:00,79.13,26.71
129-04391,2020-08-15 00:50:00,71.82,57.80
129-04391,2020-08-15 01:00:00,67.38,47.30
129-04391,2020-08-15 01:10:00,68.74,68.50
129-04391,2020-08-15 01:20:00,71.39,95.14
129-04391,2020-08-15 01:30:00,70.00,99.22
129-04391,2020-08-15 01:40:00,74.00,76.00
129-04391,2020-08-15 01:50:00,74.00,75.20
129-04391,2020-08-15 02:00:00,74.00,95.00
129-04391,2020-08-15 02:10:00,,
129-04391,2020-08-15 02:20:00,66.00,35.50
129-04391,2020-08-15 02:30:00,65.62,49.50
129-04391,2020-08-15 02:40:00,76.38,31.80
129-04391,2020-08-15 02:50:00,76.71,50.14
129-04391,2020-08-15 03:00:00,75.00,83.00
129-04391,2020-08-15 03:10:00,75.00,90.00
129-04391,2020-08-15 03:20:00,70.27,69.50
129-04391,2020-08-15 03:30:00,68.00,60.50
129-04391,2020-08-15 03:40:00,66.91,65.75
129-04391,2020-08-15 03:50:00,69.64,88.70
129-04391,2020-08-15 04:00:00,74.50,69.00
129-04391,2020-08-15 04:10:00,68.65,82.60
129-04391,2020-08-15 04:20:00,71.00,98.29
129-04391,2020-08-15 04:30:00,73.40,85.43
129-04391,2020-08-15 04:40:00,71.82,90.90
129-04391,2020-08-15 04:50:00,75.58,63.30
129-04391,2020-08-15 05:00:00,70.09,87.10
129-04391,2020-08-15 05:10:00,72.04,91.50
129-04391,2020-08-15 05:20:00,72.49,98.90
129-04391,2020-08-15 05:30:00,76.48,80.00
129-04391,2020-08-15 05:40:00,76.99,77.40
129-04391,2020-08-15 05:50:00,77.58,69.70
129-04391,2020-08-15 06:00:00,78.62,80.40
129-04391,2020-08-15 06:10:00,71.17,100.00
129-04391,2020-08-15 06:20:00,74.77,99.50
129-04391,2020-08-15 06:30:00,75.56,97.00
129-04391,2020-08-15 06:40:00,75.39,84.60
129-04391,2020-08-15 06:50:00,72.68,100.00
129-04391,2020-08-15 07:00:00,73.16,98.30
129-04391,2020-08-15 07:10:00,75.44,91.80
129-04391,2020-08-15 07:20:00,76.13,89.70
129-04391,2020-08-15 07:30:00,73.57,100.00
129-04391,2020-08-15 07:40:00,75.08,100.00
129-04391,2020-08-15 07:50:00,75.58,100.00
129-04391,2020-08-15 08:00:00,72.93,100.00
129-04391,2020-08-15 08:10:00,74.56,100.00
129-04391,2020-08-15 08:20:00,74.85,95.80
129-04391,2020-08-15 08:30:00,73.55,100.00
129-04391,2020-08-15 08:40:00,72.46,97.70
129-04391,2020-08-15 08:50:00,78.19,88.90
129-04391,2020-08-15 09:00:00,75.99,100.00
129-04391,2020-08-15 09:10:00,75.36,100.00
129-04391,2020-08-15 09:20:00,75.74,98.30
129-04391,2020-08-15 09:30:00,77.57,97.90
129-04391,2020-08-15 09:40:00,73.98,100.00
129-04391,2020-08-15 09:50:00,73.21,100.00
129-04391,2020-08-15 10:00:00,76.68,97.50
129-04391,2020-08-15 10:10:00,74.69,100.00
129-04391,2020-08-15 10:20:00,73.29,100.00
129-04391,2020-08-15 10:30:00,74.39,100.00
129-04391,2020-08-15 10:40:00,73.67,100.00
129-04391,2020-08-15 10:50:00,76.00,100.00
129-04391,2020-08-15 11:00:00,73.78,100.00
129-04391,2020-08-15 11:10:00,73.98,100.00
129-04391,2020-08-15 11:20:00,73.20,100.00
129-04391,2020-08-15 11:30:00,74.67,100.00
129-04391,2020-08-15 11:40:00,75.19,100.00
129-04391,2020-08-15 11:50:00,76.38,100.00
129-04391,2020-08-15 12:00:00,75.30,100.00
129-04391,2020-08-15 12:10:00,76.27,100.00
129-04391,2020-08-15 12:20:00,76.97,100.00
129-04391,2020-08-15 12:30:00,75.60,100.00
129-04391,2020-08-15 12:40:00,75.28,100.00
129-04391,2020-08-15 12:50:00,75.89,100.00
129-04391,2020-08-15 13:00:00,74.40,100.00
129-04391,2020-08-15 13:10:00,74.95,100.00
129-04391,2020-08-15 13:20:00,73.69,100.00
129-04391,2020-08-15 13:30:00,74.38,100.00
129-04391,2020-08-15 13:40:00,74.18,100.00
129-04391,2020-08-15 13:50:00,75.98,100.00
129-04391,2020-08-15 14:00:00,75.99,100.00
129-04391,2020-08-15 14:10:00,76.00,100.00
129-04391,2020-08-15 14:20:00,74.68,100.00
129-04391,2020-08-15 14:30:00,75.39,100.00
129-04391,2020-08-15 14:40:00,76.09,100.00
129-04391,2020-08-15 14:50:00,73.38,100.00
129-04391,2020-08-15 15:00:00,71.89,100.00
129-04391,2020-08-15 15:10:00,76.18,100.00
129-04391,2020-08-15 15:20:00,76.09,100.00
129-04391,2020-08-15 15:30:00,74.98,100.00
129-04391,2020-08-15 15:40:00,77.09,96.00
129-04391,2020-08-15 15:50:00,73.96,100.00
129-04391,2020-08-15 16:00:00,74.59,100.00
129-04391,2020-08-15 16:10:00,74.58,100.00
129-04391,2020-08-15 16:20:00,77.20,100.00
129-04391,2020-08-15 16:30:00,75.97,100.00
129-04391,2020-08-15 16:40:00,73.39,100.00
129-04391,2020-08-15 16:50:00,76.38,98.10
129-04391,2020-08-15 17:00:00,75.69,100.00
129-04391,2020-08-15 17:10:00,76.17,100.00
129-04391,2020-08-15 17:20:00,73.99,100.00
129-04391,2020-08-15 17:30:00,75.66,100.00
129-04391,2020-08-15 17:40:00,75.59,100.00
129-04391,2020-08-15 17:50:00,76.40,100.00
129-04391,2020-08-15 18:00:00,76.39,100.00
129-04391,2020-08-15 18:10:00,76.99,100.00
129-04391,2020-08-15 18:20:00,76.28,100.00
129-04391,2020-08-15 18:30:00,74.09,100.00
129-04391,2020-08-15 18:40:00,75.79,100.00
129-04391,2020-08-15 18:50:00,75.99,100.00
129-04391,2020-08-15 19:00:00,76.19,100.00
129-04391,2020-08-15 19:10:00,72.91,100.00
129-04391,2020-08-15 19:20:00,76.60,100.00
129-04391,2020-08-15 19:30:00,73.54,100.00
129-04391,2020-08-15 19:40:00,73.69,100.00
129-04391,2020-08-15 19:50:00,74.47,100.00
129-04391,2020-08-15 20:00:00,72.75,100.00
129-04391,2020-08-15 20:10:00,69.88,100.00
129-04391,2020-08-15 20:20:00,70.58,100.00
129-04391,2020-08-15 20:30:00,71.77,98.40
129-04391,2020-08-15 20:40:00,71.13,96.60
129-04391,2020-08-15 20:50:00,71.09,100.00
129-04391,2020-08-15 21:00:00,69.93,98.40
129-04391,2020-08-15 21:10:00,70.85,95.40
129-04391,2020-08-15 21:20:00,70.99,100.00
129-04391,2020-08-15 21:30:00,65.93,64.10
129-04391,2020-08-15 21:40:00,72.03,62.40
129-04391,2020-08-15 21:50:00,73.43,99.60
129-04391,2020-08-15 22:00:00,75.08,86.50
129-04391,2020-08-15 22:10:00,72.08,100.00
129-04391,2020-08-15 22:20:00,70.90,100.00
129-04391,2020-08-15 22:30:00,74.65,77.20
129-04391,2020-08-15 22:40:00,72.16,100.00
129-04391,2020-08-15 22:50:00,75.14,96.10
129-04391,2020-08-15 23:00:00,70.79,89.60
129-04391,2020-08-15 23:10:00,76.57,88.70
129-04391,2020-08-15 23:20:00,73.56,96.20
129-04391,2020-08-15 23:30:00,71.80,82.60
129-04391,2020-08-15 23:40:00,67.09,54.50
129-04391,2020-08-15 23:50:00,66.80,67.40
129-04392,2020-08-15 00:00:00,66.00,67.50
129-04392,2020-08-15 00:10:00,69.55,64.75
129-04392,2020-08-15 00:20:00,80.10,10.40
129-04392,2020-08-15 00:30:00,81.00,13.00
129-04392,2020-08-15 00:40:00,78.00,72.00
129-04392,2020-08-15 00:50:00,69.64,59.10
129-04392,2020-08-15 01:00:00,64.65,26.30
129-04392,2020-08-15 01:10:00,67.44,75.10
129-04392,2020-08-15 01:20:00,69.57,97.71
129-04392,2020-08-15 01:30:00,70.00,99.57
129-04392,2020-08-15 01:40:00,71.99,69.75
129-04392,2020-08-15 01:50:00,73.98,59.70
129-04392,2020-08-15 02:00:00,76.00,65.57
129-04392,2020-08-15 02:10:00,,
129-04392,2020-08-15 02:20:00,63.00,7.00
129-04392,2020-08-15 02:30:00,63.25,34.13
129-04392,2020-08-15 02:40:00,74.40,70.86
129-04392,2020-08-15 02:50:00,75.00,63.67
129-04392,2020-08-15 03:00:00,71.65,89.33
129-04392,2020-08-15 03:10:00,71.00,95.10
129-04392,2020-08-15 03:20:00,66.95,53.14
129-04392,2020-08-15 03:30:00,66.14,58.43
129-04392,2020-08-15 03:40:00,67.66,93.17
129-04392,2020-08-15 03:50:00,72.91,59.40
129-04392,2020-08-15 04:00:00,79.58,20.67
129-04392,2020-08-15 04:10:00,68.82,88.70
129-04392,2020-08-15 04:20:00,71.00,99.40
129-04392,2020-08-15 04:30:00,74.09,96.50
129-04392,2020-08-15 04:40:00,71.56,89.90
129-04392,2020-08-15 04:50:00,72.45,92.40
129-04392,2020-08-15 05:00:00,69.38,86.60
129-04392,2020-08-15 05:10:00,69.86,90.50
129-04392,2020-08-15 05:20:00,71.99,98.40
129-04392,2020-08-15 05:30:00,74.07,84.00
129-04392,2020-08-15 05:40:00,74.37,83.90
129-04392,2020-08-15 05:50:00,77.28,56.10
129-04392,2020-08-15 06:00:00,76.31,79.30
129-04392,2020-08-15 06:10:00,69.99,88.70
129-04392,2020-08-15 06:20:00,74.58,99.20
129-04392,2020-08-15 06:30:00,77.88,83.20
129-04392,2020-08-15 06:40:00,73.66,98.20
129-04392,2020-08-15 06:50:00,71.59,100.00
129-04392,2020-08-15 07:00:00,74.19,90.70
129-04392,2020-08-15 07:10:00,75.97,93.50
129-04392,2020-08-15 07:20:00,75.44,95.40
129-04392,2020-08-15 07:30:00,73.43,100.00
129-04392,2020-08-15 07:40:00,74.18,100.00
129-04392,2020-08-15 07:50:00,73.87,100.00
129-04392,2020-08-15 08:00:00,73.49,100.00
129-04392,2020-08-15 08:10:00,74.31,93.80
129-04392,2020-08-15 08:20:00,73.96,100.00
129-04392,2020-08-15 08:30:00,72.08,100.00
129-04392,2020-08-15 08:40:00,73.54,100.00
129-04392,2020-08-15 08:50:00,77.88,100.00
129-04392,2020-08-15 09:00:00,73.48,100.00
129-04392,2020-08-15 09:10:00,74.88,100.00
129-04392,2020-08-15 09:20:00,73.74,98.70
129-04392,2020-08-15 09:30:00,76.08,98.30
129-04392,2020-08-15 09:40:00,72.28,100.00
129-04392,2020-08-15 09:50:00,74.20,100.00
129-04392,2020-08-15 10:00:00,78.27,78.00
129-04392,2020-08-15 10:10:00,72.18,100.00
129-04392,2020-08-15 10:20:00,73.37,100.00
129-04392,2020-08-15 10:30:00,74.68,100.00
129-04392,2020-08-15 10:40:00,72.18,100.00
129-04392,2020-08-15 10:50:00,73.78,100.00
129-04392,2020-08-15 11:00:00,74.29,100.00
129-04392,2020-08-15 11:10:00,73.69,100.00
129-04392,2020-08-15 11:20:00,75.09,100.00
129-04392,2020-08-15 11:30:00,72.98,100.00
129-04392,2020-08-15 11:40:00,75.88,100.00
129-04392,2020-08-15 11:50:00,77.68,100.00
129-04392,2020-08-15 12:00:00,76.37,100.00
129-04392,2020-08-15 12:10:00,75.90,100.00
129-04392,2020-08-15 12:20:00,75.49,100.00
129-04392,2020-08-15 12:30:00,74.89,100.00
129-04392,2020-08-15 12:40:00,73.28,100.00
129-04392,2020-08-15 12:50:00,73.69,100.00
129-04392,2020-08-15 13:00:00,73.38,100.00
129-04392,2020-08-15 13:10:00,73.78,100.00
129-04392,2020-08-15 13:20:00,73.37,100.00
129-04392,2020-08-15 13:30:00,75.28,100.00
129-04392,2020-08-15 13:40:00,73.29,100.00
129-04392,2020-08-15 13:50:00,76.48,100.00
129-04392,2020-08-15 14:00:00,76.20,100.00
129-04392,2020-08-15 14:10:00,76.59,100.00
129-04392,2020-08-15 14:20:00,75.09,100.00
129-04392,2020-08-15 14:30:00,73.15,100.00
129-04392,2020-08-15 14:40:00,74.19,100.00
129-04392,2020-08-15 14:50:00,74.09,100.00
129-04392,2020-08-15 15:00:00,73.08,100.00
129-04392,2020-08-15 15:10:00,76.19,100.00
129-04392,2020-08-15 15:20:00,75.80,100.00
129-04392,2020-08-15 15:30:00,74.57,100.00
129-04392,2020-08-15 15:40:00,77.18,94.80
129-04392,2020-08-15 15:50:00,72.93,100.00
129-04392,2020-08-15 16:00:00,72.70,100.00
129-04392,2020-08-15 16:10:00,74.46,100.00
129-04392,2020-08-15 16:20:00,76.40,100.00
129-04392,2020-08-15 16:30:00,74.09,100.00
129-04392,2020-08-15 16:40:00,74.69,100.00
129-04392,2020-08-15 16:50:00,73.86,100.00
129-04392,2020-08-15 17:00:00,75.27,100.00
129-04392,2020-08-15 17:10:00,77.46,100.00
129-04392,2020-08-15 17:20:00,74.78,100.00
129-04392,2020-08-15 17:30:00,72.65,100.00
129-04392,2020-08-15 17:40:00,73.97,100.00
129-04392,2020-08-15 17:50:00,75.98,100.00
129-04392,2020-08-15 18:00:00,75.80,100.00
129-04392,2020-08-15 18:10:00,75.60,100.00
129-04392,2020-08-15 18:20:00,74.59,100.00
129-04392,2020-08-15 18:30:00,73.46,100.00
129-04392,2020-08-15 18:40:00,75.09,100.00
129-04392,2020-08-15 18:50:00,73.48,100.00
129-04392,2020-08-15 19:00:00,73.53,100.00
129-04392,2020-08-15 19:10:00,72.37,100.00
129-04392,2020-08-15 19:20:00,75.90,100.00
129-04392,2020-08-15 19:30:00,73.28,100.00
129-04392,2020-08-15 19:40:00,72.49,100.00
129-04392,2020-08-15 19:50:00,74.87,100.00
129-04392,2020-08-15 20:00:00,72.37,100.00
129-04392,2020-08-15 20:10:00,68.88,85.30
129-04392,2020-08-15 20:20:00,69.59,96.90
129-04392,2020-08-15 20:30:00,72.33,97.10
129-04392,2020-08-15 20:40:00,71.94,100.00
129-04392,2020-08-15 20:50:00,70.50,100.00
129-04392,2020-08-15 21:00:00,67.51,87.10
129-04392,2020-08-15 21:10:00,72.26,98.30
129-04392,2020-08-15 21:20:00,71.00,100.00
129-04392,2020-08-15 21:30:00,68.38,80.80
129-04392,2020-08-15 21:40:00,73.09,100.00
129-04392,2020-08-15 21:50:00,72.90,100.00
129-04392,2020-08-15 22:00:00,71.67,100.00
129-04392,2020-08-15 22:10:00,70.68,100.00
129-04392,2020-08-15 22:20:00,67.97,100.00
129-04392,2020-08-15 22:30:00,72.70,76.00
129-04392,2020-08-15 22:40:00,70.90,100.00
129-04392,2020-08-15 22:50:00,67.59,73.30
129-04392,2020-08-15 23:00:00,71.58,92.90
129-04392,2020-08-15 23:10:00,74.29,83.60
129-04392,2020-08-15 23:20:00,70.27,89.50
129-04392,2020-08-15 23:30:00,72.69,92.40
129-04392,2020-08-15 23:40:00,69.44,74.43
129-04392,2020-08-15 23:50:00,68.00,82.10
129-04390,2020-08-15 00:00:00,68.20,89.20
129-04390,2020-08-15 00:10:00,68.00,92.14
129-04390,2020-08-15 00:20:00,71.00,81.44
129-04390,2020-08-15 00:30:00,71.00,83.00
129-04390,2020-08-15 00:40:00,76.00,59.00
129-04390,2020-08-15 00:50:00,72.04,75.50
129-04390,2020-08-15 01:00:00,68.41,78.50
129-04390,2020-08-15 01:10:00,62.60,31.20
129-04390,2020-08-15 01:20:00,66.86,86.75
129-04390,2020-08-15 01:30:00,70.00,92.50
129-04390,2020-08-15 01:40:00,70.00,86.00
129-04390,2020-08-15 01:50:00,74.00,34.38
129-04390,2020-08-15 02:00:00,74.00,51.00
129-04390,2020-08-15 02:10:00,,
129-04390,2020-08-15 02:20:00,,
129-04390,2020-08-15 02:30:00,68.00,72.88
129-04390,2020-08-15 02:40:00,76.00,56.67
129-04390,2020-08-15 02:50:00,75.89,70.56
129-04390,2020-08-15 03:00:00,,
129-04390,2020-08-15 03:10:00,71.00,95.13
129-04390,2020-08-15 03:20:00,70.57,91.14
129-04390,2020-08-15 03:30:00,70.00,87.20
129-04390,2020-08-15 03:40:00,67.00,66.00
129-04390,2020-08-15 03:50:00,67.36,79.40
129-04390,2020-08-15 04:00:00,70.97,82.90
129-04390,2020-08-15 04:10:00,68.41,83.70
129-04390,2020-08-15 04:20:00,71.00,94.29
129-04390,2020-08-15 04:30:00,76.59,43.40
129-04390,2020-08-15 04:40:00,70.87,80.00
129-04390,2020-08-15 04:50:00,71.00,71.11
129-04390,2020-08-15 05:00:00,70.97,93.70
129-04390,2020-08-15 05:10:00,73.05,88.50
129-04390,2020-08-15 05:20:00,72.39,97.60
129-04390,2020-08-15 05:30:00,76.08,71.40
129-04390,2020-08-15 05:40:00,76.10,83.50
129-04390,2020-08-15 05:50:00,72.82,78.80
129-04390,2020-08-15 06:00:00,77.66,78.40
129-04390,2020-08-15 06:10:00,71.50,99.10
129-04390,2020-08-15 06:20:00,71.69,100.00
129-04390,2020-08-15 06:30:00,74.13,97.10
129-04390,2020-08-15 06:40:00,73.59,92.40
129-04390,2020-08-15 06:50:00,73.19,100.00
129-04390,2020-08-15 07:00:00,71.39,100.00
129-04390,2020-08-15 07:10:00,76.38,87.90
129-04390,2020-08-15 07:20:00,76.26,91.20
129-04390,2020-08-15 07:30:00,73.53,94.70
129-04390,2020-08-15 07:40:00,72.58,100.00
129-04390,2020-08-15 07:50:00,76.50,100.00
129-04390,2020-08-15 08:00:00,72.56,100.00
129-04390,2020-08-15 08:10:00,75.09,100.00
129-04390,2020-08-15 08:20:00,72.38,100.00
129-04390,2020-08-15 08:30:00,72.19,100.00
129-04390,2020-08-15 08:40:00,71.45,98.00
129-04390,2020-08-15 08:50:00,77.60,94.00
129-04390,2020-08-15 09:00:00,72.84,97.60
129-04390,2020-08-15 09:10:00,72.95,100.00
129-04390,2020-08-15 09:20:00,74.54,98.90
129-04390,2020-08-15 09:30:00,75.48,100.00
129-04390,2020-08-15 09:40:00,75.76,92.20
129-04390,2020-08-15 09:50:00,72.15,100.00
129-04390,2020-08-15 10:00:00,75.08,97.40
129-04390,2020-08-15 10:10:00,72.99,100.00
129-04390,2020-08-15 10:20:00,72.49,100.00
129-04390,2020-08-15 10:30:00,70.40,100.00
129-04390,2020-08-15 10:40:00,73.28,100.00
129-04390,2020-08-15 10:50:00,73.76,100.00
129-04390,2020-08-15 11:00:00,71.78,100.00
129-04390,2020-08-15 11:10:00,73.59,100.00
129-04390,2020-08-15 11:20:00,73.69,100.00
129-04390,2020-08-15 11:30:00,73.69,100.00
129-04390,2020-08-15 11:40:00,75.49,100.00
129-04390,2020-08-15 11:50:00,73.56,100.00
129-04390,2020-08-15 12:00:00,73.26,100.00
129-04390,2020-08-15 12:10:00,71.83,100.00
129-04390,2020-08-15 12:20:00,76.19,100.00
129-04390,2020-08-15 12:30:00,75.30,100.00
129-04390,2020-08-15 12:40:00,73.37,100.00
129-04390,2020-08-15 12:50:00,75.38,100.00
129-04390,2020-08-15 13:00:00,73.09,100.00
129-04390,2020-08-15 13:10:00,71.98,100.00
129-04390,2020-08-15 13:20:00,73.49,100.00
129-04390,2020-08-15 13:30:00,73.89,100.00
129-04390,2020-08-15 13:40:00,72.78,100.00
129-04390,2020-08-15 13:50:00,72.98,100.00
129-04390,2020-08-15 14:00:00,74.79,100.00
129-04390,2020-08-15 14:10:00,73.98,100.00
129-04390,2020-08-15 14:20:00,73.00,100.00
129-04390,2020-08-15 14:30:00,74.39,100.00
129-04390,2020-08-15 14:40:00,74.99,100.00
129-04390,2020-08-15 14:50:00,74.69,100.00
129-04390,2020-08-15 15:00:00,71.29,100.00
129-04390,2020-08-15 15:10:00,74.09,100.00
129-04390,2020-08-15 15:20:00,74.29,100.00
129-04390,2020-08-15 15:30:00,75.78,100.00
129-04390,2020-08-15 15:40:00,75.09,100.00
129-04390,2020-08-15 15:50:00,74.08,100.00
129-04390,2020-08-15 16:00:00,71.89,100.00
129-04390,2020-08-15 16:10:00,73.09,100.00
129-04390,2020-08-15 16:20:00,74.28,100.00
129-04390,2020-08-15 16:30:00,74.06,100.00
129-04390,2020-08-15 16:40:00,72.39,100.00
129-04390,2020-08-15 16:50:00,76.18,94.80
129-04390,2020-08-15 17:00:00,74.89,100.00
129-04390,2020-08-15 17:10:00,76.99,100.00
129-04390,2020-08-15 17:20:00,73.49,100.00
129-04390,2020-08-15 17:30:00,75.10,100.00
129-04390,2020-08-15 17:40:00,71.58,100.00
129-04390,2020-08-15 17:50:00,75.68,100.00
129-04390,2020-08-15 18:00:00,75.89,100.00
129-04390,2020-08-15 18:10:00,76.69,100.00
129-04390,2020-08-15 18:20:00,75.86,100.00
129-04390,2020-08-15 18:30:00,75.39,100.00
129-04390,2020-08-15 18:40:00,75.10,100.00
129-04390,2020-08-15 18:50:00,76.68,100.00
129-04390,2020-08-15 19:00:00,77.29,100.00
129-04390,2020-08-15 19:10:00,73.97,100.00
129-04390,2020-08-15 19:20:00,75.58,100.00
129-04390,2020-08-15 19:30:00,75.65,100.00
129-04390,2020-08-15 19:40:00,73.49,100.00
129-04390,2020-08-15 19:50:00,73.23,100.00
129-04390,2020-08-15 20:00:00,75.64,100.00
129-04390,2020-08-15 20:10:00,71.69,96.20
129-04390,2020-08-15 20:20:00,70.98,98.50
129-04390,2020-08-15 20:30:00,73.76,97.60
129-04390,2020-08-15 20:40:00,68.67,74.20
129-04390,2020-08-15 20:50:00,70.45,95.70
129-04390,2020-08-15 21:00:00,67.87,93.70
129-04390,2020-08-15 21:10:00,70.60,94.60
129-04390,2020-08-15 21:20:00,72.90,100.00
129-04390,2020-08-15 21:30:00,69.09,85.80
129-04390,2020-08-15 21:40:00,74.78,76.30
129-04390,2020-08-15 21:50:00,71.79,100.00
129-04390,2020-08-15 22:00:00,76.08,62.80
129-04390,2020-08-15 22:10:00,75.79,95.20
129-04390,2020-08-15 22:20:00,71.76,100.00
129-04390,2020-08-15 22:30:00,74.69,90.70
129-04390,2020-08-15 22:40:00,71.50,95.40
129-04390,2020-08-15 22:50:00,74.89,100.00
129-04390,2020-08-15 23:00:00,73.14,89.60
129-04390,2020-08-15 23:10:00,74.60,86.50
129-04390,2020-08-15 23:20:00,75.23,86.50
129-04390,2020-08-15 23:30:00,74.47,95.00
129-04390,2020-08-15 23:40:00,73.69,85.30
129-04390,2020-08-15 23:50:00,70.00,70.80
