tmc,tstamp,speed,cvalue
129-04612,2020-05-25 00:00:00,63.98,82.33
129-04612,2020-05-25 00:10:00,61.00,77.50
129-04612,2020-05-25 00:20:00,67.58,77.60
129-04612,2020-05-25 00:30:00,71.00,74.67
129-04612,2020-05-25 00:40:00,60.00,77.80
129-04612,2020-05-25 00:50:00,60.00,84.83
129-04612,2020-05-25 01:00:00,66.96,94.20
129-04612,2020-05-25 01:10:00,63.44,70.00
129-04612,2020-05-25 01:20:00,64.35,70.00
129-04612,2020-05-25 01:30:00,64.35,92.60
129-04612,2020-05-25 01:40:00,66.18,93.50
129-04612,2020-05-25 01:50:00,64.10,93.00
129-04612,2020-05-25 02:00:00,59.42,75.89
129-04612,2020-05-25 02:10:00,62.83,77.22
129-04612,2020-05-25 02:20:00,66.00,83.50
129-04612,2020-05-25 02:30:00,,
129-04612,2020-05-25 02:40:00,,
129-04612,2020-05-25 02:50:00,,
129-04612,2020-05-25 03:00:00,70.00,90.00
129-04612,2020-05-25 03:10:00,66.49,86.17
129-04612,2020-05-25 03:20:00,,
129-04612,2020-05-25 03:30:00,,
129-04612,2020-05-25 03:40:00,61.00,73.00
129-04612,2020-05-25 03:50:00,66.00,96.00
129-04612,2020-05-25 04:00:00,65.75,91.50
129-04612,2020-05-25 04:10:00,68.98,87.70
129-04612,2020-05-25 04:20:00,,
129-04612,2020-05-25 04:30:00,70.75,91.00
129-04612,2020-05-25 04:40:00,72.71,86.14
129-04612,2020-05-25 04:50:00,63.00,79.13
129-04612,2020-05-25 05:00:00,63.00,84.00
129-04612,2020-05-25 05:10:00,,
129-04612,2020-05-25 05:20:00,,
129-04612,2020-05-25 05:30:00,,
129-04612,2020-05-25 05:40:00,,
129-04612,2020-05-25 05:50:00,,
129-04612,2020-05-25 06:00:00,73.00,96.20
129-04612,2020-05-25 06:10:00,71.20,98.67
129-04612,2020-05-25 06:20:00,61.25,100.00
129-04612,2020-05-25 06:30:00,62.54,100.00
129-04612,2020-05-25 06:40:00,61.73,100.00
129-04612,2020-05-25 06:50:00,72.71,35.10
129-04612,2020-05-25 07:00:00,71.07,64.50
129-04612,2020-05-25 07:10:00,69.78,83.10
129-04612,2020-05-25 07:20:00,73.38,66.20
129-04612,2020-05-25 07:30:00,68.39,92.40
129-04612,2020-05-25 07:40:00,71.68,95.90
129-04612,2020-05-25 07:50:00,66.60,93.20
129-04612,2020-05-25 08:00:00,69.95,94.30
129-04612,2020-05-25 08:10:00,67.03,98.80
129-04612,2020-05-25 08:20:00,69.22,77.10
129-04612,2020-05-25 08:30:00,71.91,66.00
129-04612,2020-05-25 08:40:00,66.94,99.00
129-04612,2020-05-25 08:50:00,67.05,98.60
129-04612,2020-05-25 09:00:00,66.28,99.70
129-04612,2020-05-25 09:10:00,66.19,100.00
129-04612,2020-05-25 09:20:00,65.40,100.00
129-04612,2020-05-25 09:30:00,67.92,78.40
129-04612,2020-05-25 09:40:00,73.00,44.60
129-04612,2020-05-25 09:50:00,71.23,64.30
129-04612,2020-05-25 10:00:00,70.00,100.00
129-04612,2020-05-25 10:10:00,72.03,88.90
129-04612,2020-05-25 10:20:00,72.39,88.50
129-04612,2020-05-25 10:30:00,71.38,84.80
129-04612,2020-05-25 10:40:00,78.79,45.00
129-04612,2020-05-25 10:50:00,69.59,80.20
129-04612,2020-05-25 11:00:00,71.19,94.00
129-04612,2020-05-25 11:10:00,70.49,99.10
129-04612,2020-05-25 11:20:00,75.37,97.50
129-04612,2020-05-25 11:30:00,71.40,99.40
129-04612,2020-05-25 11:40:00,72.72,94.80
129-04612,2020-05-25 11:50:00,69.64,100.00
129-04612,2020-05-25 12:00:00,71.79,100.00
129-04612,2020-05-25 12:10:00,73.38,100.00
129-04612,2020-05-25 12:20:00,68.94,99.50
129-04612,2020-05-25 12:30:00,74.92,94.30
129-04612,2020-05-25 12:40:00,75.48,100.00
129-04612,2020-05-25 12:50:00,78.17,77.60
129-04612,2020-05-25 13:00:00,75.39,95.90
129-04612,2020-05-25 13:10:00,73.40,98.20
129-04612,2020-05-25 13:20:00,72.85,100.00
129-04612,2020-05-25 13:30:00,70.88,91.10
129-04612,2020-05-25 13:40:00,74.18,100.00
129-04612,2020-05-25 13:50:00,70.08,98.70
129-04612,2020-05-25 14:00:00,71.19,98.80
129-04612,2020-05-25 14:10:00,72.58,99.90
129-04612,2020-05-25 14:20:00,74.45,85.30
129-04612,2020-05-25 14:30:00,72.59,96.50
129-04612,2020-05-25 14:40:00,66.88,99.10
129-04612,2020-05-25 14:50:00,70.96,99.70
129-04612,2020-05-25 15:00:00,71.68,100.00
129-04612,2020-05-25 15:10:00,75.79,92.90
129-04612,2020-05-25 15:20:00,73.75,100.00
129-04612,2020-05-25 15:30:00,72.05,99.80
129-04612,2020-05-25 15:40:00,73.59,100.00
129-04612,2020-05-25 15:50:00,71.40,100.00
129-04612,2020-05-25 16:00:00,74.48,100.00
129-04612,2020-05-25 16:10:00,71.94,98.00
129-04612,2020-05-25 16:20:00,76.07,94.70
129-04612,2020-05-25 16:30:00,73.39,98.00
129-04612,2020-05-25 16:40:00,75.28,100.00
129-04612,2020-05-25 16:50:00,76.58,95.40
129-04612,2020-05-25 17:00:00,73.28,100.00
129-04612,2020-05-25 17:10:00,72.68,100.00
129-04612,2020-05-25 17:20:00,72.70,99.90
129-04612,2020-05-25 17:30:00,71.35,100.00
129-04612,2020-05-25 17:40:00,72.19,99.20
129-04612,2020-05-25 17:50:00,73.48,100.00
129-04612,2020-05-25 18:00:00,71.75,92.90
129-04612,2020-05-25 18:10:00,70.63,88.50
129-04612,2020-05-25 18:20:00,73.26,92.70
129-04612,2020-05-25 18:30:00,72.08,91.60
129-04612,2020-05-25 18:40:00,72.77,95.70
129-04612,2020-05-25 18:50:00,70.60,100.00
129-04612,2020-05-25 19:00:00,69.90,95.60
129-04612,2020-05-25 19:10:00,69.78,96.10
129-04612,2020-05-25 19:20:00,71.82,90.70
129-04612,2020-05-25 19:30:00,69.48,93.30
129-04612,2020-05-25 19:40:00,69.57,95.80
129-04612,2020-05-25 19:50:00,69.70,92.80
129-04612,2020-05-25 20:00:00,71.89,94.20
129-04612,2020-05-25 20:10:00,68.17,99.40
129-04612,2020-05-25 20:20:00,66.18,88.40
129-04612,2020-05-25 20:30:00,67.69,90.80
129-04612,2020-05-25 20:40:00,71.99,86.90
129-04612,2020-05-25 20:50:00,71.64,82.70
129-04612,2020-05-25 21:00:00,67.70,93.60
129-04612,2020-05-25 21:10:00,69.58,97.80
129-04612,2020-05-25 21:20:00,69.37,98.00
129-04612,2020-05-25 21:30:00,71.69,83.60
129-04612,2020-05-25 21:40:00,72.97,79.60
129-04612,2020-05-25 21:50:00,70.04,93.90
129-04612,2020-05-25 22:00:00,65.03,98.90
129-04612,2020-05-25 22:10:00,70.97,93.70
129-04612,2020-05-25 22:20:00,63.00,99.90
129-04612,2020-05-25 22:30:00,63.09,100.00
129-04612,2020-05-25 22:40:00,62.00,100.00
129-04612,2020-05-25 22:50:00,63.94,100.00
129-04612,2020-05-25 23:00:00,64.32,87.10
129-04612,2020-05-25 23:10:00,70.87,32.90
129-04612,2020-05-25 23:20:00,71.30,65.20
129-04612,2020-05-25 23:30:00,68.58,96.00
129-04612,2020-05-25 23:40:00,73.90,65.70
129-04612,2020-05-25 23:50:00,64.76,36.20
129N04613,2020-05-25 00:00:00,65.00,94.00
129N04613,2020-05-25 00:10:00,63.00,80.50
129N04613,2020-05-25 00:20:00,67.57,80.56
129N04613,2020-05-25 00:30:00,69.00,77.60
129N04613,2020-05-25 00:40:00,63.39,88.10
129N04613,2020-05-25 00:50:00,65.56,96.43
129N04613,2020-05-25 01:00:00,67.38,96.80
129N04613,2020-05-25 01:10:00,61.28,59.70
129N04613,2020-05-25 01:20:00,64.89,85.00
129N04613,2020-05-25 01:30:00,64.78,97.50
129N04613,2020-05-25 01:40:00,65.33,91.70
129N04613,2020-05-25 01:50:00,61.00,75.33
129N04613,2020-05-25 02:00:00,59.00,72.17
129N04613,2020-05-25 02:10:00,75.00,7.33
129N04613,2020-05-25 02:20:00,75.00,14.00
129N04613,2020-05-25 02:30:00,,
129N04613,2020-05-25 02:40:00,,
129N04613,2020-05-25 02:50:00,,
129N04613,2020-05-25 03:00:00,69.00,87.80
129N04613,2020-05-25 03:10:00,66.90,85.40
129N04613,2020-05-25 03:20:00,,
129N04613,2020-05-25 03:30:00,,
129N04613,2020-05-25 03:40:00,,
129N04613,2020-05-25 03:50:00,69.00,98.50
129N04613,2020-05-25 04:00:00,67.34,91.60
129N04613,2020-05-25 04:10:00,68.74,91.60
129N04613,2020-05-25 04:20:00,,
129N04613,2020-05-25 04:30:00,65.00,77.00
129N04613,2020-05-25 04:40:00,,
129N04613,2020-05-25 04:50:00,65.00,84.00
129N04613,2020-05-25 05:00:00,65.00,95.00
129N04613,2020-05-25 05:10:00,,
129N04613,2020-05-25 05:20:00,,
129N04613,2020-05-25 05:30:00,,
129N04613,2020-05-25 05:40:00,,
129N04613,2020-05-25 05:50:00,75.99,92.00
129N04613,2020-05-25 06:00:00,75.00,99.70
129N04613,2020-05-25 06:10:00,73.00,91.00
129N04613,2020-05-25 06:20:00,63.00,100.00
129N04613,2020-05-25 06:30:00,67.61,100.00
129N04613,2020-05-25 06:40:00,65.00,100.00
129N04613,2020-05-25 06:50:00,68.92,81.00
129N04613,2020-05-25 07:00:00,71.32,68.10
129N04613,2020-05-25 07:10:00,70.57,87.60
129N04613,2020-05-25 07:20:00,73.11,53.20
129N04613,2020-05-25 07:30:00,68.64,89.70
129N04613,2020-05-25 07:40:00,70.54,97.80
129N04613,2020-05-25 07:50:00,68.43,87.20
129N04613,2020-05-25 08:00:00,70.97,96.90
129N04613,2020-05-25 08:10:00,67.49,98.70
129N04613,2020-05-25 08:20:00,71.51,64.70
129N04613,2020-05-25 08:30:00,73.02,74.20
129N04613,2020-05-25 08:40:00,68.57,96.70
129N04613,2020-05-25 08:50:00,67.10,100.00
129N04613,2020-05-25 09:00:00,66.35,100.00
129N04613,2020-05-25 09:10:00,65.98,100.00
129N04613,2020-05-25 09:20:00,65.73,96.00
129N04613,2020-05-25 09:30:00,70.08,76.00
129N04613,2020-05-25 09:40:00,76.19,29.80
129N04613,2020-05-25 09:50:00,69.84,66.70
129N04613,2020-05-25 10:00:00,71.35,98.60
129N04613,2020-05-25 10:10:00,74.16,82.50
129N04613,2020-05-25 10:20:00,73.26,78.50
129N04613,2020-05-25 10:30:00,71.91,83.20
129N04613,2020-05-25 10:40:00,79.19,48.40
129N04613,2020-05-25 10:50:00,69.59,79.30
129N04613,2020-05-25 11:00:00,71.59,93.10
129N04613,2020-05-25 11:10:00,71.18,91.10
129N04613,2020-05-25 11:20:00,74.34,95.50
129N04613,2020-05-25 11:30:00,72.19,99.80
129N04613,2020-05-25 11:40:00,73.78,91.10
129N04613,2020-05-25 11:50:00,69.93,98.00
129N04613,2020-05-25 12:00:00,71.79,100.00
129N04613,2020-05-25 12:10:00,72.13,100.00
129N04613,2020-05-25 12:20:00,69.83,99.60
129N04613,2020-05-25 12:30:00,76.35,95.10
129N04613,2020-05-25 12:40:00,77.15,100.00
129N04613,2020-05-25 12:50:00,79.00,74.40
129N04613,2020-05-25 13:00:00,75.00,98.30
129N04613,2020-05-25 13:10:00,73.27,95.20
129N04613,2020-05-25 13:20:00,71.80,99.70
129N04613,2020-05-25 13:30:00,72.55,90.50
129N04613,2020-05-25 13:40:00,74.59,100.00
129N04613,2020-05-25 13:50:00,70.15,97.50
129N04613,2020-05-25 14:00:00,70.97,98.20
129N04613,2020-05-25 14:10:00,72.58,100.00
129N04613,2020-05-25 14:20:00,75.83,69.30
129N04613,2020-05-25 14:30:00,72.99,99.70
129N04613,2020-05-25 14:40:00,68.05,98.20
129N04613,2020-05-25 14:50:00,71.99,99.00
129N04613,2020-05-25 15:00:00,73.18,100.00
129N04613,2020-05-25 15:10:00,75.57,98.50
129N04613,2020-05-25 15:20:00,73.96,100.00
129N04613,2020-05-25 15:30:00,72.97,99.40
129N04613,2020-05-25 15:40:00,72.59,100.00
129N04613,2020-05-25 15:50:00,72.79,99.70
129N04613,2020-05-25 16:00:00,76.80,100.00
129N04613,2020-05-25 16:10:00,71.37,98.20
129N04613,2020-05-25 16:20:00,76.17,93.00
129N04613,2020-05-25 16:30:00,72.98,94.60
129N04613,2020-05-25 16:40:00,74.19,99.30
129N04613,2020-05-25 16:50:00,75.36,93.80
129N04613,2020-05-25 17:00:00,72.59,100.00
129N04613,2020-05-25 17:10:00,71.99,100.00
129N04613,2020-05-25 17:20:00,73.99,99.70
129N04613,2020-05-25 17:30:00,72.37,100.00
129N04613,2020-05-25 17:40:00,72.99,99.00
129N04613,2020-05-25 17:50:00,72.16,100.00
129N04613,2020-05-25 18:00:00,69.92,98.80
129N04613,2020-05-25 18:10:00,74.92,81.70
129N04613,2020-05-25 18:20:00,74.73,85.70
129N04613,2020-05-25 18:30:00,70.40,98.80
129N04613,2020-05-25 18:40:00,74.06,92.60
129N04613,2020-05-25 18:50:00,71.57,100.00
129N04613,2020-05-25 19:00:00,69.49,86.70
129N04613,2020-05-25 19:10:00,69.89,95.60
129N04613,2020-05-25 19:20:00,71.98,97.30
129N04613,2020-05-25 19:30:00,69.26,96.20
129N04613,2020-05-25 19:40:00,69.95,97.90
129N04613,2020-05-25 19:50:00,67.59,100.00
129N04613,2020-05-25 20:00:00,70.38,96.50
129N04613,2020-05-25 20:10:00,69.77,99.00
129N04613,2020-05-25 20:20:00,67.99,100.00
129N04613,2020-05-25 20:30:00,66.48,74.00
129N04613,2020-05-25 20:40:00,69.39,96.80
129N04613,2020-05-25 20:50:00,67.40,99.10
129N04613,2020-05-25 21:00:00,66.56,100.00
129N04613,2020-05-25 21:10:00,68.96,93.90
129N04613,2020-05-25 21:20:00,68.94,96.00
129N04613,2020-05-25 21:30:00,67.91,73.60
129N04613,2020-05-25 21:40:00,72.59,69.00
129N04613,2020-05-25 21:50:00,71.36,89.90
129N04613,2020-05-25 22:00:00,68.89,92.60
129N04613,2020-05-25 22:10:00,71.79,96.40
129N04613,2020-05-25 22:20:00,62.02,29.40
129N04613,2020-05-25 22:30:00,63.00,100.00
129N04613,2020-05-25 22:40:00,,
129N04613,2020-05-25 22:50:00,66.66,100.00
129N04613,2020-05-25 23:00:00,64.98,98.00
129N04613,2020-05-25 23:10:00,72.19,49.10
129N04613,2020-05-25 23:20:00,70.08,74.20
129N04613,2020-05-25 23:30:00,69.27,97.30
129N04613,2020-05-25 23:40:00,74.93,51.30
129N04613,2020-05-25 23:50:00,77.00,59.25
129-04613,2020-05-25 00:00:00,66.00,98.75
129-04613,2020-05-25 00:10:00,65.00,94.50
129-04613,2020-05-25 00:20:00,73.82,37.50
129-04613,2020-05-25 00:30:00,76.00,37.00
129-04613,2020-05-25 00:40:00,63.22,54.78
129-04613,2020-05-25 00:50:00,66.87,80.67
129-04613,2020-05-25 01:00:00,70.67,92.20
129-04613,2020-05-25 01:10:00,62.53,50.80
129-04613,2020-05-25 01:20:00,66.85,86.40
129-04613,2020-05-25 01:30:00,65.38,94.80
129-04613,2020-05-25 01:40:00,66.15,92.60
129-04613,2020-05-25 01:50:00,63.00,81.29
129-04613,2020-05-25 02:00:00,62.00,79.20
129-04613,2020-05-25 02:10:00,74.00,22.83
129-04613,2020-05-25 02:20:00,68.00,67.00
129-04613,2020-05-25 02:30:00,68.00,76.89
129-04613,2020-05-25 02:40:00,,
129-04613,2020-05-25 02:50:00,,
129-04613,2020-05-25 03:00:00,71.00,76.20
129-04613,2020-05-25 03:10:00,70.50,82.00
129-04613,2020-05-25 03:20:00,,
129-04613,2020-05-25 03:30:00,,
129-04613,2020-05-25 03:40:00,,
129-04613,2020-05-25 03:50:00,69.32,94.00
129-04613,2020-05-25 04:00:00,67.86,88.80
129-04613,2020-05-25 04:10:00,69.95,90.75
129-04613,2020-05-25 04:20:00,,
129-04613,2020-05-25 04:30:00,,
129-04613,2020-05-25 04:40:00,63.00,64.13
129-04613,2020-05-25 04:50:00,64.59,90.40
129-04613,2020-05-25 05:00:00,,
129-04613,2020-05-25 05:10:00,,
129-04613,2020-05-25 05:20:00,,
129-04613,2020-05-25 05:30:00,,
129-04613,2020-05-25 05:40:00,,
129-04613,2020-05-25 05:50:00,73.26,84.67
129-04613,2020-05-25 06:00:00,74.59,97.90
129-04613,2020-05-25 06:10:00,70.00,100.00
129-04613,2020-05-25 06:20:00,65.00,100.00
129-04613,2020-05-25 06:30:00,65.75,100.00
129-04613,2020-05-25 06:40:00,65.10,100.00
129-04613,2020-05-25 06:50:00,68.54,94.40
129-04613,2020-05-25 07:00:00,71.12,73.90
129-04613,2020-05-25 07:10:00,72.25,69.70
129-04613,2020-05-25 07:20:00,69.69,85.70
129-04613,2020-05-25 07:30:00,70.29,72.10
129-04613,2020-05-25 07:40:00,70.83,93.50
129-04613,2020-05-25 07:50:00,69.49,86.50
129-04613,2020-05-25 08:00:00,71.89,95.40
129-04613,2020-05-25 08:10:00,70.27,96.50
129-04613,2020-05-25 08:20:00,76.60,51.80
129-04613,2020-05-25 08:30:00,72.91,77.10
129-04613,2020-05-25 08:40:00,68.67,99.90
129-04613,2020-05-25 08:50:00,68.97,99.60
129-04613,2020-05-25 09:00:00,67.58,100.00
129-04613,2020-05-25 09:10:00,66.98,100.00
129-04613,2020-05-25 09:20:00,67.99,100.00
129-04613,2020-05-25 09:30:00,70.87,80.70
129-04613,2020-05-25 09:40:00,74.06,64.70
129-04613,2020-05-25 09:50:00,69.91,86.50
129-04613,2020-05-25 10:00:00,71.83,98.00
129-04613,2020-05-25 10:10:00,76.21,67.70
129-04613,2020-05-25 10:20:00,73.32,73.90
129-04613,2020-05-25 10:30:00,73.87,77.60
129-04613,2020-05-25 10:40:00,79.17,56.90
129-04613,2020-05-25 10:50:00,70.30,95.40
129-04613,2020-05-25 11:00:00,71.09,95.30
129-04613,2020-05-25 11:10:00,71.94,100.00
129-04613,2020-05-25 11:20:00,75.33,96.80
129-04613,2020-05-25 11:30:00,73.30,99.40
129-04613,2020-05-25 11:40:00,74.37,92.90
129-04613,2020-05-25 11:50:00,71.79,100.00
129-04613,2020-05-25 12:00:00,71.70,100.00
129-04613,2020-05-25 12:10:00,72.88,100.00
129-04613,2020-05-25 12:20:00,71.47,98.40
129-04613,2020-05-25 12:30:00,76.98,93.70
129-04613,2020-05-25 12:40:00,78.69,98.40
129-04613,2020-05-25 12:50:00,79.37,79.60
129-04613,2020-05-25 13:00:00,77.39,94.60
129-04613,2020-05-25 13:10:00,75.25,99.80
129-04613,2020-05-25 13:20:00,72.89,100.00
129-04613,2020-05-25 13:30:00,76.05,96.30
129-04613,2020-05-25 13:40:00,74.78,100.00
129-04613,2020-05-25 13:50:00,70.70,97.80
129-04613,2020-05-25 14:00:00,72.29,100.00
129-04613,2020-05-25 14:10:00,73.88,99.60
129-04613,2020-05-25 14:20:00,75.73,83.70
129-04613,2020-05-25 14:30:00,72.99,99.40
129-04613,2020-05-25 14:40:00,69.07,99.80
129-04613,2020-05-25 14:50:00,74.96,93.90
129-04613,2020-05-25 15:00:00,73.28,100.00
129-04613,2020-05-25 15:10:00,75.79,98.60
129-04613,2020-05-25 15:20:00,73.98,100.00
129-04613,2020-05-25 15:30:00,73.09,100.00
129-04613,2020-05-25 15:40:00,72.79,100.00
129-04613,2020-05-25 15:50:00,75.09,100.00
129-04613,2020-05-25 16:00:00,76.69,99.50
129-04613,2020-05-25 16:10:00,73.16,99.70
129-04613,2020-05-25 16:20:00,75.49,99.30
129-04613,2020-05-25 16:30:00,72.48,96.70
129-04613,2020-05-25 16:40:00,76.04,98.10
129-04613,2020-05-25 16:50:00,77.25,87.00
129-04613,2020-05-25 17:00:00,71.69,100.00
129-04613,2020-05-25 17:10:00,73.10,100.00
129-04613,2020-05-25 17:20:00,74.39,99.80
129-04613,2020-05-25 17:30:00,72.48,100.00
129-04613,2020-05-25 17:40:00,73.37,98.60
129-04613,2020-05-25 17:50:00,74.09,99.90
129-04613,2020-05-25 18:00:00,69.97,99.90
129-04613,2020-05-25 18:10:00,75.57,83.90
129-04613,2020-05-25 18:20:00,73.96,95.50
129-04613,2020-05-25 18:30:00,72.74,94.10
129-04613,2020-05-25 18:40:00,72.09,98.80
129-04613,2020-05-25 18:50:00,70.69,99.90
129-04613,2020-05-25 19:00:00,69.10,100.00
129-04613,2020-05-25 19:10:00,69.69,100.00
129-04613,2020-05-25 19:20:00,74.07,82.90
129-04613,2020-05-25 19:30:00,69.46,96.50
129-04613,2020-05-25 19:40:00,71.02,94.80
129-04613,2020-05-25 19:50:00,68.36,98.60
129-04613,2020-05-25 20:00:00,72.18,94.00
129-04613,2020-05-25 20:10:00,69.88,98.90
129-04613,2020-05-25 20:20:00,69.28,79.50
129-04613,2020-05-25 20:30:00,67.11,69.80
129-04613,2020-05-25 20:40:00,70.38,88.20
129-04613,2020-05-25 20:50:00,65.45,97.50
129-04613,2020-05-25 21:00:00,68.19,100.00
129-04613,2020-05-25 21:10:00,68.87,100.00
129-04613,2020-05-25 21:20:00,67.68,99.30
129-04613,2020-05-25 21:30:00,67.61,84.90
129-04613,2020-05-25 21:40:00,73.48,61.70
129-04613,2020-05-25 21:50:00,72.69,84.60
129-04613,2020-05-25 22:00:00,67.84,96.40
129-04613,2020-05-25 22:10:00,66.84,94.90
129-04613,2020-05-25 22:20:00,63.09,94.60
129-04613,2020-05-25 22:30:00,65.33,100.00
129-04613,2020-05-25 22:40:00,,
129-04613,2020-05-25 22:50:00,66.00,100.00
129-04613,2020-05-25 23:00:00,66.88,91.60
129-04613,2020-05-25 23:10:00,74.90,38.00
129-04613,2020-05-25 23:20:00,70.15,81.00
129-04613,2020-05-25 23:30:00,69.99,96.30
129-04613,2020-05-25 23:40:00,76.26,57.50
129-04613,2020-05-25 23:50:00,76.57,71.71
129N04614,2020-05-25 00:00:00,67.00,82.00
129N04614,2020-05-25 00:10:00,68.20,92.20
129N04614,2020-05-25 00:20:00,75.69,54.40
129N04614,2020-05-25 00:30:00,76.00,61.33
129N04614,2020-05-25 00:40:00,65.25,47.13
129N04614,2020-05-25 00:50:00,68.61,86.50
129N04614,2020-05-25 01:00:00,70.90,88.30
129N04614,2020-05-25 01:10:00,64.39,59.50
129N04614,2020-05-25 01:20:00,69.19,93.10
129N04614,2020-05-25 01:30:00,66.13,87.50
129N04614,2020-05-25 01:40:00,67.79,98.10
129N04614,2020-05-25 01:50:00,67.00,99.67
129N04614,2020-05-25 02:00:00,63.00,63.00
129N04614,2020-05-25 02:10:00,77.00,15.20
129N04614,2020-05-25 02:20:00,65.00,74.67
129N04614,2020-05-25 02:30:00,65.00,82.63
129N04614,2020-05-25 02:40:00,,
129N04614,2020-05-25 02:50:00,,
129N04614,2020-05-25 03:00:00,71.00,62.00
129N04614,2020-05-25 03:10:00,71.00,68.00
129N04614,2020-05-25 03:20:00,,
129N04614,2020-05-25 03:30:00,,
129N04614,2020-05-25 03:40:00,,
129N04614,2020-05-25 03:50:00,70.00,97.33
129N04614,2020-05-25 04:00:00,69.04,89.30
129N04614,2020-05-25 04:10:00,71.56,92.00
129N04614,2020-05-25 04:20:00,,
129N04614,2020-05-25 04:30:00,,
129N04614,2020-05-25 04:40:00,65.00,69.38
129N04614,2020-05-25 04:50:00,65.78,87.67
129N04614,2020-05-25 05:00:00,,
129N04614,2020-05-25 05:10:00,,
129N04614,2020-05-25 05:20:00,,
129N04614,2020-05-25 05:30:00,,
129N04614,2020-05-25 05:40:00,,
129N04614,2020-05-25 05:50:00,77.00,100.00
129N04614,2020-05-25 06:00:00,75.00,99.70
129N04614,2020-05-25 06:10:00,66.00,100.00
129N04614,2020-05-25 06:20:00,,
129N04614,2020-05-25 06:30:00,67.65,100.00
129N04614,2020-05-25 06:40:00,67.00,100.00
129N04614,2020-05-25 06:50:00,63.47,69.50
129N04614,2020-05-25 07:00:00,69.85,80.20
129N04614,2020-05-25 07:10:00,70.28,90.50
129N04614,2020-05-25 07:20:00,68.65,84.30
129N04614,2020-05-25 07:30:00,68.72,78.60
129N04614,2020-05-25 07:40:00,69.66,84.90
129N04614,2020-05-25 07:50:00,71.55,66.70
129N04614,2020-05-25 08:00:00,74.28,73.20
129N04614,2020-05-25 08:10:00,72.26,88.80
129N04614,2020-05-25 08:20:00,78.25,53.60
129N04614,2020-05-25 08:30:00,76.16,87.90
129N04614,2020-05-25 08:40:00,70.95,97.60
129N04614,2020-05-25 08:50:00,72.25,97.60
129N04614,2020-05-25 09:00:00,69.92,100.00
129N04614,2020-05-25 09:10:00,69.56,99.20
129N04614,2020-05-25 09:20:00,73.28,76.90
129N04614,2020-05-25 09:30:00,79.29,40.80
129N04614,2020-05-25 09:40:00,76.79,77.30
129N04614,2020-05-25 09:50:00,69.85,98.50
129N04614,2020-05-25 10:00:00,73.87,98.50
129N04614,2020-05-25 10:10:00,75.80,96.30
129N04614,2020-05-25 10:20:00,71.15,98.40
129N04614,2020-05-25 10:30:00,76.24,71.70
129N04614,2020-05-25 10:40:00,77.33,69.90
129N04614,2020-05-25 10:50:00,71.10,93.20
129N04614,2020-05-25 11:00:00,71.58,97.20
129N04614,2020-05-25 11:10:00,75.24,94.60
129N04614,2020-05-25 11:20:00,75.39,99.50
129N04614,2020-05-25 11:30:00,73.39,99.80
129N04614,2020-05-25 11:40:00,76.16,89.80
129N04614,2020-05-25 11:50:00,74.37,99.90
129N04614,2020-05-25 12:00:00,74.76,100.00
129N04614,2020-05-25 12:10:00,76.99,100.00
129N04614,2020-05-25 12:20:00,74.37,94.00
129N04614,2020-05-25 12:30:00,78.48,86.50
129N04614,2020-05-25 12:40:00,80.49,89.50
129N04614,2020-05-25 12:50:00,78.89,95.00
129N04614,2020-05-25 13:00:00,80.80,86.10
129N04614,2020-05-25 13:10:00,76.33,97.10
129N04614,2020-05-25 13:20:00,72.25,98.70
129N04614,2020-05-25 13:30:00,75.42,90.10
129N04614,2020-05-25 13:40:00,75.57,100.00
129N04614,2020-05-25 13:50:00,72.47,99.10
129N04614,2020-05-25 14:00:00,71.37,100.00
129N04614,2020-05-25 14:10:00,75.17,98.70
129N04614,2020-05-25 14:20:00,72.58,94.90
129N04614,2020-05-25 14:30:00,74.16,99.70
129N04614,2020-05-25 14:40:00,70.60,100.00
129N04614,2020-05-25 14:50:00,75.14,88.30
129N04614,2020-05-25 15:00:00,73.77,100.00
129N04614,2020-05-25 15:10:00,77.47,90.10
129N04614,2020-05-25 15:20:00,74.66,100.00
129N04614,2020-05-25 15:30:00,75.47,97.20
129N04614,2020-05-25 15:40:00,75.79,100.00
129N04614,2020-05-25 15:50:00,75.74,97.00
129N04614,2020-05-25 16:00:00,76.20,99.50
129N04614,2020-05-25 16:10:00,75.15,98.00
129N04614,2020-05-25 16:20:00,76.69,99.20
129N04614,2020-05-25 16:30:00,73.86,97.70
129N04614,2020-05-25 16:40:00,77.04,95.50
129N04614,2020-05-25 16:50:00,75.85,96.40
129N04614,2020-05-25 17:00:00,72.08,99.70
129N04614,2020-05-25 17:10:00,73.09,97.10
129N04614,2020-05-25 17:20:00,74.62,99.30
129N04614,2020-05-25 17:30:00,74.19,100.00
129N04614,2020-05-25 17:40:00,75.07,92.90
129N04614,2020-05-25 17:50:00,75.18,94.60
129N04614,2020-05-25 18:00:00,71.65,99.60
129N04614,2020-05-25 18:10:00,78.04,77.40
129N04614,2020-05-25 18:20:00,75.52,89.40
129N04614,2020-05-25 18:30:00,75.47,96.80
129N04614,2020-05-25 18:40:00,72.77,99.90
129N04614,2020-05-25 18:50:00,71.98,97.40
129N04614,2020-05-25 19:00:00,72.47,95.00
129N04614,2020-05-25 19:10:00,74.06,97.30
129N04614,2020-05-25 19:20:00,74.25,93.00
129N04614,2020-05-25 19:30:00,69.21,96.50
129N04614,2020-05-25 19:40:00,73.47,88.00
129N04614,2020-05-25 19:50:00,70.83,93.80
129N04614,2020-05-25 20:00:00,75.49,83.90
129N04614,2020-05-25 20:10:00,71.96,98.60
129N04614,2020-05-25 20:20:00,71.36,66.40
129N04614,2020-05-25 20:30:00,69.49,91.20
129N04614,2020-05-25 20:40:00,72.29,81.20
129N04614,2020-05-25 20:50:00,66.01,100.00
129N04614,2020-05-25 21:00:00,71.89,96.00
129N04614,2020-05-25 21:10:00,72.97,87.40
129N04614,2020-05-25 21:20:00,71.97,92.10
129N04614,2020-05-25 21:30:00,63.26,38.10
129N04614,2020-05-25 21:40:00,72.87,86.20
129N04614,2020-05-25 21:50:00,72.05,92.80
129N04614,2020-05-25 22:00:00,71.12,89.70
129N04614,2020-05-25 22:10:00,67.74,90.90
129N04614,2020-05-25 22:20:00,70.07,92.20
129N04614,2020-05-25 22:30:00,73.00,82.00
129N04614,2020-05-25 22:40:00,,
129N04614,2020-05-25 22:50:00,66.00,100.00
129N04614,2020-05-25 23:00:00,67.58,74.00
129N04614,2020-05-25 23:10:00,80.29,23.30
129N04614,2020-05-25 23:20:00,71.07,96.70
129N04614,2020-05-25 23:30:00,72.77,96.50
129N04614,2020-05-25 23:40:00,74.56,91.40
129N04614,2020-05-25 23:50:00,77.16,86.17
129N04615,2020-05-25 00:00:00,,
129N04615,2020-05-25 00:10:00,,
129N04615,2020-05-25 00:20:00,,
129N04615,2020-05-25 00:30:00,,
129N04615,2020-05-25 00:40:00,,
129N04615,2020-05-25 00:50:00,58.00,99.80
129N04615,2020-05-25 01:00:00,63.96,71.30
129N04615,2020-05-25 01:10:00,68.78,74.00
129N04615,2020-05-25 01:20:00,,
129N04615,2020-05-25 01:30:00,,
129N04615,2020-05-25 01:40:00,,
129N04615,2020-05-25 01:50:00,,
129N04615,2020-05-25 02:00:00,,
129N04615,2020-05-25 02:10:00,,
129N04615,2020-05-25 02:20:00,,
129N04615,2020-05-25 02:30:00,,
129N04615,2020-05-25 02:40:00,,
129N04615,2020-05-25 02:50:00,,
129N04615,2020-05-25 03:00:00,,
129N04615,2020-05-25 03:10:00,,
129N04615,2020-05-25 03:20:00,,
129N04615,2020-05-25 03:30:00,,
129N04615,2020-05-25 03:40:00,,
129N04615,2020-05-25 03:50:00,54.32,96.88
129N04615,2020-05-25 04:00:00,56.32,81.33
129N04615,2020-05-25 04:10:00,,
129N04615,2020-05-25 04:20:00,,
129N04615,2020-05-25 04:30:00,,
129N04615,2020-05-25 04:40:00,,
129N04615,2020-05-25 04:50:00,,
129N04615,2020-05-25 05:00:00,,
129N04615,2020-05-25 05:10:00,,
129N04615,2020-05-25 05:20:00,,
129N04615,2020-05-25 05:30:00,,
129N04615,2020-05-25 05:40:00,,
129N04615,2020-05-25 05:50:00,49.00,100.00
129N04615,2020-05-25 06:00:00,55.45,100.00
129N04615,2020-05-25 06:10:00,58.00,100.00
129N04615,2020-05-25 06:20:00,,
129N04615,2020-05-25 06:30:00,,
129N04615,2020-05-25 06:40:00,58.74,88.75
129N04615,2020-05-25 06:50:00,53.11,100.00
129N04615,2020-05-25 07:00:00,,
129N04615,2020-05-25 07:10:00,59.23,83.88
129N04615,2020-05-25 07:20:00,55.91,93.70
129N04615,2020-05-25 07:30:00,60.10,74.80
129N04615,2020-05-25 07:40:00,59.56,78.70
129N04615,2020-05-25 07:50:00,60.82,81.90
129N04615,2020-05-25 08:00:00,60.66,97.40
129N04615,2020-05-25 08:10:00,57.10,100.00
129N04615,2020-05-25 08:20:00,55.72,98.10
129N04615,2020-05-25 08:30:00,60.35,74.70
129N04615,2020-05-25 08:40:00,57.57,78.80
129N04615,2020-05-25 08:50:00,59.96,90.88
129N04615,2020-05-25 09:00:00,50.32,78.40
129N04615,2020-05-25 09:10:00,57.41,91.60
129N04615,2020-05-25 09:20:00,58.56,87.25
129N04615,2020-05-25 09:30:00,53.23,93.80
129N04615,2020-05-25 09:40:00,57.03,81.88
129N04615,2020-05-25 09:50:00,47.55,72.00
129N04615,2020-05-25 10:00:00,58.30,63.40
129N04615,2020-05-25 10:10:00,63.00,60.25
129N04615,2020-05-25 10:20:00,60.90,79.11
129N04615,2020-05-25 10:30:00,68.37,36.00
129N04615,2020-05-25 10:40:00,62.66,65.20
129N04615,2020-05-25 10:50:00,57.00,100.00
129N04615,2020-05-25 11:00:00,58.53,98.90
129N04615,2020-05-25 11:10:00,66.20,89.00
129N04615,2020-05-25 11:20:00,60.35,82.80
129N04615,2020-05-25 11:30:00,58.34,93.60
129N04615,2020-05-25 11:40:00,60.27,98.60
129N04615,2020-05-25 11:50:00,57.80,100.00
129N04615,2020-05-25 12:00:00,62.79,81.90
129N04615,2020-05-25 12:10:00,53.08,78.90
129N04615,2020-05-25 12:20:00,56.69,100.00
129N04615,2020-05-25 12:30:00,59.89,84.40
129N04615,2020-05-25 12:40:00,60.00,88.00
129N04615,2020-05-25 12:50:00,54.73,93.17
129N04615,2020-05-25 13:00:00,60.25,64.80
129N04615,2020-05-25 13:10:00,54.17,93.70
129N04615,2020-05-25 13:20:00,58.75,93.80
129N04615,2020-05-25 13:30:00,64.08,58.60
129N04615,2020-05-25 13:40:00,64.75,70.50
129N04615,2020-05-25 13:50:00,59.54,91.22
129N04615,2020-05-25 14:00:00,64.91,83.70
129N04615,2020-05-25 14:10:00,58.51,96.30
129N04615,2020-05-25 14:20:00,56.21,97.40
129N04615,2020-05-25 14:30:00,61.38,72.80
129N04615,2020-05-25 14:40:00,56.64,92.30
129N04615,2020-05-25 14:50:00,61.46,73.10
129N04615,2020-05-25 15:00:00,64.22,57.80
129N04615,2020-05-25 15:10:00,56.08,100.00
129N04615,2020-05-25 15:20:00,59.83,90.00
129N04615,2020-05-25 15:30:00,61.34,95.00
129N04615,2020-05-25 15:40:00,55.29,100.00
129N04615,2020-05-25 15:50:00,59.68,76.56
129N04615,2020-05-25 16:00:00,69.70,34.70
129N04615,2020-05-25 16:10:00,61.16,81.10
129N04615,2020-05-25 16:20:00,57.65,99.10
129N04615,2020-05-25 16:30:00,67.31,76.40
129N04615,2020-05-25 16:40:00,64.57,92.70
129N04615,2020-05-25 16:50:00,62.16,90.00
129N04615,2020-05-25 17:00:00,63.12,84.00
129N04615,2020-05-25 17:10:00,62.83,93.50
129N04615,2020-05-25 17:20:00,58.70,99.10
129N04615,2020-05-25 17:30:00,59.74,99.80
129N04615,2020-05-25 17:40:00,60.53,98.40
129N04615,2020-05-25 17:50:00,59.14,95.40
129N04615,2020-05-25 18:00:00,55.30,100.00
129N04615,2020-05-25 18:10:00,58.77,95.00
129N04615,2020-05-25 18:20:00,62.32,67.10
129N04615,2020-05-25 18:30:00,69.00,35.60
129N04615,2020-05-25 18:40:00,62.55,85.78
129N04615,2020-05-25 18:50:00,55.35,86.90
129N04615,2020-05-25 19:00:00,54.50,86.60
129N04615,2020-05-25 19:10:00,58.56,96.20
129N04615,2020-05-25 19:20:00,60.43,82.00
129N04615,2020-05-25 19:30:00,54.30,100.00
129N04615,2020-05-25 19:40:00,55.56,95.90
129N04615,2020-05-25 19:50:00,59.20,74.78
129N04615,2020-05-25 20:00:00,63.91,56.90
129N04615,2020-05-25 20:10:00,59.95,63.00
129N04615,2020-05-25 20:20:00,57.57,95.57
129N04615,2020-05-25 20:30:00,59.48,100.00
129N04615,2020-05-25 20:40:00,55.25,77.00
129N04615,2020-05-25 20:50:00,54.75,77.78
129N04615,2020-05-25 21:00:00,51.39,85.33
129N04615,2020-05-25 21:10:00,56.21,93.60
129N04615,2020-05-25 21:20:00,60.84,84.33
129N04615,2020-05-25 21:30:00,59.18,100.00
129N04615,2020-05-25 21:40:00,60.00,100.00
129N04615,2020-05-25 21:50:00,56.38,100.00
129N04615,2020-05-25 22:00:00,57.45,75.50
129N04615,2020-05-25 22:10:00,64.28,66.30
129N04615,2020-05-25 22:20:00,63.00,90.00
129N04615,2020-05-25 22:30:00,63.00,90.00
129N04615,2020-05-25 22:40:00,,
129N04615,2020-05-25 22:50:00,60.00,100.00
129N04615,2020-05-25 23:00:00,50.39,41.10
129N04615,2020-05-25 23:10:00,57.29,83.80
129N04615,2020-05-25 23:20:00,55.45,92.60
129N04615,2020-05-25 23:30:00,56.15,94.70
129N04615,2020-05-25 23:40:00,65.34,42.50
129N04615,2020-05-25 23:50:00,71.19,28.60
129-04614,2020-05-25 00:00:00,65.00,94.00
129-04614,2020-05-25 00:10:00,64.33,84.88
129-04614,2020-05-25 00:20:00,73.00,59.10
129-04614,2020-05-25 00:30:00,73.00,68.00
129-04614,2020-05-25 00:40:00,59.28,39.57
129-04614,2020-05-25 00:50:00,66.52,88.50
129-04614,2020-05-25 01:00:00,68.49,78.80
129-04614,2020-05-25 01:10:00,61.47,70.60
129-04614,2020-05-25 01:20:00,65.76,89.40
129-04614,2020-05-25 01:30:00,63.26,90.60
129-04614,2020-05-25 01:40:00,65.80,96.20
129-04614,2020-05-25 01:50:00,66.00,95.00
129-04614,2020-05-25 02:00:00,58.00,64.50
129-04614,2020-05-25 02:10:00,65.00,88.50
129-04614,2020-05-25 02:20:00,60.00,72.00
129-04614,2020-05-25 02:30:00,60.00,82.43
129-04614,2020-05-25 02:40:00,,
129-04614,2020-05-25 02:50:00,,
129-04614,2020-05-25 03:00:00,66.00,69.00
129-04614,2020-05-25 03:10:00,,
129-04614,2020-05-25 03:20:00,,
129-04614,2020-05-25 03:30:00,,
129-04614,2020-05-25 03:40:00,,
129-04614,2020-05-25 03:50:00,66.28,71.29
129-04614,2020-05-25 04:00:00,64.70,84.60
129-04614,2020-05-25 04:10:00,68.16,77.83
129-04614,2020-05-25 04:20:00,64.00,95.00
129-04614,2020-05-25 04:30:00,64.00,94.20
129-04614,2020-05-25 04:40:00,61.00,84.00
129-04614,2020-05-25 04:50:00,60.49,84.38
129-04614,2020-05-25 05:00:00,,
129-04614,2020-05-25 05:10:00,,
129-04614,2020-05-25 05:20:00,,
129-04614,2020-05-25 05:30:00,,
129-04614,2020-05-25 05:40:00,,
129-04614,2020-05-25 05:50:00,69.63,65.80
129-04614,2020-05-25 06:00:00,70.55,90.10
129-04614,2020-05-25 06:10:00,62.34,100.00
129-04614,2020-05-25 06:20:00,60.00,100.00
129-04614,2020-05-25 06:30:00,61.14,100.00
129-04614,2020-05-25 06:40:00,62.46,100.00
129-04614,2020-05-25 06:50:00,64.72,85.00
129-04614,2020-05-25 07:00:00,68.84,63.10
129-04614,2020-05-25 07:10:00,68.19,75.10
129-04614,2020-05-25 07:20:00,65.02,93.80
129-04614,2020-05-25 07:30:00,67.76,92.40
129-04614,2020-05-25 07:40:00,67.15,94.30
129-04614,2020-05-25 07:50:00,68.30,86.90
129-04614,2020-05-25 08:00:00,69.38,88.20
129-04614,2020-05-25 08:10:00,65.70,99.00
129-04614,2020-05-25 08:20:00,71.11,76.00
129-04614,2020-05-25 08:30:00,76.35,51.20
129-04614,2020-05-25 08:40:00,69.80,88.30
129-04614,2020-05-25 08:50:00,68.55,93.40
129-04614,2020-05-25 09:00:00,65.79,99.80
129-04614,2020-05-25 09:10:00,66.28,99.60
129-04614,2020-05-25 09:20:00,68.19,97.00
129-04614,2020-05-25 09:30:00,76.78,35.80
129-04614,2020-05-25 09:40:00,67.77,96.80
129-04614,2020-05-25 09:50:00,66.94,98.10
129-04614,2020-05-25 10:00:00,70.71,95.70
129-04614,2020-05-25 10:10:00,71.04,95.90
129-04614,2020-05-25 10:20:00,68.68,97.80
129-04614,2020-05-25 10:30:00,72.17,84.00
129-04614,2020-05-25 10:40:00,72.93,84.50
129-04614,2020-05-25 10:50:00,67.79,94.00
129-04614,2020-05-25 11:00:00,69.16,98.30
129-04614,2020-05-25 11:10:00,71.76,100.00
129-04614,2020-05-25 11:20:00,70.58,99.90
129-04614,2020-05-25 11:30:00,70.77,99.50
129-04614,2020-05-25 11:40:00,70.28,99.80
129-04614,2020-05-25 11:50:00,68.69,98.80
129-04614,2020-05-25 12:00:00,69.58,100.00
129-04614,2020-05-25 12:10:00,72.60,99.10
129-04614,2020-05-25 12:20:00,70.67,98.40
129-04614,2020-05-25 12:30:00,74.05,93.50
129-04614,2020-05-25 12:40:00,73.69,96.70
129-04614,2020-05-25 12:50:00,73.11,88.90
129-04614,2020-05-25 13:00:00,75.95,84.90
129-04614,2020-05-25 13:10:00,71.07,96.80
129-04614,2020-05-25 13:20:00,68.38,98.60
129-04614,2020-05-25 13:30:00,71.39,97.40
129-04614,2020-05-25 13:40:00,70.07,99.70
129-04614,2020-05-25 13:50:00,69.49,100.00
129-04614,2020-05-25 14:00:00,67.89,99.60
129-04614,2020-05-25 14:10:00,69.14,100.00
129-04614,2020-05-25 14:20:00,66.07,99.60
129-04614,2020-05-25 14:30:00,70.29,98.10
129-04614,2020-05-25 14:40:00,68.26,96.80
129-04614,2020-05-25 14:50:00,70.97,84.90
129-04614,2020-05-25 15:00:00,70.78,100.00
129-04614,2020-05-25 15:10:00,72.09,98.10
129-04614,2020-05-25 15:20:00,70.99,99.90
129-04614,2020-05-25 15:30:00,72.07,100.00
129-04614,2020-05-25 15:40:00,72.39,100.00
129-04614,2020-05-25 15:50:00,70.97,100.00
129-04614,2020-05-25 16:00:00,72.32,100.00
129-04614,2020-05-25 16:10:00,70.87,100.00
129-04614,2020-05-25 16:20:00,74.16,98.40
129-04614,2020-05-25 16:30:00,70.19,95.40
129-04614,2020-05-25 16:40:00,73.04,97.20
129-04614,2020-05-25 16:50:00,71.26,98.70
129-04614,2020-05-25 17:00:00,69.79,100.00
129-04614,2020-05-25 17:10:00,69.49,100.00
129-04614,2020-05-25 17:20:00,70.06,99.60
129-04614,2020-05-25 17:30:00,68.77,100.00
129-04614,2020-05-25 17:40:00,69.55,95.40
129-04614,2020-05-25 17:50:00,68.99,98.80
129-04614,2020-05-25 18:00:00,68.28,97.90
129-04614,2020-05-25 18:10:00,74.09,88.40
129-04614,2020-05-25 18:20:00,71.62,90.70
129-04614,2020-05-25 18:30:00,72.45,87.80
129-04614,2020-05-25 18:40:00,70.49,99.50
129-04614,2020-05-25 18:50:00,70.19,99.20
129-04614,2020-05-25 19:00:00,69.98,96.30
129-04614,2020-05-25 19:10:00,72.18,89.60
129-04614,2020-05-25 19:20:00,69.59,95.00
129-04614,2020-05-25 19:30:00,67.25,99.10
129-04614,2020-05-25 19:40:00,69.42,93.10
129-04614,2020-05-25 19:50:00,66.75,93.30
129-04614,2020-05-25 20:00:00,71.90,85.70
129-04614,2020-05-25 20:10:00,65.96,97.10
129-04614,2020-05-25 20:20:00,68.27,91.70
129-04614,2020-05-25 20:30:00,70.84,79.00
129-04614,2020-05-25 20:40:00,70.19,90.10
129-04614,2020-05-25 20:50:00,65.96,99.10
129-04614,2020-05-25 21:00:00,67.12,98.40
129-04614,2020-05-25 21:10:00,67.37,99.00
129-04614,2020-05-25 21:20:00,66.07,98.90
129-04614,2020-05-25 21:30:00,61.79,90.50
129-04614,2020-05-25 21:40:00,67.99,88.70
129-04614,2020-05-25 21:50:00,67.90,75.30
129-04614,2020-05-25 22:00:00,68.25,88.10
129-04614,2020-05-25 22:10:00,66.59,91.00
129-04614,2020-05-25 22:20:00,67.71,87.20
129-04614,2020-05-25 22:30:00,69.00,88.00
129-04614,2020-05-25 22:40:00,,
129-04614,2020-05-25 22:50:00,63.69,100.00
129-04614,2020-05-25 23:00:00,64.34,79.20
129-04614,2020-05-25 23:10:00,71.50,56.20
129-04614,2020-05-25 23:20:00,67.08,95.50
129-04614,2020-05-25 23:30:00,69.15,83.00
129-04614,2020-05-25 23:40:00,73.85,56.70
129-04614,2020-05-25 23:50:00,72.61,54.00
