tmc,tstamp,speed,cvalue
129P04429,2020-03-02 00:00:00,61.73,64.30
129P04429,2020-03-02 00:10:00,67.73,59.25
129P04429,2020-03-02 00:20:00,62.83,95.71
129P04429,2020-03-02 00:30:00,62.32,92.83
129P04429,2020-03-02 00:40:00,64.78,85.60
129P04429,2020-03-02 00:50:00,68.55,82.11
129P04429,2020-03-02 01:00:00,63.73,79.50
129P04429,2020-03-02 01:10:00,60.24,74.67
129P04429,2020-03-02 01:20:00,60.00,64.40
129P04429,2020-03-02 01:30:00,60.00,66.50
129P04429,2020-03-02 01:40:00,57.72,67.50
129P04429,2020-03-02 01:50:00,64.77,75.13
129P04429,2020-03-02 02:00:00,69.93,60.00
129P04429,2020-03-02 02:10:00,,
129P04429,2020-03-02 02:20:00,61.66,78.10
129P04429,2020-03-02 02:30:00,66.88,95.90
129P04429,2020-03-02 02:40:00,66.60,82.20
129P04429,2020-03-02 02:50:00,64.62,64.38
129P04429,2020-03-02 03:00:00,62.00,91.86
129P04429,2020-03-02 03:10:00,62.00,90.33
129P04429,2020-03-02 03:20:00,63.50,94.78
129P04429,2020-03-02 03:30:00,66.90,85.20
129P04429,2020-03-02 03:40:00,66.18,94.50
129P04429,2020-03-02 03:50:00,65.90,97.80
129P04429,2020-03-02 04:00:00,64.07,93.00
129P04429,2020-03-02 04:10:00,66.24,94.50
129P04429,2020-03-02 04:20:00,66.68,94.00
129P04429,2020-03-02 04:30:00,65.08,96.10
129P04429,2020-03-02 04:40:00,65.98,98.50
129P04429,2020-03-02 04:50:00,68.58,100.00
129P04429,2020-03-02 05:00:00,66.69,100.00
129P04429,2020-03-02 05:10:00,68.08,100.00
129P04429,2020-03-02 05:20:00,67.74,100.00
129P04429,2020-03-02 05:30:00,66.68,100.00
129P04429,2020-03-02 05:40:00,64.09,100.00
129P04429,2020-03-02 05:50:00,63.70,100.00
129P04429,2020-03-02 06:00:00,64.68,100.00
129P04429,2020-03-02 06:10:00,62.99,100.00
129P04429,2020-03-02 06:20:00,62.40,100.00
129P04429,2020-03-02 06:30:00,62.30,100.00
129P04429,2020-03-02 06:40:00,62.40,100.00
129P04429,2020-03-02 06:50:00,61.89,100.00
129P04429,2020-03-02 07:00:00,60.19,100.00
129P04429,2020-03-02 07:10:00,61.00,100.00
129P04429,2020-03-02 07:20:00,60.10,100.00
129P04429,2020-03-02 07:30:00,59.60,100.00
129P04429,2020-03-02 07:40:00,55.93,100.00
129P04429,2020-03-02 07:50:00,43.63,100.00
129P04429,2020-03-02 08:00:00,40.15,100.00
129P04429,2020-03-02 08:10:00,26.48,100.00
129P04429,2020-03-02 08:20:00,25.36,100.00
129P04429,2020-03-02 08:30:00,26.86,100.00
129P04429,2020-03-02 08:40:00,36.71,100.00
129P04429,2020-03-02 08:50:00,22.33,100.00
129P04429,2020-03-02 09:00:00,13.92,100.00
129P04429,2020-03-02 09:10:00,17.91,100.00
129P04429,2020-03-02 09:20:00,47.19,100.00
129P04429,2020-03-02 09:30:00,55.65,100.00
129P04429,2020-03-02 09:40:00,56.02,100.00
129P04429,2020-03-02 09:50:00,58.46,100.00
129P04429,2020-03-02 10:00:00,62.65,100.00
129P04429,2020-03-02 10:10:00,64.47,100.00
129P04429,2020-03-02 10:20:00,64.85,100.00
129P04429,2020-03-02 10:30:00,64.39,100.00
129P04429,2020-03-02 10:40:00,66.84,100.00
129P04429,2020-03-02 10:50:00,66.98,100.00
129P04429,2020-03-02 11:00:00,66.89,100.00
129P04429,2020-03-02 11:10:00,64.90,100.00
129P04429,2020-03-02 11:20:00,66.59,100.00
129P04429,2020-03-02 11:30:00,65.09,100.00
129P04429,2020-03-02 11:40:00,68.19,100.00
129P04429,2020-03-02 11:50:00,65.88,100.00
129P04429,2020-03-02 12:00:00,66.67,100.00
129P04429,2020-03-02 12:10:00,67.49,100.00
129P04429,2020-03-02 12:20:00,67.68,100.00
129P04429,2020-03-02 12:30:00,65.65,100.00
129P04429,2020-03-02 12:40:00,68.15,100.00
129P04429,2020-03-02 12:50:00,64.89,100.00
129P04429,2020-03-02 13:00:00,66.29,100.00
129P04429,2020-03-02 13:10:00,66.79,100.00
129P04429,2020-03-02 13:20:00,66.00,100.00
129P04429,2020-03-02 13:30:00,65.38,100.00
129P04429,2020-03-02 13:40:00,68.57,100.00
129P04429,2020-03-02 13:50:00,69.19,100.00
129P04429,2020-03-02 14:00:00,69.58,100.00
129P04429,2020-03-02 14:10:00,66.29,100.00
129P04429,2020-03-02 14:20:00,64.49,100.00
129P04429,2020-03-02 14:30:00,66.46,100.00
129P04429,2020-03-02 14:40:00,67.08,100.00
129P04429,2020-03-02 14:50:00,67.66,100.00
129P04429,2020-03-02 15:00:00,65.55,100.00
129P04429,2020-03-02 15:10:00,63.78,100.00
129P04429,2020-03-02 15:20:00,65.79,100.00
129P04429,2020-03-02 15:30:00,64.69,100.00
129P04429,2020-03-02 15:40:00,66.19,100.00
129P04429,2020-03-02 15:50:00,62.88,100.00
129P04429,2020-03-02 16:00:00,65.49,100.00
129P04429,2020-03-02 16:10:00,66.38,100.00
129P04429,2020-03-02 16:20:00,65.99,100.00
129P04429,2020-03-02 16:30:00,64.27,100.00
129P04429,2020-03-02 16:40:00,64.64,100.00
129P04429,2020-03-02 16:50:00,63.39,100.00
129P04429,2020-03-02 17:00:00,63.16,100.00
129P04429,2020-03-02 17:10:00,61.58,100.00
129P04429,2020-03-02 17:20:00,61.36,100.00
129P04429,2020-03-02 17:30:00,55.93,100.00
129P04429,2020-03-02 17:40:00,58.29,100.00
129P04429,2020-03-02 17:50:00,55.57,100.00
129P04429,2020-03-02 18:00:00,54.08,100.00
129P04429,2020-03-02 18:10:00,55.46,100.00
129P04429,2020-03-02 18:20:00,61.79,100.00
129P04429,2020-03-02 18:30:00,62.19,100.00
129P04429,2020-03-02 18:40:00,60.77,100.00
129P04429,2020-03-02 18:50:00,60.06,100.00
129P04429,2020-03-02 19:00:00,63.64,100.00
129P04429,2020-03-02 19:10:00,63.24,100.00
129P04429,2020-03-02 19:20:00,62.79,100.00
129P04429,2020-03-02 19:30:00,63.20,100.00
129P04429,2020-03-02 19:40:00,64.34,100.00
129P04429,2020-03-02 19:50:00,64.35,100.00
129P04429,2020-03-02 20:00:00,65.26,100.00
129P04429,2020-03-02 20:10:00,64.70,100.00
129P04429,2020-03-02 20:20:00,64.29,92.40
129P04429,2020-03-02 20:30:00,64.07,100.00
129P04429,2020-03-02 20:40:00,65.79,100.00
129P04429,2020-03-02 20:50:00,69.66,66.10
129P04429,2020-03-02 21:00:00,66.69,100.00
129P04429,2020-03-02 21:10:00,64.88,100.00
129P04429,2020-03-02 21:20:00,68.66,100.00
129P04429,2020-03-02 21:30:00,69.53,91.20
129P04429,2020-03-02 21:40:00,64.65,100.00
129P04429,2020-03-02 21:50:00,63.47,87.30
129P04429,2020-03-02 22:00:00,65.00,95.30
129P04429,2020-03-02 22:10:00,67.77,75.40
129P04429,2020-03-02 22:20:00,68.55,84.30
129P04429,2020-03-02 22:30:00,68.55,85.30
129P04429,2020-03-02 22:40:00,67.59,83.00
129P04429,2020-03-02 22:50:00,66.12,89.50
129P04429,2020-03-02 23:00:00,63.23,57.60
129P04429,2020-03-02 23:10:00,66.56,72.60
129P04429,2020-03-02 23:20:00,65.50,86.00
129P04429,2020-03-02 23:30:00,70.20,57.00
129P04429,2020-03-02 23:40:00,67.66,93.70
129P04429,2020-03-02 23:50:00,63.38,81.80
129+04432,2020-03-02 00:00:00,56.28,89.30
129+04432,2020-03-02 00:10:00,56.16,89.50
129+04432,2020-03-02 00:20:00,53.46,90.70
129+04432,2020-03-02 00:30:00,55.26,89.70
129+04432,2020-03-02 00:40:00,57.89,87.90
129+04432,2020-03-02 00:50:00,59.00,84.80
129+04432,2020-03-02 01:00:00,51.41,50.00
129+04432,2020-03-02 01:10:00,53.44,83.44
129+04432,2020-03-02 01:20:00,55.11,95.88
129+04432,2020-03-02 01:30:00,54.14,88.17
129+04432,2020-03-02 01:40:00,59.00,55.67
129+04432,2020-03-02 01:50:00,59.00,71.00
129+04432,2020-03-02 02:00:00,58.36,77.90
129+04432,2020-03-02 02:10:00,53.28,71.29
129+04432,2020-03-02 02:20:00,53.00,49.67
129+04432,2020-03-02 02:30:00,57.83,90.50
129+04432,2020-03-02 02:40:00,56.38,87.10
129+04432,2020-03-02 02:50:00,60.75,63.10
129+04432,2020-03-02 03:00:00,51.56,53.00
129+04432,2020-03-02 03:10:00,51.24,76.80
129+04432,2020-03-02 03:20:00,51.75,84.70
129+04432,2020-03-02 03:30:00,54.03,88.30
129+04432,2020-03-02 03:40:00,56.51,79.20
129+04432,2020-03-02 03:50:00,55.48,95.10
129+04432,2020-03-02 04:00:00,54.59,87.10
129+04432,2020-03-02 04:10:00,55.98,96.70
129+04432,2020-03-02 04:20:00,55.85,98.20
129+04432,2020-03-02 04:30:00,52.38,87.20
129+04432,2020-03-02 04:40:00,57.58,83.50
129+04432,2020-03-02 04:50:00,60.09,100.00
129+04432,2020-03-02 05:00:00,60.59,100.00
129+04432,2020-03-02 05:10:00,58.68,100.00
129+04432,2020-03-02 05:20:00,57.99,98.40
129+04432,2020-03-02 05:30:00,59.55,100.00
129+04432,2020-03-02 05:40:00,60.19,100.00
129+04432,2020-03-02 05:50:00,58.89,100.00
129+04432,2020-03-02 06:00:00,57.40,100.00
129+04432,2020-03-02 06:10:00,57.69,100.00
129+04432,2020-03-02 06:20:00,57.03,100.00
129+04432,2020-03-02 06:30:00,55.36,100.00
129+04432,2020-03-02 06:40:00,57.10,100.00
129+04432,2020-03-02 06:50:00,55.99,100.00
129+04432,2020-03-02 07:00:00,53.46,100.00
129+04432,2020-03-02 07:10:00,52.40,100.00
129+04432,2020-03-02 07:20:00,50.89,100.00
129+04432,2020-03-02 07:30:00,46.38,100.00
129+04432,2020-03-02 07:40:00,37.28,100.00
129+04432,2020-03-02 07:50:00,33.06,100.00
129+04432,2020-03-02 08:00:00,32.11,100.00
129+04432,2020-03-02 08:10:00,40.67,100.00
129+04432,2020-03-02 08:20:00,39.97,100.00
129+04432,2020-03-02 08:30:00,20.28,100.00
129+04432,2020-03-02 08:40:00,10.76,100.00
129+04432,2020-03-02 08:50:00,12.90,100.00
129+04432,2020-03-02 09:00:00,21.36,100.00
129+04432,2020-03-02 09:10:00,20.55,100.00
129+04432,2020-03-02 09:20:00,17.41,100.00
129+04432,2020-03-02 09:30:00,14.61,100.00
129+04432,2020-03-02 09:40:00,15.97,100.00
129+04432,2020-03-02 09:50:00,24.81,100.00
129+04432,2020-03-02 10:00:00,37.94,100.00
129+04432,2020-03-02 10:10:00,55.28,100.00
129+04432,2020-03-02 10:20:00,55.79,100.00
129+04432,2020-03-02 10:30:00,55.20,100.00
129+04432,2020-03-02 10:40:00,55.69,100.00
129+04432,2020-03-02 10:50:00,56.47,100.00
129+04432,2020-03-02 11:00:00,58.00,100.00
129+04432,2020-03-02 11:10:00,57.60,100.00
129+04432,2020-03-02 11:20:00,58.19,100.00
129+04432,2020-03-02 11:30:00,58.29,100.00
129+04432,2020-03-02 11:40:00,57.20,100.00
129+04432,2020-03-02 11:50:00,57.39,100.00
129+04432,2020-03-02 12:00:00,56.65,100.00
129+04432,2020-03-02 12:10:00,58.58,100.00
129+04432,2020-03-02 12:20:00,57.77,100.00
129+04432,2020-03-02 12:30:00,57.89,100.00
129+04432,2020-03-02 12:40:00,58.18,100.00
129+04432,2020-03-02 12:50:00,58.29,100.00
129+04432,2020-03-02 13:00:00,57.60,100.00
129+04432,2020-03-02 13:10:00,56.60,100.00
129+04432,2020-03-02 13:20:00,55.59,100.00
129+04432,2020-03-02 13:30:00,57.10,100.00
129+04432,2020-03-02 13:40:00,57.40,100.00
129+04432,2020-03-02 13:50:00,55.96,100.00
129+04432,2020-03-02 14:00:00,57.19,100.00
129+04432,2020-03-02 14:10:00,55.49,100.00
129+04432,2020-03-02 14:20:00,57.09,100.00
129+04432,2020-03-02 14:30:00,55.10,100.00
129+04432,2020-03-02 14:40:00,56.18,100.00
129+04432,2020-03-02 14:50:00,56.99,100.00
129+04432,2020-03-02 15:00:00,56.48,100.00
129+04432,2020-03-02 15:10:00,54.37,100.00
129+04432,2020-03-02 15:20:00,55.57,100.00
129+04432,2020-03-02 15:30:00,54.39,100.00
129+04432,2020-03-02 15:40:00,53.00,100.00
129+04432,2020-03-02 15:50:00,53.39,100.00
129+04432,2020-03-02 16:00:00,56.26,100.00
129+04432,2020-03-02 16:10:00,58.00,100.00
129+04432,2020-03-02 16:20:00,56.48,100.00
129+04432,2020-03-02 16:30:00,55.50,100.00
129+04432,2020-03-02 16:40:00,53.98,100.00
129+04432,2020-03-02 16:50:00,54.09,100.00
129+04432,2020-03-02 17:00:00,54.39,100.00
129+04432,2020-03-02 17:10:00,52.93,100.00
129+04432,2020-03-02 17:20:00,53.50,100.00
129+04432,2020-03-02 17:30:00,53.89,100.00
129+04432,2020-03-02 17:40:00,54.38,100.00
129+04432,2020-03-02 17:50:00,52.17,100.00
129+04432,2020-03-02 18:00:00,52.59,100.00
129+04432,2020-03-02 18:10:00,53.09,100.00
129+04432,2020-03-02 18:20:00,52.90,100.00
129+04432,2020-03-02 18:30:00,52.70,100.00
129+04432,2020-03-02 18:40:00,53.09,100.00
129+04432,2020-03-02 18:50:00,52.59,100.00
129+04432,2020-03-02 19:00:00,53.09,100.00
129+04432,2020-03-02 19:10:00,53.99,100.00
129+04432,2020-03-02 19:20:00,54.29,100.00
129+04432,2020-03-02 19:30:00,55.00,100.00
129+04432,2020-03-02 19:40:00,57.57,100.00
129+04432,2020-03-02 19:50:00,54.48,100.00
129+04432,2020-03-02 20:00:00,56.85,100.00
129+04432,2020-03-02 20:10:00,55.28,100.00
129+04432,2020-03-02 20:20:00,53.49,100.00
129+04432,2020-03-02 20:30:00,57.60,100.00
129+04432,2020-03-02 20:40:00,58.94,100.00
129+04432,2020-03-02 20:50:00,59.71,98.00
129+04432,2020-03-02 21:00:00,56.09,100.00
129+04432,2020-03-02 21:10:00,57.77,99.00
129+04432,2020-03-02 21:20:00,57.69,100.00
129+04432,2020-03-02 21:30:00,57.80,100.00
129+04432,2020-03-02 21:40:00,56.58,100.00
129+04432,2020-03-02 21:50:00,58.89,98.20
129+04432,2020-03-02 22:00:00,56.56,96.00
129+04432,2020-03-02 22:10:00,56.44,96.40
129+04432,2020-03-02 22:20:00,55.25,96.70
129+04432,2020-03-02 22:30:00,53.09,98.20
129+04432,2020-03-02 22:40:00,51.87,88.20
129+04432,2020-03-02 22:50:00,56.07,87.90
129+04432,2020-03-02 23:00:00,55.03,91.20
129+04432,2020-03-02 23:10:00,51.77,77.50
129+04432,2020-03-02 23:20:00,50.58,85.60
129+04432,2020-03-02 23:30:00,51.60,98.10
129+04432,2020-03-02 23:40:00,51.69,94.70
129+04432,2020-03-02 23:50:00,52.78,90.10
129P04428,2020-03-02 00:00:00,71.23,38.90
129P04428,2020-03-02 00:10:00,77.00,21.67
129P04428,2020-03-02 00:20:00,66.81,86.10
129P04428,2020-03-02 00:30:00,64.79,82.40
129P04428,2020-03-02 00:40:00,61.19,49.80
129P04428,2020-03-02 00:50:00,62.92,69.00
129P04428,2020-03-02 01:00:00,63.34,91.60
129P04428,2020-03-02 01:10:00,65.51,84.20
129P04428,2020-03-02 01:20:00,60.59,98.00
129P04428,2020-03-02 01:30:00,,
129P04428,2020-03-02 01:40:00,57.48,80.00
129P04428,2020-03-02 01:50:00,67.42,52.00
129P04428,2020-03-02 02:00:00,67.95,78.50
129P04428,2020-03-02 02:10:00,,
129P04428,2020-03-02 02:20:00,60.96,78.11
129P04428,2020-03-02 02:30:00,62.45,76.90
129P04428,2020-03-02 02:40:00,65.40,83.20
129P04428,2020-03-02 02:50:00,61.65,72.17
129P04428,2020-03-02 03:00:00,63.00,100.00
129P04428,2020-03-02 03:10:00,63.50,98.50
129P04428,2020-03-02 03:20:00,63.58,92.70
129P04428,2020-03-02 03:30:00,66.90,73.20
129P04428,2020-03-02 03:40:00,66.67,89.90
129P04428,2020-03-02 03:50:00,66.49,97.00
129P04428,2020-03-02 04:00:00,64.97,95.00
129P04428,2020-03-02 04:10:00,68.07,93.60
129P04428,2020-03-02 04:20:00,66.72,95.80
129P04428,2020-03-02 04:30:00,64.47,92.10
129P04428,2020-03-02 04:40:00,64.92,91.30
129P04428,2020-03-02 04:50:00,67.45,100.00
129P04428,2020-03-02 05:00:00,66.09,100.00
129P04428,2020-03-02 05:10:00,70.08,97.80
129P04428,2020-03-02 05:20:00,70.25,100.00
129P04428,2020-03-02 05:30:00,69.77,100.00
129P04428,2020-03-02 05:40:00,63.36,100.00
129P04428,2020-03-02 05:50:00,63.00,100.00
129P04428,2020-03-02 06:00:00,62.30,100.00
129P04428,2020-03-02 06:10:00,55.78,100.00
129P04428,2020-03-02 06:20:00,30.04,100.00
129P04428,2020-03-02 06:30:00,25.84,100.00
129P04428,2020-03-02 06:40:00,22.44,100.00
129P04428,2020-03-02 06:50:00,21.36,100.00
129P04428,2020-03-02 07:00:00,21.42,100.00
129P04428,2020-03-02 07:10:00,19.22,100.00
129P04428,2020-03-02 07:20:00,20.89,100.00
129P04428,2020-03-02 07:30:00,20.37,100.00
129P04428,2020-03-02 07:40:00,21.09,100.00
129P04428,2020-03-02 07:50:00,21.20,100.00
129P04428,2020-03-02 08:00:00,20.37,100.00
129P04428,2020-03-02 08:10:00,20.94,100.00
129P04428,2020-03-02 08:20:00,17.03,100.00
129P04428,2020-03-02 08:30:00,15.27,100.00
129P04428,2020-03-02 08:40:00,17.72,100.00
129P04428,2020-03-02 08:50:00,20.66,100.00
129P04428,2020-03-02 09:00:00,20.29,100.00
129P04428,2020-03-02 09:10:00,13.68,100.00
129P04428,2020-03-02 09:20:00,16.23,100.00
129P04428,2020-03-02 09:30:00,17.94,100.00
129P04428,2020-03-02 09:40:00,25.73,100.00
129P04428,2020-03-02 09:50:00,58.91,100.00
129P04428,2020-03-02 10:00:00,63.29,100.00
129P04428,2020-03-02 10:10:00,63.97,100.00
129P04428,2020-03-02 10:20:00,65.59,100.00
129P04428,2020-03-02 10:30:00,63.99,100.00
129P04428,2020-03-02 10:40:00,65.68,100.00
129P04428,2020-03-02 10:50:00,67.17,100.00
129P04428,2020-03-02 11:00:00,69.39,100.00
129P04428,2020-03-02 11:10:00,64.79,100.00
129P04428,2020-03-02 11:20:00,66.27,100.00
129P04428,2020-03-02 11:30:00,67.18,100.00
129P04428,2020-03-02 11:40:00,67.88,100.00
129P04428,2020-03-02 11:50:00,67.38,100.00
129P04428,2020-03-02 12:00:00,66.28,100.00
129P04428,2020-03-02 12:10:00,68.39,100.00
129P04428,2020-03-02 12:20:00,67.79,100.00
129P04428,2020-03-02 12:30:00,64.57,100.00
129P04428,2020-03-02 12:40:00,64.09,100.00
129P04428,2020-03-02 12:50:00,65.96,100.00
129P04428,2020-03-02 13:00:00,65.65,100.00
129P04428,2020-03-02 13:10:00,66.67,94.70
129P04428,2020-03-02 13:20:00,65.13,100.00
129P04428,2020-03-02 13:30:00,65.97,100.00
129P04428,2020-03-02 13:40:00,67.28,100.00
129P04428,2020-03-02 13:50:00,67.38,100.00
129P04428,2020-03-02 14:00:00,69.25,100.00
129P04428,2020-03-02 14:10:00,64.55,100.00
129P04428,2020-03-02 14:20:00,63.20,100.00
129P04428,2020-03-02 14:30:00,65.78,100.00
129P04428,2020-03-02 14:40:00,64.18,100.00
129P04428,2020-03-02 14:50:00,67.27,100.00
129P04428,2020-03-02 15:00:00,62.64,100.00
129P04428,2020-03-02 15:10:00,62.18,100.00
129P04428,2020-03-02 15:20:00,63.39,100.00
129P04428,2020-03-02 15:30:00,64.18,100.00
129P04428,2020-03-02 15:40:00,63.58,100.00
129P04428,2020-03-02 15:50:00,63.66,100.00
129P04428,2020-03-02 16:00:00,64.69,100.00
129P04428,2020-03-02 16:10:00,66.33,100.00
129P04428,2020-03-02 16:20:00,66.93,100.00
129P04428,2020-03-02 16:30:00,62.64,100.00
129P04428,2020-03-02 16:40:00,66.09,100.00
129P04428,2020-03-02 16:50:00,64.85,100.00
129P04428,2020-03-02 17:00:00,63.89,100.00
129P04428,2020-03-02 17:10:00,64.24,100.00
129P04428,2020-03-02 17:20:00,60.59,100.00
129P04428,2020-03-02 17:30:00,52.25,100.00
129P04428,2020-03-02 17:40:00,20.80,100.00
129P04428,2020-03-02 17:50:00,15.17,100.00
129P04428,2020-03-02 18:00:00,27.11,100.00
129P04428,2020-03-02 18:10:00,54.30,100.00
129P04428,2020-03-02 18:20:00,60.49,100.00
129P04428,2020-03-02 18:30:00,62.76,100.00
129P04428,2020-03-02 18:40:00,62.17,100.00
129P04428,2020-03-02 18:50:00,62.89,100.00
129P04428,2020-03-02 19:00:00,64.37,100.00
129P04428,2020-03-02 19:10:00,63.49,100.00
129P04428,2020-03-02 19:20:00,64.16,100.00
129P04428,2020-03-02 19:30:00,62.66,100.00
129P04428,2020-03-02 19:40:00,59.34,91.40
129P04428,2020-03-02 19:50:00,63.95,100.00
129P04428,2020-03-02 20:00:00,62.86,100.00
129P04428,2020-03-02 20:10:00,64.01,100.00
129P04428,2020-03-02 20:20:00,61.63,98.00
129P04428,2020-03-02 20:30:00,64.76,100.00
129P04428,2020-03-02 20:40:00,69.06,55.60
129P04428,2020-03-02 20:50:00,69.53,80.10
129P04428,2020-03-02 21:00:00,63.08,100.00
129P04428,2020-03-02 21:10:00,68.11,97.70
129P04428,2020-03-02 21:20:00,70.95,85.50
129P04428,2020-03-02 21:30:00,67.99,99.50
129P04428,2020-03-02 21:40:00,68.39,88.60
129P04428,2020-03-02 21:50:00,69.15,91.30
129P04428,2020-03-02 22:00:00,57.82,36.60
129P04428,2020-03-02 22:10:00,65.24,54.10
129P04428,2020-03-02 22:20:00,68.76,88.60
129P04428,2020-03-02 22:30:00,68.93,82.90
129P04428,2020-03-02 22:40:00,65.22,88.00
129P04428,2020-03-02 22:50:00,66.29,89.40
129P04428,2020-03-02 23:00:00,62.17,66.10
129P04428,2020-03-02 23:10:00,59.46,55.60
129P04428,2020-03-02 23:20:00,64.67,96.30
129P04428,2020-03-02 23:30:00,67.98,74.50
129P04428,2020-03-02 23:40:00,63.00,99.70
129P04428,2020-03-02 23:50:00,63.54,92.70
129+04433,2020-03-02 00:00:00,49.69,90.90
129+04433,2020-03-02 00:10:00,49.45,95.50
129+04433,2020-03-02 00:20:00,51.56,81.30
129+04433,2020-03-02 00:30:00,51.17,75.90
129+04433,2020-03-02 00:40:00,57.96,68.60
129+04433,2020-03-02 00:50:00,54.94,75.30
129+04433,2020-03-02 01:00:00,50.75,96.60
129+04433,2020-03-02 01:10:00,50.00,100.00
129+04433,2020-03-02 01:20:00,49.20,84.80
129+04433,2020-03-02 01:30:00,49.00,87.20
129+04433,2020-03-02 01:40:00,50.00,99.80
129+04433,2020-03-02 01:50:00,50.00,100.00
129+04433,2020-03-02 02:00:00,51.75,84.71
129+04433,2020-03-02 02:10:00,47.55,85.44
129+04433,2020-03-02 02:20:00,,
129+04433,2020-03-02 02:30:00,48.26,92.50
129+04433,2020-03-02 02:40:00,51.80,88.60
129+04433,2020-03-02 02:50:00,52.00,51.30
129+04433,2020-03-02 03:00:00,51.68,91.40
129+04433,2020-03-02 03:10:00,49.00,53.90
129+04433,2020-03-02 03:20:00,50.52,73.10
129+04433,2020-03-02 03:30:00,52.22,93.30
129+04433,2020-03-02 03:40:00,52.30,74.67
129+04433,2020-03-02 03:50:00,50.44,91.40
129+04433,2020-03-02 04:00:00,56.15,69.50
129+04433,2020-03-02 04:10:00,50.00,93.70
129+04433,2020-03-02 04:20:00,50.72,94.30
129+04433,2020-03-02 04:30:00,55.60,84.10
129+04433,2020-03-02 04:40:00,60.35,46.00
129+04433,2020-03-02 04:50:00,61.54,100.00
129+04433,2020-03-02 05:00:00,61.04,100.00
129+04433,2020-03-02 05:10:00,59.19,100.00
129+04433,2020-03-02 05:20:00,63.14,94.40
129+04433,2020-03-02 05:30:00,62.88,100.00
129+04433,2020-03-02 05:40:00,59.48,100.00
129+04433,2020-03-02 05:50:00,58.49,100.00
129+04433,2020-03-02 06:00:00,57.08,100.00
129+04433,2020-03-02 06:10:00,57.48,100.00
129+04433,2020-03-02 06:20:00,55.15,100.00
129+04433,2020-03-02 06:30:00,53.97,100.00
129+04433,2020-03-02 06:40:00,54.39,100.00
129+04433,2020-03-02 06:50:00,53.99,100.00
129+04433,2020-03-02 07:00:00,52.49,100.00
129+04433,2020-03-02 07:10:00,50.09,100.00
129+04433,2020-03-02 07:20:00,47.07,100.00
129+04433,2020-03-02 07:30:00,40.28,100.00
129+04433,2020-03-02 07:40:00,32.06,100.00
129+04433,2020-03-02 07:50:00,32.30,100.00
129+04433,2020-03-02 08:00:00,37.87,100.00
129+04433,2020-03-02 08:10:00,37.56,100.00
129+04433,2020-03-02 08:20:00,32.83,100.00
129+04433,2020-03-02 08:30:00,12.30,100.00
129+04433,2020-03-02 08:40:00,13.23,100.00
129+04433,2020-03-02 08:50:00,22.20,100.00
129+04433,2020-03-02 09:00:00,26.74,100.00
129+04433,2020-03-02 09:10:00,22.74,100.00
129+04433,2020-03-02 09:20:00,22.72,100.00
129+04433,2020-03-02 09:30:00,17.41,100.00
129+04433,2020-03-02 09:40:00,23.71,100.00
129+04433,2020-03-02 09:50:00,36.12,100.00
129+04433,2020-03-02 10:00:00,41.97,100.00
129+04433,2020-03-02 10:10:00,50.00,100.00
129+04433,2020-03-02 10:20:00,52.39,100.00
129+04433,2020-03-02 10:30:00,51.70,100.00
129+04433,2020-03-02 10:40:00,52.39,100.00
129+04433,2020-03-02 10:50:00,53.03,100.00
129+04433,2020-03-02 11:00:00,56.48,100.00
129+04433,2020-03-02 11:10:00,55.34,100.00
129+04433,2020-03-02 11:20:00,53.76,100.00
129+04433,2020-03-02 11:30:00,54.48,100.00
129+04433,2020-03-02 11:40:00,53.00,100.00
129+04433,2020-03-02 11:50:00,54.37,100.00
129+04433,2020-03-02 12:00:00,55.07,100.00
129+04433,2020-03-02 12:10:00,54.51,100.00
129+04433,2020-03-02 12:20:00,55.60,100.00
129+04433,2020-03-02 12:30:00,55.25,100.00
129+04433,2020-03-02 12:40:00,52.39,100.00
129+04433,2020-03-02 12:50:00,54.55,100.00
129+04433,2020-03-02 13:00:00,57.20,100.00
129+04433,2020-03-02 13:10:00,54.57,100.00
129+04433,2020-03-02 13:20:00,52.28,100.00
129+04433,2020-03-02 13:30:00,52.98,100.00
129+04433,2020-03-02 13:40:00,52.99,100.00
129+04433,2020-03-02 13:50:00,52.50,100.00
129+04433,2020-03-02 14:00:00,54.05,100.00
129+04433,2020-03-02 14:10:00,51.10,100.00
129+04433,2020-03-02 14:20:00,54.97,100.00
129+04433,2020-03-02 14:30:00,52.20,100.00
129+04433,2020-03-02 14:40:00,54.97,100.00
129+04433,2020-03-02 14:50:00,52.37,100.00
129+04433,2020-03-02 15:00:00,53.08,100.00
129+04433,2020-03-02 15:10:00,51.55,100.00
129+04433,2020-03-02 15:20:00,51.79,100.00
129+04433,2020-03-02 15:30:00,51.28,100.00
129+04433,2020-03-02 15:40:00,50.87,100.00
129+04433,2020-03-02 15:50:00,50.00,100.00
129+04433,2020-03-02 16:00:00,51.25,100.00
129+04433,2020-03-02 16:10:00,52.30,100.00
129+04433,2020-03-02 16:20:00,49.97,100.00
129+04433,2020-03-02 16:30:00,50.50,100.00
129+04433,2020-03-02 16:40:00,50.98,100.00
129+04433,2020-03-02 16:50:00,49.70,100.00
129+04433,2020-03-02 17:00:00,50.78,100.00
129+04433,2020-03-02 17:10:00,52.69,100.00
129+04433,2020-03-02 17:20:00,51.28,100.00
129+04433,2020-03-02 17:30:00,50.66,100.00
129+04433,2020-03-02 17:40:00,52.49,100.00
129+04433,2020-03-02 17:50:00,49.41,100.00
129+04433,2020-03-02 18:00:00,47.49,100.00
129+04433,2020-03-02 18:10:00,51.59,100.00
129+04433,2020-03-02 18:20:00,50.79,100.00
129+04433,2020-03-02 18:30:00,51.49,100.00
129+04433,2020-03-02 18:40:00,49.57,100.00
129+04433,2020-03-02 18:50:00,47.20,100.00
129+04433,2020-03-02 19:00:00,51.79,100.00
129+04433,2020-03-02 19:10:00,55.78,100.00
129+04433,2020-03-02 19:20:00,56.60,100.00
129+04433,2020-03-02 19:30:00,55.38,100.00
129+04433,2020-03-02 19:40:00,58.66,100.00
129+04433,2020-03-02 19:50:00,57.35,100.00
129+04433,2020-03-02 20:00:00,58.82,100.00
129+04433,2020-03-02 20:10:00,58.63,100.00
129+04433,2020-03-02 20:20:00,53.82,100.00
129+04433,2020-03-02 20:30:00,61.29,100.00
129+04433,2020-03-02 20:40:00,57.58,100.00
129+04433,2020-03-02 20:50:00,60.95,93.20
129+04433,2020-03-02 21:00:00,61.37,100.00
129+04433,2020-03-02 21:10:00,59.78,96.80
129+04433,2020-03-02 21:20:00,58.32,100.00
129+04433,2020-03-02 21:30:00,61.46,100.00
129+04433,2020-03-02 21:40:00,56.18,100.00
129+04433,2020-03-02 21:50:00,62.80,94.00
129+04433,2020-03-02 22:00:00,58.49,97.90
129+04433,2020-03-02 22:10:00,60.12,98.60
129+04433,2020-03-02 22:20:00,60.94,89.50
129+04433,2020-03-02 22:30:00,57.51,94.10
129+04433,2020-03-02 22:40:00,50.08,70.00
129+04433,2020-03-02 22:50:00,40.92,76.90
129+04433,2020-03-02 23:00:00,44.83,84.30
129+04433,2020-03-02 23:10:00,48.37,87.90
129+04433,2020-03-02 23:20:00,46.32,97.10
129+04433,2020-03-02 23:30:00,45.92,94.40
129+04433,2020-03-02 23:40:00,49.16,87.30
129+04433,2020-03-02 23:50:00,47.86,95.30
129+04434,2020-03-02 00:00:00,50.24,99.00
129+04434,2020-03-02 00:10:00,53.20,91.20
129+04434,2020-03-02 00:20:00,55.15,70.80
129+04434,2020-03-02 00:30:00,54.13,79.30
129+04434,2020-03-02 00:40:00,60.49,65.38
129+04434,2020-03-02 00:50:00,55.88,99.56
129+04434,2020-03-02 01:00:00,53.03,80.86
129+04434,2020-03-02 01:10:00,51.00,74.71
129+04434,2020-03-02 01:20:00,51.00,84.00
129+04434,2020-03-02 01:30:00,,
129+04434,2020-03-02 01:40:00,52.79,90.40
129+04434,2020-03-02 01:50:00,53.32,89.11
129+04434,2020-03-02 02:00:00,52.02,72.29
129+04434,2020-03-02 02:10:00,46.62,75.90
129+04434,2020-03-02 02:20:00,,
129+04434,2020-03-02 02:30:00,54.00,100.00
129+04434,2020-03-02 02:40:00,56.57,82.90
129+04434,2020-03-02 02:50:00,58.00,92.60
129+04434,2020-03-02 03:00:00,,
129+04434,2020-03-02 03:10:00,50.46,83.90
129+04434,2020-03-02 03:20:00,61.59,100.00
129+04434,2020-03-02 03:30:00,58.65,90.30
129+04434,2020-03-02 03:40:00,57.55,99.89
129+04434,2020-03-02 03:50:00,52.85,61.40
129+04434,2020-03-02 04:00:00,56.48,88.70
129+04434,2020-03-02 04:10:00,52.65,93.60
129+04434,2020-03-02 04:20:00,53.29,97.00
129+04434,2020-03-02 04:30:00,57.75,77.80
129+04434,2020-03-02 04:40:00,60.19,63.70
129+04434,2020-03-02 04:50:00,61.77,100.00
129+04434,2020-03-02 05:00:00,61.56,100.00
129+04434,2020-03-02 05:10:00,58.38,100.00
129+04434,2020-03-02 05:20:00,64.04,100.00
129+04434,2020-03-02 05:30:00,62.96,100.00
129+04434,2020-03-02 05:40:00,59.67,100.00
129+04434,2020-03-02 05:50:00,59.89,100.00
129+04434,2020-03-02 06:00:00,57.36,100.00
129+04434,2020-03-02 06:10:00,59.75,100.00
129+04434,2020-03-02 06:20:00,57.07,100.00
129+04434,2020-03-02 06:30:00,56.69,100.00
129+04434,2020-03-02 06:40:00,56.89,100.00
129+04434,2020-03-02 06:50:00,57.89,100.00
129+04434,2020-03-02 07:00:00,54.77,100.00
129+04434,2020-03-02 07:10:00,52.08,100.00
129+04434,2020-03-02 07:20:00,44.87,100.00
129+04434,2020-03-02 07:30:00,29.85,100.00
129+04434,2020-03-02 07:40:00,30.14,100.00
129+04434,2020-03-02 07:50:00,29.60,100.00
129+04434,2020-03-02 08:00:00,32.48,100.00
129+04434,2020-03-02 08:10:00,36.83,100.00
129+04434,2020-03-02 08:20:00,27.29,100.00
129+04434,2020-03-02 08:30:00,10.62,100.00
129+04434,2020-03-02 08:40:00,9.65,100.00
129+04434,2020-03-02 08:50:00,18.45,100.00
129+04434,2020-03-02 09:00:00,22.17,100.00
129+04434,2020-03-02 09:10:00,18.31,100.00
129+04434,2020-03-02 09:20:00,17.97,100.00
129+04434,2020-03-02 09:30:00,17.85,100.00
129+04434,2020-03-02 09:40:00,22.12,100.00
129+04434,2020-03-02 09:50:00,42.31,100.00
129+04434,2020-03-02 10:00:00,47.38,100.00
129+04434,2020-03-02 10:10:00,53.84,97.80
129+04434,2020-03-02 10:20:00,56.29,100.00
129+04434,2020-03-02 10:30:00,55.59,100.00
129+04434,2020-03-02 10:40:00,57.18,100.00
129+04434,2020-03-02 10:50:00,57.85,100.00
129+04434,2020-03-02 11:00:00,57.39,100.00
129+04434,2020-03-02 11:10:00,56.67,100.00
129+04434,2020-03-02 11:20:00,56.83,100.00
129+04434,2020-03-02 11:30:00,58.13,100.00
129+04434,2020-03-02 11:40:00,58.97,100.00
129+04434,2020-03-02 11:50:00,57.37,100.00
129+04434,2020-03-02 12:00:00,57.60,100.00
129+04434,2020-03-02 12:10:00,57.37,100.00
129+04434,2020-03-02 12:20:00,60.07,100.00
129+04434,2020-03-02 12:30:00,59.16,100.00
129+04434,2020-03-02 12:40:00,56.38,100.00
129+04434,2020-03-02 12:50:00,57.37,100.00
129+04434,2020-03-02 13:00:00,57.97,100.00
129+04434,2020-03-02 13:10:00,57.18,100.00
129+04434,2020-03-02 13:20:00,55.18,100.00
129+04434,2020-03-02 13:30:00,55.89,100.00
129+04434,2020-03-02 13:40:00,57.49,100.00
129+04434,2020-03-02 13:50:00,55.96,100.00
129+04434,2020-03-02 14:00:00,57.16,100.00
129+04434,2020-03-02 14:10:00,54.75,100.00
129+04434,2020-03-02 14:20:00,57.79,100.00
129+04434,2020-03-02 14:30:00,55.36,100.00
129+04434,2020-03-02 14:40:00,57.18,100.00
129+04434,2020-03-02 14:50:00,56.57,100.00
129+04434,2020-03-02 15:00:00,57.09,100.00
129+04434,2020-03-02 15:10:00,55.53,100.00
129+04434,2020-03-02 15:20:00,55.59,100.00
129+04434,2020-03-02 15:30:00,55.74,100.00
129+04434,2020-03-02 15:40:00,53.09,100.00
129+04434,2020-03-02 15:50:00,52.89,100.00
129+04434,2020-03-02 16:00:00,55.65,100.00
129+04434,2020-03-02 16:10:00,55.88,100.00
129+04434,2020-03-02 16:20:00,56.70,98.50
129+04434,2020-03-02 16:30:00,53.97,100.00
129+04434,2020-03-02 16:40:00,53.22,100.00
129+04434,2020-03-02 16:50:00,54.32,100.00
129+04434,2020-03-02 17:00:00,57.46,100.00
129+04434,2020-03-02 17:10:00,56.59,100.00
129+04434,2020-03-02 17:20:00,54.16,100.00
129+04434,2020-03-02 17:30:00,54.56,100.00
129+04434,2020-03-02 17:40:00,57.45,100.00
129+04434,2020-03-02 17:50:00,55.33,100.00
129+04434,2020-03-02 18:00:00,48.58,100.00
129+04434,2020-03-02 18:10:00,52.70,100.00
129+04434,2020-03-02 18:20:00,53.88,100.00
129+04434,2020-03-02 18:30:00,55.59,100.00
129+04434,2020-03-02 18:40:00,52.89,100.00
129+04434,2020-03-02 18:50:00,46.05,100.00
129+04434,2020-03-02 19:00:00,55.68,100.00
129+04434,2020-03-02 19:10:00,58.98,100.00
129+04434,2020-03-02 19:20:00,58.95,100.00
129+04434,2020-03-02 19:30:00,58.17,100.00
129+04434,2020-03-02 19:40:00,58.43,100.00
129+04434,2020-03-02 19:50:00,58.35,100.00
129+04434,2020-03-02 20:00:00,59.35,100.00
129+04434,2020-03-02 20:10:00,58.32,100.00
129+04434,2020-03-02 20:20:00,55.76,100.00
129+04434,2020-03-02 20:30:00,60.60,100.00
129+04434,2020-03-02 20:40:00,57.79,100.00
129+04434,2020-03-02 20:50:00,61.70,81.50
129+04434,2020-03-02 21:00:00,63.01,79.00
129+04434,2020-03-02 21:10:00,59.29,96.50
129+04434,2020-03-02 21:20:00,58.97,92.00
129+04434,2020-03-02 21:30:00,61.22,100.00
129+04434,2020-03-02 21:40:00,62.55,100.00
129+04434,2020-03-02 21:50:00,62.19,100.00
129+04434,2020-03-02 22:00:00,59.10,97.00
129+04434,2020-03-02 22:10:00,60.12,97.10
129+04434,2020-03-02 22:20:00,61.49,96.00
129+04434,2020-03-02 22:30:00,60.14,94.90
129+04434,2020-03-02 22:40:00,51.78,57.00
129+04434,2020-03-02 22:50:00,44.75,28.80
129+04434,2020-03-02 23:00:00,45.52,50.70
129+04434,2020-03-02 23:10:00,51.52,83.10
129+04434,2020-03-02 23:20:00,49.24,95.30
129+04434,2020-03-02 23:30:00,51.57,84.90
129+04434,2020-03-02 23:40:00,52.56,81.70
129+04434,2020-03-02 23:50:00,52.46,90.50
129P04427,2020-03-02 00:00:00,70.43,69.86
129P04427,2020-03-02 00:10:00,65.00,97.00
129P04427,2020-03-02 00:20:00,65.60,98.40
129P04427,2020-03-02 00:30:00,65.08,90.40
129P04427,2020-03-02 00:40:00,68.73,96.60
129P04427,2020-03-02 00:50:00,35.71,37.63
129P04427,2020-03-02 01:00:00,65.10,93.40
129P04427,2020-03-02 01:10:00,64.19,96.33
129P04427,2020-03-02 01:20:00,61.00,98.50
129P04427,2020-03-02 01:30:00,,
129P04427,2020-03-02 01:40:00,55.42,42.56
129P04427,2020-03-02 01:50:00,66.16,50.30
129P04427,2020-03-02 02:00:00,63.97,87.67
129P04427,2020-03-02 02:10:00,,
129P04427,2020-03-02 02:20:00,64.00,86.78
129P04427,2020-03-02 02:30:00,68.00,87.00
129P04427,2020-03-02 02:40:00,,
129P04427,2020-03-02 02:50:00,65.61,98.67
129P04427,2020-03-02 03:00:00,63.00,97.44
129P04427,2020-03-02 03:10:00,62.59,89.57
129P04427,2020-03-02 03:20:00,62.40,92.70
129P04427,2020-03-02 03:30:00,64.69,97.10
129P04427,2020-03-02 03:40:00,64.69,95.90
129P04427,2020-03-02 03:50:00,65.00,97.30
129P04427,2020-03-02 04:00:00,65.27,94.90
129P04427,2020-03-02 04:10:00,67.69,91.10
129P04427,2020-03-02 04:20:00,64.18,96.00
129P04427,2020-03-02 04:30:00,64.78,97.10
129P04427,2020-03-02 04:40:00,68.26,97.50
129P04427,2020-03-02 04:50:00,70.10,97.80
129P04427,2020-03-02 05:00:00,66.96,98.70
129P04427,2020-03-02 05:10:00,66.46,99.10
129P04427,2020-03-02 05:20:00,69.87,100.00
129P04427,2020-03-02 05:30:00,67.66,100.00
129P04427,2020-03-02 05:40:00,65.19,100.00
129P04427,2020-03-02 05:50:00,65.30,100.00
129P04427,2020-03-02 06:00:00,65.79,100.00
129P04427,2020-03-02 06:10:00,63.67,100.00
129P04427,2020-03-02 06:20:00,59.87,100.00
129P04427,2020-03-02 06:30:00,30.64,100.00
129P04427,2020-03-02 06:40:00,26.50,100.00
129P04427,2020-03-02 06:50:00,21.61,100.00
129P04427,2020-03-02 07:00:00,22.83,100.00
129P04427,2020-03-02 07:10:00,22.79,100.00
129P04427,2020-03-02 07:20:00,19.26,100.00
129P04427,2020-03-02 07:30:00,17.86,100.00
129P04427,2020-03-02 07:40:00,18.07,100.00
129P04427,2020-03-02 07:50:00,18.54,100.00
129P04427,2020-03-02 08:00:00,17.73,100.00
129P04427,2020-03-02 08:10:00,18.58,100.00
129P04427,2020-03-02 08:20:00,16.96,100.00
129P04427,2020-03-02 08:30:00,13.08,100.00
129P04427,2020-03-02 08:40:00,14.61,100.00
129P04427,2020-03-02 08:50:00,23.16,100.00
129P04427,2020-03-02 09:00:00,31.24,100.00
129P04427,2020-03-02 09:10:00,60.34,100.00
129P04427,2020-03-02 09:20:00,64.59,87.30
129P04427,2020-03-02 09:30:00,65.96,100.00
129P04427,2020-03-02 09:40:00,66.98,100.00
129P04427,2020-03-02 09:50:00,67.54,100.00
129P04427,2020-03-02 10:00:00,66.88,98.70
129P04427,2020-03-02 10:10:00,64.86,100.00
129P04427,2020-03-02 10:20:00,66.48,100.00
129P04427,2020-03-02 10:30:00,64.63,100.00
129P04427,2020-03-02 10:40:00,68.06,95.30
129P04427,2020-03-02 10:50:00,66.21,100.00
129P04427,2020-03-02 11:00:00,68.79,89.90
129P04427,2020-03-02 11:10:00,67.68,98.00
129P04427,2020-03-02 11:20:00,67.37,100.00
129P04427,2020-03-02 11:30:00,67.98,100.00
129P04427,2020-03-02 11:40:00,68.85,100.00
129P04427,2020-03-02 11:50:00,68.70,97.50
129P04427,2020-03-02 12:00:00,66.78,99.80
129P04427,2020-03-02 12:10:00,70.17,100.00
129P04427,2020-03-02 12:20:00,67.47,100.00
129P04427,2020-03-02 12:30:00,69.67,100.00
129P04427,2020-03-02 12:40:00,66.85,99.80
129P04427,2020-03-02 12:50:00,67.28,100.00
129P04427,2020-03-02 13:00:00,64.73,99.60
129P04427,2020-03-02 13:10:00,67.47,99.20
129P04427,2020-03-02 13:20:00,67.28,99.50
129P04427,2020-03-02 13:30:00,64.78,100.00
129P04427,2020-03-02 13:40:00,66.68,100.00
129P04427,2020-03-02 13:50:00,69.56,84.50
129P04427,2020-03-02 14:00:00,73.29,64.90
129P04427,2020-03-02 14:10:00,70.08,93.50
129P04427,2020-03-02 14:20:00,66.27,99.70
129P04427,2020-03-02 14:30:00,66.77,100.00
129P04427,2020-03-02 14:40:00,67.29,100.00
129P04427,2020-03-02 14:50:00,68.77,95.40
129P04427,2020-03-02 15:00:00,65.76,98.40
129P04427,2020-03-02 15:10:00,65.09,100.00
129P04427,2020-03-02 15:20:00,67.38,100.00
129P04427,2020-03-02 15:30:00,67.46,100.00
129P04427,2020-03-02 15:40:00,67.49,100.00
129P04427,2020-03-02 15:50:00,67.66,100.00
129P04427,2020-03-02 16:00:00,67.87,100.00
129P04427,2020-03-02 16:10:00,67.78,100.00
129P04427,2020-03-02 16:20:00,68.85,100.00
129P04427,2020-03-02 16:30:00,67.86,100.00
129P04427,2020-03-02 16:40:00,68.85,100.00
129P04427,2020-03-02 16:50:00,65.52,100.00
129P04427,2020-03-02 17:00:00,68.59,100.00
129P04427,2020-03-02 17:10:00,66.68,100.00
129P04427,2020-03-02 17:20:00,64.77,100.00
129P04427,2020-03-02 17:30:00,62.30,100.00
129P04427,2020-03-02 17:40:00,65.96,100.00
129P04427,2020-03-02 17:50:00,67.17,97.90
129P04427,2020-03-02 18:00:00,68.23,93.80
129P04427,2020-03-02 18:10:00,69.12,78.90
129P04427,2020-03-02 18:20:00,65.10,100.00
129P04427,2020-03-02 18:30:00,65.58,100.00
129P04427,2020-03-02 18:40:00,64.85,100.00
129P04427,2020-03-02 18:50:00,66.87,100.00
129P04427,2020-03-02 19:00:00,67.89,98.50
129P04427,2020-03-02 19:10:00,65.93,100.00
129P04427,2020-03-02 19:20:00,68.14,91.00
129P04427,2020-03-02 19:30:00,70.43,82.70
129P04427,2020-03-02 19:40:00,64.39,100.00
129P04427,2020-03-02 19:50:00,66.96,100.00
129P04427,2020-03-02 20:00:00,66.00,100.00
129P04427,2020-03-02 20:10:00,65.85,92.78
129P04427,2020-03-02 20:20:00,58.40,50.50
129P04427,2020-03-02 20:30:00,63.46,92.70
129P04427,2020-03-02 20:40:00,72.74,46.70
129P04427,2020-03-02 20:50:00,69.18,80.80
129P04427,2020-03-02 21:00:00,63.67,100.00
129P04427,2020-03-02 21:10:00,64.15,100.00
129P04427,2020-03-02 21:20:00,64.20,100.00
129P04427,2020-03-02 21:30:00,65.79,100.00
129P04427,2020-03-02 21:40:00,66.00,100.00
129P04427,2020-03-02 21:50:00,66.21,94.30
129P04427,2020-03-02 22:00:00,65.08,98.50
129P04427,2020-03-02 22:10:00,72.85,58.80
129P04427,2020-03-02 22:20:00,69.07,98.10
129P04427,2020-03-02 22:30:00,68.36,92.80
129P04427,2020-03-02 22:40:00,65.21,71.60
129P04427,2020-03-02 22:50:00,63.68,73.80
129P04427,2020-03-02 23:00:00,61.59,68.70
129P04427,2020-03-02 23:10:00,60.00,72.10
129P04427,2020-03-02 23:20:00,65.00,97.00
129P04427,2020-03-02 23:30:00,63.75,96.50
129P04427,2020-03-02 23:40:00,61.00,99.11
129P04427,2020-03-02 23:50:00,61.14,97.71
129P04921,2020-03-02 00:00:00,42.46,68.40
129P04921,2020-03-02 00:10:00,43.36,98.75
129P04921,2020-03-02 00:20:00,49.19,52.11
129P04921,2020-03-02 00:30:00,32.34,84.71
129P04921,2020-03-02 00:40:00,40.23,70.30
129P04921,2020-03-02 00:50:00,46.37,86.90
129P04921,2020-03-02 01:00:00,44.24,99.38
129P04921,2020-03-02 01:10:00,43.28,98.70
129P04921,2020-03-02 01:20:00,43.75,99.75
129P04921,2020-03-02 01:30:00,44.00,99.60
129P04921,2020-03-02 01:40:00,44.00,100.00
129P04921,2020-03-02 01:50:00,44.00,100.00
129P04921,2020-03-02 02:00:00,25.91,40.14
129P04921,2020-03-02 02:10:00,44.90,84.30
129P04921,2020-03-02 02:20:00,44.00,90.00
129P04921,2020-03-02 02:30:00,47.49,73.60
129P04921,2020-03-02 02:40:00,47.10,84.70
129P04921,2020-03-02 02:50:00,61.00,10.33
129P04921,2020-03-02 03:00:00,61.00,28.33
129P04921,2020-03-02 03:10:00,47.00,82.00
129P04921,2020-03-02 03:20:00,,
129P04921,2020-03-02 03:30:00,52.36,75.14
129P04921,2020-03-02 03:40:00,53.86,96.75
129P04921,2020-03-02 03:50:00,45.00,58.63
129P04921,2020-03-02 04:00:00,,
129P04921,2020-03-02 04:10:00,52.55,91.89
129P04921,2020-03-02 04:20:00,52.96,84.90
129P04921,2020-03-02 04:30:00,48.73,88.90
129P04921,2020-03-02 04:40:00,51.69,94.25
129P04921,2020-03-02 04:50:00,55.69,62.30
129P04921,2020-03-02 05:00:00,56.21,73.00
129P04921,2020-03-02 05:10:00,52.60,94.30
129P04921,2020-03-02 05:20:00,49.90,93.20
129P04921,2020-03-02 05:30:00,45.96,97.80
129P04921,2020-03-02 05:40:00,45.57,82.44
129P04921,2020-03-02 05:50:00,48.93,94.90
129P04921,2020-03-02 06:00:00,51.95,72.10
129P04921,2020-03-02 06:10:00,53.61,61.00
129P04921,2020-03-02 06:20:00,51.31,87.40
129P04921,2020-03-02 06:30:00,49.88,100.00
129P04921,2020-03-02 06:40:00,52.07,97.30
129P04921,2020-03-02 06:50:00,51.26,98.40
129P04921,2020-03-02 07:00:00,50.99,99.90
129P04921,2020-03-02 07:10:00,50.79,99.80
129P04921,2020-03-02 07:20:00,50.69,99.90
129P04921,2020-03-02 07:30:00,46.73,100.00
129P04921,2020-03-02 07:40:00,51.34,91.40
129P04921,2020-03-02 07:50:00,47.77,100.00
129P04921,2020-03-02 08:00:00,48.93,91.50
129P04921,2020-03-02 08:10:00,54.29,61.30
129P04921,2020-03-02 08:20:00,51.56,93.40
129P04921,2020-03-02 08:30:00,50.77,99.10
129P04921,2020-03-02 08:40:00,46.67,100.00
129P04921,2020-03-02 08:50:00,49.78,99.60
129P04921,2020-03-02 09:00:00,47.52,99.80
129P04921,2020-03-02 09:10:00,48.97,98.70
129P04921,2020-03-02 09:20:00,48.91,96.90
129P04921,2020-03-02 09:30:00,44.44,83.20
129P04921,2020-03-02 09:40:00,42.60,77.70
129P04921,2020-03-02 09:50:00,43.88,100.00
129P04921,2020-03-02 10:00:00,44.08,100.00
129P04921,2020-03-02 10:10:00,44.99,100.00
129P04921,2020-03-02 10:20:00,46.38,100.00
129P04921,2020-03-02 10:30:00,44.96,96.60
129P04921,2020-03-02 10:40:00,42.48,57.80
129P04921,2020-03-02 10:50:00,50.29,75.80
129P04921,2020-03-02 11:00:00,47.90,100.00
129P04921,2020-03-02 11:10:00,47.19,100.00
129P04921,2020-03-02 11:20:00,44.99,100.00
129P04921,2020-03-02 11:30:00,50.05,86.90
129P04921,2020-03-02 11:40:00,51.48,79.10
129P04921,2020-03-02 11:50:00,49.54,92.50
129P04921,2020-03-02 12:00:00,48.18,99.10
129P04921,2020-03-02 12:10:00,50.56,95.80
129P04921,2020-03-02 12:20:00,46.78,100.00
129P04921,2020-03-02 12:30:00,49.23,88.10
129P04921,2020-03-02 12:40:00,52.36,81.60
129P04921,2020-03-02 12:50:00,50.80,98.50
129P04921,2020-03-02 13:00:00,48.77,99.90
129P04921,2020-03-02 13:10:00,49.56,99.50
129P04921,2020-03-02 13:20:00,50.69,96.40
129P04921,2020-03-02 13:30:00,47.49,100.00
129P04921,2020-03-02 13:40:00,47.49,100.00
129P04921,2020-03-02 13:50:00,47.88,100.00
129P04921,2020-03-02 14:00:00,49.69,88.80
129P04921,2020-03-02 14:10:00,50.25,90.30
129P04921,2020-03-02 14:20:00,46.33,100.00
129P04921,2020-03-02 14:30:00,46.10,100.00
129P04921,2020-03-02 14:40:00,49.58,96.80
129P04921,2020-03-02 14:50:00,49.86,92.10
129P04921,2020-03-02 15:00:00,49.53,91.60
129P04921,2020-03-02 15:10:00,45.56,100.00
129P04921,2020-03-02 15:20:00,42.81,90.30
129P04921,2020-03-02 15:30:00,38.76,52.20
129P04921,2020-03-02 15:40:00,37.77,49.80
129P04921,2020-03-02 15:50:00,41.30,92.20
129P04921,2020-03-02 16:00:00,47.02,84.10
129P04921,2020-03-02 16:10:00,44.96,90.20
129P04921,2020-03-02 16:20:00,33.14,32.90
129P04921,2020-03-02 16:30:00,29.39,28.70
129P04921,2020-03-02 16:40:00,29.50,58.89
129P04921,2020-03-02 16:50:00,21.30,50.70
129P04921,2020-03-02 17:00:00,18.31,41.70
129P04921,2020-03-02 17:10:00,18.48,71.90
129P04921,2020-03-02 17:20:00,20.41,90.70
129P04921,2020-03-02 17:30:00,18.82,98.90
129P04921,2020-03-02 17:40:00,17.68,97.70
129P04921,2020-03-02 17:50:00,15.38,81.50
129P04921,2020-03-02 18:00:00,28.49,32.44
129P04921,2020-03-02 18:10:00,46.48,100.00
129P04921,2020-03-02 18:20:00,49.59,70.10
129P04921,2020-03-02 18:30:00,51.85,61.30
129P04921,2020-03-02 18:40:00,47.58,100.00
129P04921,2020-03-02 18:50:00,50.06,93.20
129P04921,2020-03-02 19:00:00,47.71,100.00
129P04921,2020-03-02 19:10:00,49.78,98.80
129P04921,2020-03-02 19:20:00,49.38,99.10
129P04921,2020-03-02 19:30:00,49.10,96.90
129P04921,2020-03-02 19:40:00,49.29,94.20
129P04921,2020-03-02 19:50:00,47.74,98.50
129P04921,2020-03-02 20:00:00,45.84,100.00
129P04921,2020-03-02 20:10:00,46.48,100.00
129P04921,2020-03-02 20:20:00,45.59,100.00
129P04921,2020-03-02 20:30:00,45.70,100.00
129P04921,2020-03-02 20:40:00,47.38,88.20
129P04921,2020-03-02 20:50:00,47.91,100.00
129P04921,2020-03-02 21:00:00,47.23,100.00
129P04921,2020-03-02 21:10:00,48.42,90.00
129P04921,2020-03-02 21:20:00,44.54,86.20
129P04921,2020-03-02 21:30:00,36.58,25.70
129P04921,2020-03-02 21:40:00,36.77,58.30
129P04921,2020-03-02 21:50:00,43.78,99.70
129P04921,2020-03-02 22:00:00,45.68,77.90
129P04921,2020-03-02 22:10:00,29.56,50.44
129P04921,2020-03-02 22:20:00,41.12,73.30
129P04921,2020-03-02 22:30:00,39.37,86.10
129P04921,2020-03-02 22:40:00,43.66,82.70
129P04921,2020-03-02 22:50:00,43.18,87.70
129P04921,2020-03-02 23:00:00,44.39,86.70
129P04921,2020-03-02 23:10:00,43.39,98.80
129P04921,2020-03-02 23:20:00,44.14,93.30
129P04921,2020-03-02 23:30:00,44.70,98.60
129P04921,2020-03-02 23:40:00,40.81,76.70
129P04921,2020-03-02 23:50:00,42.96,96.60
129P04426,2020-03-02 00:00:00,74.13,69.86
129P04426,2020-03-02 00:10:00,67.00,97.00
129P04426,2020-03-02 00:20:00,68.19,98.40
129P04426,2020-03-02 00:30:00,67.77,90.40
129P04426,2020-03-02 00:40:00,69.08,96.60
129P04426,2020-03-02 00:50:00,65.40,37.63
129P04426,2020-03-02 01:00:00,68.47,93.40
129P04426,2020-03-02 01:10:00,67.99,96.33
129P04426,2020-03-02 01:20:00,65.00,98.50
129P04426,2020-03-02 01:30:00,,
129P04426,2020-03-02 01:40:00,55.11,42.56
129P04426,2020-03-02 01:50:00,70.29,50.30
129P04426,2020-03-02 02:00:00,68.14,87.67
129P04426,2020-03-02 02:10:00,,
129P04426,2020-03-02 02:20:00,67.30,86.78
129P04426,2020-03-02 02:30:00,69.00,87.00
129P04426,2020-03-02 02:40:00,,
129P04426,2020-03-02 02:50:00,67.00,98.67
129P04426,2020-03-02 03:00:00,66.77,97.44
129P04426,2020-03-02 03:10:00,65.80,89.57
129P04426,2020-03-02 03:20:00,68.48,92.70
129P04426,2020-03-02 03:30:00,69.19,97.10
129P04426,2020-03-02 03:40:00,69.57,95.90
129P04426,2020-03-02 03:50:00,68.46,97.30
129P04426,2020-03-02 04:00:00,68.84,94.90
129P04426,2020-03-02 04:10:00,70.58,91.10
129P04426,2020-03-02 04:20:00,67.00,96.00
129P04426,2020-03-02 04:30:00,67.99,97.10
129P04426,2020-03-02 04:40:00,70.25,97.50
129P04426,2020-03-02 04:50:00,72.18,97.80
129P04426,2020-03-02 05:00:00,70.27,98.70
129P04426,2020-03-02 05:10:00,70.27,99.10
129P04426,2020-03-02 05:20:00,72.35,100.00
129P04426,2020-03-02 05:30:00,71.77,100.00
129P04426,2020-03-02 05:40:00,68.79,100.00
129P04426,2020-03-02 05:50:00,69.89,100.00
129P04426,2020-03-02 06:00:00,69.98,100.00
129P04426,2020-03-02 06:10:00,68.67,100.00
129P04426,2020-03-02 06:20:00,63.19,100.00
129P04426,2020-03-02 06:30:00,53.01,100.00
129P04426,2020-03-02 06:40:00,52.69,100.00
129P04426,2020-03-02 06:50:00,42.94,100.00
129P04426,2020-03-02 07:00:00,30.27,100.00
129P04426,2020-03-02 07:10:00,24.08,100.00
129P04426,2020-03-02 07:20:00,21.57,100.00
129P04426,2020-03-02 07:30:00,21.38,100.00
129P04426,2020-03-02 07:40:00,21.51,100.00
129P04426,2020-03-02 07:50:00,22.73,100.00
129P04426,2020-03-02 08:00:00,21.45,100.00
129P04426,2020-03-02 08:10:00,20.96,100.00
129P04426,2020-03-02 08:20:00,20.45,100.00
129P04426,2020-03-02 08:30:00,17.68,100.00
129P04426,2020-03-02 08:40:00,17.78,100.00
129P04426,2020-03-02 08:50:00,29.84,100.00
129P04426,2020-03-02 09:00:00,28.24,100.00
129P04426,2020-03-02 09:10:00,58.54,100.00
129P04426,2020-03-02 09:20:00,64.95,87.30
129P04426,2020-03-02 09:30:00,68.75,100.00
129P04426,2020-03-02 09:40:00,70.27,100.00
129P04426,2020-03-02 09:50:00,71.18,100.00
129P04426,2020-03-02 10:00:00,72.69,98.70
129P04426,2020-03-02 10:10:00,71.24,100.00
129P04426,2020-03-02 10:20:00,71.89,100.00
129P04426,2020-03-02 10:30:00,72.25,100.00
129P04426,2020-03-02 10:40:00,73.83,95.30
129P04426,2020-03-02 10:50:00,70.72,100.00
129P04426,2020-03-02 11:00:00,74.59,89.90
129P04426,2020-03-02 11:10:00,70.79,98.00
129P04426,2020-03-02 11:20:00,71.79,100.00
129P04426,2020-03-02 11:30:00,73.77,100.00
129P04426,2020-03-02 11:40:00,73.37,100.00
129P04426,2020-03-02 11:50:00,74.78,97.50
129P04426,2020-03-02 12:00:00,71.14,99.80
129P04426,2020-03-02 12:10:00,76.39,100.00
129P04426,2020-03-02 12:20:00,75.09,100.00
129P04426,2020-03-02 12:30:00,72.95,100.00
129P04426,2020-03-02 12:40:00,72.36,99.80
129P04426,2020-03-02 12:50:00,72.29,100.00
129P04426,2020-03-02 13:00:00,71.98,99.60
129P04426,2020-03-02 13:10:00,72.17,99.20
129P04426,2020-03-02 13:20:00,71.76,99.50
129P04426,2020-03-02 13:30:00,71.83,100.00
129P04426,2020-03-02 13:40:00,71.87,100.00
129P04426,2020-03-02 13:50:00,74.16,84.50
129P04426,2020-03-02 14:00:00,74.66,64.90
129P04426,2020-03-02 14:10:00,74.59,93.50
129P04426,2020-03-02 14:20:00,71.46,99.70
129P04426,2020-03-02 14:30:00,71.75,100.00
129P04426,2020-03-02 14:40:00,74.26,100.00
129P04426,2020-03-02 14:50:00,75.79,95.40
129P04426,2020-03-02 15:00:00,70.54,98.40
129P04426,2020-03-02 15:10:00,70.05,100.00
129P04426,2020-03-02 15:20:00,71.39,100.00
129P04426,2020-03-02 15:30:00,72.48,100.00
129P04426,2020-03-02 15:40:00,71.99,100.00
129P04426,2020-03-02 15:50:00,73.47,100.00
129P04426,2020-03-02 16:00:00,71.69,100.00
129P04426,2020-03-02 16:10:00,72.76,100.00
129P04426,2020-03-02 16:20:00,72.77,100.00
129P04426,2020-03-02 16:30:00,70.50,100.00
129P04426,2020-03-02 16:40:00,73.43,100.00
129P04426,2020-03-02 16:50:00,70.51,100.00
129P04426,2020-03-02 17:00:00,71.63,100.00
129P04426,2020-03-02 17:10:00,71.58,100.00
129P04426,2020-03-02 17:20:00,69.46,100.00
129P04426,2020-03-02 17:30:00,67.69,100.00
129P04426,2020-03-02 17:40:00,70.39,100.00
129P04426,2020-03-02 17:50:00,71.20,97.90
129P04426,2020-03-02 18:00:00,72.52,93.80
129P04426,2020-03-02 18:10:00,72.80,78.90
129P04426,2020-03-02 18:20:00,69.09,100.00
129P04426,2020-03-02 18:30:00,70.78,100.00
129P04426,2020-03-02 18:40:00,69.12,100.00
129P04426,2020-03-02 18:50:00,70.67,100.00
129P04426,2020-03-02 19:00:00,72.79,98.50
129P04426,2020-03-02 19:10:00,70.90,100.00
129P04426,2020-03-02 19:20:00,71.53,91.00
129P04426,2020-03-02 19:30:00,72.43,82.70
129P04426,2020-03-02 19:40:00,70.14,100.00
129P04426,2020-03-02 19:50:00,71.69,100.00
129P04426,2020-03-02 20:00:00,69.99,100.00
129P04426,2020-03-02 20:10:00,67.72,92.78
129P04426,2020-03-02 20:20:00,62.23,50.50
129P04426,2020-03-02 20:30:00,71.40,92.70
129P04426,2020-03-02 20:40:00,73.92,46.70
129P04426,2020-03-02 20:50:00,72.29,80.80
129P04426,2020-03-02 21:00:00,67.80,100.00
129P04426,2020-03-02 21:10:00,67.17,100.00
129P04426,2020-03-02 21:20:00,68.89,100.00
129P04426,2020-03-02 21:30:00,69.90,100.00
129P04426,2020-03-02 21:40:00,69.00,100.00
129P04426,2020-03-02 21:50:00,70.90,94.30
129P04426,2020-03-02 22:00:00,71.96,98.50
129P04426,2020-03-02 22:10:00,74.95,58.80
129P04426,2020-03-02 22:20:00,71.38,98.10
129P04426,2020-03-02 22:30:00,71.22,92.80
129P04426,2020-03-02 22:40:00,69.10,71.60
129P04426,2020-03-02 22:50:00,68.59,73.80
129P04426,2020-03-02 23:00:00,66.17,68.70
129P04426,2020-03-02 23:10:00,63.87,72.10
129P04426,2020-03-02 23:20:00,67.00,97.00
129P04426,2020-03-02 23:30:00,67.40,96.50
129P04426,2020-03-02 23:40:00,68.00,99.11
129P04426,2020-03-02 23:50:00,64.11,97.71
129+04435,2020-03-02 00:00:00,50.51,99.00
129+04435,2020-03-02 00:10:00,49.73,91.20
129+04435,2020-03-02 00:20:00,51.61,70.80
129+04435,2020-03-02 00:30:00,51.92,79.30
129+04435,2020-03-02 00:40:00,54.75,65.38
129+04435,2020-03-02 00:50:00,50.10,99.56
129+04435,2020-03-02 01:00:00,46.75,80.86
129+04435,2020-03-02 01:10:00,45.00,74.71
129+04435,2020-03-02 01:20:00,45.00,84.00
129+04435,2020-03-02 01:30:00,,
129+04435,2020-03-02 01:40:00,48.95,90.40
129+04435,2020-03-02 01:50:00,52.00,89.11
129+04435,2020-03-02 02:00:00,55.83,72.29
129+04435,2020-03-02 02:10:00,48.75,75.90
129+04435,2020-03-02 02:20:00,,
129+04435,2020-03-02 02:30:00,48.00,100.00
129+04435,2020-03-02 02:40:00,51.92,82.90
129+04435,2020-03-02 02:50:00,49.13,92.60
129+04435,2020-03-02 03:00:00,,
129+04435,2020-03-02 03:10:00,45.55,83.90
129+04435,2020-03-02 03:20:00,56.62,100.00
129+04435,2020-03-02 03:30:00,49.89,90.30
129+04435,2020-03-02 03:40:00,50.65,99.89
129+04435,2020-03-02 03:50:00,40.18,61.40
129+04435,2020-03-02 04:00:00,51.79,88.70
129+04435,2020-03-02 04:10:00,48.39,93.60
129+04435,2020-03-02 04:20:00,47.75,97.00
129+04435,2020-03-02 04:30:00,46.04,77.80
129+04435,2020-03-02 04:40:00,54.56,63.70
129+04435,2020-03-02 04:50:00,56.04,100.00
129+04435,2020-03-02 05:00:00,55.03,100.00
129+04435,2020-03-02 05:10:00,51.68,100.00
129+04435,2020-03-02 05:20:00,53.85,100.00
129+04435,2020-03-02 05:30:00,54.41,100.00
129+04435,2020-03-02 05:40:00,54.56,100.00
129+04435,2020-03-02 05:50:00,51.66,100.00
129+04435,2020-03-02 06:00:00,49.21,100.00
129+04435,2020-03-02 06:10:00,52.74,100.00
129+04435,2020-03-02 06:20:00,49.56,100.00
129+04435,2020-03-02 06:30:00,49.48,100.00
129+04435,2020-03-02 06:40:00,48.19,100.00
129+04435,2020-03-02 06:50:00,48.98,100.00
129+04435,2020-03-02 07:00:00,46.49,100.00
129+04435,2020-03-02 07:10:00,42.08,100.00
129+04435,2020-03-02 07:20:00,37.95,100.00
129+04435,2020-03-02 07:30:00,33.09,100.00
129+04435,2020-03-02 07:40:00,32.96,100.00
129+04435,2020-03-02 07:50:00,32.04,100.00
129+04435,2020-03-02 08:00:00,32.85,100.00
129+04435,2020-03-02 08:10:00,37.61,100.00
129+04435,2020-03-02 08:20:00,28.05,100.00
129+04435,2020-03-02 08:30:00,15.47,100.00
129+04435,2020-03-02 08:40:00,13.77,100.00
129+04435,2020-03-02 08:50:00,22.06,100.00
129+04435,2020-03-02 09:00:00,25.37,100.00
129+04435,2020-03-02 09:10:00,20.68,100.00
129+04435,2020-03-02 09:20:00,19.95,100.00
129+04435,2020-03-02 09:30:00,22.04,100.00
129+04435,2020-03-02 09:40:00,27.17,100.00
129+04435,2020-03-02 09:50:00,39.77,100.00
129+04435,2020-03-02 10:00:00,43.84,100.00
129+04435,2020-03-02 10:10:00,47.42,97.80
129+04435,2020-03-02 10:20:00,51.67,100.00
129+04435,2020-03-02 10:30:00,48.78,100.00
129+04435,2020-03-02 10:40:00,53.11,100.00
129+04435,2020-03-02 10:50:00,53.80,100.00
129+04435,2020-03-02 11:00:00,51.48,100.00
129+04435,2020-03-02 11:10:00,50.98,100.00
129+04435,2020-03-02 11:20:00,51.33,100.00
129+04435,2020-03-02 11:30:00,52.90,100.00
129+04435,2020-03-02 11:40:00,50.77,100.00
129+04435,2020-03-02 11:50:00,51.81,100.00
129+04435,2020-03-02 12:00:00,51.65,100.00
129+04435,2020-03-02 12:10:00,51.17,100.00
129+04435,2020-03-02 12:20:00,52.21,100.00
129+04435,2020-03-02 12:30:00,55.03,100.00
129+04435,2020-03-02 12:40:00,49.64,100.00
129+04435,2020-03-02 12:50:00,49.81,100.00
129+04435,2020-03-02 13:00:00,52.47,100.00
129+04435,2020-03-02 13:10:00,50.67,100.00
129+04435,2020-03-02 13:20:00,50.91,100.00
129+04435,2020-03-02 13:30:00,50.39,100.00
129+04435,2020-03-02 13:40:00,49.95,100.00
129+04435,2020-03-02 13:50:00,49.72,100.00
129+04435,2020-03-02 14:00:00,51.48,100.00
129+04435,2020-03-02 14:10:00,55.02,100.00
129+04435,2020-03-02 14:20:00,54.78,100.00
129+04435,2020-03-02 14:30:00,50.55,100.00
129+04435,2020-03-02 14:40:00,50.97,100.00
129+04435,2020-03-02 14:50:00,49.79,100.00
129+04435,2020-03-02 15:00:00,52.89,100.00
129+04435,2020-03-02 15:10:00,53.37,100.00
129+04435,2020-03-02 15:20:00,49.27,100.00
129+04435,2020-03-02 15:30:00,49.47,100.00
129+04435,2020-03-02 15:40:00,48.10,100.00
129+04435,2020-03-02 15:50:00,48.75,100.00
129+04435,2020-03-02 16:00:00,50.30,100.00
129+04435,2020-03-02 16:10:00,48.87,100.00
129+04435,2020-03-02 16:20:00,50.30,98.50
129+04435,2020-03-02 16:30:00,49.38,100.00
129+04435,2020-03-02 16:40:00,47.77,100.00
129+04435,2020-03-02 16:50:00,47.70,100.00
129+04435,2020-03-02 17:00:00,47.89,100.00
129+04435,2020-03-02 17:10:00,49.29,100.00
129+04435,2020-03-02 17:20:00,48.98,100.00
129+04435,2020-03-02 17:30:00,49.87,100.00
129+04435,2020-03-02 17:40:00,51.28,100.00
129+04435,2020-03-02 17:50:00,48.56,100.00
129+04435,2020-03-02 18:00:00,45.78,100.00
129+04435,2020-03-02 18:10:00,47.80,100.00
129+04435,2020-03-02 18:20:00,48.19,100.00
129+04435,2020-03-02 18:30:00,48.39,100.00
129+04435,2020-03-02 18:40:00,47.59,100.00
129+04435,2020-03-02 18:50:00,43.13,100.00
129+04435,2020-03-02 19:00:00,49.07,100.00
129+04435,2020-03-02 19:10:00,51.64,100.00
129+04435,2020-03-02 19:20:00,50.18,100.00
129+04435,2020-03-02 19:30:00,49.76,100.00
129+04435,2020-03-02 19:40:00,51.97,100.00
129+04435,2020-03-02 19:50:00,50.69,100.00
129+04435,2020-03-02 20:00:00,52.56,100.00
129+04435,2020-03-02 20:10:00,50.47,100.00
129+04435,2020-03-02 20:20:00,46.98,100.00
129+04435,2020-03-02 20:30:00,56.45,100.00
129+04435,2020-03-02 20:40:00,52.10,100.00
129+04435,2020-03-02 20:50:00,55.41,81.50
129+04435,2020-03-02 21:00:00,54.86,79.00
129+04435,2020-03-02 21:10:00,50.77,96.50
129+04435,2020-03-02 21:20:00,51.40,92.00
129+04435,2020-03-02 21:30:00,51.45,100.00
129+04435,2020-03-02 21:40:00,53.57,100.00
129+04435,2020-03-02 21:50:00,51.67,100.00
129+04435,2020-03-02 22:00:00,51.93,97.00
129+04435,2020-03-02 22:10:00,51.76,97.10
129+04435,2020-03-02 22:20:00,55.07,96.00
129+04435,2020-03-02 22:30:00,51.35,94.90
129+04435,2020-03-02 22:40:00,49.65,57.00
129+04435,2020-03-02 22:50:00,46.31,28.80
129+04435,2020-03-02 23:00:00,43.81,50.70
129+04435,2020-03-02 23:10:00,44.84,83.10
129+04435,2020-03-02 23:20:00,45.47,95.30
129+04435,2020-03-02 23:30:00,47.34,84.90
129+04435,2020-03-02 23:40:00,46.70,81.70
129+04435,2020-03-02 23:50:00,48.49,90.50
129P04425,2020-03-02 00:00:00,66.56,72.80
129P04425,2020-03-02 00:10:00,67.06,77.00
129P04425,2020-03-02 00:20:00,62.45,41.80
129P04425,2020-03-02 00:30:00,69.90,90.10
129P04425,2020-03-02 00:40:00,67.95,94.22
129P04425,2020-03-02 00:50:00,71.27,80.00
129P04425,2020-03-02 01:00:00,66.98,97.67
129P04425,2020-03-02 01:10:00,66.16,93.90
129P04425,2020-03-02 01:20:00,63.80,86.40
129P04425,2020-03-02 01:30:00,64.39,95.56
129P04425,2020-03-02 01:40:00,68.87,75.80
129P04425,2020-03-02 01:50:00,68.80,77.20
129P04425,2020-03-02 02:00:00,63.65,97.33
129P04425,2020-03-02 02:10:00,,
129P04425,2020-03-02 02:20:00,,
129P04425,2020-03-02 02:30:00,66.00,96.33
129P04425,2020-03-02 02:40:00,64.63,94.00
129P04425,2020-03-02 02:50:00,66.31,98.22
129P04425,2020-03-02 03:00:00,67.00,99.00
129P04425,2020-03-02 03:10:00,66.00,99.11
129P04425,2020-03-02 03:20:00,68.77,86.90
129P04425,2020-03-02 03:30:00,70.19,85.60
129P04425,2020-03-02 03:40:00,70.59,83.10
129P04425,2020-03-02 03:50:00,68.10,83.60
129P04425,2020-03-02 04:00:00,70.56,85.80
129P04425,2020-03-02 04:10:00,68.42,84.80
129P04425,2020-03-02 04:20:00,67.90,92.60
129P04425,2020-03-02 04:30:00,68.69,98.40
129P04425,2020-03-02 04:40:00,70.40,97.80
129P04425,2020-03-02 04:50:00,67.67,96.90
129P04425,2020-03-02 05:00:00,69.99,96.00
129P04425,2020-03-02 05:10:00,72.08,100.00
129P04425,2020-03-02 05:20:00,73.29,100.00
129P04425,2020-03-02 05:30:00,71.14,100.00
129P04425,2020-03-02 05:40:00,69.37,100.00
129P04425,2020-03-02 05:50:00,66.79,100.00
129P04425,2020-03-02 06:00:00,69.07,100.00
129P04425,2020-03-02 06:10:00,60.52,100.00
129P04425,2020-03-02 06:20:00,28.39,100.00
129P04425,2020-03-02 06:30:00,20.23,100.00
129P04425,2020-03-02 06:40:00,22.88,100.00
129P04425,2020-03-02 06:50:00,22.20,100.00
129P04425,2020-03-02 07:00:00,19.91,100.00
129P04425,2020-03-02 07:10:00,19.68,100.00
129P04425,2020-03-02 07:20:00,22.39,100.00
129P04425,2020-03-02 07:30:00,20.58,100.00
129P04425,2020-03-02 07:40:00,20.32,100.00
129P04425,2020-03-02 07:50:00,13.94,100.00
129P04425,2020-03-02 08:00:00,28.38,100.00
129P04425,2020-03-02 08:10:00,29.63,100.00
129P04425,2020-03-02 08:20:00,22.42,100.00
129P04425,2020-03-02 08:30:00,42.10,100.00
129P04425,2020-03-02 08:40:00,71.85,100.00
129P04425,2020-03-02 08:50:00,73.39,100.00
129P04425,2020-03-02 09:00:00,68.80,100.00
129P04425,2020-03-02 09:10:00,68.29,100.00
129P04425,2020-03-02 09:20:00,69.84,100.00
129P04425,2020-03-02 09:30:00,70.39,100.00
129P04425,2020-03-02 09:40:00,71.47,100.00
129P04425,2020-03-02 09:50:00,72.09,100.00
129P04425,2020-03-02 10:00:00,71.39,100.00
129P04425,2020-03-02 10:10:00,72.76,100.00
129P04425,2020-03-02 10:20:00,68.89,100.00
129P04425,2020-03-02 10:30:00,74.73,85.40
129P04425,2020-03-02 10:40:00,68.88,100.00
129P04425,2020-03-02 10:50:00,72.19,98.70
129P04425,2020-03-02 11:00:00,69.86,99.30
129P04425,2020-03-02 11:10:00,70.31,100.00
129P04425,2020-03-02 11:20:00,70.56,100.00
129P04425,2020-03-02 11:30:00,70.27,100.00
129P04425,2020-03-02 11:40:00,68.39,100.00
129P04425,2020-03-02 11:50:00,69.90,100.00
129P04425,2020-03-02 12:00:00,71.97,86.20
129P04425,2020-03-02 12:10:00,76.17,92.00
129P04425,2020-03-02 12:20:00,71.26,100.00
129P04425,2020-03-02 12:30:00,71.05,100.00
129P04425,2020-03-02 12:40:00,72.78,100.00
129P04425,2020-03-02 12:50:00,70.84,97.90
129P04425,2020-03-02 13:00:00,73.93,88.80
129P04425,2020-03-02 13:10:00,72.15,97.30
129P04425,2020-03-02 13:20:00,73.55,98.00
129P04425,2020-03-02 13:30:00,69.57,100.00
129P04425,2020-03-02 13:40:00,67.78,100.00
129P04425,2020-03-02 13:50:00,69.52,100.00
129P04425,2020-03-02 14:00:00,69.17,100.00
129P04425,2020-03-02 14:10:00,74.30,68.20
129P04425,2020-03-02 14:20:00,70.89,100.00
129P04425,2020-03-02 14:30:00,71.65,100.00
129P04425,2020-03-02 14:40:00,76.00,88.00
129P04425,2020-03-02 14:50:00,68.77,100.00
129P04425,2020-03-02 15:00:00,68.49,100.00
129P04425,2020-03-02 15:10:00,70.09,100.00
129P04425,2020-03-02 15:20:00,73.22,93.50
129P04425,2020-03-02 15:30:00,72.09,100.00
129P04425,2020-03-02 15:40:00,75.18,100.00
129P04425,2020-03-02 15:50:00,76.85,100.00
129P04425,2020-03-02 16:00:00,76.70,100.00
129P04425,2020-03-02 16:10:00,74.59,99.60
129P04425,2020-03-02 16:20:00,72.46,100.00
129P04425,2020-03-02 16:30:00,74.07,100.00
129P04425,2020-03-02 16:40:00,74.43,100.00
129P04425,2020-03-02 16:50:00,71.45,100.00
129P04425,2020-03-02 17:00:00,73.56,100.00
129P04425,2020-03-02 17:10:00,73.79,100.00
129P04425,2020-03-02 17:20:00,73.35,100.00
129P04425,2020-03-02 17:30:00,70.09,100.00
129P04425,2020-03-02 17:40:00,70.68,100.00
129P04425,2020-03-02 17:50:00,72.59,100.00
129P04425,2020-03-02 18:00:00,71.59,99.10
129P04425,2020-03-02 18:10:00,68.19,100.00
129P04425,2020-03-02 18:20:00,69.06,100.00
129P04425,2020-03-02 18:30:00,69.79,93.90
129P04425,2020-03-02 18:40:00,69.77,100.00
129P04425,2020-03-02 18:50:00,74.18,63.90
129P04425,2020-03-02 19:00:00,70.48,100.00
129P04425,2020-03-02 19:10:00,71.19,100.00
129P04425,2020-03-02 19:20:00,71.07,98.50
129P04425,2020-03-02 19:30:00,69.57,95.90
129P04425,2020-03-02 19:40:00,69.54,98.80
129P04425,2020-03-02 19:50:00,66.26,81.40
129P04425,2020-03-02 20:00:00,72.92,78.29
129P04425,2020-03-02 20:10:00,66.86,100.00
129P04425,2020-03-02 20:20:00,67.83,84.60
129P04425,2020-03-02 20:30:00,71.74,66.90
129P04425,2020-03-02 20:40:00,67.93,85.70
129P04425,2020-03-02 20:50:00,67.49,100.00
129P04425,2020-03-02 21:00:00,67.86,100.00
129P04425,2020-03-02 21:10:00,66.09,100.00
129P04425,2020-03-02 21:20:00,66.48,94.80
129P04425,2020-03-02 21:30:00,69.69,100.00
129P04425,2020-03-02 21:40:00,69.79,100.00
129P04425,2020-03-02 21:50:00,66.39,100.00
129P04425,2020-03-02 22:00:00,69.18,86.90
129P04425,2020-03-02 22:10:00,71.39,82.30
129P04425,2020-03-02 22:20:00,67.83,86.00
129P04425,2020-03-02 22:30:00,67.93,90.80
129P04425,2020-03-02 22:40:00,68.19,97.40
129P04425,2020-03-02 22:50:00,66.30,92.00
129P04425,2020-03-02 23:00:00,71.51,70.90
129P04425,2020-03-02 23:10:00,72.41,74.17
129P04425,2020-03-02 23:20:00,70.00,99.00
129P04425,2020-03-02 23:30:00,65.10,87.50
129P04425,2020-03-02 23:40:00,65.68,89.86
129P04425,2020-03-02 23:50:00,67.10,97.60
129P04424,2020-03-02 00:00:00,69.59,94.20
129P04424,2020-03-02 00:10:00,66.97,81.50
129P04424,2020-03-02 00:20:00,67.38,81.20
129P04424,2020-03-02 00:30:00,67.79,89.10
129P04424,2020-03-02 00:40:00,67.00,96.00
129P04424,2020-03-02 00:50:00,71.22,86.33
129P04424,2020-03-02 01:00:00,67.90,92.43
129P04424,2020-03-02 01:10:00,66.39,96.20
129P04424,2020-03-02 01:20:00,68.00,99.80
129P04424,2020-03-02 01:30:00,65.62,90.00
129P04424,2020-03-02 01:40:00,69.77,87.20
129P04424,2020-03-02 01:50:00,66.78,85.90
129P04424,2020-03-02 02:00:00,66.48,96.33
129P04424,2020-03-02 02:10:00,67.22,99.78
129P04424,2020-03-02 02:20:00,68.00,99.75
129P04424,2020-03-02 02:30:00,63.40,83.86
129P04424,2020-03-02 02:40:00,62.17,76.75
129P04424,2020-03-02 02:50:00,73.02,58.33
129P04424,2020-03-02 03:00:00,68.27,83.20
129P04424,2020-03-02 03:10:00,68.39,99.10
129P04424,2020-03-02 03:20:00,67.57,99.00
129P04424,2020-03-02 03:30:00,69.70,98.90
129P04424,2020-03-02 03:40:00,69.00,98.00
129P04424,2020-03-02 03:50:00,68.06,94.70
129P04424,2020-03-02 04:00:00,70.55,88.70
129P04424,2020-03-02 04:10:00,66.60,95.40
129P04424,2020-03-02 04:20:00,66.87,92.80
129P04424,2020-03-02 04:30:00,67.99,99.10
129P04424,2020-03-02 04:40:00,70.50,100.00
129P04424,2020-03-02 04:50:00,68.69,99.90
129P04424,2020-03-02 05:00:00,72.74,95.70
129P04424,2020-03-02 05:10:00,74.55,100.00
129P04424,2020-03-02 05:20:00,73.47,100.00
129P04424,2020-03-02 05:30:00,68.88,100.00
129P04424,2020-03-02 05:40:00,68.89,100.00
129P04424,2020-03-02 05:50:00,68.60,100.00
129P04424,2020-03-02 06:00:00,67.09,100.00
129P04424,2020-03-02 06:10:00,63.59,100.00
129P04424,2020-03-02 06:20:00,53.28,100.00
129P04424,2020-03-02 06:30:00,27.47,100.00
129P04424,2020-03-02 06:40:00,21.91,100.00
129P04424,2020-03-02 06:50:00,25.76,100.00
129P04424,2020-03-02 07:00:00,25.86,100.00
129P04424,2020-03-02 07:10:00,28.97,100.00
129P04424,2020-03-02 07:20:00,21.43,100.00
129P04424,2020-03-02 07:30:00,27.10,100.00
129P04424,2020-03-02 07:40:00,23.63,100.00
129P04424,2020-03-02 07:50:00,25.89,100.00
129P04424,2020-03-02 08:00:00,29.28,100.00
129P04424,2020-03-02 08:10:00,29.70,100.00
129P04424,2020-03-02 08:20:00,62.54,100.00
129P04424,2020-03-02 08:30:00,69.79,100.00
129P04424,2020-03-02 08:40:00,69.09,100.00
129P04424,2020-03-02 08:50:00,69.59,100.00
129P04424,2020-03-02 09:00:00,69.05,100.00
129P04424,2020-03-02 09:10:00,70.19,100.00
129P04424,2020-03-02 09:20:00,72.68,100.00
129P04424,2020-03-02 09:30:00,71.48,100.00
129P04424,2020-03-02 09:40:00,70.39,100.00
129P04424,2020-03-02 09:50:00,72.48,100.00
129P04424,2020-03-02 10:00:00,72.09,100.00
129P04424,2020-03-02 10:10:00,71.09,100.00
129P04424,2020-03-02 10:20:00,70.96,100.00
129P04424,2020-03-02 10:30:00,72.26,99.70
129P04424,2020-03-02 10:40:00,70.18,100.00
129P04424,2020-03-02 10:50:00,72.90,97.60
129P04424,2020-03-02 11:00:00,70.97,99.80
129P04424,2020-03-02 11:10:00,71.36,100.00
129P04424,2020-03-02 11:20:00,69.95,100.00
129P04424,2020-03-02 11:30:00,71.67,100.00
129P04424,2020-03-02 11:40:00,72.69,100.00
129P04424,2020-03-02 11:50:00,72.79,100.00
129P04424,2020-03-02 12:00:00,73.73,100.00
129P04424,2020-03-02 12:10:00,73.37,100.00
129P04424,2020-03-02 12:20:00,72.77,100.00
129P04424,2020-03-02 12:30:00,73.86,99.30
129P04424,2020-03-02 12:40:00,75.09,99.90
129P04424,2020-03-02 12:50:00,74.21,96.70
129P04424,2020-03-02 13:00:00,73.58,100.00
129P04424,2020-03-02 13:10:00,73.25,100.00
129P04424,2020-03-02 13:20:00,75.19,100.00
129P04424,2020-03-02 13:30:00,74.87,100.00
129P04424,2020-03-02 13:40:00,70.44,100.00
129P04424,2020-03-02 13:50:00,73.98,100.00
129P04424,2020-03-02 14:00:00,73.16,98.10
129P04424,2020-03-02 14:10:00,74.04,95.20
129P04424,2020-03-02 14:20:00,73.39,100.00
129P04424,2020-03-02 14:30:00,73.83,100.00
129P04424,2020-03-02 14:40:00,73.05,99.60
129P04424,2020-03-02 14:50:00,69.09,100.00
129P04424,2020-03-02 15:00:00,69.10,100.00
129P04424,2020-03-02 15:10:00,70.86,100.00
129P04424,2020-03-02 15:20:00,73.28,100.00
129P04424,2020-03-02 15:30:00,71.83,100.00
129P04424,2020-03-02 15:40:00,74.38,100.00
129P04424,2020-03-02 15:50:00,75.37,100.00
129P04424,2020-03-02 16:00:00,74.57,99.70
129P04424,2020-03-02 16:10:00,74.73,100.00
129P04424,2020-03-02 16:20:00,71.89,100.00
129P04424,2020-03-02 16:30:00,70.95,100.00
129P04424,2020-03-02 16:40:00,70.31,100.00
129P04424,2020-03-02 16:50:00,70.95,100.00
129P04424,2020-03-02 17:00:00,72.76,100.00
129P04424,2020-03-02 17:10:00,73.18,100.00
129P04424,2020-03-02 17:20:00,70.28,100.00
129P04424,2020-03-02 17:30:00,68.49,100.00
129P04424,2020-03-02 17:40:00,69.69,100.00
129P04424,2020-03-02 17:50:00,70.98,100.00
129P04424,2020-03-02 18:00:00,69.28,100.00
129P04424,2020-03-02 18:10:00,68.96,100.00
129P04424,2020-03-02 18:20:00,64.62,100.00
129P04424,2020-03-02 18:30:00,70.05,100.00
129P04424,2020-03-02 18:40:00,72.18,100.00
129P04424,2020-03-02 18:50:00,69.29,100.00
129P04424,2020-03-02 19:00:00,69.68,100.00
129P04424,2020-03-02 19:10:00,71.48,100.00
129P04424,2020-03-02 19:20:00,69.10,100.00
129P04424,2020-03-02 19:30:00,69.18,100.00
129P04424,2020-03-02 19:40:00,72.59,97.90
129P04424,2020-03-02 19:50:00,75.06,71.60
129P04424,2020-03-02 20:00:00,68.04,97.00
129P04424,2020-03-02 20:10:00,65.92,100.00
129P04424,2020-03-02 20:20:00,69.61,95.50
129P04424,2020-03-02 20:30:00,70.07,98.90
129P04424,2020-03-02 20:40:00,68.85,95.60
129P04424,2020-03-02 20:50:00,69.54,91.70
129P04424,2020-03-02 21:00:00,66.54,100.00
129P04424,2020-03-02 21:10:00,72.24,74.80
129P04424,2020-03-02 21:20:00,66.93,97.00
129P04424,2020-03-02 21:30:00,68.99,100.00
129P04424,2020-03-02 21:40:00,71.95,78.10
129P04424,2020-03-02 21:50:00,68.41,94.30
129P04424,2020-03-02 22:00:00,69.42,93.40
129P04424,2020-03-02 22:10:00,69.19,98.70
129P04424,2020-03-02 22:20:00,66.47,75.40
129P04424,2020-03-02 22:30:00,73.54,69.10
129P04424,2020-03-02 22:40:00,68.06,80.00
129P04424,2020-03-02 22:50:00,67.49,82.90
129P04424,2020-03-02 23:00:00,71.59,85.90
129P04424,2020-03-02 23:10:00,71.40,95.70
129P04424,2020-03-02 23:20:00,69.12,97.29
129P04424,2020-03-02 23:30:00,67.00,88.20
129P04424,2020-03-02 23:40:00,67.00,87.60
129P04424,2020-03-02 23:50:00,66.18,90.30
129+04430,2020-03-02 00:00:00,65.46,74.60
129+04430,2020-03-02 00:10:00,73.09,31.22
129+04430,2020-03-02 00:20:00,67.00,70.40
129+04430,2020-03-02 00:30:00,67.00,75.00
129+04430,2020-03-02 00:40:00,65.13,73.00
129+04430,2020-03-02 00:50:00,66.20,77.78
129+04430,2020-03-02 01:00:00,66.10,81.90
129+04430,2020-03-02 01:10:00,62.47,75.83
129+04430,2020-03-02 01:20:00,60.00,53.80
129+04430,2020-03-02 01:30:00,60.00,59.67
129+04430,2020-03-02 01:40:00,63.17,78.00
129+04430,2020-03-02 01:50:00,61.61,62.44
129+04430,2020-03-02 02:00:00,73.38,33.10
129+04430,2020-03-02 02:10:00,73.00,61.00
129+04430,2020-03-02 02:20:00,61.69,79.71
129+04430,2020-03-02 02:30:00,64.85,92.70
129+04430,2020-03-02 02:40:00,65.30,81.70
129+04430,2020-03-02 02:50:00,64.37,65.33
129+04430,2020-03-02 03:00:00,60.95,80.50
129+04430,2020-03-02 03:10:00,60.07,73.80
129+04430,2020-03-02 03:20:00,62.24,90.30
129+04430,2020-03-02 03:30:00,66.39,75.60
129+04430,2020-03-02 03:40:00,64.68,92.10
129+04430,2020-03-02 03:50:00,66.20,88.00
129+04430,2020-03-02 04:00:00,64.25,92.50
129+04430,2020-03-02 04:10:00,66.29,99.30
129+04430,2020-03-02 04:20:00,65.98,96.60
129+04430,2020-03-02 04:30:00,63.00,90.50
129+04430,2020-03-02 04:40:00,65.39,99.90
129+04430,2020-03-02 04:50:00,67.39,100.00
129+04430,2020-03-02 05:00:00,66.89,100.00
129+04430,2020-03-02 05:10:00,66.88,100.00
129+04430,2020-03-02 05:20:00,66.68,100.00
129+04430,2020-03-02 05:30:00,67.49,100.00
129+04430,2020-03-02 05:40:00,66.28,100.00
129+04430,2020-03-02 05:50:00,64.09,100.00
129+04430,2020-03-02 06:00:00,64.00,100.00
129+04430,2020-03-02 06:10:00,64.40,100.00
129+04430,2020-03-02 06:20:00,62.78,100.00
129+04430,2020-03-02 06:30:00,62.00,100.00
129+04430,2020-03-02 06:40:00,62.30,100.00
129+04430,2020-03-02 06:50:00,61.59,100.00
129+04430,2020-03-02 07:00:00,57.98,100.00
129+04430,2020-03-02 07:10:00,59.19,100.00
129+04430,2020-03-02 07:20:00,57.37,100.00
129+04430,2020-03-02 07:30:00,42.74,100.00
129+04430,2020-03-02 07:40:00,33.39,100.00
129+04430,2020-03-02 07:50:00,29.44,100.00
129+04430,2020-03-02 08:00:00,28.18,100.00
129+04430,2020-03-02 08:10:00,28.31,100.00
129+04430,2020-03-02 08:20:00,26.07,100.00
129+04430,2020-03-02 08:30:00,28.46,100.00
129+04430,2020-03-02 08:40:00,22.66,100.00
129+04430,2020-03-02 08:50:00,13.10,100.00
129+04430,2020-03-02 09:00:00,12.15,100.00
129+04430,2020-03-02 09:10:00,19.77,100.00
129+04430,2020-03-02 09:20:00,28.91,100.00
129+04430,2020-03-02 09:30:00,33.56,100.00
129+04430,2020-03-02 09:40:00,38.84,100.00
129+04430,2020-03-02 09:50:00,52.64,100.00
129+04430,2020-03-02 10:00:00,63.17,100.00
129+04430,2020-03-02 10:10:00,63.69,100.00
129+04430,2020-03-02 10:20:00,62.78,100.00
129+04430,2020-03-02 10:30:00,63.79,100.00
129+04430,2020-03-02 10:40:00,63.59,100.00
129+04430,2020-03-02 10:50:00,64.59,100.00
129+04430,2020-03-02 11:00:00,66.68,100.00
129+04430,2020-03-02 11:10:00,63.29,100.00
129+04430,2020-03-02 11:20:00,65.19,100.00
129+04430,2020-03-02 11:30:00,64.69,100.00
129+04430,2020-03-02 11:40:00,65.70,100.00
129+04430,2020-03-02 11:50:00,65.59,100.00
129+04430,2020-03-02 12:00:00,65.95,100.00
129+04430,2020-03-02 12:10:00,68.00,100.00
129+04430,2020-03-02 12:20:00,65.90,100.00
129+04430,2020-03-02 12:30:00,65.50,100.00
129+04430,2020-03-02 12:40:00,66.69,100.00
129+04430,2020-03-02 12:50:00,65.50,100.00
129+04430,2020-03-02 13:00:00,64.90,100.00
129+04430,2020-03-02 13:10:00,63.69,100.00
129+04430,2020-03-02 13:20:00,64.39,100.00
129+04430,2020-03-02 13:30:00,63.79,100.00
129+04430,2020-03-02 13:40:00,65.87,100.00
129+04430,2020-03-02 13:50:00,67.29,100.00
129+04430,2020-03-02 14:00:00,67.88,100.00
129+04430,2020-03-02 14:10:00,63.99,100.00
129+04430,2020-03-02 14:20:00,63.09,100.00
129+04430,2020-03-02 14:30:00,63.67,100.00
129+04430,2020-03-02 14:40:00,64.70,100.00
129+04430,2020-03-02 14:50:00,65.50,100.00
129+04430,2020-03-02 15:00:00,64.68,100.00
129+04430,2020-03-02 15:10:00,62.70,100.00
129+04430,2020-03-02 15:20:00,63.68,100.00
129+04430,2020-03-02 15:30:00,63.39,100.00
129+04430,2020-03-02 15:40:00,63.78,100.00
129+04430,2020-03-02 15:50:00,63.27,100.00
129+04430,2020-03-02 16:00:00,65.39,100.00
129+04430,2020-03-02 16:10:00,66.10,100.00
129+04430,2020-03-02 16:20:00,65.90,100.00
129+04430,2020-03-02 16:30:00,62.77,100.00
129+04430,2020-03-02 16:40:00,62.44,100.00
129+04430,2020-03-02 16:50:00,63.09,100.00
129+04430,2020-03-02 17:00:00,62.08,100.00
129+04430,2020-03-02 17:10:00,62.19,100.00
129+04430,2020-03-02 17:20:00,62.79,100.00
129+04430,2020-03-02 17:30:00,62.89,100.00
129+04430,2020-03-02 17:40:00,62.49,100.00
129+04430,2020-03-02 17:50:00,61.98,100.00
129+04430,2020-03-02 18:00:00,62.30,100.00
129+04430,2020-03-02 18:10:00,60.20,100.00
129+04430,2020-03-02 18:20:00,61.98,100.00
129+04430,2020-03-02 18:30:00,61.99,100.00
129+04430,2020-03-02 18:40:00,63.28,100.00
129+04430,2020-03-02 18:50:00,62.79,100.00
129+04430,2020-03-02 19:00:00,63.59,100.00
129+04430,2020-03-02 19:10:00,63.79,100.00
129+04430,2020-03-02 19:20:00,62.90,100.00
129+04430,2020-03-02 19:30:00,63.10,100.00
129+04430,2020-03-02 19:40:00,63.96,100.00
129+04430,2020-03-02 19:50:00,64.31,100.00
129+04430,2020-03-02 20:00:00,64.42,100.00
129+04430,2020-03-02 20:10:00,63.77,100.00
129+04430,2020-03-02 20:20:00,64.70,98.40
129+04430,2020-03-02 20:30:00,64.57,100.00
129+04430,2020-03-02 20:40:00,67.13,100.00
129+04430,2020-03-02 20:50:00,65.60,100.00
129+04430,2020-03-02 21:00:00,63.69,100.00
129+04430,2020-03-02 21:10:00,65.50,100.00
129+04430,2020-03-02 21:20:00,65.70,100.00
129+04430,2020-03-02 21:30:00,66.88,100.00
129+04430,2020-03-02 21:40:00,63.86,100.00
129+04430,2020-03-02 21:50:00,65.39,100.00
129+04430,2020-03-02 22:00:00,65.49,96.50
129+04430,2020-03-02 22:10:00,68.53,74.80
129+04430,2020-03-02 22:20:00,68.08,88.80
129+04430,2020-03-02 22:30:00,66.11,82.40
129+04430,2020-03-02 22:40:00,65.89,91.80
129+04430,2020-03-02 22:50:00,66.50,97.80
129+04430,2020-03-02 23:00:00,63.93,77.00
129+04430,2020-03-02 23:10:00,58.14,42.50
129+04430,2020-03-02 23:20:00,58.91,68.20
129+04430,2020-03-02 23:30:00,62.26,93.90
129+04430,2020-03-02 23:40:00,64.57,80.80
129+04430,2020-03-02 23:50:00,63.59,91.20
129P04423,2020-03-02 00:00:00,72.89,92.30
129P04423,2020-03-02 00:10:00,69.77,63.00
129P04423,2020-03-02 00:20:00,70.84,80.00
129P04423,2020-03-02 00:30:00,71.98,82.30
129P04423,2020-03-02 00:40:00,67.96,80.25
129P04423,2020-03-02 00:50:00,71.00,99.30
129P04423,2020-03-02 01:00:00,69.00,97.63
129P04423,2020-03-02 01:10:00,70.97,95.44
129P04423,2020-03-02 01:20:00,73.00,86.11
129P04423,2020-03-02 01:30:00,66.18,72.10
129P04423,2020-03-02 01:40:00,72.49,87.50
129P04423,2020-03-02 01:50:00,67.49,73.67
129P04423,2020-03-02 02:00:00,69.00,95.80
129P04423,2020-03-02 02:10:00,70.29,95.30
129P04423,2020-03-02 02:20:00,71.00,96.17
129P04423,2020-03-02 02:30:00,64.42,71.33
129P04423,2020-03-02 02:40:00,67.54,97.57
129P04423,2020-03-02 02:50:00,71.59,86.40
129P04423,2020-03-02 03:00:00,69.29,96.60
129P04423,2020-03-02 03:10:00,71.29,91.70
129P04423,2020-03-02 03:20:00,70.59,97.30
129P04423,2020-03-02 03:30:00,72.19,92.10
129P04423,2020-03-02 03:40:00,71.19,89.80
129P04423,2020-03-02 03:50:00,69.26,87.60
129P04423,2020-03-02 04:00:00,72.28,85.20
129P04423,2020-03-02 04:10:00,69.30,95.80
129P04423,2020-03-02 04:20:00,69.10,96.10
129P04423,2020-03-02 04:30:00,71.84,90.60
129P04423,2020-03-02 04:40:00,73.13,80.90
129P04423,2020-03-02 04:50:00,71.99,95.90
129P04423,2020-03-02 05:00:00,73.97,96.20
129P04423,2020-03-02 05:10:00,77.48,100.00
129P04423,2020-03-02 05:20:00,77.07,100.00
129P04423,2020-03-02 05:30:00,72.90,100.00
129P04423,2020-03-02 05:40:00,71.59,100.00
129P04423,2020-03-02 05:50:00,71.39,100.00
129P04423,2020-03-02 06:00:00,70.29,100.00
129P04423,2020-03-02 06:10:00,67.59,100.00
129P04423,2020-03-02 06:20:00,69.58,100.00
129P04423,2020-03-02 06:30:00,70.68,100.00
129P04423,2020-03-02 06:40:00,67.30,100.00
129P04423,2020-03-02 06:50:00,67.61,100.00
129P04423,2020-03-02 07:00:00,41.12,100.00
129P04423,2020-03-02 07:10:00,30.63,100.00
129P04423,2020-03-02 07:20:00,53.24,100.00
129P04423,2020-03-02 07:30:00,65.68,100.00
129P04423,2020-03-02 07:40:00,72.09,100.00
129P04423,2020-03-02 07:50:00,71.98,100.00
129P04423,2020-03-02 08:00:00,75.67,100.00
129P04423,2020-03-02 08:10:00,74.89,100.00
129P04423,2020-03-02 08:20:00,73.34,100.00
129P04423,2020-03-02 08:30:00,73.14,100.00
129P04423,2020-03-02 08:40:00,70.68,100.00
129P04423,2020-03-02 08:50:00,73.99,100.00
129P04423,2020-03-02 09:00:00,70.87,100.00
129P04423,2020-03-02 09:10:00,72.49,100.00
129P04423,2020-03-02 09:20:00,73.46,100.00
129P04423,2020-03-02 09:30:00,72.08,100.00
129P04423,2020-03-02 09:40:00,72.79,100.00
129P04423,2020-03-02 09:50:00,73.78,99.60
129P04423,2020-03-02 10:00:00,73.49,100.00
129P04423,2020-03-02 10:10:00,72.79,100.00
129P04423,2020-03-02 10:20:00,73.87,96.90
129P04423,2020-03-02 10:30:00,73.77,88.70
129P04423,2020-03-02 10:40:00,71.48,100.00
129P04423,2020-03-02 10:50:00,72.85,97.70
129P04423,2020-03-02 11:00:00,72.54,97.30
129P04423,2020-03-02 11:10:00,73.59,98.40
129P04423,2020-03-02 11:20:00,71.87,100.00
129P04423,2020-03-02 11:30:00,72.99,100.00
129P04423,2020-03-02 11:40:00,74.88,99.10
129P04423,2020-03-02 11:50:00,74.68,96.70
129P04423,2020-03-02 12:00:00,77.29,83.40
129P04423,2020-03-02 12:10:00,74.98,96.80
129P04423,2020-03-02 12:20:00,75.63,100.00
129P04423,2020-03-02 12:30:00,74.21,96.50
129P04423,2020-03-02 12:40:00,74.75,96.30
129P04423,2020-03-02 12:50:00,76.25,95.80
129P04423,2020-03-02 13:00:00,72.66,99.60
129P04423,2020-03-02 13:10:00,74.37,98.90
129P04423,2020-03-02 13:20:00,75.98,100.00
129P04423,2020-03-02 13:30:00,74.71,100.00
129P04423,2020-03-02 13:40:00,71.75,100.00
129P04423,2020-03-02 13:50:00,72.80,100.00
129P04423,2020-03-02 14:00:00,76.42,85.20
129P04423,2020-03-02 14:10:00,75.18,99.50
129P04423,2020-03-02 14:20:00,73.56,100.00
129P04423,2020-03-02 14:30:00,74.86,100.00
129P04423,2020-03-02 14:40:00,72.64,100.00
129P04423,2020-03-02 14:50:00,72.19,100.00
129P04423,2020-03-02 15:00:00,74.99,96.20
129P04423,2020-03-02 15:10:00,75.35,95.30
129P04423,2020-03-02 15:20:00,75.68,96.80
129P04423,2020-03-02 15:30:00,75.85,100.00
129P04423,2020-03-02 15:40:00,77.68,100.00
129P04423,2020-03-02 15:50:00,78.67,100.00
129P04423,2020-03-02 16:00:00,78.97,99.50
129P04423,2020-03-02 16:10:00,74.75,100.00
129P04423,2020-03-02 16:20:00,76.53,97.60
129P04423,2020-03-02 16:30:00,78.09,96.90
129P04423,2020-03-02 16:40:00,74.30,100.00
129P04423,2020-03-02 16:50:00,77.88,96.40
129P04423,2020-03-02 17:00:00,76.22,100.00
129P04423,2020-03-02 17:10:00,74.19,100.00
129P04423,2020-03-02 17:20:00,73.48,100.00
129P04423,2020-03-02 17:30:00,73.11,100.00
129P04423,2020-03-02 17:40:00,72.66,100.00
129P04423,2020-03-02 17:50:00,75.79,100.00
129P04423,2020-03-02 18:00:00,73.76,100.00
129P04423,2020-03-02 18:10:00,72.86,100.00
129P04423,2020-03-02 18:20:00,67.48,93.40
129P04423,2020-03-02 18:30:00,71.17,77.40
129P04423,2020-03-02 18:40:00,75.57,71.80
129P04423,2020-03-02 18:50:00,76.09,90.20
129P04423,2020-03-02 19:00:00,73.47,86.10
129P04423,2020-03-02 19:10:00,73.84,91.10
129P04423,2020-03-02 19:20:00,72.84,100.00
129P04423,2020-03-02 19:30:00,73.91,96.20
129P04423,2020-03-02 19:40:00,73.77,98.00
129P04423,2020-03-02 19:50:00,77.21,72.80
129P04423,2020-03-02 20:00:00,71.57,100.00
129P04423,2020-03-02 20:10:00,70.32,100.00
129P04423,2020-03-02 20:20:00,73.56,88.90
129P04423,2020-03-02 20:30:00,75.10,94.50
129P04423,2020-03-02 20:40:00,70.73,99.30
129P04423,2020-03-02 20:50:00,70.98,100.00
129P04423,2020-03-02 21:00:00,69.52,99.10
129P04423,2020-03-02 21:10:00,79.68,39.60
129P04423,2020-03-02 21:20:00,72.75,95.60
129P04423,2020-03-02 21:30:00,72.79,100.00
129P04423,2020-03-02 21:40:00,76.65,78.90
129P04423,2020-03-02 21:50:00,77.91,81.80
129P04423,2020-03-02 22:00:00,71.68,76.80
129P04423,2020-03-02 22:10:00,72.90,93.50
129P04423,2020-03-02 22:20:00,67.68,42.30
129P04423,2020-03-02 22:30:00,73.64,82.40
129P04423,2020-03-02 22:40:00,72.29,97.00
129P04423,2020-03-02 22:50:00,69.87,93.11
129P04423,2020-03-02 23:00:00,70.79,99.20
129P04423,2020-03-02 23:10:00,74.07,87.56
129P04423,2020-03-02 23:20:00,72.14,88.11
129P04423,2020-03-02 23:30:00,69.90,90.10
129P04423,2020-03-02 23:40:00,68.40,86.00
129P04423,2020-03-02 23:50:00,69.49,95.80
129+04431,2020-03-02 00:00:00,54.36,76.10
129+04431,2020-03-02 00:10:00,65.64,30.10
129+04431,2020-03-02 00:20:00,60.11,92.89
129+04431,2020-03-02 00:30:00,,
129+04431,2020-03-02 00:40:00,56.11,68.00
129+04431,2020-03-02 00:50:00,56.42,68.78
129+04431,2020-03-02 01:00:00,56.68,98.57
129+04431,2020-03-02 01:10:00,54.44,96.00
129+04431,2020-03-02 01:20:00,52.00,79.60
129+04431,2020-03-02 01:30:00,52.00,84.50
129+04431,2020-03-02 01:40:00,61.00,48.83
129+04431,2020-03-02 01:50:00,61.00,47.38
129+04431,2020-03-02 02:00:00,65.00,36.00
129+04431,2020-03-02 02:10:00,,
129+04431,2020-03-02 02:20:00,64.13,78.14
129+04431,2020-03-02 02:30:00,60.24,77.11
129+04431,2020-03-02 02:40:00,57.39,63.90
129+04431,2020-03-02 02:50:00,58.26,83.50
129+04431,2020-03-02 03:00:00,52.32,55.00
129+04431,2020-03-02 03:10:00,53.06,73.10
129+04431,2020-03-02 03:20:00,50.83,69.90
129+04431,2020-03-02 03:30:00,54.75,98.00
129+04431,2020-03-02 03:40:00,55.47,94.10
129+04431,2020-03-02 03:50:00,56.99,83.20
129+04431,2020-03-02 04:00:00,57.17,87.60
129+04431,2020-03-02 04:10:00,59.09,92.60
129+04431,2020-03-02 04:20:00,56.42,84.90
129+04431,2020-03-02 04:30:00,54.60,86.10
129+04431,2020-03-02 04:40:00,57.17,99.20
129+04431,2020-03-02 04:50:00,57.89,100.00
129+04431,2020-03-02 05:00:00,58.76,100.00
129+04431,2020-03-02 05:10:00,58.18,100.00
129+04431,2020-03-02 05:20:00,56.95,100.00
129+04431,2020-03-02 05:30:00,57.85,100.00
129+04431,2020-03-02 05:40:00,56.89,100.00
129+04431,2020-03-02 05:50:00,55.50,100.00
129+04431,2020-03-02 06:00:00,55.68,100.00
129+04431,2020-03-02 06:10:00,55.49,100.00
129+04431,2020-03-02 06:20:00,54.39,100.00
129+04431,2020-03-02 06:30:00,53.90,100.00
129+04431,2020-03-02 06:40:00,54.09,100.00
129+04431,2020-03-02 06:50:00,53.20,100.00
129+04431,2020-03-02 07:00:00,52.20,100.00
129+04431,2020-03-02 07:10:00,46.49,100.00
129+04431,2020-03-02 07:20:00,31.83,100.00
129+04431,2020-03-02 07:30:00,33.95,100.00
129+04431,2020-03-02 07:40:00,30.73,100.00
129+04431,2020-03-02 07:50:00,28.54,100.00
129+04431,2020-03-02 08:00:00,27.94,100.00
129+04431,2020-03-02 08:10:00,26.48,100.00
129+04431,2020-03-02 08:20:00,30.02,100.00
129+04431,2020-03-02 08:30:00,26.13,100.00
129+04431,2020-03-02 08:40:00,12.53,100.00
129+04431,2020-03-02 08:50:00,9.95,100.00
129+04431,2020-03-02 09:00:00,17.48,100.00
129+04431,2020-03-02 09:10:00,22.05,100.00
129+04431,2020-03-02 09:20:00,17.41,100.00
129+04431,2020-03-02 09:30:00,17.51,100.00
129+04431,2020-03-02 09:40:00,15.31,100.00
129+04431,2020-03-02 09:50:00,30.86,100.00
129+04431,2020-03-02 10:00:00,49.25,100.00
129+04431,2020-03-02 10:10:00,53.50,100.00
129+04431,2020-03-02 10:20:00,53.99,100.00
129+04431,2020-03-02 10:30:00,54.58,100.00
129+04431,2020-03-02 10:40:00,53.87,100.00
129+04431,2020-03-02 10:50:00,55.18,100.00
129+04431,2020-03-02 11:00:00,55.99,100.00
129+04431,2020-03-02 11:10:00,55.30,100.00
129+04431,2020-03-02 11:20:00,56.86,100.00
129+04431,2020-03-02 11:30:00,55.75,100.00
129+04431,2020-03-02 11:40:00,54.99,100.00
129+04431,2020-03-02 11:50:00,54.67,100.00
129+04431,2020-03-02 12:00:00,57.28,100.00
129+04431,2020-03-02 12:10:00,58.11,100.00
129+04431,2020-03-02 12:20:00,57.29,100.00
129+04431,2020-03-02 12:30:00,56.50,100.00
129+04431,2020-03-02 12:40:00,57.34,100.00
129+04431,2020-03-02 12:50:00,56.60,100.00
129+04431,2020-03-02 13:00:00,55.29,100.00
129+04431,2020-03-02 13:10:00,54.69,100.00
129+04431,2020-03-02 13:20:00,55.79,100.00
129+04431,2020-03-02 13:30:00,55.20,100.00
129+04431,2020-03-02 13:40:00,55.70,100.00
129+04431,2020-03-02 13:50:00,57.36,100.00
129+04431,2020-03-02 14:00:00,58.18,100.00
129+04431,2020-03-02 14:10:00,56.26,100.00
129+04431,2020-03-02 14:20:00,53.48,100.00
129+04431,2020-03-02 14:30:00,53.68,100.00
129+04431,2020-03-02 14:40:00,53.69,100.00
129+04431,2020-03-02 14:50:00,55.30,100.00
129+04431,2020-03-02 15:00:00,56.25,100.00
129+04431,2020-03-02 15:10:00,54.20,100.00
129+04431,2020-03-02 15:20:00,55.29,100.00
129+04431,2020-03-02 15:30:00,54.70,100.00
129+04431,2020-03-02 15:40:00,53.19,100.00
129+04431,2020-03-02 15:50:00,55.27,100.00
129+04431,2020-03-02 16:00:00,55.87,100.00
129+04431,2020-03-02 16:10:00,57.78,100.00
129+04431,2020-03-02 16:20:00,54.28,100.00
129+04431,2020-03-02 16:30:00,54.29,100.00
129+04431,2020-03-02 16:40:00,53.32,100.00
129+04431,2020-03-02 16:50:00,54.70,100.00
129+04431,2020-03-02 17:00:00,54.75,100.00
129+04431,2020-03-02 17:10:00,53.37,100.00
129+04431,2020-03-02 17:20:00,53.49,100.00
129+04431,2020-03-02 17:30:00,53.70,100.00
129+04431,2020-03-02 17:40:00,53.07,100.00
129+04431,2020-03-02 17:50:00,52.26,100.00
129+04431,2020-03-02 18:00:00,53.30,100.00
129+04431,2020-03-02 18:10:00,51.98,100.00
129+04431,2020-03-02 18:20:00,52.99,100.00
129+04431,2020-03-02 18:30:00,53.39,100.00
129+04431,2020-03-02 18:40:00,51.97,100.00
129+04431,2020-03-02 18:50:00,52.58,100.00
129+04431,2020-03-02 19:00:00,54.00,100.00
129+04431,2020-03-02 19:10:00,54.17,100.00
129+04431,2020-03-02 19:20:00,53.36,100.00
129+04431,2020-03-02 19:30:00,55.28,100.00
129+04431,2020-03-02 19:40:00,54.51,100.00
129+04431,2020-03-02 19:50:00,51.16,100.00
129+04431,2020-03-02 20:00:00,54.50,100.00
129+04431,2020-03-02 20:10:00,54.21,100.00
129+04431,2020-03-02 20:20:00,52.56,96.90
129+04431,2020-03-02 20:30:00,53.51,98.50
129+04431,2020-03-02 20:40:00,57.87,95.20
129+04431,2020-03-02 20:50:00,58.44,100.00
129+04431,2020-03-02 21:00:00,56.59,100.00
129+04431,2020-03-02 21:10:00,54.69,100.00
129+04431,2020-03-02 21:20:00,57.18,100.00
129+04431,2020-03-02 21:30:00,59.00,89.70
129+04431,2020-03-02 21:40:00,60.00,76.20
129+04431,2020-03-02 21:50:00,56.60,100.00
129+04431,2020-03-02 22:00:00,53.79,95.80
129+04431,2020-03-02 22:10:00,53.03,89.50
129+04431,2020-03-02 22:20:00,58.14,93.40
129+04431,2020-03-02 22:30:00,55.39,93.60
129+04431,2020-03-02 22:40:00,56.55,94.90
129+04431,2020-03-02 22:50:00,59.87,84.40
129+04431,2020-03-02 23:00:00,56.14,81.80
129+04431,2020-03-02 23:10:00,49.36,34.30
129+04431,2020-03-02 23:20:00,50.34,66.90
129+04431,2020-03-02 23:30:00,56.29,93.30
129+04431,2020-03-02 23:40:00,55.12,87.70
129+04431,2020-03-02 23:50:00,56.18,84.70
129+04429,2020-03-02 00:00:00,60.75,73.00
129+04429,2020-03-02 00:10:00,69.51,28.43
129+04429,2020-03-02 00:20:00,61.40,92.29
129+04429,2020-03-02 00:30:00,63.38,91.90
129+04429,2020-03-02 00:40:00,69.29,77.80
129+04429,2020-03-02 00:50:00,71.68,73.63
129+04429,2020-03-02 01:00:00,64.02,66.70
129+04429,2020-03-02 01:10:00,61.80,69.80
129+04429,2020-03-02 01:20:00,58.00,49.71
129+04429,2020-03-02 01:30:00,,
129+04429,2020-03-02 01:40:00,56.00,69.50
129+04429,2020-03-02 01:50:00,65.53,56.20
129+04429,2020-03-02 02:00:00,70.31,49.11
129+04429,2020-03-02 02:10:00,,
129+04429,2020-03-02 02:20:00,59.95,78.70
129+04429,2020-03-02 02:30:00,63.32,83.50
129+04429,2020-03-02 02:40:00,66.86,88.90
129+04429,2020-03-02 02:50:00,66.51,78.75
129+04429,2020-03-02 03:00:00,62.00,93.71
129+04429,2020-03-02 03:10:00,62.00,94.00
129+04429,2020-03-02 03:20:00,63.28,96.10
129+04429,2020-03-02 03:30:00,66.00,87.60
129+04429,2020-03-02 03:40:00,65.89,89.90
129+04429,2020-03-02 03:50:00,66.00,96.20
129+04429,2020-03-02 04:00:00,63.22,92.33
129+04429,2020-03-02 04:10:00,67.65,88.10
129+04429,2020-03-02 04:20:00,66.53,90.80
129+04429,2020-03-02 04:30:00,64.58,93.50
129+04429,2020-03-02 04:40:00,64.86,97.00
129+04429,2020-03-02 04:50:00,67.39,100.00
129+04429,2020-03-02 05:00:00,66.69,100.00
129+04429,2020-03-02 05:10:00,68.00,100.00
129+04429,2020-03-02 05:20:00,67.98,100.00
129+04429,2020-03-02 05:30:00,67.49,100.00
129+04429,2020-03-02 05:40:00,63.09,100.00
129+04429,2020-03-02 05:50:00,62.40,100.00
129+04429,2020-03-02 06:00:00,60.57,100.00
129+04429,2020-03-02 06:10:00,52.03,100.00
129+04429,2020-03-02 06:20:00,48.27,100.00
129+04429,2020-03-02 06:30:00,47.68,100.00
129+04429,2020-03-02 06:40:00,44.06,100.00
129+04429,2020-03-02 06:50:00,45.38,100.00
129+04429,2020-03-02 07:00:00,43.12,100.00
129+04429,2020-03-02 07:10:00,41.20,100.00
129+04429,2020-03-02 07:20:00,43.07,100.00
129+04429,2020-03-02 07:30:00,43.28,100.00
129+04429,2020-03-02 07:40:00,45.65,100.00
129+04429,2020-03-02 07:50:00,44.13,100.00
129+04429,2020-03-02 08:00:00,42.77,100.00
129+04429,2020-03-02 08:10:00,32.38,100.00
129+04429,2020-03-02 08:20:00,26.86,100.00
129+04429,2020-03-02 08:30:00,30.53,100.00
129+04429,2020-03-02 08:40:00,28.80,100.00
129+04429,2020-03-02 08:50:00,35.79,100.00
129+04429,2020-03-02 09:00:00,20.37,100.00
129+04429,2020-03-02 09:10:00,16.85,100.00
129+04429,2020-03-02 09:20:00,19.37,100.00
129+04429,2020-03-02 09:30:00,23.37,100.00
129+04429,2020-03-02 09:40:00,25.67,100.00
129+04429,2020-03-02 09:50:00,40.36,100.00
129+04429,2020-03-02 10:00:00,58.68,100.00
129+04429,2020-03-02 10:10:00,62.19,100.00
129+04429,2020-03-02 10:20:00,63.08,100.00
129+04429,2020-03-02 10:30:00,61.59,100.00
129+04429,2020-03-02 10:40:00,64.49,100.00
129+04429,2020-03-02 10:50:00,65.49,100.00
129+04429,2020-03-02 11:00:00,66.39,100.00
129+04429,2020-03-02 11:10:00,62.30,100.00
129+04429,2020-03-02 11:20:00,64.69,100.00
129+04429,2020-03-02 11:30:00,63.38,100.00
129+04429,2020-03-02 11:40:00,66.19,100.00
129+04429,2020-03-02 11:50:00,65.39,100.00
129+04429,2020-03-02 12:00:00,65.09,100.00
129+04429,2020-03-02 12:10:00,65.49,100.00
129+04429,2020-03-02 12:20:00,66.09,100.00
129+04429,2020-03-02 12:30:00,64.38,100.00
129+04429,2020-03-02 12:40:00,64.78,100.00
129+04429,2020-03-02 12:50:00,63.59,100.00
129+04429,2020-03-02 13:00:00,64.28,100.00
129+04429,2020-03-02 13:10:00,63.99,100.00
129+04429,2020-03-02 13:20:00,65.10,100.00
129+04429,2020-03-02 13:30:00,63.98,100.00
129+04429,2020-03-02 13:40:00,65.80,100.00
129+04429,2020-03-02 13:50:00,65.49,100.00
129+04429,2020-03-02 14:00:00,67.18,100.00
129+04429,2020-03-02 14:10:00,64.37,100.00
129+04429,2020-03-02 14:20:00,61.99,100.00
129+04429,2020-03-02 14:30:00,63.77,100.00
129+04429,2020-03-02 14:40:00,64.79,100.00
129+04429,2020-03-02 14:50:00,65.98,100.00
129+04429,2020-03-02 15:00:00,62.25,100.00
129+04429,2020-03-02 15:10:00,61.59,100.00
129+04429,2020-03-02 15:20:00,63.39,100.00
129+04429,2020-03-02 15:30:00,62.60,100.00
129+04429,2020-03-02 15:40:00,63.29,100.00
129+04429,2020-03-02 15:50:00,59.87,100.00
129+04429,2020-03-02 16:00:00,61.67,100.00
129+04429,2020-03-02 16:10:00,62.87,100.00
129+04429,2020-03-02 16:20:00,64.89,100.00
129+04429,2020-03-02 16:30:00,62.29,100.00
129+04429,2020-03-02 16:40:00,63.52,100.00
129+04429,2020-03-02 16:50:00,61.49,100.00
129+04429,2020-03-02 17:00:00,59.19,100.00
129+04429,2020-03-02 17:10:00,57.18,100.00
129+04429,2020-03-02 17:20:00,53.74,100.00
129+04429,2020-03-02 17:30:00,27.15,100.00
129+04429,2020-03-02 17:40:00,19.36,100.00
129+04429,2020-03-02 17:50:00,25.28,100.00
129+04429,2020-03-02 18:00:00,28.20,100.00
129+04429,2020-03-02 18:10:00,35.43,100.00
129+04429,2020-03-02 18:20:00,57.97,100.00
129+04429,2020-03-02 18:30:00,58.39,100.00
129+04429,2020-03-02 18:40:00,57.03,100.00
129+04429,2020-03-02 18:50:00,57.22,100.00
129+04429,2020-03-02 19:00:00,61.54,100.00
129+04429,2020-03-02 19:10:00,61.99,100.00
129+04429,2020-03-02 19:20:00,62.50,100.00
129+04429,2020-03-02 19:30:00,62.59,100.00
129+04429,2020-03-02 19:40:00,60.32,100.00
129+04429,2020-03-02 19:50:00,62.97,100.00
129+04429,2020-03-02 20:00:00,62.99,100.00
129+04429,2020-03-02 20:10:00,63.81,100.00
129+04429,2020-03-02 20:20:00,63.85,100.00
129+04429,2020-03-02 20:30:00,63.37,100.00
129+04429,2020-03-02 20:40:00,66.95,93.40
129+04429,2020-03-02 20:50:00,67.68,89.60
129+04429,2020-03-02 21:00:00,64.78,100.00
129+04429,2020-03-02 21:10:00,63.98,100.00
129+04429,2020-03-02 21:20:00,66.39,100.00
129+04429,2020-03-02 21:30:00,67.19,93.60
129+04429,2020-03-02 21:40:00,63.26,88.80
129+04429,2020-03-02 21:50:00,64.33,88.30
129+04429,2020-03-02 22:00:00,59.88,96.90
129+04429,2020-03-02 22:10:00,65.34,56.30
129+04429,2020-03-02 22:20:00,67.46,65.70
129+04429,2020-03-02 22:30:00,64.63,87.50
129+04429,2020-03-02 22:40:00,63.99,83.70
129+04429,2020-03-02 22:50:00,63.50,86.90
129+04429,2020-03-02 23:00:00,62.37,82.40
129+04429,2020-03-02 23:10:00,60.94,52.80
129+04429,2020-03-02 23:20:00,65.19,91.20
129+04429,2020-03-02 23:30:00,65.69,93.70
129+04429,2020-03-02 23:40:00,63.90,96.90
129+04429,2020-03-02 23:50:00,62.49,88.00
129P04919,2020-03-02 00:00:00,47.90,74.70
129P04919,2020-03-02 00:10:00,51.70,92.20
129P04919,2020-03-02 00:20:00,52.31,79.80
129P04919,2020-03-02 00:30:00,55.00,63.88
129P04919,2020-03-02 00:40:00,53.89,93.20
129P04919,2020-03-02 00:50:00,56.38,92.70
129P04919,2020-03-02 01:00:00,57.00,97.00
129P04919,2020-03-02 01:10:00,54.00,97.00
129P04919,2020-03-02 01:20:00,52.89,94.70
129P04919,2020-03-02 01:30:00,60.00,56.00
129P04919,2020-03-02 01:40:00,59.28,64.57
129P04919,2020-03-02 01:50:00,,
129P04919,2020-03-02 02:00:00,,
129P04919,2020-03-02 02:10:00,,
129P04919,2020-03-02 02:20:00,,
129P04919,2020-03-02 02:30:00,,
129P04919,2020-03-02 02:40:00,,
129P04919,2020-03-02 02:50:00,,
129P04919,2020-03-02 03:00:00,50.46,92.50
129P04919,2020-03-02 03:10:00,52.00,92.30
129P04919,2020-03-02 03:20:00,49.00,87.00
129P04919,2020-03-02 03:30:00,,
129P04919,2020-03-02 03:40:00,,
129P04919,2020-03-02 03:50:00,49.77,91.43
129P04919,2020-03-02 04:00:00,54.55,78.30
129P04919,2020-03-02 04:10:00,55.74,59.20
129P04919,2020-03-02 04:20:00,52.20,90.10
129P04919,2020-03-02 04:30:00,54.08,89.50
129P04919,2020-03-02 04:40:00,53.07,86.70
129P04919,2020-03-02 04:50:00,49.17,70.70
129P04919,2020-03-02 05:00:00,50.06,93.00
129P04919,2020-03-02 05:10:00,47.96,99.10
129P04919,2020-03-02 05:20:00,50.38,99.60
129P04919,2020-03-02 05:30:00,52.02,84.10
129P04919,2020-03-02 05:40:00,57.53,56.90
129P04919,2020-03-02 05:50:00,48.37,99.20
129P04919,2020-03-02 06:00:00,49.14,99.60
129P04919,2020-03-02 06:10:00,44.97,92.80
129P04919,2020-03-02 06:20:00,51.15,100.00
129P04919,2020-03-02 06:30:00,50.86,83.30
129P04919,2020-03-02 06:40:00,53.28,52.00
129P04919,2020-03-02 06:50:00,52.26,90.60
129P04919,2020-03-02 07:00:00,52.02,90.80
129P04919,2020-03-02 07:10:00,46.75,100.00
129P04919,2020-03-02 07:20:00,47.56,99.60
129P04919,2020-03-02 07:30:00,46.80,99.90
129P04919,2020-03-02 07:40:00,49.05,100.00
129P04919,2020-03-02 07:50:00,50.61,80.33
129P04919,2020-03-02 08:00:00,49.25,96.00
129P04919,2020-03-02 08:10:00,50.40,96.90
129P04919,2020-03-02 08:20:00,48.97,98.60
129P04919,2020-03-02 08:30:00,54.66,70.70
129P04919,2020-03-02 08:40:00,47.39,100.00
129P04919,2020-03-02 08:50:00,48.22,100.00
129P04919,2020-03-02 09:00:00,44.49,95.20
129P04919,2020-03-02 09:10:00,48.50,98.10
129P04919,2020-03-02 09:20:00,48.91,100.00
129P04919,2020-03-02 09:30:00,44.48,100.00
129P04919,2020-03-02 09:40:00,44.03,85.20
129P04919,2020-03-02 09:50:00,33.96,39.80
129P04919,2020-03-02 10:00:00,29.90,54.10
129P04919,2020-03-02 10:10:00,28.36,59.40
129P04919,2020-03-02 10:20:00,27.80,73.00
129P04919,2020-03-02 10:30:00,42.79,100.00
129P04919,2020-03-02 10:40:00,48.84,100.00
129P04919,2020-03-02 10:50:00,51.66,75.40
129P04919,2020-03-02 11:00:00,46.76,97.50
129P04919,2020-03-02 11:10:00,49.54,98.70
129P04919,2020-03-02 11:20:00,45.18,82.30
129P04919,2020-03-02 11:30:00,48.07,94.10
129P04919,2020-03-02 11:40:00,48.76,95.80
129P04919,2020-03-02 11:50:00,47.69,97.10
129P04919,2020-03-02 12:00:00,43.69,80.50
129P04919,2020-03-02 12:10:00,43.38,91.00
129P04919,2020-03-02 12:20:00,41.60,80.20
129P04919,2020-03-02 12:30:00,47.78,94.70
129P04919,2020-03-02 12:40:00,44.92,97.50
129P04919,2020-03-02 12:50:00,45.17,99.30
129P04919,2020-03-02 13:00:00,44.13,91.20
129P04919,2020-03-02 13:10:00,47.01,97.00
129P04919,2020-03-02 13:20:00,50.45,89.10
129P04919,2020-03-02 13:30:00,46.11,96.20
129P04919,2020-03-02 13:40:00,43.41,84.20
129P04919,2020-03-02 13:50:00,50.39,94.50
129P04919,2020-03-02 14:00:00,50.56,95.20
129P04919,2020-03-02 14:10:00,48.49,99.00
129P04919,2020-03-02 14:20:00,48.28,97.80
129P04919,2020-03-02 14:30:00,45.85,97.50
129P04919,2020-03-02 14:40:00,39.43,97.70
129P04919,2020-03-02 14:50:00,39.72,90.50
129P04919,2020-03-02 15:00:00,43.59,95.80
129P04919,2020-03-02 15:10:00,46.45,97.40
129P04919,2020-03-02 15:20:00,44.15,95.30
129P04919,2020-03-02 15:30:00,30.66,97.60
129P04919,2020-03-02 15:40:00,27.01,95.60
129P04919,2020-03-02 15:50:00,26.49,100.00
129P04919,2020-03-02 16:00:00,22.48,83.50
129P04919,2020-03-02 16:10:00,21.71,92.50
129P04919,2020-03-02 16:20:00,32.10,78.30
129P04919,2020-03-02 16:30:00,33.96,87.00
129P04919,2020-03-02 16:40:00,33.51,92.33
129P04919,2020-03-02 16:50:00,41.83,74.10
129P04919,2020-03-02 17:00:00,41.81,98.90
129P04919,2020-03-02 17:10:00,49.89,45.80
129P04919,2020-03-02 17:20:00,42.01,98.80
129P04919,2020-03-02 17:30:00,39.67,99.30
129P04919,2020-03-02 17:40:00,44.84,89.10
129P04919,2020-03-02 17:50:00,45.36,87.10
129P04919,2020-03-02 18:00:00,50.29,97.00
129P04919,2020-03-02 18:10:00,48.75,99.90
129P04919,2020-03-02 18:20:00,44.28,99.70
129P04919,2020-03-02 18:30:00,49.19,100.00
129P04919,2020-03-02 18:40:00,49.58,99.20
129P04919,2020-03-02 18:50:00,51.69,99.70
129P04919,2020-03-02 19:00:00,49.67,99.60
129P04919,2020-03-02 19:10:00,48.68,99.40
129P04919,2020-03-02 19:20:00,47.16,99.70
129P04919,2020-03-02 19:30:00,48.00,100.00
129P04919,2020-03-02 19:40:00,55.34,55.30
129P04919,2020-03-02 19:50:00,56.39,63.30
129P04919,2020-03-02 20:00:00,53.70,98.86
129P04919,2020-03-02 20:10:00,48.86,83.33
129P04919,2020-03-02 20:20:00,46.08,86.70
129P04919,2020-03-02 20:30:00,48.00,100.00
129P04919,2020-03-02 20:40:00,49.08,97.00
129P04919,2020-03-02 20:50:00,52.24,85.20
129P04919,2020-03-02 21:00:00,56.91,49.30
129P04919,2020-03-02 21:10:00,55.65,84.00
129P04919,2020-03-02 21:20:00,50.00,100.00
129P04919,2020-03-02 21:30:00,55.71,77.10
129P04919,2020-03-02 21:40:00,54.04,94.40
129P04919,2020-03-02 21:50:00,52.80,98.20
129P04919,2020-03-02 22:00:00,50.98,89.30
129P04919,2020-03-02 22:10:00,52.50,98.40
129P04919,2020-03-02 22:20:00,52.12,96.86
129P04919,2020-03-02 22:30:00,48.77,76.30
129P04919,2020-03-02 22:40:00,50.59,97.80
129P04919,2020-03-02 22:50:00,51.50,98.70
129P04919,2020-03-02 23:00:00,46.59,75.90
129P04919,2020-03-02 23:10:00,51.34,62.10
129P04919,2020-03-02 23:20:00,52.60,82.00
129P04919,2020-03-02 23:30:00,52.50,91.40
129P04919,2020-03-02 23:40:00,50.74,99.38
129P04919,2020-03-02 23:50:00,54.48,90.90
129P04918,2020-03-02 00:00:00,57.00,88.50
129P04918,2020-03-02 00:10:00,57.00,93.70
129P04918,2020-03-02 00:20:00,58.00,85.50
129P04918,2020-03-02 00:30:00,58.00,90.29
129P04918,2020-03-02 00:40:00,,
129P04918,2020-03-02 00:50:00,,
129P04918,2020-03-02 01:00:00,53.00,93.33
129P04918,2020-03-02 01:10:00,53.00,95.75
129P04918,2020-03-02 01:20:00,,
129P04918,2020-03-02 01:30:00,,
129P04918,2020-03-02 01:40:00,,
129P04918,2020-03-02 01:50:00,,
129P04918,2020-03-02 02:00:00,,
129P04918,2020-03-02 02:10:00,,
129P04918,2020-03-02 02:20:00,,
129P04918,2020-03-02 02:30:00,,
129P04918,2020-03-02 02:40:00,,
129P04918,2020-03-02 02:50:00,,
129P04918,2020-03-02 03:00:00,,
129P04918,2020-03-02 03:10:00,,
129P04918,2020-03-02 03:20:00,,
129P04918,2020-03-02 03:30:00,,
129P04918,2020-03-02 03:40:00,,
129P04918,2020-03-02 03:50:00,61.00,42.00
129P04918,2020-03-02 04:00:00,60.77,85.89
129P04918,2020-03-02 04:10:00,53.65,76.00
129P04918,2020-03-02 04:20:00,55.19,89.80
129P04918,2020-03-02 04:30:00,55.60,89.00
129P04918,2020-03-02 04:40:00,55.50,98.50
129P04918,2020-03-02 04:50:00,54.68,97.50
129P04918,2020-03-02 05:00:00,57.04,85.00
129P04918,2020-03-02 05:10:00,50.46,87.90
129P04918,2020-03-02 05:20:00,51.79,100.00
129P04918,2020-03-02 05:30:00,54.09,100.00
129P04918,2020-03-02 05:40:00,53.60,100.00
129P04918,2020-03-02 05:50:00,54.66,100.00
129P04918,2020-03-02 06:00:00,55.59,100.00
129P04918,2020-03-02 06:10:00,59.92,71.80
129P04918,2020-03-02 06:20:00,53.66,99.70
129P04918,2020-03-02 06:30:00,53.39,100.00
129P04918,2020-03-02 06:40:00,55.37,96.40
129P04918,2020-03-02 06:50:00,55.36,96.00
129P04918,2020-03-02 07:00:00,51.49,94.10
129P04918,2020-03-02 07:10:00,49.86,100.00
129P04918,2020-03-02 07:20:00,48.59,100.00
129P04918,2020-03-02 07:30:00,41.50,59.40
129P04918,2020-03-02 07:40:00,49.60,100.00
129P04918,2020-03-02 07:50:00,48.46,91.00
129P04918,2020-03-02 08:00:00,50.94,78.60
129P04918,2020-03-02 08:10:00,50.44,97.50
129P04918,2020-03-02 08:20:00,50.17,96.30
129P04918,2020-03-02 08:30:00,51.00,100.00
129P04918,2020-03-02 08:40:00,,
129P04918,2020-03-02 08:50:00,49.00,100.00
129P04918,2020-03-02 09:00:00,49.71,96.40
129P04918,2020-03-02 09:10:00,52.80,43.80
129P04918,2020-03-02 09:20:00,58.00,48.00
129P04918,2020-03-02 09:30:00,47.78,100.00
129P04918,2020-03-02 09:40:00,47.06,97.50
129P04918,2020-03-02 09:50:00,52.13,72.60
129P04918,2020-03-02 10:00:00,47.35,53.80
129P04918,2020-03-02 10:10:00,45.02,28.10
129P04918,2020-03-02 10:20:00,51.10,89.60
129P04918,2020-03-02 10:30:00,46.80,95.10
129P04918,2020-03-02 10:40:00,41.00,70.00
129P04918,2020-03-02 10:50:00,52.98,100.00
129P04918,2020-03-02 11:00:00,52.29,88.70
129P04918,2020-03-02 11:10:00,51.38,100.00
129P04918,2020-03-02 11:20:00,51.16,96.10
129P04918,2020-03-02 11:30:00,49.31,100.00
129P04918,2020-03-02 11:40:00,53.98,71.90
129P04918,2020-03-02 11:50:00,56.02,60.40
129P04918,2020-03-02 12:00:00,48.84,91.56
129P04918,2020-03-02 12:10:00,51.39,100.00
129P04918,2020-03-02 12:20:00,51.30,100.00
129P04918,2020-03-02 12:30:00,53.38,97.80
129P04918,2020-03-02 12:40:00,49.42,92.10
129P04918,2020-03-02 12:50:00,52.45,100.00
129P04918,2020-03-02 13:00:00,52.80,86.50
129P04918,2020-03-02 13:10:00,49.97,100.00
129P04918,2020-03-02 13:20:00,52.46,95.00
129P04918,2020-03-02 13:30:00,51.75,95.90
129P04918,2020-03-02 13:40:00,51.66,100.00
129P04918,2020-03-02 13:50:00,52.57,100.00
129P04918,2020-03-02 14:00:00,53.24,93.00
129P04918,2020-03-02 14:10:00,54.47,87.40
129P04918,2020-03-02 14:20:00,56.06,88.80
129P04918,2020-03-02 14:30:00,52.49,93.90
129P04918,2020-03-02 14:40:00,52.57,98.40
129P04918,2020-03-02 14:50:00,51.49,97.70
129P04918,2020-03-02 15:00:00,46.07,100.00
129P04918,2020-03-02 15:10:00,51.87,88.70
129P04918,2020-03-02 15:20:00,48.37,100.00
129P04918,2020-03-02 15:30:00,52.00,91.60
129P04918,2020-03-02 15:40:00,49.83,96.80
129P04918,2020-03-02 15:50:00,40.17,98.80
129P04918,2020-03-02 16:00:00,34.55,100.00
129P04918,2020-03-02 16:10:00,28.34,100.00
129P04918,2020-03-02 16:20:00,39.50,91.30
129P04918,2020-03-02 16:30:00,46.45,79.80
129P04918,2020-03-02 16:40:00,52.00,74.43
129P04918,2020-03-02 16:50:00,41.56,95.57
129P04918,2020-03-02 17:00:00,45.89,85.10
129P04918,2020-03-02 17:10:00,54.97,54.20
129P04918,2020-03-02 17:20:00,50.69,89.50
129P04918,2020-03-02 17:30:00,50.36,95.00
129P04918,2020-03-02 17:40:00,45.58,99.40
129P04918,2020-03-02 17:50:00,49.60,99.90
129P04918,2020-03-02 18:00:00,52.30,99.60
129P04918,2020-03-02 18:10:00,52.68,98.70
129P04918,2020-03-02 18:20:00,52.29,99.10
129P04918,2020-03-02 18:30:00,50.69,100.00
129P04918,2020-03-02 18:40:00,47.99,98.00
129P04918,2020-03-02 18:50:00,49.19,98.86
129P04918,2020-03-02 19:00:00,56.19,91.30
129P04918,2020-03-02 19:10:00,55.74,88.20
129P04918,2020-03-02 19:20:00,53.95,76.20
129P04918,2020-03-02 19:30:00,52.37,100.00
129P04918,2020-03-02 19:40:00,52.29,84.00
129P04918,2020-03-02 19:50:00,54.17,80.50
129P04918,2020-03-02 20:00:00,51.84,93.57
129P04918,2020-03-02 20:10:00,46.30,75.78
129P04918,2020-03-02 20:20:00,50.76,96.40
129P04918,2020-03-02 20:30:00,45.61,81.20
129P04918,2020-03-02 20:40:00,48.35,90.90
129P04918,2020-03-02 20:50:00,52.08,100.00
129P04918,2020-03-02 21:00:00,53.00,100.00
129P04918,2020-03-02 21:10:00,43.68,88.00
129P04918,2020-03-02 21:20:00,46.39,100.00
129P04918,2020-03-02 21:30:00,48.26,100.00
129P04918,2020-03-02 21:40:00,50.89,99.70
129P04918,2020-03-02 21:50:00,50.00,95.00
129P04918,2020-03-02 22:00:00,,
129P04918,2020-03-02 22:10:00,,
129P04918,2020-03-02 22:20:00,,
129P04918,2020-03-02 22:30:00,50.21,92.00
129P04918,2020-03-02 22:40:00,52.00,91.60
129P04918,2020-03-02 22:50:00,50.00,59.71
129P04918,2020-03-02 23:00:00,49.41,81.00
129P04918,2020-03-02 23:10:00,50.65,85.33
129P04918,2020-03-02 23:20:00,,
129P04918,2020-03-02 23:30:00,,
129P04918,2020-03-02 23:40:00,56.00,70.00
129P04918,2020-03-02 23:50:00,53.14,92.10
129+04425,2020-03-02 00:00:00,70.29,91.20
129+04425,2020-03-02 00:10:00,68.59,83.90
129+04425,2020-03-02 00:20:00,67.99,83.20
129+04425,2020-03-02 00:30:00,68.59,92.10
129+04425,2020-03-02 00:40:00,67.71,94.29
129+04425,2020-03-02 00:50:00,70.49,86.13
129+04425,2020-03-02 01:00:00,67.47,95.13
129+04425,2020-03-02 01:10:00,66.80,96.50
129+04425,2020-03-02 01:20:00,68.39,96.70
129+04425,2020-03-02 01:30:00,65.53,88.25
129+04425,2020-03-02 01:40:00,69.37,86.80
129+04425,2020-03-02 01:50:00,68.03,87.40
129+04425,2020-03-02 02:00:00,65.66,91.00
129+04425,2020-03-02 02:10:00,,
129+04425,2020-03-02 02:20:00,,
129+04425,2020-03-02 02:30:00,64.96,89.50
129+04425,2020-03-02 02:40:00,64.41,90.89
129+04425,2020-03-02 02:50:00,68.89,87.78
129+04425,2020-03-02 03:00:00,67.41,97.57
129+04425,2020-03-02 03:10:00,69.39,89.90
129+04425,2020-03-02 03:20:00,68.67,94.10
129+04425,2020-03-02 03:30:00,70.10,92.50
129+04425,2020-03-02 03:40:00,69.49,97.00
129+04425,2020-03-02 03:50:00,69.08,95.30
129+04425,2020-03-02 04:00:00,70.74,85.90
129+04425,2020-03-02 04:10:00,68.38,92.50
129+04425,2020-03-02 04:20:00,68.00,95.20
129+04425,2020-03-02 04:30:00,68.69,99.00
129+04425,2020-03-02 04:40:00,71.19,98.40
129+04425,2020-03-02 04:50:00,70.10,99.20
129+04425,2020-03-02 05:00:00,72.46,96.60
129+04425,2020-03-02 05:10:00,75.09,100.00
129+04425,2020-03-02 05:20:00,74.29,100.00
129+04425,2020-03-02 05:30:00,70.98,100.00
129+04425,2020-03-02 05:40:00,69.49,100.00
129+04425,2020-03-02 05:50:00,69.79,100.00
129+04425,2020-03-02 06:00:00,67.89,100.00
129+04425,2020-03-02 06:10:00,61.41,100.00
129+04425,2020-03-02 06:20:00,37.85,100.00
129+04425,2020-03-02 06:30:00,25.24,100.00
129+04425,2020-03-02 06:40:00,22.33,100.00
129+04425,2020-03-02 06:50:00,26.36,100.00
129+04425,2020-03-02 07:00:00,24.98,100.00
129+04425,2020-03-02 07:10:00,22.18,100.00
129+04425,2020-03-02 07:20:00,24.83,100.00
129+04425,2020-03-02 07:30:00,26.98,100.00
129+04425,2020-03-02 07:40:00,23.75,100.00
129+04425,2020-03-02 07:50:00,27.72,100.00
129+04425,2020-03-02 08:00:00,26.70,100.00
129+04425,2020-03-02 08:10:00,46.05,100.00
129+04425,2020-03-02 08:20:00,58.75,100.00
129+04425,2020-03-02 08:30:00,68.19,100.00
129+04425,2020-03-02 08:40:00,67.09,100.00
129+04425,2020-03-02 08:50:00,68.20,100.00
129+04425,2020-03-02 09:00:00,68.29,100.00
129+04425,2020-03-02 09:10:00,69.10,100.00
129+04425,2020-03-02 09:20:00,71.57,100.00
129+04425,2020-03-02 09:30:00,71.48,100.00
129+04425,2020-03-02 09:40:00,69.89,100.00
129+04425,2020-03-02 09:50:00,71.20,100.00
129+04425,2020-03-02 10:00:00,71.69,100.00
129+04425,2020-03-02 10:10:00,71.68,100.00
129+04425,2020-03-02 10:20:00,69.90,100.00
129+04425,2020-03-02 10:30:00,73.24,98.40
129+04425,2020-03-02 10:40:00,69.78,100.00
129+04425,2020-03-02 10:50:00,73.00,99.40
129+04425,2020-03-02 11:00:00,70.39,100.00
129+04425,2020-03-02 11:10:00,70.77,100.00
129+04425,2020-03-02 11:20:00,70.88,100.00
129+04425,2020-03-02 11:30:00,71.39,100.00
129+04425,2020-03-02 11:40:00,69.99,100.00
129+04425,2020-03-02 11:50:00,71.39,100.00
129+04425,2020-03-02 12:00:00,73.32,100.00
129+04425,2020-03-02 12:10:00,73.88,100.00
129+04425,2020-03-02 12:20:00,71.57,100.00
129+04425,2020-03-02 12:30:00,71.78,99.90
129+04425,2020-03-02 12:40:00,72.28,100.00
129+04425,2020-03-02 12:50:00,73.49,97.00
129+04425,2020-03-02 13:00:00,73.23,100.00
129+04425,2020-03-02 13:10:00,72.86,100.00
129+04425,2020-03-02 13:20:00,75.09,100.00
129+04425,2020-03-02 13:30:00,72.38,100.00
129+04425,2020-03-02 13:40:00,69.38,100.00
129+04425,2020-03-02 13:50:00,72.05,100.00
129+04425,2020-03-02 14:00:00,72.87,99.60
129+04425,2020-03-02 14:10:00,74.35,85.60
129+04425,2020-03-02 14:20:00,71.88,100.00
129+04425,2020-03-02 14:30:00,71.68,100.00
129+04425,2020-03-02 14:40:00,71.82,100.00
129+04425,2020-03-02 14:50:00,68.59,100.00
129+04425,2020-03-02 15:00:00,69.30,100.00
129+04425,2020-03-02 15:10:00,71.35,97.70
129+04425,2020-03-02 15:20:00,73.48,100.00
129+04425,2020-03-02 15:30:00,71.38,100.00
129+04425,2020-03-02 15:40:00,74.69,100.00
129+04425,2020-03-02 15:50:00,76.16,100.00
129+04425,2020-03-02 16:00:00,74.99,99.70
129+04425,2020-03-02 16:10:00,74.18,100.00
129+04425,2020-03-02 16:20:00,72.19,100.00
129+04425,2020-03-02 16:30:00,71.77,100.00
129+04425,2020-03-02 16:40:00,73.10,100.00
129+04425,2020-03-02 16:50:00,72.18,100.00
129+04425,2020-03-02 17:00:00,72.78,100.00
129+04425,2020-03-02 17:10:00,74.40,100.00
129+04425,2020-03-02 17:20:00,72.68,100.00
129+04425,2020-03-02 17:30:00,70.09,100.00
129+04425,2020-03-02 17:40:00,70.10,100.00
129+04425,2020-03-02 17:50:00,71.89,100.00
129+04425,2020-03-02 18:00:00,69.38,100.00
129+04425,2020-03-02 18:10:00,69.17,100.00
129+04425,2020-03-02 18:20:00,64.17,100.00
129+04425,2020-03-02 18:30:00,67.95,100.00
129+04425,2020-03-02 18:40:00,71.40,100.00
129+04425,2020-03-02 18:50:00,70.19,100.00
129+04425,2020-03-02 19:00:00,70.49,100.00
129+04425,2020-03-02 19:10:00,71.39,100.00
129+04425,2020-03-02 19:20:00,70.09,100.00
129+04425,2020-03-02 19:30:00,68.78,100.00
129+04425,2020-03-02 19:40:00,72.37,99.50
129+04425,2020-03-02 19:50:00,72.75,82.20
129+04425,2020-03-02 20:00:00,71.40,77.71
129+04425,2020-03-02 20:10:00,67.43,100.00
129+04425,2020-03-02 20:20:00,69.62,97.50
129+04425,2020-03-02 20:30:00,68.29,99.70
129+04425,2020-03-02 20:40:00,69.70,98.80
129+04425,2020-03-02 20:50:00,69.97,95.10
129+04425,2020-03-02 21:00:00,69.79,88.10
129+04425,2020-03-02 21:10:00,72.87,84.20
129+04425,2020-03-02 21:20:00,67.49,93.80
129+04425,2020-03-02 21:30:00,68.49,100.00
129+04425,2020-03-02 21:40:00,72.41,84.40
129+04425,2020-03-02 21:50:00,68.79,98.80
129+04425,2020-03-02 22:00:00,70.58,89.90
129+04425,2020-03-02 22:10:00,70.80,95.60
129+04425,2020-03-02 22:20:00,67.65,79.30
129+04425,2020-03-02 22:30:00,69.74,87.10
129+04425,2020-03-02 22:40:00,69.36,90.70
129+04425,2020-03-02 22:50:00,67.90,89.50
129+04425,2020-03-02 23:00:00,70.87,88.00
129+04425,2020-03-02 23:10:00,70.50,96.00
129+04425,2020-03-02 23:20:00,70.61,96.63
129+04425,2020-03-02 23:30:00,68.00,88.60
129+04425,2020-03-02 23:40:00,66.89,92.10
129+04425,2020-03-02 23:50:00,67.90,96.10
129+04920,2020-03-02 00:00:00,47.94,63.60
129+04920,2020-03-02 00:10:00,45.78,69.30
129+04920,2020-03-02 00:20:00,47.00,95.25
129+04920,2020-03-02 00:30:00,,
129+04920,2020-03-02 00:40:00,51.58,94.38
129+04920,2020-03-02 00:50:00,55.06,83.90
129+04920,2020-03-02 01:00:00,57.00,96.83
129+04920,2020-03-02 01:10:00,54.00,95.11
129+04920,2020-03-02 01:20:00,54.00,99.40
129+04920,2020-03-02 01:30:00,53.22,100.00
129+04920,2020-03-02 01:40:00,35.90,13.10
129+04920,2020-03-02 01:50:00,27.00,33.00
129+04920,2020-03-02 02:00:00,27.00,63.00
129+04920,2020-03-02 02:10:00,25.39,93.67
129+04920,2020-03-02 02:20:00,,
129+04920,2020-03-02 02:30:00,,
129+04920,2020-03-02 02:40:00,,
129+04920,2020-03-02 02:50:00,,
129+04920,2020-03-02 03:00:00,48.00,
129+04920,2020-03-02 03:10:00,45.28,81.67
129+04920,2020-03-02 03:20:00,45.00,93.00
129+04920,2020-03-02 03:30:00,48.00,48.00
129+04920,2020-03-02 03:40:00,48.00,65.00
129+04920,2020-03-02 03:50:00,,
129+04920,2020-03-02 04:00:00,61.00,40.00
129+04920,2020-03-02 04:10:00,61.00,46.40
129+04920,2020-03-02 04:20:00,52.70,97.50
129+04920,2020-03-02 04:30:00,51.69,80.60
129+04920,2020-03-02 04:40:00,49.30,67.50
129+04920,2020-03-02 04:50:00,44.79,81.00
129+04920,2020-03-02 05:00:00,49.62,83.10
129+04920,2020-03-02 05:10:00,49.84,95.30
129+04920,2020-03-02 05:20:00,49.87,98.33
129+04920,2020-03-02 05:30:00,53.38,81.50
129+04920,2020-03-02 05:40:00,66.15,26.38
129+04920,2020-03-02 05:50:00,52.70,97.40
129+04920,2020-03-02 06:00:00,52.59,98.60
129+04920,2020-03-02 06:10:00,51.16,99.80
129+04920,2020-03-02 06:20:00,55.86,98.90
129+04920,2020-03-02 06:30:00,49.73,100.00
129+04920,2020-03-02 06:40:00,54.28,79.60
129+04920,2020-03-02 06:50:00,54.53,93.60
129+04920,2020-03-02 07:00:00,52.29,100.00
129+04920,2020-03-02 07:10:00,50.67,100.00
129+04920,2020-03-02 07:20:00,53.11,98.40
129+04920,2020-03-02 07:30:00,53.19,99.60
129+04920,2020-03-02 07:40:00,51.48,100.00
129+04920,2020-03-02 07:50:00,53.18,100.00
129+04920,2020-03-02 08:00:00,55.11,80.00
129+04920,2020-03-02 08:10:00,52.69,86.00
129+04920,2020-03-02 08:20:00,50.89,100.00
129+04920,2020-03-02 08:30:00,62.25,38.00
129+04920,2020-03-02 08:40:00,49.00,100.00
129+04920,2020-03-02 08:50:00,48.39,100.00
129+04920,2020-03-02 09:00:00,50.00,100.00
129+04920,2020-03-02 09:10:00,52.04,100.00
129+04920,2020-03-02 09:20:00,51.49,100.00
129+04920,2020-03-02 09:30:00,47.52,100.00
129+04920,2020-03-02 09:40:00,51.65,100.00
129+04920,2020-03-02 09:50:00,46.01,94.40
129+04920,2020-03-02 10:00:00,43.70,100.00
129+04920,2020-03-02 10:10:00,44.59,88.90
129+04920,2020-03-02 10:20:00,44.49,84.20
129+04920,2020-03-02 10:30:00,44.30,100.00
129+04920,2020-03-02 10:40:00,47.80,100.00
129+04920,2020-03-02 10:50:00,52.05,75.00
129+04920,2020-03-02 11:00:00,53.88,88.50
129+04920,2020-03-02 11:10:00,53.38,93.90
129+04920,2020-03-02 11:20:00,51.38,100.00
129+04920,2020-03-02 11:30:00,53.83,100.00
129+04920,2020-03-02 11:40:00,50.78,100.00
129+04920,2020-03-02 11:50:00,50.68,100.00
129+04920,2020-03-02 12:00:00,51.00,100.00
129+04920,2020-03-02 12:10:00,44.51,100.00
129+04920,2020-03-02 12:20:00,44.49,100.00
129+04920,2020-03-02 12:30:00,50.25,79.90
129+04920,2020-03-02 12:40:00,49.22,100.00
129+04920,2020-03-02 12:50:00,45.75,100.00
129+04920,2020-03-02 13:00:00,50.96,100.00
129+04920,2020-03-02 13:10:00,51.39,86.70
129+04920,2020-03-02 13:20:00,55.46,78.90
129+04920,2020-03-02 13:30:00,50.74,85.00
129+04920,2020-03-02 13:40:00,40.16,29.50
129+04920,2020-03-02 13:50:00,56.20,75.70
129+04920,2020-03-02 14:00:00,54.23,82.80
129+04920,2020-03-02 14:10:00,50.16,100.00
129+04920,2020-03-02 14:20:00,51.59,100.00
129+04920,2020-03-02 14:30:00,49.47,100.00
129+04920,2020-03-02 14:40:00,40.58,92.20
129+04920,2020-03-02 14:50:00,44.79,57.80
129+04920,2020-03-02 15:00:00,51.25,81.70
129+04920,2020-03-02 15:10:00,52.36,100.00
129+04920,2020-03-02 15:20:00,54.78,78.70
129+04920,2020-03-02 15:30:00,47.85,89.90
129+04920,2020-03-02 15:40:00,44.00,100.00
129+04920,2020-03-02 15:50:00,46.58,100.00
129+04920,2020-03-02 16:00:00,49.72,98.80
129+04920,2020-03-02 16:10:00,44.47,100.00
129+04920,2020-03-02 16:20:00,52.96,46.10
129+04920,2020-03-02 16:30:00,56.00,63.60
129+04920,2020-03-02 16:40:00,47.85,98.56
129+04920,2020-03-02 16:50:00,46.99,100.00
129+04920,2020-03-02 17:00:00,46.07,100.00
129+04920,2020-03-02 17:10:00,52.18,100.00
129+04920,2020-03-02 17:20:00,49.77,100.00
129+04920,2020-03-02 17:30:00,51.00,96.80
129+04920,2020-03-02 17:40:00,51.00,61.90
129+04920,2020-03-02 17:50:00,48.95,42.40
129+04920,2020-03-02 18:00:00,52.99,100.00
129+04920,2020-03-02 18:10:00,54.20,100.00
129+04920,2020-03-02 18:20:00,51.10,100.00
129+04920,2020-03-02 18:30:00,51.90,100.00
129+04920,2020-03-02 18:40:00,50.59,100.00
129+04920,2020-03-02 18:50:00,48.16,100.00
129+04920,2020-03-02 19:00:00,47.00,100.00
129+04920,2020-03-02 19:10:00,48.86,100.00
129+04920,2020-03-02 19:20:00,47.75,100.00
129+04920,2020-03-02 19:30:00,52.98,100.00
129+04920,2020-03-02 19:40:00,56.65,90.70
129+04920,2020-03-02 19:50:00,55.68,62.20
129+04920,2020-03-02 20:00:00,53.50,100.00
129+04920,2020-03-02 20:10:00,53.30,94.89
129+04920,2020-03-02 20:20:00,46.21,100.00
129+04920,2020-03-02 20:30:00,51.00,100.00
129+04920,2020-03-02 20:40:00,52.59,86.10
129+04920,2020-03-02 20:50:00,55.79,95.00
129+04920,2020-03-02 21:00:00,57.40,94.90
129+04920,2020-03-02 21:10:00,57.27,98.20
129+04920,2020-03-02 21:20:00,50.00,100.00
129+04920,2020-03-02 21:30:00,70.61,36.20
129+04920,2020-03-02 21:40:00,56.55,91.50
129+04920,2020-03-02 21:50:00,52.39,100.00
129+04920,2020-03-02 22:00:00,51.30,81.70
129+04920,2020-03-02 22:10:00,53.00,100.00
129+04920,2020-03-02 22:20:00,51.00,98.44
129+04920,2020-03-02 22:30:00,54.33,93.50
129+04920,2020-03-02 22:40:00,50.30,98.90
129+04920,2020-03-02 22:50:00,50.00,98.00
129+04920,2020-03-02 23:00:00,50.60,97.10
129+04920,2020-03-02 23:10:00,51.00,98.33
129+04920,2020-03-02 23:20:00,51.99,96.00
129+04920,2020-03-02 23:30:00,50.79,88.70
129+04920,2020-03-02 23:40:00,49.00,89.00
129+04920,2020-03-02 23:50:00,54.29,97.88
129+04921,2020-03-02 00:00:00,43.31,70.80
129+04921,2020-03-02 00:10:00,45.96,77.70
129+04921,2020-03-02 00:20:00,49.48,86.25
129+04921,2020-03-02 00:30:00,,
129+04921,2020-03-02 00:40:00,44.49,84.63
129+04921,2020-03-02 00:50:00,46.15,84.30
129+04921,2020-03-02 01:00:00,47.00,97.00
129+04921,2020-03-02 01:10:00,48.00,96.11
129+04921,2020-03-02 01:20:00,47.10,99.20
129+04921,2020-03-02 01:30:00,35.89,82.00
129+04921,2020-03-02 01:40:00,20.47,37.30
129+04921,2020-03-02 01:50:00,20.00,52.00
129+04921,2020-03-02 02:00:00,25.00,66.00
129+04921,2020-03-02 02:10:00,26.54,86.22
129+04921,2020-03-02 02:20:00,,
129+04921,2020-03-02 02:30:00,,
129+04921,2020-03-02 02:40:00,,
129+04921,2020-03-02 02:50:00,,
129+04921,2020-03-02 03:00:00,48.00,
129+04921,2020-03-02 03:10:00,17.16,81.56
129+04921,2020-03-02 03:20:00,16.00,93.00
129+04921,2020-03-02 03:30:00,47.83,55.33
129+04921,2020-03-02 03:40:00,48.20,73.40
129+04921,2020-03-02 03:50:00,,
129+04921,2020-03-02 04:00:00,51.00,40.00
129+04921,2020-03-02 04:10:00,54.97,57.30
129+04921,2020-03-02 04:20:00,51.29,89.60
129+04921,2020-03-02 04:30:00,49.61,82.60
129+04921,2020-03-02 04:40:00,47.55,69.60
129+04921,2020-03-02 04:50:00,50.67,72.30
129+04921,2020-03-02 05:00:00,55.35,71.90
129+04921,2020-03-02 05:10:00,53.44,92.40
129+04921,2020-03-02 05:20:00,50.34,98.56
129+04921,2020-03-02 05:30:00,48.52,86.80
129+04921,2020-03-02 05:40:00,62.42,34.00
129+04921,2020-03-02 05:50:00,52.97,98.20
129+04921,2020-03-02 06:00:00,50.39,98.40
129+04921,2020-03-02 06:10:00,49.96,98.20
129+04921,2020-03-02 06:20:00,51.45,98.50
129+04921,2020-03-02 06:30:00,49.44,100.00
129+04921,2020-03-02 06:40:00,53.87,85.50
129+04921,2020-03-02 06:50:00,49.66,95.30
129+04921,2020-03-02 07:00:00,50.06,98.80
129+04921,2020-03-02 07:10:00,51.48,99.20
129+04921,2020-03-02 07:20:00,49.03,98.10
129+04921,2020-03-02 07:30:00,45.56,99.70
129+04921,2020-03-02 07:40:00,49.20,96.70
129+04921,2020-03-02 07:50:00,47.42,100.00
129+04921,2020-03-02 08:00:00,49.63,80.29
129+04921,2020-03-02 08:10:00,53.09,70.60
129+04921,2020-03-02 08:20:00,52.00,97.10
129+04921,2020-03-02 08:30:00,54.37,55.00
129+04921,2020-03-02 08:40:00,42.46,100.00
129+04921,2020-03-02 08:50:00,45.01,100.00
129+04921,2020-03-02 09:00:00,50.18,100.00
129+04921,2020-03-02 09:10:00,48.98,100.00
129+04921,2020-03-02 09:20:00,48.91,96.00
129+04921,2020-03-02 09:30:00,46.06,100.00
129+04921,2020-03-02 09:40:00,47.04,100.00
129+04921,2020-03-02 09:50:00,46.92,92.90
129+04921,2020-03-02 10:00:00,46.17,100.00
129+04921,2020-03-02 10:10:00,43.77,92.10
129+04921,2020-03-02 10:20:00,45.25,88.70
129+04921,2020-03-02 10:30:00,46.97,100.00
129+04921,2020-03-02 10:40:00,46.05,88.60
129+04921,2020-03-02 10:50:00,51.67,78.80
129+04921,2020-03-02 11:00:00,50.08,91.80
129+04921,2020-03-02 11:10:00,49.86,95.60
129+04921,2020-03-02 11:20:00,45.97,100.00
129+04921,2020-03-02 11:30:00,47.98,97.33
129+04921,2020-03-02 11:40:00,50.30,97.00
129+04921,2020-03-02 11:50:00,48.85,99.30
129+04921,2020-03-02 12:00:00,46.79,99.60
129+04921,2020-03-02 12:10:00,45.81,100.00
129+04921,2020-03-02 12:20:00,47.82,100.00
129+04921,2020-03-02 12:30:00,50.82,80.50
129+04921,2020-03-02 12:40:00,47.89,99.50
129+04921,2020-03-02 12:50:00,48.33,98.30
129+04921,2020-03-02 13:00:00,52.29,98.10
129+04921,2020-03-02 13:10:00,49.29,90.40
129+04921,2020-03-02 13:20:00,52.78,84.90
129+04921,2020-03-02 13:30:00,48.94,89.30
129+04921,2020-03-02 13:40:00,45.27,49.50
129+04921,2020-03-02 13:50:00,50.20,82.80
129+04921,2020-03-02 14:00:00,50.08,84.30
129+04921,2020-03-02 14:10:00,48.75,96.10
129+04921,2020-03-02 14:20:00,47.63,99.70
129+04921,2020-03-02 14:30:00,49.37,100.00
129+04921,2020-03-02 14:40:00,51.23,93.70
129+04921,2020-03-02 14:50:00,48.39,68.20
129+04921,2020-03-02 15:00:00,49.71,85.30
129+04921,2020-03-02 15:10:00,41.76,100.00
129+04921,2020-03-02 15:20:00,45.12,82.80
129+04921,2020-03-02 15:30:00,47.58,92.70
129+04921,2020-03-02 15:40:00,44.39,99.90
129+04921,2020-03-02 15:50:00,44.15,100.00
129+04921,2020-03-02 16:00:00,46.59,99.10
129+04921,2020-03-02 16:10:00,44.88,97.60
129+04921,2020-03-02 16:20:00,49.38,55.40
129+04921,2020-03-02 16:30:00,44.57,54.10
129+04921,2020-03-02 16:40:00,43.54,87.00
129+04921,2020-03-02 16:50:00,41.13,91.90
129+04921,2020-03-02 17:00:00,32.28,94.90
129+04921,2020-03-02 17:10:00,34.39,95.20
129+04921,2020-03-02 17:20:00,39.63,99.70
129+04921,2020-03-02 17:30:00,33.73,97.70
129+04921,2020-03-02 17:40:00,26.23,72.90
129+04921,2020-03-02 17:50:00,24.62,47.30
129+04921,2020-03-02 18:00:00,43.27,81.00
129+04921,2020-03-02 18:10:00,47.00,100.00
129+04921,2020-03-02 18:20:00,50.48,100.00
129+04921,2020-03-02 18:30:00,50.29,100.00
129+04921,2020-03-02 18:40:00,48.99,100.00
129+04921,2020-03-02 18:50:00,46.45,100.00
129+04921,2020-03-02 19:00:00,45.19,100.00
129+04921,2020-03-02 19:10:00,48.49,99.00
129+04921,2020-03-02 19:20:00,49.17,100.00
129+04921,2020-03-02 19:30:00,51.15,100.00
129+04921,2020-03-02 19:40:00,50.38,93.40
129+04921,2020-03-02 19:50:00,44.83,72.90
129+04921,2020-03-02 20:00:00,47.78,100.00
129+04921,2020-03-02 20:10:00,50.21,96.33
129+04921,2020-03-02 20:20:00,45.53,100.00
129+04921,2020-03-02 20:30:00,49.00,100.00
129+04921,2020-03-02 20:40:00,53.67,88.50
129+04921,2020-03-02 20:50:00,49.32,92.80
129+04921,2020-03-02 21:00:00,47.78,96.40
129+04921,2020-03-02 21:10:00,48.47,98.70
129+04921,2020-03-02 21:20:00,51.49,100.00
129+04921,2020-03-02 21:30:00,50.58,41.00
129+04921,2020-03-02 21:40:00,47.61,89.00
129+04921,2020-03-02 21:50:00,45.79,100.00
129+04921,2020-03-02 22:00:00,47.70,77.90
129+04921,2020-03-02 22:10:00,47.03,91.88
129+04921,2020-03-02 22:20:00,45.89,97.22
129+04921,2020-03-02 22:30:00,45.50,94.40
129+04921,2020-03-02 22:40:00,48.09,96.30
129+04921,2020-03-02 22:50:00,48.82,97.00
129+04921,2020-03-02 23:00:00,49.90,97.30
129+04921,2020-03-02 23:10:00,49.33,99.00
129+04921,2020-03-02 23:20:00,49.45,95.25
129+04921,2020-03-02 23:30:00,47.09,91.80
129+04921,2020-03-02 23:40:00,46.00,90.50
129+04921,2020-03-02 23:50:00,47.47,95.63
129+04426,2020-03-02 00:00:00,67.70,77.40
129+04426,2020-03-02 00:10:00,65.90,86.40
129+04426,2020-03-02 00:20:00,67.48,85.50
129+04426,2020-03-02 00:30:00,67.27,87.80
129+04426,2020-03-02 00:40:00,66.79,94.90
129+04426,2020-03-02 00:50:00,66.33,94.17
129+04426,2020-03-02 01:00:00,66.40,97.40
129+04426,2020-03-02 01:10:00,64.09,82.75
129+04426,2020-03-02 01:20:00,64.02,51.00
129+04426,2020-03-02 01:30:00,64.95,72.00
129+04426,2020-03-02 01:40:00,65.25,74.20
129+04426,2020-03-02 01:50:00,68.88,78.30
129+04426,2020-03-02 02:00:00,65.75,80.00
129+04426,2020-03-02 02:10:00,,
129+04426,2020-03-02 02:20:00,66.00,96.33
129+04426,2020-03-02 02:30:00,65.75,95.00
129+04426,2020-03-02 02:40:00,64.39,93.10
129+04426,2020-03-02 02:50:00,66.09,92.17
129+04426,2020-03-02 03:00:00,67.36,92.75
129+04426,2020-03-02 03:10:00,66.15,94.33
129+04426,2020-03-02 03:20:00,66.99,93.30
129+04426,2020-03-02 03:30:00,68.59,90.00
129+04426,2020-03-02 03:40:00,69.59,87.40
129+04426,2020-03-02 03:50:00,68.39,94.30
129+04426,2020-03-02 04:00:00,68.79,89.70
129+04426,2020-03-02 04:10:00,68.00,96.40
129+04426,2020-03-02 04:20:00,67.90,98.10
129+04426,2020-03-02 04:30:00,68.79,96.50
129+04426,2020-03-02 04:40:00,70.18,97.00
129+04426,2020-03-02 04:50:00,71.50,94.40
129+04426,2020-03-02 05:00:00,70.19,97.20
129+04426,2020-03-02 05:10:00,71.98,99.50
129+04426,2020-03-02 05:20:00,73.99,100.00
129+04426,2020-03-02 05:30:00,71.48,100.00
129+04426,2020-03-02 05:40:00,68.79,100.00
129+04426,2020-03-02 05:50:00,66.50,100.00
129+04426,2020-03-02 06:00:00,65.09,100.00
129+04426,2020-03-02 06:10:00,60.43,100.00
129+04426,2020-03-02 06:20:00,50.26,100.00
129+04426,2020-03-02 06:30:00,47.28,100.00
129+04426,2020-03-02 06:40:00,48.29,100.00
129+04426,2020-03-02 06:50:00,48.48,100.00
129+04426,2020-03-02 07:00:00,48.17,100.00
129+04426,2020-03-02 07:10:00,45.77,100.00
129+04426,2020-03-02 07:20:00,37.95,100.00
129+04426,2020-03-02 07:30:00,32.09,100.00
129+04426,2020-03-02 07:40:00,29.34,100.00
129+04426,2020-03-02 07:50:00,29.25,100.00
129+04426,2020-03-02 08:00:00,28.36,100.00
129+04426,2020-03-02 08:10:00,26.59,100.00
129+04426,2020-03-02 08:20:00,28.99,100.00
129+04426,2020-03-02 08:30:00,30.78,100.00
129+04426,2020-03-02 08:40:00,31.87,100.00
129+04426,2020-03-02 08:50:00,42.08,100.00
129+04426,2020-03-02 09:00:00,57.99,100.00
129+04426,2020-03-02 09:10:00,63.08,99.90
129+04426,2020-03-02 09:20:00,63.43,98.60
129+04426,2020-03-02 09:30:00,68.10,100.00
129+04426,2020-03-02 09:40:00,68.79,100.00
129+04426,2020-03-02 09:50:00,69.29,100.00
129+04426,2020-03-02 10:00:00,68.10,100.00
129+04426,2020-03-02 10:10:00,69.19,100.00
129+04426,2020-03-02 10:20:00,67.69,100.00
129+04426,2020-03-02 10:30:00,67.99,100.00
129+04426,2020-03-02 10:40:00,68.50,99.80
129+04426,2020-03-02 10:50:00,69.88,100.00
129+04426,2020-03-02 11:00:00,70.59,99.10
129+04426,2020-03-02 11:10:00,67.79,100.00
129+04426,2020-03-02 11:20:00,69.39,100.00
129+04426,2020-03-02 11:30:00,69.39,100.00
129+04426,2020-03-02 11:40:00,70.10,100.00
129+04426,2020-03-02 11:50:00,69.69,100.00
129+04426,2020-03-02 12:00:00,69.75,100.00
129+04426,2020-03-02 12:10:00,72.80,100.00
129+04426,2020-03-02 12:20:00,70.70,100.00
129+04426,2020-03-02 12:30:00,71.00,100.00
129+04426,2020-03-02 12:40:00,70.69,100.00
129+04426,2020-03-02 12:50:00,68.95,100.00
129+04426,2020-03-02 13:00:00,70.89,100.00
129+04426,2020-03-02 13:10:00,69.70,100.00
129+04426,2020-03-02 13:20:00,70.50,100.00
129+04426,2020-03-02 13:30:00,70.29,100.00
129+04426,2020-03-02 13:40:00,68.30,100.00
129+04426,2020-03-02 13:50:00,69.08,100.00
129+04426,2020-03-02 14:00:00,69.49,100.00
129+04426,2020-03-02 14:10:00,69.99,100.00
129+04426,2020-03-02 14:20:00,69.60,100.00
129+04426,2020-03-02 14:30:00,70.19,100.00
129+04426,2020-03-02 14:40:00,71.09,100.00
129+04426,2020-03-02 14:50:00,70.19,100.00
129+04426,2020-03-02 15:00:00,68.00,100.00
129+04426,2020-03-02 15:10:00,70.49,100.00
129+04426,2020-03-02 15:20:00,71.19,100.00
129+04426,2020-03-02 15:30:00,70.40,100.00
129+04426,2020-03-02 15:40:00,71.59,100.00
129+04426,2020-03-02 15:50:00,71.88,100.00
129+04426,2020-03-02 16:00:00,72.90,100.00
129+04426,2020-03-02 16:10:00,71.20,99.80
129+04426,2020-03-02 16:20:00,70.30,100.00
129+04426,2020-03-02 16:30:00,68.99,100.00
129+04426,2020-03-02 16:40:00,70.98,100.00
129+04426,2020-03-02 16:50:00,68.36,100.00
129+04426,2020-03-02 17:00:00,69.70,100.00
129+04426,2020-03-02 17:10:00,70.80,100.00
129+04426,2020-03-02 17:20:00,69.27,100.00
129+04426,2020-03-02 17:30:00,67.80,100.00
129+04426,2020-03-02 17:40:00,67.19,100.00
129+04426,2020-03-02 17:50:00,66.89,100.00
129+04426,2020-03-02 18:00:00,68.59,100.00
129+04426,2020-03-02 18:10:00,66.60,100.00
129+04426,2020-03-02 18:20:00,65.29,100.00
129+04426,2020-03-02 18:30:00,65.28,100.00
129+04426,2020-03-02 18:40:00,67.39,100.00
129+04426,2020-03-02 18:50:00,70.49,99.80
129+04426,2020-03-02 19:00:00,70.60,100.00
129+04426,2020-03-02 19:10:00,69.28,99.80
129+04426,2020-03-02 19:20:00,70.00,100.00
129+04426,2020-03-02 19:30:00,68.40,100.00
129+04426,2020-03-02 19:40:00,67.69,99.90
129+04426,2020-03-02 19:50:00,66.09,99.40
129+04426,2020-03-02 20:00:00,68.13,98.29
129+04426,2020-03-02 20:10:00,65.55,97.78
129+04426,2020-03-02 20:20:00,64.99,99.90
129+04426,2020-03-02 20:30:00,68.86,85.90
129+04426,2020-03-02 20:40:00,68.98,84.30
129+04426,2020-03-02 20:50:00,67.09,99.10
129+04426,2020-03-02 21:00:00,64.89,98.30
129+04426,2020-03-02 21:10:00,64.90,99.40
129+04426,2020-03-02 21:20:00,65.29,95.50
129+04426,2020-03-02 21:30:00,66.69,99.50
129+04426,2020-03-02 21:40:00,65.66,97.10
129+04426,2020-03-02 21:50:00,63.58,89.00
129+04426,2020-03-02 22:00:00,65.20,91.20
129+04426,2020-03-02 22:10:00,66.68,89.40
129+04426,2020-03-02 22:20:00,67.49,75.40
129+04426,2020-03-02 22:30:00,68.39,79.90
129+04426,2020-03-02 22:40:00,68.09,92.40
129+04426,2020-03-02 22:50:00,65.38,85.70
129+04426,2020-03-02 23:00:00,66.45,77.00
129+04426,2020-03-02 23:10:00,64.69,83.40
129+04426,2020-03-02 23:20:00,69.85,65.80
129+04426,2020-03-02 23:30:00,63.34,65.10
129+04426,2020-03-02 23:40:00,60.58,72.80
129+04426,2020-03-02 23:50:00,63.87,71.13
129+04427,2020-03-02 00:00:00,73.84,69.86
129+04427,2020-03-02 00:10:00,68.00,97.00
129+04427,2020-03-02 00:20:00,69.19,98.40
129+04427,2020-03-02 00:30:00,69.19,90.40
129+04427,2020-03-02 00:40:00,69.99,96.60
129+04427,2020-03-02 00:50:00,68.07,37.63
129+04427,2020-03-02 01:00:00,69.88,93.40
129+04427,2020-03-02 01:10:00,68.40,96.33
129+04427,2020-03-02 01:20:00,65.00,98.50
129+04427,2020-03-02 01:30:00,,
129+04427,2020-03-02 01:40:00,57.00,42.56
129+04427,2020-03-02 01:50:00,68.07,50.30
129+04427,2020-03-02 02:00:00,67.32,87.67
129+04427,2020-03-02 02:10:00,,
129+04427,2020-03-02 02:20:00,67.72,86.78
129+04427,2020-03-02 02:30:00,70.00,87.00
129+04427,2020-03-02 02:40:00,,
129+04427,2020-03-02 02:50:00,69.00,98.67
129+04427,2020-03-02 03:00:00,68.65,97.44
129+04427,2020-03-02 03:10:00,65.71,89.57
129+04427,2020-03-02 03:20:00,67.93,92.70
129+04427,2020-03-02 03:30:00,68.80,97.10
129+04427,2020-03-02 03:40:00,68.99,95.90
129+04427,2020-03-02 03:50:00,68.58,97.30
129+04427,2020-03-02 04:00:00,68.72,94.90
129+04427,2020-03-02 04:10:00,70.67,91.10
129+04427,2020-03-02 04:20:00,67.49,96.00
129+04427,2020-03-02 04:30:00,68.22,97.10
129+04427,2020-03-02 04:40:00,70.29,97.50
129+04427,2020-03-02 04:50:00,72.87,97.80
129+04427,2020-03-02 05:00:00,70.66,98.70
129+04427,2020-03-02 05:10:00,68.77,99.10
129+04427,2020-03-02 05:20:00,72.06,100.00
129+04427,2020-03-02 05:30:00,71.77,100.00
129+04427,2020-03-02 05:40:00,69.29,100.00
129+04427,2020-03-02 05:50:00,69.39,100.00
129+04427,2020-03-02 06:00:00,69.29,100.00
129+04427,2020-03-02 06:10:00,67.46,100.00
129+04427,2020-03-02 06:20:00,62.27,100.00
129+04427,2020-03-02 06:30:00,41.96,100.00
129+04427,2020-03-02 06:40:00,36.53,100.00
129+04427,2020-03-02 06:50:00,31.23,100.00
129+04427,2020-03-02 07:00:00,23.58,100.00
129+04427,2020-03-02 07:10:00,22.59,100.00
129+04427,2020-03-02 07:20:00,18.85,100.00
129+04427,2020-03-02 07:30:00,17.86,100.00
129+04427,2020-03-02 07:40:00,18.29,100.00
129+04427,2020-03-02 07:50:00,18.54,100.00
129+04427,2020-03-02 08:00:00,17.61,100.00
129+04427,2020-03-02 08:10:00,18.69,100.00
129+04427,2020-03-02 08:20:00,18.54,100.00
129+04427,2020-03-02 08:30:00,14.06,100.00
129+04427,2020-03-02 08:40:00,15.89,100.00
129+04427,2020-03-02 08:50:00,25.42,100.00
129+04427,2020-03-02 09:00:00,30.33,100.00
129+04427,2020-03-02 09:10:00,61.55,100.00
129+04427,2020-03-02 09:20:00,65.49,87.30
129+04427,2020-03-02 09:30:00,68.44,100.00
129+04427,2020-03-02 09:40:00,69.37,100.00
129+04427,2020-03-02 09:50:00,70.06,100.00
129+04427,2020-03-02 10:00:00,70.49,98.70
129+04427,2020-03-02 10:10:00,68.15,100.00
129+04427,2020-03-02 10:20:00,69.39,100.00
129+04427,2020-03-02 10:30:00,68.71,100.00
129+04427,2020-03-02 10:40:00,71.72,95.30
129+04427,2020-03-02 10:50:00,69.20,100.00
129+04427,2020-03-02 11:00:00,73.20,89.90
129+04427,2020-03-02 11:10:00,70.53,98.00
129+04427,2020-03-02 11:20:00,69.79,100.00
129+04427,2020-03-02 11:30:00,71.36,100.00
129+04427,2020-03-02 11:40:00,72.24,100.00
129+04427,2020-03-02 11:50:00,72.89,97.50
129+04427,2020-03-02 12:00:00,69.73,99.80
129+04427,2020-03-02 12:10:00,74.78,100.00
129+04427,2020-03-02 12:20:00,70.86,100.00
129+04427,2020-03-02 12:30:00,72.26,100.00
129+04427,2020-03-02 12:40:00,69.92,99.80
129+04427,2020-03-02 12:50:00,70.09,100.00
129+04427,2020-03-02 13:00:00,70.76,99.60
129+04427,2020-03-02 13:10:00,71.38,99.20
129+04427,2020-03-02 13:20:00,70.55,99.50
129+04427,2020-03-02 13:30:00,67.62,100.00
129+04427,2020-03-02 13:40:00,68.75,100.00
129+04427,2020-03-02 13:50:00,72.11,84.50
129+04427,2020-03-02 14:00:00,75.89,64.90
129+04427,2020-03-02 14:10:00,73.39,93.50
129+04427,2020-03-02 14:20:00,69.08,99.70
129+04427,2020-03-02 14:30:00,69.38,100.00
129+04427,2020-03-02 14:40:00,70.59,100.00
129+04427,2020-03-02 14:50:00,74.07,95.40
129+04427,2020-03-02 15:00:00,69.64,98.40
129+04427,2020-03-02 15:10:00,68.26,100.00
129+04427,2020-03-02 15:20:00,70.89,100.00
129+04427,2020-03-02 15:30:00,70.49,100.00
129+04427,2020-03-02 15:40:00,71.69,100.00
129+04427,2020-03-02 15:50:00,72.66,100.00
129+04427,2020-03-02 16:00:00,70.79,100.00
129+04427,2020-03-02 16:10:00,71.65,100.00
129+04427,2020-03-02 16:20:00,71.67,100.00
129+04427,2020-03-02 16:30:00,70.20,100.00
129+04427,2020-03-02 16:40:00,71.44,100.00
129+04427,2020-03-02 16:50:00,68.97,100.00
129+04427,2020-03-02 17:00:00,70.99,100.00
129+04427,2020-03-02 17:10:00,70.27,100.00
129+04427,2020-03-02 17:20:00,68.26,100.00
129+04427,2020-03-02 17:30:00,66.29,100.00
129+04427,2020-03-02 17:40:00,69.39,100.00
129+04427,2020-03-02 17:50:00,70.89,97.90
129+04427,2020-03-02 18:00:00,72.06,93.80
129+04427,2020-03-02 18:10:00,72.21,78.90
129+04427,2020-03-02 18:20:00,68.09,100.00
129+04427,2020-03-02 18:30:00,69.98,100.00
129+04427,2020-03-02 18:40:00,68.82,100.00
129+04427,2020-03-02 18:50:00,69.86,100.00
129+04427,2020-03-02 19:00:00,72.00,98.50
129+04427,2020-03-02 19:10:00,70.60,100.00
129+04427,2020-03-02 19:20:00,72.51,91.00
129+04427,2020-03-02 19:30:00,73.45,82.70
129+04427,2020-03-02 19:40:00,68.70,100.00
129+04427,2020-03-02 19:50:00,69.99,100.00
129+04427,2020-03-02 20:00:00,70.71,100.00
129+04427,2020-03-02 20:10:00,67.91,92.78
129+04427,2020-03-02 20:20:00,62.79,50.50
129+04427,2020-03-02 20:30:00,69.95,92.70
129+04427,2020-03-02 20:40:00,72.55,46.70
129+04427,2020-03-02 20:50:00,71.36,80.80
129+04427,2020-03-02 21:00:00,69.79,100.00
129+04427,2020-03-02 21:10:00,69.26,100.00
129+04427,2020-03-02 21:20:00,68.99,100.00
129+04427,2020-03-02 21:30:00,70.59,100.00
129+04427,2020-03-02 21:40:00,70.00,100.00
129+04427,2020-03-02 21:50:00,69.26,94.30
129+04427,2020-03-02 22:00:00,69.77,98.50
129+04427,2020-03-02 22:10:00,74.31,58.80
129+04427,2020-03-02 22:20:00,71.98,98.10
129+04427,2020-03-02 22:30:00,71.81,92.80
129+04427,2020-03-02 22:40:00,67.54,71.60
129+04427,2020-03-02 22:50:00,67.88,73.80
129+04427,2020-03-02 23:00:00,65.58,68.70
129+04427,2020-03-02 23:10:00,62.00,72.10
129+04427,2020-03-02 23:20:00,68.00,97.00
129+04427,2020-03-02 23:30:00,67.48,96.50
129+04427,2020-03-02 23:40:00,65.89,99.11
129+04427,2020-03-02 23:50:00,65.14,97.71
129+04428,2020-03-02 00:00:00,61.84,46.60
129+04428,2020-03-02 00:10:00,57.00,47.17
129+04428,2020-03-02 00:20:00,61.98,89.80
129+04428,2020-03-02 00:30:00,62.70,89.20
129+04428,2020-03-02 00:40:00,63.00,58.00
129+04428,2020-03-02 00:50:00,46.70,40.89
129+04428,2020-03-02 01:00:00,59.71,92.80
129+04428,2020-03-02 01:10:00,62.48,92.50
129+04428,2020-03-02 01:20:00,60.00,99.00
129+04428,2020-03-02 01:30:00,,
129+04428,2020-03-02 01:40:00,55.29,83.33
129+04428,2020-03-02 01:50:00,65.38,50.60
129+04428,2020-03-02 02:00:00,64.97,80.43
129+04428,2020-03-02 02:10:00,,
129+04428,2020-03-02 02:20:00,60.21,81.13
129+04428,2020-03-02 02:30:00,61.67,84.10
129+04428,2020-03-02 02:40:00,58.70,73.90
129+04428,2020-03-02 02:50:00,53.85,65.00
129+04428,2020-03-02 03:00:00,61.00,97.44
129+04428,2020-03-02 03:10:00,59.50,99.00
129+04428,2020-03-02 03:20:00,60.87,90.50
129+04428,2020-03-02 03:30:00,63.59,77.70
129+04428,2020-03-02 03:40:00,63.38,92.70
129+04428,2020-03-02 03:50:00,64.99,89.60
129+04428,2020-03-02 04:00:00,62.75,97.89
129+04428,2020-03-02 04:10:00,67.09,85.90
129+04428,2020-03-02 04:20:00,64.16,95.50
129+04428,2020-03-02 04:30:00,62.50,90.10
129+04428,2020-03-02 04:40:00,63.93,97.00
129+04428,2020-03-02 04:50:00,66.16,100.00
129+04428,2020-03-02 05:00:00,64.70,100.00
129+04428,2020-03-02 05:10:00,67.26,99.30
129+04428,2020-03-02 05:20:00,66.77,100.00
129+04428,2020-03-02 05:30:00,66.79,100.00
129+04428,2020-03-02 05:40:00,62.78,100.00
129+04428,2020-03-02 05:50:00,62.00,100.00
129+04428,2020-03-02 06:00:00,60.39,100.00
129+04428,2020-03-02 06:10:00,57.27,100.00
129+04428,2020-03-02 06:20:00,36.92,100.00
129+04428,2020-03-02 06:30:00,25.30,100.00
129+04428,2020-03-02 06:40:00,20.55,100.00
129+04428,2020-03-02 06:50:00,18.68,100.00
129+04428,2020-03-02 07:00:00,20.06,100.00
129+04428,2020-03-02 07:10:00,18.02,100.00
129+04428,2020-03-02 07:20:00,18.47,100.00
129+04428,2020-03-02 07:30:00,17.48,100.00
129+04428,2020-03-02 07:40:00,18.07,100.00
129+04428,2020-03-02 07:50:00,18.54,100.00
129+04428,2020-03-02 08:00:00,17.29,100.00
129+04428,2020-03-02 08:10:00,19.00,100.00
129+04428,2020-03-02 08:20:00,15.83,100.00
129+04428,2020-03-02 08:30:00,13.88,100.00
129+04428,2020-03-02 08:40:00,16.09,100.00
129+04428,2020-03-02 08:50:00,18.28,100.00
129+04428,2020-03-02 09:00:00,26.89,100.00
129+04428,2020-03-02 09:10:00,23.69,100.00
129+04428,2020-03-02 09:20:00,30.79,100.00
129+04428,2020-03-02 09:30:00,42.14,100.00
129+04428,2020-03-02 09:40:00,55.11,100.00
129+04428,2020-03-02 09:50:00,62.49,100.00
129+04428,2020-03-02 10:00:00,61.68,100.00
129+04428,2020-03-02 10:10:00,61.90,100.00
129+04428,2020-03-02 10:20:00,62.99,100.00
129+04428,2020-03-02 10:30:00,60.46,100.00
129+04428,2020-03-02 10:40:00,63.47,100.00
129+04428,2020-03-02 10:50:00,63.78,100.00
129+04428,2020-03-02 11:00:00,65.08,100.00
129+04428,2020-03-02 11:10:00,61.89,100.00
129+04428,2020-03-02 11:20:00,63.09,100.00
129+04428,2020-03-02 11:30:00,64.46,100.00
129+04428,2020-03-02 11:40:00,66.08,100.00
129+04428,2020-03-02 11:50:00,64.18,100.00
129+04428,2020-03-02 12:00:00,63.10,100.00
129+04428,2020-03-02 12:10:00,64.98,100.00
129+04428,2020-03-02 12:20:00,64.18,100.00
129+04428,2020-03-02 12:30:00,62.39,100.00
129+04428,2020-03-02 12:40:00,62.00,100.00
129+04428,2020-03-02 12:50:00,64.49,100.00
129+04428,2020-03-02 13:00:00,62.68,100.00
129+04428,2020-03-02 13:10:00,63.39,98.20
129+04428,2020-03-02 13:20:00,62.89,100.00
129+04428,2020-03-02 13:30:00,62.40,100.00
129+04428,2020-03-02 13:40:00,64.39,100.00
129+04428,2020-03-02 13:50:00,64.17,100.00
129+04428,2020-03-02 14:00:00,64.55,100.00
129+04428,2020-03-02 14:10:00,61.49,100.00
129+04428,2020-03-02 14:20:00,61.39,100.00
129+04428,2020-03-02 14:30:00,63.49,100.00
129+04428,2020-03-02 14:40:00,62.90,100.00
129+04428,2020-03-02 14:50:00,64.39,100.00
129+04428,2020-03-02 15:00:00,61.16,100.00
129+04428,2020-03-02 15:10:00,61.39,100.00
129+04428,2020-03-02 15:20:00,61.59,100.00
129+04428,2020-03-02 15:30:00,62.69,100.00
129+04428,2020-03-02 15:40:00,61.86,100.00
129+04428,2020-03-02 15:50:00,61.27,100.00
129+04428,2020-03-02 16:00:00,63.78,100.00
129+04428,2020-03-02 16:10:00,64.49,100.00
129+04428,2020-03-02 16:20:00,62.99,100.00
129+04428,2020-03-02 16:30:00,62.06,100.00
129+04428,2020-03-02 16:40:00,63.54,100.00
129+04428,2020-03-02 16:50:00,62.49,100.00
129+04428,2020-03-02 17:00:00,63.48,100.00
129+04428,2020-03-02 17:10:00,63.09,100.00
129+04428,2020-03-02 17:20:00,60.56,100.00
129+04428,2020-03-02 17:30:00,57.77,100.00
129+04428,2020-03-02 17:40:00,44.49,100.00
129+04428,2020-03-02 17:50:00,34.38,100.00
129+04428,2020-03-02 18:00:00,49.16,100.00
129+04428,2020-03-02 18:10:00,59.79,100.00
129+04428,2020-03-02 18:20:00,60.00,100.00
129+04428,2020-03-02 18:30:00,61.99,100.00
129+04428,2020-03-02 18:40:00,60.89,100.00
129+04428,2020-03-02 18:50:00,62.07,100.00
129+04428,2020-03-02 19:00:00,64.18,100.00
129+04428,2020-03-02 19:10:00,60.89,100.00
129+04428,2020-03-02 19:20:00,62.59,100.00
129+04428,2020-03-02 19:30:00,61.13,100.00
129+04428,2020-03-02 19:40:00,58.19,97.20
129+04428,2020-03-02 19:50:00,61.67,100.00
129+04428,2020-03-02 20:00:00,60.86,100.00
129+04428,2020-03-02 20:10:00,60.40,98.67
129+04428,2020-03-02 20:20:00,57.85,85.10
129+04428,2020-03-02 20:30:00,62.47,100.00
129+04428,2020-03-02 20:40:00,68.68,42.00
129+04428,2020-03-02 20:50:00,66.46,77.80
129+04428,2020-03-02 21:00:00,61.79,100.00
129+04428,2020-03-02 21:10:00,64.18,99.20
129+04428,2020-03-02 21:20:00,65.00,95.20
129+04428,2020-03-02 21:30:00,64.04,99.80
129+04428,2020-03-02 21:40:00,64.62,94.50
129+04428,2020-03-02 21:50:00,63.16,97.00
129+04428,2020-03-02 22:00:00,59.17,71.40
129+04428,2020-03-02 22:10:00,67.05,55.40
129+04428,2020-03-02 22:20:00,64.87,92.20
129+04428,2020-03-02 22:30:00,65.88,89.00
129+04428,2020-03-02 22:40:00,64.47,89.90
129+04428,2020-03-02 22:50:00,64.14,89.90
129+04428,2020-03-02 23:00:00,58.80,54.60
129+04428,2020-03-02 23:10:00,57.00,59.80
129+04428,2020-03-02 23:20:00,63.19,94.80
129+04428,2020-03-02 23:30:00,63.78,88.50
129+04428,2020-03-02 23:40:00,60.80,99.90
129+04428,2020-03-02 23:50:00,60.44,93.90
129P04432,2020-03-02 00:00:00,48.95,90.90
129P04432,2020-03-02 00:10:00,48.88,95.50
129P04432,2020-03-02 00:20:00,47.56,81.30
129P04432,2020-03-02 00:30:00,48.27,75.90
129P04432,2020-03-02 00:40:00,52.54,68.60
129P04432,2020-03-02 00:50:00,56.20,75.30
129P04432,2020-03-02 01:00:00,51.54,96.60
129P04432,2020-03-02 01:10:00,50.85,100.00
129P04432,2020-03-02 01:20:00,49.20,84.80
129P04432,2020-03-02 01:30:00,49.00,87.20
129P04432,2020-03-02 01:40:00,53.00,99.80
129P04432,2020-03-02 01:50:00,52.87,100.00
129P04432,2020-03-02 02:00:00,49.71,84.71
129P04432,2020-03-02 02:10:00,46.96,85.44
129P04432,2020-03-02 02:20:00,,
129P04432,2020-03-02 02:30:00,46.00,92.50
129P04432,2020-03-02 02:40:00,50.08,88.60
129P04432,2020-03-02 02:50:00,58.70,51.30
129P04432,2020-03-02 03:00:00,57.22,91.40
129P04432,2020-03-02 03:10:00,44.69,53.90
129P04432,2020-03-02 03:20:00,42.55,73.10
129P04432,2020-03-02 03:30:00,47.51,93.30
129P04432,2020-03-02 03:40:00,53.74,74.67
129P04432,2020-03-02 03:50:00,52.41,91.40
129P04432,2020-03-02 04:00:00,55.15,69.50
129P04432,2020-03-02 04:10:00,50.24,93.70
129P04432,2020-03-02 04:20:00,50.49,94.30
129P04432,2020-03-02 04:30:00,51.77,84.10
129P04432,2020-03-02 04:40:00,60.49,46.00
129P04432,2020-03-02 04:50:00,61.28,100.00
129P04432,2020-03-02 05:00:00,60.64,100.00
129P04432,2020-03-02 05:10:00,59.22,100.00
129P04432,2020-03-02 05:20:00,61.12,94.40
129P04432,2020-03-02 05:30:00,62.14,100.00
129P04432,2020-03-02 05:40:00,58.56,100.00
129P04432,2020-03-02 05:50:00,59.59,100.00
129P04432,2020-03-02 06:00:00,57.59,100.00
129P04432,2020-03-02 06:10:00,58.66,100.00
129P04432,2020-03-02 06:20:00,56.89,100.00
129P04432,2020-03-02 06:30:00,54.80,100.00
129P04432,2020-03-02 06:40:00,56.48,100.00
129P04432,2020-03-02 06:50:00,56.59,100.00
129P04432,2020-03-02 07:00:00,54.16,100.00
129P04432,2020-03-02 07:10:00,51.90,100.00
129P04432,2020-03-02 07:20:00,49.84,100.00
129P04432,2020-03-02 07:30:00,45.41,100.00
129P04432,2020-03-02 07:40:00,33.72,100.00
129P04432,2020-03-02 07:50:00,33.19,100.00
129P04432,2020-03-02 08:00:00,39.45,100.00
129P04432,2020-03-02 08:10:00,36.64,100.00
129P04432,2020-03-02 08:20:00,34.08,100.00
129P04432,2020-03-02 08:30:00,13.81,100.00
129P04432,2020-03-02 08:40:00,9.85,100.00
129P04432,2020-03-02 08:50:00,13.35,100.00
129P04432,2020-03-02 09:00:00,22.48,100.00
129P04432,2020-03-02 09:10:00,18.63,100.00
129P04432,2020-03-02 09:20:00,19.44,100.00
129P04432,2020-03-02 09:30:00,12.72,100.00
129P04432,2020-03-02 09:40:00,18.39,100.00
129P04432,2020-03-02 09:50:00,24.53,100.00
129P04432,2020-03-02 10:00:00,31.45,100.00
129P04432,2020-03-02 10:10:00,53.16,100.00
129P04432,2020-03-02 10:20:00,54.17,100.00
129P04432,2020-03-02 10:30:00,53.79,100.00
129P04432,2020-03-02 10:40:00,54.88,100.00
129P04432,2020-03-02 10:50:00,54.91,100.00
129P04432,2020-03-02 11:00:00,58.18,100.00
129P04432,2020-03-02 11:10:00,56.68,100.00
129P04432,2020-03-02 11:20:00,56.46,100.00
129P04432,2020-03-02 11:30:00,57.48,100.00
129P04432,2020-03-02 11:40:00,53.74,100.00
129P04432,2020-03-02 11:50:00,56.95,100.00
129P04432,2020-03-02 12:00:00,57.44,100.00
129P04432,2020-03-02 12:10:00,58.05,100.00
129P04432,2020-03-02 12:20:00,55.59,100.00
129P04432,2020-03-02 12:30:00,56.56,100.00
129P04432,2020-03-02 12:40:00,55.65,100.00
129P04432,2020-03-02 12:50:00,56.71,100.00
129P04432,2020-03-02 13:00:00,58.28,100.00
129P04432,2020-03-02 13:10:00,55.46,100.00
129P04432,2020-03-02 13:20:00,52.98,100.00
129P04432,2020-03-02 13:30:00,53.74,100.00
129P04432,2020-03-02 13:40:00,54.38,100.00
129P04432,2020-03-02 13:50:00,53.30,100.00
129P04432,2020-03-02 14:00:00,54.97,100.00
129P04432,2020-03-02 14:10:00,53.55,100.00
129P04432,2020-03-02 14:20:00,56.08,100.00
129P04432,2020-03-02 14:30:00,52.99,100.00
129P04432,2020-03-02 14:40:00,55.17,100.00
129P04432,2020-03-02 14:50:00,53.27,100.00
129P04432,2020-03-02 15:00:00,54.38,100.00
129P04432,2020-03-02 15:10:00,53.76,100.00
129P04432,2020-03-02 15:20:00,53.98,100.00
129P04432,2020-03-02 15:30:00,52.29,100.00
129P04432,2020-03-02 15:40:00,52.59,100.00
129P04432,2020-03-02 15:50:00,51.49,100.00
129P04432,2020-03-02 16:00:00,53.60,100.00
129P04432,2020-03-02 16:10:00,55.05,100.00
129P04432,2020-03-02 16:20:00,54.28,100.00
129P04432,2020-03-02 16:30:00,54.29,100.00
129P04432,2020-03-02 16:40:00,52.83,100.00
129P04432,2020-03-02 16:50:00,51.79,100.00
129P04432,2020-03-02 17:00:00,52.59,100.00
129P04432,2020-03-02 17:10:00,55.06,100.00
129P04432,2020-03-02 17:20:00,51.99,100.00
129P04432,2020-03-02 17:30:00,51.99,100.00
129P04432,2020-03-02 17:40:00,52.88,100.00
129P04432,2020-03-02 17:50:00,50.77,100.00
129P04432,2020-03-02 18:00:00,50.27,100.00
129P04432,2020-03-02 18:10:00,52.38,100.00
129P04432,2020-03-02 18:20:00,51.38,100.00
129P04432,2020-03-02 18:30:00,52.89,100.00
129P04432,2020-03-02 18:40:00,52.99,100.00
129P04432,2020-03-02 18:50:00,49.98,100.00
129P04432,2020-03-02 19:00:00,53.34,100.00
129P04432,2020-03-02 19:10:00,54.36,100.00
129P04432,2020-03-02 19:20:00,54.97,100.00
129P04432,2020-03-02 19:30:00,55.49,100.00
129P04432,2020-03-02 19:40:00,58.55,100.00
129P04432,2020-03-02 19:50:00,55.93,100.00
129P04432,2020-03-02 20:00:00,57.90,100.00
129P04432,2020-03-02 20:10:00,57.39,100.00
129P04432,2020-03-02 20:20:00,54.83,100.00
129P04432,2020-03-02 20:30:00,57.74,100.00
129P04432,2020-03-02 20:40:00,56.13,100.00
129P04432,2020-03-02 20:50:00,63.08,93.20
129P04432,2020-03-02 21:00:00,61.61,100.00
129P04432,2020-03-02 21:10:00,59.07,96.80
129P04432,2020-03-02 21:20:00,59.17,100.00
129P04432,2020-03-02 21:30:00,59.78,100.00
129P04432,2020-03-02 21:40:00,57.25,100.00
129P04432,2020-03-02 21:50:00,62.18,94.00
129P04432,2020-03-02 22:00:00,59.93,97.90
129P04432,2020-03-02 22:10:00,60.41,98.60
129P04432,2020-03-02 22:20:00,57.78,89.50
129P04432,2020-03-02 22:30:00,53.96,94.10
129P04432,2020-03-02 22:40:00,50.84,70.00
129P04432,2020-03-02 22:50:00,49.85,76.90
129P04432,2020-03-02 23:00:00,48.99,84.30
129P04432,2020-03-02 23:10:00,48.33,87.90
129P04432,2020-03-02 23:20:00,47.71,97.10
129P04432,2020-03-02 23:30:00,47.39,94.40
129P04432,2020-03-02 23:40:00,50.67,87.30
129P04432,2020-03-02 23:50:00,47.09,95.30
129P04431,2020-03-02 00:00:00,52.99,76.10
129P04431,2020-03-02 00:10:00,66.18,30.10
129P04431,2020-03-02 00:20:00,60.11,92.89
129P04431,2020-03-02 00:30:00,,
129P04431,2020-03-02 00:40:00,53.61,68.00
129P04431,2020-03-02 00:50:00,53.42,68.78
129P04431,2020-03-02 01:00:00,55.00,98.57
129P04431,2020-03-02 01:10:00,53.29,96.00
129P04431,2020-03-02 01:20:00,49.18,79.60
129P04431,2020-03-02 01:30:00,48.00,84.50
129P04431,2020-03-02 01:40:00,61.00,48.83
129P04431,2020-03-02 01:50:00,61.00,47.38
129P04431,2020-03-02 02:00:00,65.00,36.00
129P04431,2020-03-02 02:10:00,,
129P04431,2020-03-02 02:20:00,62.98,78.14
129P04431,2020-03-02 02:30:00,57.64,77.11
129P04431,2020-03-02 02:40:00,55.37,63.90
129P04431,2020-03-02 02:50:00,58.00,83.50
129P04431,2020-03-02 03:00:00,49.32,55.00
129P04431,2020-03-02 03:10:00,50.14,73.10
129P04431,2020-03-02 03:20:00,47.20,69.90
129P04431,2020-03-02 03:30:00,51.87,98.00
129P04431,2020-03-02 03:40:00,52.47,94.10
129P04431,2020-03-02 03:50:00,55.55,83.20
129P04431,2020-03-02 04:00:00,52.19,87.60
129P04431,2020-03-02 04:10:00,56.78,92.60
129P04431,2020-03-02 04:20:00,53.19,84.90
129P04431,2020-03-02 04:30:00,51.29,86.10
129P04431,2020-03-02 04:40:00,53.66,99.20
129P04431,2020-03-02 04:50:00,55.39,100.00
129P04431,2020-03-02 05:00:00,54.82,100.00
129P04431,2020-03-02 05:10:00,54.16,100.00
129P04431,2020-03-02 05:20:00,53.36,100.00
129P04431,2020-03-02 05:30:00,54.76,100.00
129P04431,2020-03-02 05:40:00,53.58,100.00
129P04431,2020-03-02 05:50:00,53.00,100.00
129P04431,2020-03-02 06:00:00,53.37,100.00
129P04431,2020-03-02 06:10:00,53.67,100.00
129P04431,2020-03-02 06:20:00,51.88,100.00
129P04431,2020-03-02 06:30:00,52.19,100.00
129P04431,2020-03-02 06:40:00,52.10,100.00
129P04431,2020-03-02 06:50:00,51.20,100.00
129P04431,2020-03-02 07:00:00,49.78,100.00
129P04431,2020-03-02 07:10:00,43.20,100.00
129P04431,2020-03-02 07:20:00,30.37,100.00
129P04431,2020-03-02 07:30:00,33.90,100.00
129P04431,2020-03-02 07:40:00,30.98,100.00
129P04431,2020-03-02 07:50:00,28.54,100.00
129P04431,2020-03-02 08:00:00,27.69,100.00
129P04431,2020-03-02 08:10:00,26.97,100.00
129P04431,2020-03-02 08:20:00,30.46,100.00
129P04431,2020-03-02 08:30:00,24.32,100.00
129P04431,2020-03-02 08:40:00,11.27,100.00
129P04431,2020-03-02 08:50:00,10.19,100.00
129P04431,2020-03-02 09:00:00,17.76,100.00
129P04431,2020-03-02 09:10:00,21.95,100.00
129P04431,2020-03-02 09:20:00,16.97,100.00
129P04431,2020-03-02 09:30:00,17.23,100.00
129P04431,2020-03-02 09:40:00,15.41,100.00
129P04431,2020-03-02 09:50:00,30.20,100.00
129P04431,2020-03-02 10:00:00,46.49,100.00
129P04431,2020-03-02 10:10:00,50.69,100.00
129P04431,2020-03-02 10:20:00,51.09,100.00
129P04431,2020-03-02 10:30:00,51.59,100.00
129P04431,2020-03-02 10:40:00,50.77,100.00
129P04431,2020-03-02 10:50:00,52.47,100.00
129P04431,2020-03-02 11:00:00,53.09,100.00
129P04431,2020-03-02 11:10:00,52.89,100.00
129P04431,2020-03-02 11:20:00,53.98,100.00
129P04431,2020-03-02 11:30:00,53.55,100.00
129P04431,2020-03-02 11:40:00,52.50,100.00
129P04431,2020-03-02 11:50:00,51.76,100.00
129P04431,2020-03-02 12:00:00,52.76,100.00
129P04431,2020-03-02 12:10:00,54.74,100.00
129P04431,2020-03-02 12:20:00,54.79,100.00
129P04431,2020-03-02 12:30:00,53.89,100.00
129P04431,2020-03-02 12:40:00,54.26,100.00
129P04431,2020-03-02 12:50:00,54.71,100.00
129P04431,2020-03-02 13:00:00,53.08,100.00
129P04431,2020-03-02 13:10:00,52.19,100.00
129P04431,2020-03-02 13:20:00,53.10,100.00
129P04431,2020-03-02 13:30:00,52.90,100.00
129P04431,2020-03-02 13:40:00,53.20,100.00
129P04431,2020-03-02 13:50:00,53.72,100.00
129P04431,2020-03-02 14:00:00,55.77,100.00
129P04431,2020-03-02 14:10:00,53.26,100.00
129P04431,2020-03-02 14:20:00,50.89,100.00
129P04431,2020-03-02 14:30:00,50.89,100.00
129P04431,2020-03-02 14:40:00,50.36,100.00
129P04431,2020-03-02 14:50:00,52.70,100.00
129P04431,2020-03-02 15:00:00,53.55,100.00
129P04431,2020-03-02 15:10:00,50.39,100.00
129P04431,2020-03-02 15:20:00,52.09,100.00
129P04431,2020-03-02 15:30:00,50.79,100.00
129P04431,2020-03-02 15:40:00,49.17,100.00
129P04431,2020-03-02 15:50:00,51.28,100.00
129P04431,2020-03-02 16:00:00,52.78,100.00
129P04431,2020-03-02 16:10:00,54.08,100.00
129P04431,2020-03-02 16:20:00,51.32,100.00
129P04431,2020-03-02 16:30:00,50.09,100.00
129P04431,2020-03-02 16:40:00,49.09,100.00
129P04431,2020-03-02 16:50:00,51.19,100.00
129P04431,2020-03-02 17:00:00,49.90,100.00
129P04431,2020-03-02 17:10:00,48.00,100.00
129P04431,2020-03-02 17:20:00,49.98,100.00
129P04431,2020-03-02 17:30:00,50.28,100.00
129P04431,2020-03-02 17:40:00,49.35,100.00
129P04431,2020-03-02 17:50:00,47.61,100.00
129P04431,2020-03-02 18:00:00,49.18,100.00
129P04431,2020-03-02 18:10:00,47.28,100.00
129P04431,2020-03-02 18:20:00,49.48,100.00
129P04431,2020-03-02 18:30:00,48.74,100.00
129P04431,2020-03-02 18:40:00,46.39,100.00
129P04431,2020-03-02 18:50:00,48.57,100.00
129P04431,2020-03-02 19:00:00,50.10,100.00
129P04431,2020-03-02 19:10:00,51.46,100.00
129P04431,2020-03-02 19:20:00,50.03,100.00
129P04431,2020-03-02 19:30:00,52.30,100.00
129P04431,2020-03-02 19:40:00,51.76,100.00
129P04431,2020-03-02 19:50:00,48.16,100.00
129P04431,2020-03-02 20:00:00,50.56,100.00
129P04431,2020-03-02 20:10:00,51.32,100.00
129P04431,2020-03-02 20:20:00,49.43,96.90
129P04431,2020-03-02 20:30:00,51.14,98.50
129P04431,2020-03-02 20:40:00,55.70,95.20
129P04431,2020-03-02 20:50:00,54.80,100.00
129P04431,2020-03-02 21:00:00,52.50,100.00
129P04431,2020-03-02 21:10:00,52.10,100.00
129P04431,2020-03-02 21:20:00,53.27,100.00
129P04431,2020-03-02 21:30:00,55.57,89.70
129P04431,2020-03-02 21:40:00,56.81,76.20
129P04431,2020-03-02 21:50:00,54.45,100.00
129P04431,2020-03-02 22:00:00,51.58,95.80
129P04431,2020-03-02 22:10:00,49.73,89.50
129P04431,2020-03-02 22:20:00,56.14,93.40
129P04431,2020-03-02 22:30:00,52.39,93.60
129P04431,2020-03-02 22:40:00,52.78,94.90
129P04431,2020-03-02 22:50:00,58.60,84.40
129P04431,2020-03-02 23:00:00,53.47,81.80
129P04431,2020-03-02 23:10:00,45.96,34.30
129P04431,2020-03-02 23:20:00,47.93,66.90
129P04431,2020-03-02 23:30:00,53.19,93.30
129P04431,2020-03-02 23:40:00,51.75,87.70
129P04431,2020-03-02 23:50:00,52.39,84.70
129P04430,2020-03-02 00:00:00,55.13,76.10
129P04430,2020-03-02 00:10:00,65.93,30.10
129P04430,2020-03-02 00:20:00,60.11,92.89
129P04430,2020-03-02 00:30:00,,
129P04430,2020-03-02 00:40:00,54.54,68.00
129P04430,2020-03-02 00:50:00,56.42,68.78
129P04430,2020-03-02 01:00:00,58.00,98.57
129P04430,2020-03-02 01:10:00,56.29,96.00
129P04430,2020-03-02 01:20:00,53.00,79.60
129P04430,2020-03-02 01:30:00,53.00,84.50
129P04430,2020-03-02 01:40:00,60.00,48.83
129P04430,2020-03-02 01:50:00,62.80,47.38
129P04430,2020-03-02 02:00:00,70.00,36.00
129P04430,2020-03-02 02:10:00,,
129P04430,2020-03-02 02:20:00,58.57,78.14
129P04430,2020-03-02 02:30:00,60.88,77.11
129P04430,2020-03-02 02:40:00,57.93,63.90
129P04430,2020-03-02 02:50:00,58.43,83.50
129P04430,2020-03-02 03:00:00,54.16,55.00
129P04430,2020-03-02 03:10:00,54.30,73.10
129P04430,2020-03-02 03:20:00,53.57,69.90
129P04430,2020-03-02 03:30:00,56.39,98.00
129P04430,2020-03-02 03:40:00,56.57,94.10
129P04430,2020-03-02 03:50:00,57.68,83.20
129P04430,2020-03-02 04:00:00,58.63,87.60
129P04430,2020-03-02 04:10:00,60.39,92.60
129P04430,2020-03-02 04:20:00,58.54,84.90
129P04430,2020-03-02 04:30:00,55.60,86.10
129P04430,2020-03-02 04:40:00,57.69,99.20
129P04430,2020-03-02 04:50:00,58.19,100.00
129P04430,2020-03-02 05:00:00,59.64,100.00
129P04430,2020-03-02 05:10:00,59.18,100.00
129P04430,2020-03-02 05:20:00,57.67,100.00
129P04430,2020-03-02 05:30:00,59.37,100.00
129P04430,2020-03-02 05:40:00,57.88,100.00
129P04430,2020-03-02 05:50:00,56.80,100.00
129P04430,2020-03-02 06:00:00,57.48,100.00
129P04430,2020-03-02 06:10:00,57.39,100.00
129P04430,2020-03-02 06:20:00,55.98,100.00
129P04430,2020-03-02 06:30:00,55.50,100.00
129P04430,2020-03-02 06:40:00,56.19,100.00
129P04430,2020-03-02 06:50:00,54.99,100.00
129P04430,2020-03-02 07:00:00,53.29,100.00
129P04430,2020-03-02 07:10:00,51.19,100.00
129P04430,2020-03-02 07:20:00,37.99,100.00
129P04430,2020-03-02 07:30:00,31.47,100.00
129P04430,2020-03-02 07:40:00,31.64,100.00
129P04430,2020-03-02 07:50:00,28.76,100.00
129P04430,2020-03-02 08:00:00,29.06,100.00
129P04430,2020-03-02 08:10:00,26.48,100.00
129P04430,2020-03-02 08:20:00,29.86,100.00
129P04430,2020-03-02 08:30:00,27.94,100.00
129P04430,2020-03-02 08:40:00,14.04,100.00
129P04430,2020-03-02 08:50:00,10.95,100.00
129P04430,2020-03-02 09:00:00,16.44,100.00
129P04430,2020-03-02 09:10:00,21.97,100.00
129P04430,2020-03-02 09:20:00,18.13,100.00
129P04430,2020-03-02 09:30:00,18.37,100.00
129P04430,2020-03-02 09:40:00,16.43,100.00
129P04430,2020-03-02 09:50:00,32.04,100.00
129P04430,2020-03-02 10:00:00,52.09,100.00
129P04430,2020-03-02 10:10:00,56.09,100.00
129P04430,2020-03-02 10:20:00,56.29,100.00
129P04430,2020-03-02 10:30:00,56.29,100.00
129P04430,2020-03-02 10:40:00,56.68,100.00
129P04430,2020-03-02 10:50:00,57.29,100.00
129P04430,2020-03-02 11:00:00,57.70,100.00
129P04430,2020-03-02 11:10:00,57.60,100.00
129P04430,2020-03-02 11:20:00,59.26,100.00
129P04430,2020-03-02 11:30:00,58.37,100.00
129P04430,2020-03-02 11:40:00,56.69,100.00
129P04430,2020-03-02 11:50:00,56.79,100.00
129P04430,2020-03-02 12:00:00,58.70,100.00
129P04430,2020-03-02 12:10:00,59.82,100.00
129P04430,2020-03-02 12:20:00,59.67,100.00
129P04430,2020-03-02 12:30:00,58.68,100.00
129P04430,2020-03-02 12:40:00,59.03,100.00
129P04430,2020-03-02 12:50:00,59.50,100.00
129P04430,2020-03-02 13:00:00,57.98,100.00
129P04430,2020-03-02 13:10:00,56.49,100.00
129P04430,2020-03-02 13:20:00,57.79,100.00
129P04430,2020-03-02 13:30:00,57.30,100.00
129P04430,2020-03-02 13:40:00,57.70,100.00
129P04430,2020-03-02 13:50:00,59.85,100.00
129P04430,2020-03-02 14:00:00,60.33,100.00
129P04430,2020-03-02 14:10:00,58.47,100.00
129P04430,2020-03-02 14:20:00,56.09,100.00
129P04430,2020-03-02 14:30:00,56.57,100.00
129P04430,2020-03-02 14:40:00,56.40,100.00
129P04430,2020-03-02 14:50:00,57.59,100.00
129P04430,2020-03-02 15:00:00,58.46,100.00
129P04430,2020-03-02 15:10:00,56.59,100.00
129P04430,2020-03-02 15:20:00,57.49,100.00
129P04430,2020-03-02 15:30:00,56.99,100.00
129P04430,2020-03-02 15:40:00,55.68,100.00
129P04430,2020-03-02 15:50:00,57.33,100.00
129P04430,2020-03-02 16:00:00,57.95,100.00
129P04430,2020-03-02 16:10:00,60.28,100.00
129P04430,2020-03-02 16:20:00,57.09,100.00
129P04430,2020-03-02 16:30:00,56.69,100.00
129P04430,2020-03-02 16:40:00,55.20,100.00
129P04430,2020-03-02 16:50:00,56.79,100.00
129P04430,2020-03-02 17:00:00,56.93,100.00
129P04430,2020-03-02 17:10:00,55.17,100.00
129P04430,2020-03-02 17:20:00,55.69,100.00
129P04430,2020-03-02 17:30:00,56.09,100.00
129P04430,2020-03-02 17:40:00,55.66,100.00
129P04430,2020-03-02 17:50:00,55.66,100.00
129P04430,2020-03-02 18:00:00,55.50,100.00
129P04430,2020-03-02 18:10:00,54.08,100.00
129P04430,2020-03-02 18:20:00,55.19,100.00
129P04430,2020-03-02 18:30:00,55.39,100.00
129P04430,2020-03-02 18:40:00,54.49,100.00
129P04430,2020-03-02 18:50:00,54.89,100.00
129P04430,2020-03-02 19:00:00,54.79,100.00
129P04430,2020-03-02 19:10:00,55.38,100.00
129P04430,2020-03-02 19:20:00,54.05,100.00
129P04430,2020-03-02 19:30:00,56.09,100.00
129P04430,2020-03-02 19:40:00,55.50,100.00
129P04430,2020-03-02 19:50:00,52.07,100.00
129P04430,2020-03-02 20:00:00,55.97,100.00
129P04430,2020-03-02 20:10:00,55.54,100.00
129P04430,2020-03-02 20:20:00,55.37,96.90
129P04430,2020-03-02 20:30:00,55.44,98.50
129P04430,2020-03-02 20:40:00,58.47,95.20
129P04430,2020-03-02 20:50:00,59.75,100.00
129P04430,2020-03-02 21:00:00,57.20,100.00
129P04430,2020-03-02 21:10:00,55.19,100.00
129P04430,2020-03-02 21:20:00,57.58,100.00
129P04430,2020-03-02 21:30:00,59.54,89.70
129P04430,2020-03-02 21:40:00,60.93,76.20
129P04430,2020-03-02 21:50:00,57.00,100.00
129P04430,2020-03-02 22:00:00,57.44,95.80
129P04430,2020-03-02 22:10:00,61.90,89.50
129P04430,2020-03-02 22:20:00,60.79,93.40
129P04430,2020-03-02 22:30:00,56.74,93.60
129P04430,2020-03-02 22:40:00,57.87,94.90
129P04430,2020-03-02 22:50:00,59.41,84.40
129P04430,2020-03-02 23:00:00,56.80,81.80
129P04430,2020-03-02 23:10:00,50.26,34.30
129P04430,2020-03-02 23:20:00,51.43,66.90
129P04430,2020-03-02 23:30:00,56.90,93.30
129P04430,2020-03-02 23:40:00,57.94,87.70
129P04430,2020-03-02 23:50:00,57.09,84.70
129+04423,2020-03-02 00:00:00,70.39,93.80
129+04423,2020-03-02 00:10:00,67.48,74.00
129+04423,2020-03-02 00:20:00,67.58,77.20
129+04423,2020-03-02 00:30:00,67.67,86.50
129+04423,2020-03-02 00:40:00,68.29,94.33
129+04423,2020-03-02 00:50:00,68.99,96.50
129+04423,2020-03-02 01:00:00,65.14,84.80
129+04423,2020-03-02 01:10:00,68.20,79.10
129+04423,2020-03-02 01:20:00,68.09,77.50
129+04423,2020-03-02 01:30:00,66.42,84.20
129+04423,2020-03-02 01:40:00,71.59,69.90
129+04423,2020-03-02 01:50:00,65.43,74.40
129+04423,2020-03-02 02:00:00,68.00,98.80
129+04423,2020-03-02 02:10:00,70.28,81.90
129+04423,2020-03-02 02:20:00,69.68,93.50
129+04423,2020-03-02 02:30:00,65.99,87.90
129+04423,2020-03-02 02:40:00,67.49,96.38
129+04423,2020-03-02 02:50:00,66.99,92.00
129+04423,2020-03-02 03:00:00,68.59,95.70
129+04423,2020-03-02 03:10:00,67.38,96.40
129+04423,2020-03-02 03:20:00,68.02,86.20
129+04423,2020-03-02 03:30:00,70.39,83.80
129+04423,2020-03-02 03:40:00,71.59,74.60
129+04423,2020-03-02 03:50:00,68.78,94.90
129+04423,2020-03-02 04:00:00,69.98,90.80
129+04423,2020-03-02 04:10:00,68.20,92.40
129+04423,2020-03-02 04:20:00,68.79,93.50
129+04423,2020-03-02 04:30:00,71.19,93.50
129+04423,2020-03-02 04:40:00,70.60,97.10
129+04423,2020-03-02 04:50:00,69.89,97.30
129+04423,2020-03-02 05:00:00,72.65,100.00
129+04423,2020-03-02 05:10:00,75.49,100.00
129+04423,2020-03-02 05:20:00,73.71,100.00
129+04423,2020-03-02 05:30:00,70.70,100.00
129+04423,2020-03-02 05:40:00,70.70,100.00
129+04423,2020-03-02 05:50:00,70.10,100.00
129+04423,2020-03-02 06:00:00,69.08,100.00
129+04423,2020-03-02 06:10:00,66.89,100.00
129+04423,2020-03-02 06:20:00,68.57,100.00
129+04423,2020-03-02 06:30:00,70.40,100.00
129+04423,2020-03-02 06:40:00,71.19,100.00
129+04423,2020-03-02 06:50:00,70.09,100.00
129+04423,2020-03-02 07:00:00,68.29,100.00
129+04423,2020-03-02 07:10:00,69.49,100.00
129+04423,2020-03-02 07:20:00,69.18,100.00
129+04423,2020-03-02 07:30:00,71.59,100.00
129+04423,2020-03-02 07:40:00,70.90,100.00
129+04423,2020-03-02 07:50:00,70.44,100.00
129+04423,2020-03-02 08:00:00,72.60,100.00
129+04423,2020-03-02 08:10:00,71.29,100.00
129+04423,2020-03-02 08:20:00,70.60,100.00
129+04423,2020-03-02 08:30:00,69.49,100.00
129+04423,2020-03-02 08:40:00,68.78,100.00
129+04423,2020-03-02 08:50:00,69.79,100.00
129+04423,2020-03-02 09:00:00,69.59,100.00
129+04423,2020-03-02 09:10:00,70.40,100.00
129+04423,2020-03-02 09:20:00,70.40,100.00
129+04423,2020-03-02 09:30:00,70.69,100.00
129+04423,2020-03-02 09:40:00,72.29,100.00
129+04423,2020-03-02 09:50:00,73.49,100.00
129+04423,2020-03-02 10:00:00,73.49,100.00
129+04423,2020-03-02 10:10:00,70.69,100.00
129+04423,2020-03-02 10:20:00,71.59,94.80
129+04423,2020-03-02 10:30:00,70.51,93.90
129+04423,2020-03-02 10:40:00,70.09,100.00
129+04423,2020-03-02 10:50:00,71.00,96.70
129+04423,2020-03-02 11:00:00,69.19,100.00
129+04423,2020-03-02 11:10:00,72.69,99.70
129+04423,2020-03-02 11:20:00,70.89,100.00
129+04423,2020-03-02 11:30:00,71.39,100.00
129+04423,2020-03-02 11:40:00,73.89,100.00
129+04423,2020-03-02 11:50:00,72.08,99.80
129+04423,2020-03-02 12:00:00,75.10,98.30
129+04423,2020-03-02 12:10:00,72.09,100.00
129+04423,2020-03-02 12:20:00,72.66,99.60
129+04423,2020-03-02 12:30:00,69.78,100.00
129+04423,2020-03-02 12:40:00,72.09,99.70
129+04423,2020-03-02 12:50:00,75.57,92.20
129+04423,2020-03-02 13:00:00,72.39,99.50
129+04423,2020-03-02 13:10:00,72.49,100.00
129+04423,2020-03-02 13:20:00,73.29,100.00
129+04423,2020-03-02 13:30:00,72.18,100.00
129+04423,2020-03-02 13:40:00,71.99,100.00
129+04423,2020-03-02 13:50:00,72.60,100.00
129+04423,2020-03-02 14:00:00,72.98,99.20
129+04423,2020-03-02 14:10:00,71.50,100.00
129+04423,2020-03-02 14:20:00,72.09,100.00
129+04423,2020-03-02 14:30:00,73.79,100.00
129+04423,2020-03-02 14:40:00,71.89,100.00
129+04423,2020-03-02 14:50:00,70.29,100.00
129+04423,2020-03-02 15:00:00,72.05,99.50
129+04423,2020-03-02 15:10:00,74.26,88.00
129+04423,2020-03-02 15:20:00,73.26,100.00
129+04423,2020-03-02 15:30:00,73.57,100.00
129+04423,2020-03-02 15:40:00,75.10,100.00
129+04423,2020-03-02 15:50:00,77.48,99.50
129+04423,2020-03-02 16:00:00,74.78,99.70
129+04423,2020-03-02 16:10:00,73.69,100.00
129+04423,2020-03-02 16:20:00,73.29,100.00
129+04423,2020-03-02 16:30:00,74.18,100.00
129+04423,2020-03-02 16:40:00,74.88,98.89
129+04423,2020-03-02 16:50:00,75.20,98.80
129+04423,2020-03-02 17:00:00,75.20,100.00
129+04423,2020-03-02 17:10:00,74.49,100.00
129+04423,2020-03-02 17:20:00,71.67,100.00
129+04423,2020-03-02 17:30:00,70.89,100.00
129+04423,2020-03-02 17:40:00,71.19,100.00
129+04423,2020-03-02 17:50:00,72.59,100.00
129+04423,2020-03-02 18:00:00,73.78,100.00
129+04423,2020-03-02 18:10:00,68.91,100.00
129+04423,2020-03-02 18:20:00,65.30,91.20
129+04423,2020-03-02 18:30:00,73.29,71.80
129+04423,2020-03-02 18:40:00,72.49,96.40
129+04423,2020-03-02 18:50:00,71.49,100.00
129+04423,2020-03-02 19:00:00,71.30,97.70
129+04423,2020-03-02 19:10:00,70.69,100.00
129+04423,2020-03-02 19:20:00,70.78,97.60
129+04423,2020-03-02 19:30:00,70.89,100.00
129+04423,2020-03-02 19:40:00,70.87,100.00
129+04423,2020-03-02 19:50:00,70.98,92.10
129+04423,2020-03-02 20:00:00,69.12,98.00
129+04423,2020-03-02 20:10:00,69.09,97.22
129+04423,2020-03-02 20:20:00,71.79,87.60
129+04423,2020-03-02 20:30:00,72.68,80.60
129+04423,2020-03-02 20:40:00,69.29,99.60
129+04423,2020-03-02 20:50:00,68.48,99.80
129+04423,2020-03-02 21:00:00,68.56,95.60
129+04423,2020-03-02 21:10:00,72.51,62.80
129+04423,2020-03-02 21:20:00,70.78,97.00
129+04423,2020-03-02 21:30:00,71.39,96.00
129+04423,2020-03-02 21:40:00,71.20,97.90
129+04423,2020-03-02 21:50:00,78.32,48.50
129+04423,2020-03-02 22:00:00,69.79,80.70
129+04423,2020-03-02 22:10:00,70.29,86.40
129+04423,2020-03-02 22:20:00,66.46,58.10
129+04423,2020-03-02 22:30:00,68.89,89.50
129+04423,2020-03-02 22:40:00,68.99,96.00
129+04423,2020-03-02 22:50:00,68.89,97.80
129+04423,2020-03-02 23:00:00,70.50,88.80
129+04423,2020-03-02 23:10:00,71.70,83.50
129+04423,2020-03-02 23:20:00,68.61,85.63
129+04423,2020-03-02 23:30:00,68.00,89.83
129+04423,2020-03-02 23:40:00,68.10,89.10
129+04423,2020-03-02 23:50:00,67.19,83.10
129+04424,2020-03-02 00:00:00,69.79,91.00
129+04424,2020-03-02 00:10:00,67.69,75.40
129+04424,2020-03-02 00:20:00,69.35,84.80
129+04424,2020-03-02 00:30:00,70.01,87.80
129+04424,2020-03-02 00:40:00,67.00,86.50
129+04424,2020-03-02 00:50:00,71.00,92.50
129+04424,2020-03-02 01:00:00,68.14,91.00
129+04424,2020-03-02 01:10:00,68.58,92.70
129+04424,2020-03-02 01:20:00,70.90,93.70
129+04424,2020-03-02 01:30:00,65.16,77.67
129+04424,2020-03-02 01:40:00,70.97,82.90
129+04424,2020-03-02 01:50:00,66.75,79.89
129+04424,2020-03-02 02:00:00,67.00,97.00
129+04424,2020-03-02 02:10:00,68.20,96.78
129+04424,2020-03-02 02:20:00,70.00,94.57
129+04424,2020-03-02 02:30:00,64.14,82.00
129+04424,2020-03-02 02:40:00,65.13,92.29
129+04424,2020-03-02 02:50:00,65.90,90.00
129+04424,2020-03-02 03:00:00,67.89,94.10
129+04424,2020-03-02 03:10:00,69.59,83.50
129+04424,2020-03-02 03:20:00,69.08,91.70
129+04424,2020-03-02 03:30:00,70.49,87.00
129+04424,2020-03-02 03:40:00,71.49,87.20
129+04424,2020-03-02 03:50:00,68.16,90.00
129+04424,2020-03-02 04:00:00,69.19,95.50
129+04424,2020-03-02 04:10:00,67.80,95.10
129+04424,2020-03-02 04:20:00,68.00,95.70
129+04424,2020-03-02 04:30:00,69.38,97.10
129+04424,2020-03-02 04:40:00,70.69,100.00
129+04424,2020-03-02 04:50:00,70.39,96.40
129+04424,2020-03-02 05:00:00,72.37,97.00
129+04424,2020-03-02 05:10:00,74.87,100.00
129+04424,2020-03-02 05:20:00,74.78,100.00
129+04424,2020-03-02 05:30:00,70.10,100.00
129+04424,2020-03-02 05:40:00,70.29,100.00
129+04424,2020-03-02 05:50:00,70.00,100.00
129+04424,2020-03-02 06:00:00,68.48,100.00
129+04424,2020-03-02 06:10:00,65.44,100.00
129+04424,2020-03-02 06:20:00,61.99,100.00
129+04424,2020-03-02 06:30:00,45.55,100.00
129+04424,2020-03-02 06:40:00,30.02,100.00
129+04424,2020-03-02 06:50:00,24.45,100.00
129+04424,2020-03-02 07:00:00,27.72,100.00
129+04424,2020-03-02 07:10:00,27.88,100.00
129+04424,2020-03-02 07:20:00,27.48,100.00
129+04424,2020-03-02 07:30:00,30.64,100.00
129+04424,2020-03-02 07:40:00,39.45,100.00
129+04424,2020-03-02 07:50:00,34.99,100.00
129+04424,2020-03-02 08:00:00,45.05,100.00
129+04424,2020-03-02 08:10:00,50.53,100.00
129+04424,2020-03-02 08:20:00,68.41,100.00
129+04424,2020-03-02 08:30:00,70.29,100.00
129+04424,2020-03-02 08:40:00,70.10,100.00
129+04424,2020-03-02 08:50:00,69.80,100.00
129+04424,2020-03-02 09:00:00,69.37,100.00
129+04424,2020-03-02 09:10:00,69.90,100.00
129+04424,2020-03-02 09:20:00,71.20,100.00
129+04424,2020-03-02 09:30:00,70.49,100.00
129+04424,2020-03-02 09:40:00,70.10,100.00
129+04424,2020-03-02 09:50:00,70.79,100.00
129+04424,2020-03-02 10:00:00,72.29,100.00
129+04424,2020-03-02 10:10:00,71.78,100.00
129+04424,2020-03-02 10:20:00,70.99,100.00
129+04424,2020-03-02 10:30:00,71.83,100.00
129+04424,2020-03-02 10:40:00,69.68,100.00
129+04424,2020-03-02 10:50:00,71.99,98.80
129+04424,2020-03-02 11:00:00,70.09,100.00
129+04424,2020-03-02 11:10:00,71.39,100.00
129+04424,2020-03-02 11:20:00,69.89,100.00
129+04424,2020-03-02 11:30:00,70.80,100.00
129+04424,2020-03-02 11:40:00,71.69,100.00
129+04424,2020-03-02 11:50:00,72.69,100.00
129+04424,2020-03-02 12:00:00,73.58,100.00
129+04424,2020-03-02 12:10:00,73.00,100.00
129+04424,2020-03-02 12:20:00,73.38,100.00
129+04424,2020-03-02 12:30:00,72.67,95.70
129+04424,2020-03-02 12:40:00,73.06,100.00
129+04424,2020-03-02 12:50:00,73.05,98.80
129+04424,2020-03-02 13:00:00,72.18,99.70
129+04424,2020-03-02 13:10:00,73.18,100.00
129+04424,2020-03-02 13:20:00,72.39,100.00
129+04424,2020-03-02 13:30:00,72.86,100.00
129+04424,2020-03-02 13:40:00,70.65,100.00
129+04424,2020-03-02 13:50:00,72.47,100.00
129+04424,2020-03-02 14:00:00,75.05,89.30
129+04424,2020-03-02 14:10:00,73.78,98.00
129+04424,2020-03-02 14:20:00,71.98,100.00
129+04424,2020-03-02 14:30:00,72.85,100.00
129+04424,2020-03-02 14:40:00,72.25,99.80
129+04424,2020-03-02 14:50:00,70.09,100.00
129+04424,2020-03-02 15:00:00,70.79,100.00
129+04424,2020-03-02 15:10:00,71.99,100.00
129+04424,2020-03-02 15:20:00,73.59,100.00
129+04424,2020-03-02 15:30:00,71.76,100.00
129+04424,2020-03-02 15:40:00,75.78,100.00
129+04424,2020-03-02 15:50:00,75.97,100.00
129+04424,2020-03-02 16:00:00,76.99,98.80
129+04424,2020-03-02 16:10:00,74.20,100.00
129+04424,2020-03-02 16:20:00,71.08,100.00
129+04424,2020-03-02 16:30:00,72.14,100.00
129+04424,2020-03-02 16:40:00,71.03,100.00
129+04424,2020-03-02 16:50:00,73.13,100.00
129+04424,2020-03-02 17:00:00,73.10,100.00
129+04424,2020-03-02 17:10:00,74.49,100.00
129+04424,2020-03-02 17:20:00,69.99,100.00
129+04424,2020-03-02 17:30:00,70.20,100.00
129+04424,2020-03-02 17:40:00,70.99,100.00
129+04424,2020-03-02 17:50:00,72.99,100.00
129+04424,2020-03-02 18:00:00,70.29,100.00
129+04424,2020-03-02 18:10:00,69.83,100.00
129+04424,2020-03-02 18:20:00,65.87,100.00
129+04424,2020-03-02 18:30:00,69.27,100.00
129+04424,2020-03-02 18:40:00,70.39,98.90
129+04424,2020-03-02 18:50:00,71.59,100.00
129+04424,2020-03-02 19:00:00,71.47,93.30
129+04424,2020-03-02 19:10:00,71.79,98.70
129+04424,2020-03-02 19:20:00,69.79,99.70
129+04424,2020-03-02 19:30:00,71.27,97.60
129+04424,2020-03-02 19:40:00,73.20,97.30
129+04424,2020-03-02 19:50:00,73.13,84.00
129+04424,2020-03-02 20:00:00,68.85,99.57
129+04424,2020-03-02 20:10:00,66.84,100.00
129+04424,2020-03-02 20:20:00,68.59,99.40
129+04424,2020-03-02 20:30:00,72.16,85.20
129+04424,2020-03-02 20:40:00,70.73,91.40
129+04424,2020-03-02 20:50:00,70.49,96.30
129+04424,2020-03-02 21:00:00,67.66,99.50
129+04424,2020-03-02 21:10:00,73.65,79.00
129+04424,2020-03-02 21:20:00,67.74,99.60
129+04424,2020-03-02 21:30:00,70.58,96.90
129+04424,2020-03-02 21:40:00,72.95,77.90
129+04424,2020-03-02 21:50:00,69.17,97.90
129+04424,2020-03-02 22:00:00,70.10,97.00
129+04424,2020-03-02 22:10:00,70.99,98.70
129+04424,2020-03-02 22:20:00,67.28,81.00
129+04424,2020-03-02 22:30:00,74.03,61.40
129+04424,2020-03-02 22:40:00,69.02,85.00
129+04424,2020-03-02 22:50:00,68.49,73.30
129+04424,2020-03-02 23:00:00,72.20,82.20
129+04424,2020-03-02 23:10:00,71.36,96.63
129+04424,2020-03-02 23:20:00,70.11,98.00
129+04424,2020-03-02 23:30:00,68.79,92.70
129+04424,2020-03-02 23:40:00,67.00,79.50
129+04424,2020-03-02 23:50:00,67.39,94.00
129P04678,2020-03-02 00:00:00,72.38,97.40
129P04678,2020-03-02 00:10:00,68.59,87.40
129P04678,2020-03-02 00:20:00,68.99,91.20
129P04678,2020-03-02 00:30:00,69.43,94.00
129P04678,2020-03-02 00:40:00,71.00,99.80
129P04678,2020-03-02 00:50:00,69.16,91.78
129P04678,2020-03-02 01:00:00,66.30,86.90
129P04678,2020-03-02 01:10:00,74.80,46.44
129P04678,2020-03-02 01:20:00,75.80,52.00
129P04678,2020-03-02 01:30:00,68.52,86.70
129P04678,2020-03-02 01:40:00,72.00,95.00
129P04678,2020-03-02 01:50:00,71.50,99.50
129P04678,2020-03-02 02:00:00,69.00,82.40
129P04678,2020-03-02 02:10:00,,
129P04678,2020-03-02 02:20:00,68.42,91.57
129P04678,2020-03-02 02:30:00,65.19,80.80
129P04678,2020-03-02 02:40:00,69.00,93.38
129P04678,2020-03-02 02:50:00,69.00,95.50
129P04678,2020-03-02 03:00:00,69.47,92.90
129P04678,2020-03-02 03:10:00,67.99,98.60
129P04678,2020-03-02 03:20:00,69.04,87.60
129P04678,2020-03-02 03:30:00,70.17,91.00
129P04678,2020-03-02 03:40:00,68.06,91.70
129P04678,2020-03-02 03:50:00,68.79,98.80
129P04678,2020-03-02 04:00:00,69.40,99.20
129P04678,2020-03-02 04:10:00,69.49,98.70
129P04678,2020-03-02 04:20:00,71.65,82.80
129P04678,2020-03-02 04:30:00,70.69,95.80
129P04678,2020-03-02 04:40:00,70.60,99.80
129P04678,2020-03-02 04:50:00,69.99,98.50
129P04678,2020-03-02 05:00:00,73.09,95.70
129P04678,2020-03-02 05:10:00,75.85,69.90
129P04678,2020-03-02 05:20:00,75.98,95.40
129P04678,2020-03-02 05:30:00,74.56,100.00
129P04678,2020-03-02 05:40:00,72.75,100.00
129P04678,2020-03-02 05:50:00,72.28,100.00
129P04678,2020-03-02 06:00:00,74.16,99.60
129P04678,2020-03-02 06:10:00,70.60,100.00
129P04678,2020-03-02 06:20:00,72.17,100.00
129P04678,2020-03-02 06:30:00,73.59,100.00
129P04678,2020-03-02 06:40:00,74.89,100.00
129P04678,2020-03-02 06:50:00,71.69,100.00
129P04678,2020-03-02 07:00:00,71.10,100.00
129P04678,2020-03-02 07:10:00,73.76,87.50
129P04678,2020-03-02 07:20:00,72.52,97.80
129P04678,2020-03-02 07:30:00,76.19,100.00
129P04678,2020-03-02 07:40:00,73.79,100.00
129P04678,2020-03-02 07:50:00,72.86,100.00
129P04678,2020-03-02 08:00:00,75.39,100.00
129P04678,2020-03-02 08:10:00,74.09,99.30
129P04678,2020-03-02 08:20:00,73.17,100.00
129P04678,2020-03-02 08:30:00,73.78,100.00
129P04678,2020-03-02 08:40:00,72.47,99.20
129P04678,2020-03-02 08:50:00,72.19,100.00
129P04678,2020-03-02 09:00:00,72.36,97.60
129P04678,2020-03-02 09:10:00,75.00,93.00
129P04678,2020-03-02 09:20:00,71.28,100.00
129P04678,2020-03-02 09:30:00,72.73,100.00
129P04678,2020-03-02 09:40:00,74.49,98.10
129P04678,2020-03-02 09:50:00,74.57,94.30
129P04678,2020-03-02 10:00:00,73.86,97.20
129P04678,2020-03-02 10:10:00,71.07,100.00
129P04678,2020-03-02 10:20:00,72.55,96.50
129P04678,2020-03-02 10:30:00,72.43,94.90
129P04678,2020-03-02 10:40:00,71.79,100.00
129P04678,2020-03-02 10:50:00,72.39,96.60
129P04678,2020-03-02 11:00:00,70.90,100.00
129P04678,2020-03-02 11:10:00,71.26,98.60
129P04678,2020-03-02 11:20:00,72.40,85.90
129P04678,2020-03-02 11:30:00,75.72,78.50
129P04678,2020-03-02 11:40:00,73.57,99.40
129P04678,2020-03-02 11:50:00,71.68,100.00
129P04678,2020-03-02 12:00:00,72.19,100.00
129P04678,2020-03-02 12:10:00,71.65,99.80
129P04678,2020-03-02 12:20:00,72.78,98.50
129P04678,2020-03-02 12:30:00,74.84,86.90
129P04678,2020-03-02 12:40:00,73.20,99.20
129P04678,2020-03-02 12:50:00,75.44,83.50
129P04678,2020-03-02 13:00:00,71.09,99.90
129P04678,2020-03-02 13:10:00,75.40,78.70
129P04678,2020-03-02 13:20:00,75.90,86.90
129P04678,2020-03-02 13:30:00,72.63,99.90
129P04678,2020-03-02 13:40:00,75.10,99.20
129P04678,2020-03-02 13:50:00,72.87,100.00
129P04678,2020-03-02 14:00:00,73.36,100.00
129P04678,2020-03-02 14:10:00,72.17,100.00
129P04678,2020-03-02 14:20:00,73.97,100.00
129P04678,2020-03-02 14:30:00,76.09,100.00
129P04678,2020-03-02 14:40:00,72.47,100.00
129P04678,2020-03-02 14:50:00,71.00,100.00
129P04678,2020-03-02 15:00:00,75.60,85.00
129P04678,2020-03-02 15:10:00,76.93,84.10
129P04678,2020-03-02 15:20:00,72.52,98.80
129P04678,2020-03-02 15:30:00,74.26,99.40
129P04678,2020-03-02 15:40:00,77.19,94.80
129P04678,2020-03-02 15:50:00,79.49,95.80
129P04678,2020-03-02 16:00:00,75.56,97.50
129P04678,2020-03-02 16:10:00,72.53,99.50
129P04678,2020-03-02 16:20:00,71.96,100.00
129P04678,2020-03-02 16:30:00,75.19,99.60
129P04678,2020-03-02 16:40:00,74.18,98.11
129P04678,2020-03-02 16:50:00,78.44,55.40
129P04678,2020-03-02 17:00:00,79.35,74.50
129P04678,2020-03-02 17:10:00,76.80,88.30
129P04678,2020-03-02 17:20:00,72.15,100.00
129P04678,2020-03-02 17:30:00,71.50,99.90
129P04678,2020-03-02 17:40:00,73.37,100.00
129P04678,2020-03-02 17:50:00,72.19,100.00
129P04678,2020-03-02 18:00:00,75.95,94.20
129P04678,2020-03-02 18:10:00,70.60,100.00
129P04678,2020-03-02 18:20:00,71.00,100.00
129P04678,2020-03-02 18:30:00,75.54,71.60
129P04678,2020-03-02 18:40:00,75.60,90.50
129P04678,2020-03-02 18:50:00,74.18,98.10
129P04678,2020-03-02 19:00:00,74.79,99.50
129P04678,2020-03-02 19:10:00,72.78,99.90
129P04678,2020-03-02 19:20:00,72.08,97.40
129P04678,2020-03-02 19:30:00,72.15,100.00
129P04678,2020-03-02 19:40:00,74.37,98.20
129P04678,2020-03-02 19:50:00,72.27,100.00
129P04678,2020-03-02 20:00:00,69.71,100.00
129P04678,2020-03-02 20:10:00,71.00,100.00
129P04678,2020-03-02 20:20:00,70.84,98.40
129P04678,2020-03-02 20:30:00,73.25,90.71
129P04678,2020-03-02 20:40:00,79.00,29.00
129P04678,2020-03-02 20:50:00,71.80,90.40
129P04678,2020-03-02 21:00:00,76.41,53.20
129P04678,2020-03-02 21:10:00,74.63,69.50
129P04678,2020-03-02 21:20:00,72.45,99.90
129P04678,2020-03-02 21:30:00,73.66,99.30
129P04678,2020-03-02 21:40:00,71.38,99.60
129P04678,2020-03-02 21:50:00,74.29,97.50
129P04678,2020-03-02 22:00:00,71.47,90.30
129P04678,2020-03-02 22:10:00,69.39,81.10
129P04678,2020-03-02 22:20:00,70.15,91.00
129P04678,2020-03-02 22:30:00,69.57,95.60
129P04678,2020-03-02 22:40:00,68.70,93.70
129P04678,2020-03-02 22:50:00,71.01,84.50
129P04678,2020-03-02 23:00:00,75.11,60.57
129P04678,2020-03-02 23:10:00,,
129P04678,2020-03-02 23:20:00,71.32,97.44
129P04678,2020-03-02 23:30:00,70.80,96.20
129P04678,2020-03-02 23:40:00,70.09,92.40
129P04678,2020-03-02 23:50:00,70.59,97.10
129P04435,2020-03-02 00:00:00,48.00,95.25
129P04435,2020-03-02 00:10:00,48.00,98.30
129P04435,2020-03-02 00:20:00,58.00,83.00
129P04435,2020-03-02 00:30:00,58.00,86.71
129P04435,2020-03-02 00:40:00,,
129P04435,2020-03-02 00:50:00,49.00,87.29
129P04435,2020-03-02 01:00:00,46.41,86.67
129P04435,2020-03-02 01:10:00,46.46,95.00
129P04435,2020-03-02 01:20:00,,
129P04435,2020-03-02 01:30:00,,
129P04435,2020-03-02 01:40:00,50.00,99.33
129P04435,2020-03-02 01:50:00,50.00,100.00
129P04435,2020-03-02 02:00:00,,
129P04435,2020-03-02 02:10:00,,
129P04435,2020-03-02 02:20:00,,
129P04435,2020-03-02 02:30:00,,
129P04435,2020-03-02 02:40:00,,
129P04435,2020-03-02 02:50:00,,
129P04435,2020-03-02 03:00:00,,
129P04435,2020-03-02 03:10:00,48.00,
129P04435,2020-03-02 03:20:00,49.85,98.67
129P04435,2020-03-02 03:30:00,53.57,99.20
129P04435,2020-03-02 03:40:00,50.00,98.50
129P04435,2020-03-02 03:50:00,55.27,79.67
129P04435,2020-03-02 04:00:00,53.78,61.00
129P04435,2020-03-02 04:10:00,49.06,99.89
129P04435,2020-03-02 04:20:00,43.20,99.00
129P04435,2020-03-02 04:30:00,16.52,18.30
129P04435,2020-03-02 04:40:00,42.29,82.00
129P04435,2020-03-02 04:50:00,53.56,85.90
129P04435,2020-03-02 05:00:00,51.29,98.10
129P04435,2020-03-02 05:10:00,48.50,100.00
129P04435,2020-03-02 05:20:00,51.23,100.00
129P04435,2020-03-02 05:30:00,51.80,100.00
129P04435,2020-03-02 05:40:00,48.16,100.00
129P04435,2020-03-02 05:50:00,49.17,100.00
129P04435,2020-03-02 06:00:00,50.60,100.00
129P04435,2020-03-02 06:10:00,52.82,100.00
129P04435,2020-03-02 06:20:00,50.97,100.00
129P04435,2020-03-02 06:30:00,48.66,100.00
129P04435,2020-03-02 06:40:00,45.94,93.00
129P04435,2020-03-02 06:50:00,47.99,100.00
129P04435,2020-03-02 07:00:00,47.39,100.00
129P04435,2020-03-02 07:10:00,43.61,100.00
129P04435,2020-03-02 07:20:00,43.55,100.00
129P04435,2020-03-02 07:30:00,42.28,100.00
129P04435,2020-03-02 07:40:00,41.54,100.00
129P04435,2020-03-02 07:50:00,43.08,100.00
129P04435,2020-03-02 08:00:00,43.19,100.00
129P04435,2020-03-02 08:10:00,43.52,100.00
129P04435,2020-03-02 08:20:00,43.10,100.00
129P04435,2020-03-02 08:30:00,38.11,100.00
129P04435,2020-03-02 08:40:00,35.48,100.00
129P04435,2020-03-02 08:50:00,37.44,100.00
129P04435,2020-03-02 09:00:00,39.28,100.00
129P04435,2020-03-02 09:10:00,35.32,100.00
129P04435,2020-03-02 09:20:00,38.00,100.00
129P04435,2020-03-02 09:30:00,39.55,100.00
129P04435,2020-03-02 09:40:00,39.86,100.00
129P04435,2020-03-02 09:50:00,42.82,100.00
129P04435,2020-03-02 10:00:00,46.33,100.00
129P04435,2020-03-02 10:10:00,48.01,70.50
129P04435,2020-03-02 10:20:00,49.10,80.20
129P04435,2020-03-02 10:30:00,48.87,100.00
129P04435,2020-03-02 10:40:00,49.38,100.00
129P04435,2020-03-02 10:50:00,51.64,68.90
129P04435,2020-03-02 11:00:00,49.37,100.00
129P04435,2020-03-02 11:10:00,50.30,100.00
129P04435,2020-03-02 11:20:00,49.15,100.00
129P04435,2020-03-02 11:30:00,49.06,100.00
129P04435,2020-03-02 11:40:00,49.22,58.00
129P04435,2020-03-02 11:50:00,42.55,56.40
129P04435,2020-03-02 12:00:00,47.17,90.30
129P04435,2020-03-02 12:10:00,47.94,100.00
129P04435,2020-03-02 12:20:00,47.17,100.00
129P04435,2020-03-02 12:30:00,56.23,91.20
129P04435,2020-03-02 12:40:00,44.15,100.00
129P04435,2020-03-02 12:50:00,47.72,100.00
129P04435,2020-03-02 13:00:00,48.80,100.00
129P04435,2020-03-02 13:10:00,47.90,100.00
129P04435,2020-03-02 13:20:00,48.48,100.00
129P04435,2020-03-02 13:30:00,50.66,100.00
129P04435,2020-03-02 13:40:00,50.98,100.00
129P04435,2020-03-02 13:50:00,49.81,100.00
129P04435,2020-03-02 14:00:00,48.58,100.00
129P04435,2020-03-02 14:10:00,53.41,79.40
129P04435,2020-03-02 14:20:00,55.48,91.40
129P04435,2020-03-02 14:30:00,50.92,98.60
129P04435,2020-03-02 14:40:00,48.55,100.00
129P04435,2020-03-02 14:50:00,47.03,100.00
129P04435,2020-03-02 15:00:00,49.45,100.00
129P04435,2020-03-02 15:10:00,50.65,100.00
129P04435,2020-03-02 15:20:00,46.49,100.00
129P04435,2020-03-02 15:30:00,48.44,100.00
129P04435,2020-03-02 15:40:00,49.07,100.00
129P04435,2020-03-02 15:50:00,47.69,100.00
129P04435,2020-03-02 16:00:00,47.78,100.00
129P04435,2020-03-02 16:10:00,49.29,100.00
129P04435,2020-03-02 16:20:00,50.28,100.00
129P04435,2020-03-02 16:30:00,48.88,100.00
129P04435,2020-03-02 16:40:00,47.10,100.00
129P04435,2020-03-02 16:50:00,47.10,100.00
129P04435,2020-03-02 17:00:00,48.97,98.00
129P04435,2020-03-02 17:10:00,50.89,98.00
129P04435,2020-03-02 17:20:00,48.28,100.00
129P04435,2020-03-02 17:30:00,47.39,100.00
129P04435,2020-03-02 17:40:00,47.49,100.00
129P04435,2020-03-02 17:50:00,48.47,98.50
129P04435,2020-03-02 18:00:00,46.77,100.00
129P04435,2020-03-02 18:10:00,48.69,100.00
129P04435,2020-03-02 18:20:00,49.96,94.70
129P04435,2020-03-02 18:30:00,47.58,100.00
129P04435,2020-03-02 18:40:00,47.30,100.00
129P04435,2020-03-02 18:50:00,47.23,100.00
129P04435,2020-03-02 19:00:00,49.92,100.00
129P04435,2020-03-02 19:10:00,50.37,100.00
129P04435,2020-03-02 19:20:00,48.25,100.00
129P04435,2020-03-02 19:30:00,47.89,100.00
129P04435,2020-03-02 19:40:00,49.57,100.00
129P04435,2020-03-02 19:50:00,51.08,100.00
129P04435,2020-03-02 20:00:00,47.98,100.00
129P04435,2020-03-02 20:10:00,47.55,83.00
129P04435,2020-03-02 20:20:00,48.32,96.50
129P04435,2020-03-02 20:30:00,49.84,100.00
129P04435,2020-03-02 20:40:00,49.60,100.00
129P04435,2020-03-02 20:50:00,49.02,100.00
129P04435,2020-03-02 21:00:00,52.50,100.00
129P04435,2020-03-02 21:10:00,42.25,90.10
129P04435,2020-03-02 21:20:00,48.20,100.00
129P04435,2020-03-02 21:30:00,49.87,95.70
129P04435,2020-03-02 21:40:00,51.44,95.22
129P04435,2020-03-02 21:50:00,51.58,96.30
129P04435,2020-03-02 22:00:00,50.20,98.20
129P04435,2020-03-02 22:10:00,,
129P04435,2020-03-02 22:20:00,53.60,94.13
129P04435,2020-03-02 22:30:00,47.87,85.44
129P04435,2020-03-02 22:40:00,51.01,71.60
129P04435,2020-03-02 22:50:00,51.37,90.00
129P04435,2020-03-02 23:00:00,49.38,97.60
129P04435,2020-03-02 23:10:00,50.57,96.20
129P04435,2020-03-02 23:20:00,53.40,96.70
129P04435,2020-03-02 23:30:00,50.00,100.00
129P04435,2020-03-02 23:40:00,50.41,99.29
129P04435,2020-03-02 23:50:00,49.90,96.40
129P04434,2020-03-02 00:00:00,51.12,99.00
129P04434,2020-03-02 00:10:00,54.05,91.20
129P04434,2020-03-02 00:20:00,56.90,70.80
129P04434,2020-03-02 00:30:00,54.15,79.30
129P04434,2020-03-02 00:40:00,59.36,65.38
129P04434,2020-03-02 00:50:00,55.66,99.56
129P04434,2020-03-02 01:00:00,52.65,80.86
129P04434,2020-03-02 01:10:00,50.00,74.71
129P04434,2020-03-02 01:20:00,50.00,84.00
129P04434,2020-03-02 01:30:00,,
129P04434,2020-03-02 01:40:00,53.61,90.40
129P04434,2020-03-02 01:50:00,56.11,89.11
129P04434,2020-03-02 02:00:00,54.19,72.29
129P04434,2020-03-02 02:10:00,48.07,75.90
129P04434,2020-03-02 02:20:00,,
129P04434,2020-03-02 02:30:00,52.00,100.00
129P04434,2020-03-02 02:40:00,56.69,82.90
129P04434,2020-03-02 02:50:00,58.00,92.60
129P04434,2020-03-02 03:00:00,,
129P04434,2020-03-02 03:10:00,49.62,83.90
129P04434,2020-03-02 03:20:00,61.60,100.00
129P04434,2020-03-02 03:30:00,57.37,90.30
129P04434,2020-03-02 03:40:00,55.65,99.89
129P04434,2020-03-02 03:50:00,50.83,61.40
129P04434,2020-03-02 04:00:00,55.27,88.70
129P04434,2020-03-02 04:10:00,52.27,93.60
129P04434,2020-03-02 04:20:00,52.64,97.00
129P04434,2020-03-02 04:30:00,55.99,77.80
129P04434,2020-03-02 04:40:00,57.94,63.70
129P04434,2020-03-02 04:50:00,59.78,100.00
129P04434,2020-03-02 05:00:00,59.67,100.00
129P04434,2020-03-02 05:10:00,56.79,100.00
129P04434,2020-03-02 05:20:00,60.19,100.00
129P04434,2020-03-02 05:30:00,60.07,100.00
129P04434,2020-03-02 05:40:00,58.77,100.00
129P04434,2020-03-02 05:50:00,58.58,100.00
129P04434,2020-03-02 06:00:00,54.33,100.00
129P04434,2020-03-02 06:10:00,58.05,100.00
129P04434,2020-03-02 06:20:00,54.36,100.00
129P04434,2020-03-02 06:30:00,53.99,100.00
129P04434,2020-03-02 06:40:00,53.69,100.00
129P04434,2020-03-02 06:50:00,55.08,100.00
129P04434,2020-03-02 07:00:00,51.88,100.00
129P04434,2020-03-02 07:10:00,47.13,100.00
129P04434,2020-03-02 07:20:00,40.05,100.00
129P04434,2020-03-02 07:30:00,29.82,100.00
129P04434,2020-03-02 07:40:00,31.66,100.00
129P04434,2020-03-02 07:50:00,29.83,100.00
129P04434,2020-03-02 08:00:00,30.14,100.00
129P04434,2020-03-02 08:10:00,35.44,100.00
129P04434,2020-03-02 08:20:00,24.71,100.00
129P04434,2020-03-02 08:30:00,11.79,100.00
129P04434,2020-03-02 08:40:00,10.63,100.00
129P04434,2020-03-02 08:50:00,19.62,100.00
129P04434,2020-03-02 09:00:00,22.16,100.00
129P04434,2020-03-02 09:10:00,18.12,100.00
129P04434,2020-03-02 09:20:00,17.55,100.00
129P04434,2020-03-02 09:30:00,18.56,100.00
129P04434,2020-03-02 09:40:00,22.95,100.00
129P04434,2020-03-02 09:50:00,41.38,100.00
129P04434,2020-03-02 10:00:00,47.30,100.00
129P04434,2020-03-02 10:10:00,52.87,97.80
129P04434,2020-03-02 10:20:00,54.58,100.00
129P04434,2020-03-02 10:30:00,53.38,100.00
129P04434,2020-03-02 10:40:00,56.68,100.00
129P04434,2020-03-02 10:50:00,58.26,100.00
129P04434,2020-03-02 11:00:00,56.07,100.00
129P04434,2020-03-02 11:10:00,54.99,100.00
129P04434,2020-03-02 11:20:00,55.32,100.00
129P04434,2020-03-02 11:30:00,56.44,100.00
129P04434,2020-03-02 11:40:00,57.87,100.00
129P04434,2020-03-02 11:50:00,55.35,100.00
129P04434,2020-03-02 12:00:00,56.27,100.00
129P04434,2020-03-02 12:10:00,55.76,100.00
129P04434,2020-03-02 12:20:00,56.51,100.00
129P04434,2020-03-02 12:30:00,58.24,100.00
129P04434,2020-03-02 12:40:00,54.38,100.00
129P04434,2020-03-02 12:50:00,55.12,100.00
129P04434,2020-03-02 13:00:00,56.33,100.00
129P04434,2020-03-02 13:10:00,55.95,100.00
129P04434,2020-03-02 13:20:00,54.07,100.00
129P04434,2020-03-02 13:30:00,53.98,100.00
129P04434,2020-03-02 13:40:00,55.78,100.00
129P04434,2020-03-02 13:50:00,54.06,100.00
129P04434,2020-03-02 14:00:00,56.28,100.00
129P04434,2020-03-02 14:10:00,55.73,100.00
129P04434,2020-03-02 14:20:00,56.99,100.00
129P04434,2020-03-02 14:30:00,54.16,100.00
129P04434,2020-03-02 14:40:00,56.08,100.00
129P04434,2020-03-02 14:50:00,54.17,100.00
129P04434,2020-03-02 15:00:00,56.58,100.00
129P04434,2020-03-02 15:10:00,56.15,100.00
129P04434,2020-03-02 15:20:00,54.59,100.00
129P04434,2020-03-02 15:30:00,53.57,100.00
129P04434,2020-03-02 15:40:00,52.30,100.00
129P04434,2020-03-02 15:50:00,52.68,100.00
129P04434,2020-03-02 16:00:00,55.07,100.00
129P04434,2020-03-02 16:10:00,54.36,100.00
129P04434,2020-03-02 16:20:00,54.08,98.50
129P04434,2020-03-02 16:30:00,53.93,100.00
129P04434,2020-03-02 16:40:00,53.08,100.00
129P04434,2020-03-02 16:50:00,53.06,100.00
129P04434,2020-03-02 17:00:00,54.87,100.00
129P04434,2020-03-02 17:10:00,54.69,100.00
129P04434,2020-03-02 17:20:00,53.06,100.00
129P04434,2020-03-02 17:30:00,53.97,100.00
129P04434,2020-03-02 17:40:00,56.38,100.00
129P04434,2020-03-02 17:50:00,53.32,100.00
129P04434,2020-03-02 18:00:00,48.29,100.00
129P04434,2020-03-02 18:10:00,51.59,100.00
129P04434,2020-03-02 18:20:00,52.68,100.00
129P04434,2020-03-02 18:30:00,53.19,100.00
129P04434,2020-03-02 18:40:00,50.68,100.00
129P04434,2020-03-02 18:50:00,44.52,100.00
129P04434,2020-03-02 19:00:00,54.09,100.00
129P04434,2020-03-02 19:10:00,57.36,100.00
129P04434,2020-03-02 19:20:00,57.18,100.00
129P04434,2020-03-02 19:30:00,55.98,100.00
129P04434,2020-03-02 19:40:00,57.04,100.00
129P04434,2020-03-02 19:50:00,56.81,100.00
129P04434,2020-03-02 20:00:00,58.22,100.00
129P04434,2020-03-02 20:10:00,56.37,100.00
129P04434,2020-03-02 20:20:00,53.89,100.00
129P04434,2020-03-02 20:30:00,59.08,100.00
129P04434,2020-03-02 20:40:00,55.95,100.00
129P04434,2020-03-02 20:50:00,59.98,81.50
129P04434,2020-03-02 21:00:00,61.05,79.00
129P04434,2020-03-02 21:10:00,57.19,96.50
129P04434,2020-03-02 21:20:00,57.35,92.00
129P04434,2020-03-02 21:30:00,58.50,100.00
129P04434,2020-03-02 21:40:00,59.57,100.00
129P04434,2020-03-02 21:50:00,57.77,100.00
129P04434,2020-03-02 22:00:00,57.38,97.00
129P04434,2020-03-02 22:10:00,55.68,97.10
129P04434,2020-03-02 22:20:00,57.48,96.00
129P04434,2020-03-02 22:30:00,57.83,94.90
129P04434,2020-03-02 22:40:00,51.29,57.00
129P04434,2020-03-02 22:50:00,48.17,28.80
129P04434,2020-03-02 23:00:00,45.01,50.70
129P04434,2020-03-02 23:10:00,50.22,83.10
129P04434,2020-03-02 23:20:00,47.91,95.30
129P04434,2020-03-02 23:30:00,51.12,84.90
129P04434,2020-03-02 23:40:00,51.82,81.70
129P04434,2020-03-02 23:50:00,52.56,90.50
129P04433,2020-03-02 00:00:00,48.98,99.00
129P04433,2020-03-02 00:10:00,48.84,91.20
129P04433,2020-03-02 00:20:00,54.00,70.80
129P04433,2020-03-02 00:30:00,52.91,79.30
129P04433,2020-03-02 00:40:00,59.49,65.38
129P04433,2020-03-02 00:50:00,54.43,99.56
129P04433,2020-03-02 01:00:00,51.64,80.86
129P04433,2020-03-02 01:10:00,50.00,74.71
129P04433,2020-03-02 01:20:00,50.00,84.00
129P04433,2020-03-02 01:30:00,,
129P04433,2020-03-02 01:40:00,51.40,90.40
129P04433,2020-03-02 01:50:00,51.21,89.11
129P04433,2020-03-02 02:00:00,49.80,72.29
129P04433,2020-03-02 02:10:00,44.51,75.90
129P04433,2020-03-02 02:20:00,,
129P04433,2020-03-02 02:30:00,53.00,100.00
129P04433,2020-03-02 02:40:00,53.00,82.90
129P04433,2020-03-02 02:50:00,53.00,92.60
129P04433,2020-03-02 03:00:00,,
129P04433,2020-03-02 03:10:00,49.10,83.90
129P04433,2020-03-02 03:20:00,56.62,100.00
129P04433,2020-03-02 03:30:00,56.64,90.30
129P04433,2020-03-02 03:40:00,53.00,99.89
129P04433,2020-03-02 03:50:00,51.00,61.40
129P04433,2020-03-02 04:00:00,56.06,88.70
129P04433,2020-03-02 04:10:00,51.34,93.60
129P04433,2020-03-02 04:20:00,50.99,97.00
129P04433,2020-03-02 04:30:00,57.82,77.80
129P04433,2020-03-02 04:40:00,59.82,63.70
129P04433,2020-03-02 04:50:00,62.06,100.00
129P04433,2020-03-02 05:00:00,61.12,100.00
129P04433,2020-03-02 05:10:00,58.72,100.00
129P04433,2020-03-02 05:20:00,64.84,100.00
129P04433,2020-03-02 05:30:00,63.28,100.00
129P04433,2020-03-02 05:40:00,59.68,100.00
129P04433,2020-03-02 05:50:00,59.68,100.00
129P04433,2020-03-02 06:00:00,58.16,100.00
129P04433,2020-03-02 06:10:00,60.66,100.00
129P04433,2020-03-02 06:20:00,57.95,100.00
129P04433,2020-03-02 06:30:00,56.88,100.00
129P04433,2020-03-02 06:40:00,58.09,100.00
129P04433,2020-03-02 06:50:00,58.09,100.00
129P04433,2020-03-02 07:00:00,55.16,100.00
129P04433,2020-03-02 07:10:00,52.80,100.00
129P04433,2020-03-02 07:20:00,47.48,100.00
129P04433,2020-03-02 07:30:00,31.74,100.00
129P04433,2020-03-02 07:40:00,30.27,100.00
129P04433,2020-03-02 07:50:00,30.43,100.00
129P04433,2020-03-02 08:00:00,35.26,100.00
129P04433,2020-03-02 08:10:00,38.18,100.00
129P04433,2020-03-02 08:20:00,31.48,100.00
129P04433,2020-03-02 08:30:00,11.08,100.00
129P04433,2020-03-02 08:40:00,10.03,100.00
129P04433,2020-03-02 08:50:00,18.97,100.00
129P04433,2020-03-02 09:00:00,24.56,100.00
129P04433,2020-03-02 09:10:00,20.07,100.00
129P04433,2020-03-02 09:20:00,20.03,100.00
129P04433,2020-03-02 09:30:00,17.20,100.00
129P04433,2020-03-02 09:40:00,22.82,100.00
129P04433,2020-03-02 09:50:00,42.16,100.00
129P04433,2020-03-02 10:00:00,46.65,100.00
129P04433,2020-03-02 10:10:00,51.32,97.80
129P04433,2020-03-02 10:20:00,54.48,100.00
129P04433,2020-03-02 10:30:00,53.40,100.00
129P04433,2020-03-02 10:40:00,55.03,100.00
129P04433,2020-03-02 10:50:00,55.93,100.00
129P04433,2020-03-02 11:00:00,56.29,100.00
129P04433,2020-03-02 11:10:00,55.26,100.00
129P04433,2020-03-02 11:20:00,55.02,100.00
129P04433,2020-03-02 11:30:00,57.54,100.00
129P04433,2020-03-02 11:40:00,56.73,100.00
129P04433,2020-03-02 11:50:00,55.28,100.00
129P04433,2020-03-02 12:00:00,56.08,100.00
129P04433,2020-03-02 12:10:00,56.95,100.00
129P04433,2020-03-02 12:20:00,58.78,100.00
129P04433,2020-03-02 12:30:00,57.84,100.00
129P04433,2020-03-02 12:40:00,54.59,100.00
129P04433,2020-03-02 12:50:00,55.38,100.00
129P04433,2020-03-02 13:00:00,56.38,100.00
129P04433,2020-03-02 13:10:00,55.06,100.00
129P04433,2020-03-02 13:20:00,52.99,100.00
129P04433,2020-03-02 13:30:00,53.99,100.00
129P04433,2020-03-02 13:40:00,55.78,100.00
129P04433,2020-03-02 13:50:00,53.98,100.00
129P04433,2020-03-02 14:00:00,55.25,100.00
129P04433,2020-03-02 14:10:00,53.00,100.00
129P04433,2020-03-02 14:20:00,56.69,100.00
129P04433,2020-03-02 14:30:00,54.46,100.00
129P04433,2020-03-02 14:40:00,56.26,100.00
129P04433,2020-03-02 14:50:00,54.58,100.00
129P04433,2020-03-02 15:00:00,55.79,100.00
129P04433,2020-03-02 15:10:00,54.87,100.00
129P04433,2020-03-02 15:20:00,54.95,100.00
129P04433,2020-03-02 15:30:00,55.46,100.00
129P04433,2020-03-02 15:40:00,52.59,100.00
129P04433,2020-03-02 15:50:00,52.40,100.00
129P04433,2020-03-02 16:00:00,54.58,100.00
129P04433,2020-03-02 16:10:00,55.20,100.00
129P04433,2020-03-02 16:20:00,54.41,98.50
129P04433,2020-03-02 16:30:00,52.98,100.00
129P04433,2020-03-02 16:40:00,52.77,100.00
129P04433,2020-03-02 16:50:00,54.46,100.00
129P04433,2020-03-02 17:00:00,56.61,100.00
129P04433,2020-03-02 17:10:00,55.10,100.00
129P04433,2020-03-02 17:20:00,53.87,100.00
129P04433,2020-03-02 17:30:00,53.67,100.00
129P04433,2020-03-02 17:40:00,56.84,100.00
129P04433,2020-03-02 17:50:00,55.22,100.00
129P04433,2020-03-02 18:00:00,48.97,100.00
129P04433,2020-03-02 18:10:00,53.00,100.00
129P04433,2020-03-02 18:20:00,53.78,100.00
129P04433,2020-03-02 18:30:00,54.98,100.00
129P04433,2020-03-02 18:40:00,52.80,100.00
129P04433,2020-03-02 18:50:00,48.22,100.00
129P04433,2020-03-02 19:00:00,53.33,100.00
129P04433,2020-03-02 19:10:00,57.77,100.00
129P04433,2020-03-02 19:20:00,58.14,100.00
129P04433,2020-03-02 19:30:00,57.67,100.00
129P04433,2020-03-02 19:40:00,58.48,100.00
129P04433,2020-03-02 19:50:00,58.04,100.00
129P04433,2020-03-02 20:00:00,58.47,100.00
129P04433,2020-03-02 20:10:00,58.19,100.00
129P04433,2020-03-02 20:20:00,54.89,100.00
129P04433,2020-03-02 20:30:00,61.39,100.00
129P04433,2020-03-02 20:40:00,56.99,100.00
129P04433,2020-03-02 20:50:00,62.20,81.50
129P04433,2020-03-02 21:00:00,63.70,79.00
129P04433,2020-03-02 21:10:00,59.07,96.50
129P04433,2020-03-02 21:20:00,59.00,92.00
129P04433,2020-03-02 21:30:00,61.55,100.00
129P04433,2020-03-02 21:40:00,62.86,100.00
129P04433,2020-03-02 21:50:00,63.00,100.00
129P04433,2020-03-02 22:00:00,58.68,97.00
129P04433,2020-03-02 22:10:00,61.29,97.10
129P04433,2020-03-02 22:20:00,61.87,96.00
129P04433,2020-03-02 22:30:00,59.60,94.90
129P04433,2020-03-02 22:40:00,50.19,57.00
129P04433,2020-03-02 22:50:00,41.10,28.80
129P04433,2020-03-02 23:00:00,44.07,50.70
129P04433,2020-03-02 23:10:00,48.17,83.10
129P04433,2020-03-02 23:20:00,47.16,95.30
129P04433,2020-03-02 23:30:00,48.35,84.90
129P04433,2020-03-02 23:40:00,51.16,81.70
129P04433,2020-03-02 23:50:00,49.68,90.50
129+04678,2020-03-02 00:00:00,69.14,91.90
129+04678,2020-03-02 00:10:00,67.97,88.10
129+04678,2020-03-02 00:20:00,65.51,57.30
129+04678,2020-03-02 00:30:00,63.35,54.80
129+04678,2020-03-02 00:40:00,65.54,83.50
129+04678,2020-03-02 00:50:00,64.74,93.80
129+04678,2020-03-02 01:00:00,62.98,92.50
129+04678,2020-03-02 01:10:00,75.77,24.60
129+04678,2020-03-02 01:20:00,68.60,59.70
129+04678,2020-03-02 01:30:00,66.23,90.90
129+04678,2020-03-02 01:40:00,69.48,88.90
129+04678,2020-03-02 01:50:00,63.96,67.20
129+04678,2020-03-02 02:00:00,64.36,73.25
129+04678,2020-03-02 02:10:00,64.00,87.00
129+04678,2020-03-02 02:20:00,67.07,94.13
129+04678,2020-03-02 02:30:00,65.20,99.70
129+04678,2020-03-02 02:40:00,65.80,98.10
129+04678,2020-03-02 02:50:00,64.75,93.00
129+04678,2020-03-02 03:00:00,65.05,91.10
129+04678,2020-03-02 03:10:00,66.48,96.20
129+04678,2020-03-02 03:20:00,69.18,70.90
129+04678,2020-03-02 03:30:00,70.24,68.70
129+04678,2020-03-02 03:40:00,66.39,96.70
129+04678,2020-03-02 03:50:00,66.20,94.20
129+04678,2020-03-02 04:00:00,68.19,99.00
129+04678,2020-03-02 04:10:00,68.49,97.50
129+04678,2020-03-02 04:20:00,68.00,98.50
129+04678,2020-03-02 04:30:00,69.88,91.60
129+04678,2020-03-02 04:40:00,70.09,94.00
129+04678,2020-03-02 04:50:00,69.25,95.00
129+04678,2020-03-02 05:00:00,73.87,82.20
129+04678,2020-03-02 05:10:00,75.67,84.50
129+04678,2020-03-02 05:20:00,74.38,100.00
129+04678,2020-03-02 05:30:00,75.81,100.00
129+04678,2020-03-02 05:40:00,70.98,100.00
129+04678,2020-03-02 05:50:00,72.08,100.00
129+04678,2020-03-02 06:00:00,72.18,100.00
129+04678,2020-03-02 06:10:00,71.60,100.00
129+04678,2020-03-02 06:20:00,72.26,100.00
129+04678,2020-03-02 06:30:00,71.27,100.00
129+04678,2020-03-02 06:40:00,72.69,100.00
129+04678,2020-03-02 06:50:00,69.89,100.00
129+04678,2020-03-02 07:00:00,70.59,100.00
129+04678,2020-03-02 07:10:00,68.68,100.00
129+04678,2020-03-02 07:20:00,71.88,100.00
129+04678,2020-03-02 07:30:00,72.64,100.00
129+04678,2020-03-02 07:40:00,70.75,100.00
129+04678,2020-03-02 07:50:00,68.54,100.00
129+04678,2020-03-02 08:00:00,69.69,100.00
129+04678,2020-03-02 08:10:00,68.97,100.00
129+04678,2020-03-02 08:20:00,70.08,100.00
129+04678,2020-03-02 08:30:00,69.46,100.00
129+04678,2020-03-02 08:40:00,71.45,100.00
129+04678,2020-03-02 08:50:00,71.89,98.90
129+04678,2020-03-02 09:00:00,71.79,100.00
129+04678,2020-03-02 09:10:00,72.28,94.60
129+04678,2020-03-02 09:20:00,71.15,99.50
129+04678,2020-03-02 09:30:00,71.62,100.00
129+04678,2020-03-02 09:40:00,71.38,100.00
129+04678,2020-03-02 09:50:00,74.19,98.70
129+04678,2020-03-02 10:00:00,72.03,100.00
129+04678,2020-03-02 10:10:00,69.86,100.00
129+04678,2020-03-02 10:20:00,70.34,99.80
129+04678,2020-03-02 10:30:00,70.87,99.80
129+04678,2020-03-02 10:40:00,69.79,100.00
129+04678,2020-03-02 10:50:00,71.06,99.00
129+04678,2020-03-02 11:00:00,69.78,100.00
129+04678,2020-03-02 11:10:00,70.22,99.10
129+04678,2020-03-02 11:20:00,69.45,99.90
129+04678,2020-03-02 11:30:00,71.15,100.00
129+04678,2020-03-02 11:40:00,74.41,87.20
129+04678,2020-03-02 11:50:00,71.10,99.40
129+04678,2020-03-02 12:00:00,74.62,78.20
129+04678,2020-03-02 12:10:00,70.57,100.00
129+04678,2020-03-02 12:20:00,70.08,100.00
129+04678,2020-03-02 12:30:00,72.88,98.90
129+04678,2020-03-02 12:40:00,69.88,100.00
129+04678,2020-03-02 12:50:00,71.98,94.80
129+04678,2020-03-02 13:00:00,71.88,98.20
129+04678,2020-03-02 13:10:00,73.56,99.90
129+04678,2020-03-02 13:20:00,75.48,90.80
129+04678,2020-03-02 13:30:00,71.61,95.70
129+04678,2020-03-02 13:40:00,71.06,99.80
129+04678,2020-03-02 13:50:00,69.77,100.00
129+04678,2020-03-02 14:00:00,70.58,99.90
129+04678,2020-03-02 14:10:00,74.57,87.80
129+04678,2020-03-02 14:20:00,73.96,94.70
129+04678,2020-03-02 14:30:00,76.08,100.00
129+04678,2020-03-02 14:40:00,74.39,100.00
129+04678,2020-03-02 14:50:00,70.39,100.00
129+04678,2020-03-02 15:00:00,72.76,98.90
129+04678,2020-03-02 15:10:00,72.59,95.80
129+04678,2020-03-02 15:20:00,71.18,99.60
129+04678,2020-03-02 15:30:00,73.85,90.00
129+04678,2020-03-02 15:40:00,71.91,100.00
129+04678,2020-03-02 15:50:00,75.69,99.50
129+04678,2020-03-02 16:00:00,72.09,100.00
129+04678,2020-03-02 16:10:00,70.69,100.00
129+04678,2020-03-02 16:20:00,68.67,100.00
129+04678,2020-03-02 16:30:00,74.58,100.00
129+04678,2020-03-02 16:40:00,72.76,99.33
129+04678,2020-03-02 16:50:00,77.30,56.60
129+04678,2020-03-02 17:00:00,74.86,96.40
129+04678,2020-03-02 17:10:00,75.39,100.00
129+04678,2020-03-02 17:20:00,73.27,100.00
129+04678,2020-03-02 17:30:00,73.65,99.20
129+04678,2020-03-02 17:40:00,72.38,100.00
129+04678,2020-03-02 17:50:00,73.78,100.00
129+04678,2020-03-02 18:00:00,75.86,96.40
129+04678,2020-03-02 18:10:00,67.85,100.00
129+04678,2020-03-02 18:20:00,72.37,97.40
129+04678,2020-03-02 18:30:00,74.11,90.00
129+04678,2020-03-02 18:40:00,72.68,96.60
129+04678,2020-03-02 18:50:00,70.04,97.10
129+04678,2020-03-02 19:00:00,75.70,86.00
129+04678,2020-03-02 19:10:00,73.29,99.00
129+04678,2020-03-02 19:20:00,70.15,99.80
129+04678,2020-03-02 19:30:00,72.88,99.50
129+04678,2020-03-02 19:40:00,73.15,100.00
129+04678,2020-03-02 19:50:00,68.12,100.00
129+04678,2020-03-02 20:00:00,65.57,100.00
129+04678,2020-03-02 20:10:00,72.07,91.56
129+04678,2020-03-02 20:20:00,68.15,99.00
129+04678,2020-03-02 20:30:00,67.89,88.60
129+04678,2020-03-02 20:40:00,64.74,94.50
129+04678,2020-03-02 20:50:00,66.90,95.00
129+04678,2020-03-02 21:00:00,75.04,46.60
129+04678,2020-03-02 21:10:00,73.96,64.00
129+04678,2020-03-02 21:20:00,74.73,76.40
129+04678,2020-03-02 21:30:00,74.25,92.40
129+04678,2020-03-02 21:40:00,69.64,96.20
129+04678,2020-03-02 21:50:00,69.17,97.10
129+04678,2020-03-02 22:00:00,72.88,92.90
129+04678,2020-03-02 22:10:00,70.29,84.60
129+04678,2020-03-02 22:20:00,68.98,81.80
129+04678,2020-03-02 22:30:00,68.96,90.00
129+04678,2020-03-02 22:40:00,67.96,84.10
129+04678,2020-03-02 22:50:00,71.32,67.80
129+04678,2020-03-02 23:00:00,67.19,91.10
129+04678,2020-03-02 23:10:00,65.30,82.10
129+04678,2020-03-02 23:20:00,69.56,92.90
129+04678,2020-03-02 23:30:00,66.98,88.80
129+04678,2020-03-02 23:40:00,68.30,93.00
129+04678,2020-03-02 23:50:00,67.29,94.50
129+04918,2020-03-02 00:00:00,57.00,95.25
129+04918,2020-03-02 00:10:00,57.00,98.30
129+04918,2020-03-02 00:20:00,58.00,83.00
129+04918,2020-03-02 00:30:00,58.00,86.71
129+04918,2020-03-02 00:40:00,,
129+04918,2020-03-02 00:50:00,52.00,87.29
129+04918,2020-03-02 01:00:00,53.63,86.67
129+04918,2020-03-02 01:10:00,54.87,95.00
129+04918,2020-03-02 01:20:00,,
129+04918,2020-03-02 01:30:00,,
129+04918,2020-03-02 01:40:00,52.00,99.33
129+04918,2020-03-02 01:50:00,52.00,100.00
129+04918,2020-03-02 02:00:00,,
129+04918,2020-03-02 02:10:00,,
129+04918,2020-03-02 02:20:00,,
129+04918,2020-03-02 02:30:00,,
129+04918,2020-03-02 02:40:00,,
129+04918,2020-03-02 02:50:00,,
129+04918,2020-03-02 03:00:00,,
129+04918,2020-03-02 03:10:00,52.00,
129+04918,2020-03-02 03:20:00,52.00,98.67
129+04918,2020-03-02 03:30:00,52.00,99.20
129+04918,2020-03-02 03:40:00,52.00,98.50
129+04918,2020-03-02 03:50:00,54.69,79.67
129+04918,2020-03-02 04:00:00,60.59,61.00
129+04918,2020-03-02 04:10:00,58.08,99.89
129+04918,2020-03-02 04:20:00,56.90,99.00
129+04918,2020-03-02 04:30:00,57.00,18.30
129+04918,2020-03-02 04:40:00,56.79,82.00
129+04918,2020-03-02 04:50:00,55.08,85.90
129+04918,2020-03-02 05:00:00,54.14,98.10
129+04918,2020-03-02 05:10:00,51.68,100.00
129+04918,2020-03-02 05:20:00,53.88,100.00
129+04918,2020-03-02 05:30:00,55.25,100.00
129+04918,2020-03-02 05:40:00,50.86,100.00
129+04918,2020-03-02 05:50:00,53.28,100.00
129+04918,2020-03-02 06:00:00,55.19,100.00
129+04918,2020-03-02 06:10:00,56.59,100.00
129+04918,2020-03-02 06:20:00,54.08,100.00
129+04918,2020-03-02 06:30:00,52.80,100.00
129+04918,2020-03-02 06:40:00,52.76,93.00
129+04918,2020-03-02 06:50:00,50.57,100.00
129+04918,2020-03-02 07:00:00,51.59,100.00
129+04918,2020-03-02 07:10:00,50.07,100.00
129+04918,2020-03-02 07:20:00,49.69,100.00
129+04918,2020-03-02 07:30:00,52.09,100.00
129+04918,2020-03-02 07:40:00,47.49,100.00
129+04918,2020-03-02 07:50:00,50.59,100.00
129+04918,2020-03-02 08:00:00,50.15,100.00
129+04918,2020-03-02 08:10:00,48.49,100.00
129+04918,2020-03-02 08:20:00,49.79,100.00
129+04918,2020-03-02 08:30:00,47.43,100.00
129+04918,2020-03-02 08:40:00,47.37,100.00
129+04918,2020-03-02 08:50:00,48.54,100.00
129+04918,2020-03-02 09:00:00,46.98,100.00
129+04918,2020-03-02 09:10:00,44.12,100.00
129+04918,2020-03-02 09:20:00,49.17,100.00
129+04918,2020-03-02 09:30:00,49.00,100.00
129+04918,2020-03-02 09:40:00,47.16,100.00
129+04918,2020-03-02 09:50:00,49.85,100.00
129+04918,2020-03-02 10:00:00,50.46,100.00
129+04918,2020-03-02 10:10:00,49.05,70.50
129+04918,2020-03-02 10:20:00,50.99,80.20
129+04918,2020-03-02 10:30:00,51.38,100.00
129+04918,2020-03-02 10:40:00,52.19,100.00
129+04918,2020-03-02 10:50:00,56.50,68.90
129+04918,2020-03-02 11:00:00,51.22,100.00
129+04918,2020-03-02 11:10:00,52.37,100.00
129+04918,2020-03-02 11:20:00,50.77,100.00
129+04918,2020-03-02 11:30:00,50.89,100.00
129+04918,2020-03-02 11:40:00,59.31,58.00
129+04918,2020-03-02 11:50:00,54.70,56.40
129+04918,2020-03-02 12:00:00,50.45,90.30
129+04918,2020-03-02 12:10:00,53.22,100.00
129+04918,2020-03-02 12:20:00,48.78,100.00
129+04918,2020-03-02 12:30:00,53.76,91.20
129+04918,2020-03-02 12:40:00,52.59,100.00
129+04918,2020-03-02 12:50:00,48.66,100.00
129+04918,2020-03-02 13:00:00,51.09,100.00
129+04918,2020-03-02 13:10:00,51.88,100.00
129+04918,2020-03-02 13:20:00,53.28,100.00
129+04918,2020-03-02 13:30:00,53.00,100.00
129+04918,2020-03-02 13:40:00,54.24,100.00
129+04918,2020-03-02 13:50:00,53.99,100.00
129+04918,2020-03-02 14:00:00,52.14,100.00
129+04918,2020-03-02 14:10:00,55.10,79.40
129+04918,2020-03-02 14:20:00,55.06,91.40
129+04918,2020-03-02 14:30:00,51.02,98.60
129+04918,2020-03-02 14:40:00,53.06,100.00
129+04918,2020-03-02 14:50:00,49.28,100.00
129+04918,2020-03-02 15:00:00,47.95,100.00
129+04918,2020-03-02 15:10:00,51.39,100.00
129+04918,2020-03-02 15:20:00,49.99,100.00
129+04918,2020-03-02 15:30:00,52.90,100.00
129+04918,2020-03-02 15:40:00,52.48,100.00
129+04918,2020-03-02 15:50:00,50.66,100.00
129+04918,2020-03-02 16:00:00,49.06,100.00
129+04918,2020-03-02 16:10:00,46.47,100.00
129+04918,2020-03-02 16:20:00,52.95,100.00
129+04918,2020-03-02 16:30:00,52.04,100.00
129+04918,2020-03-02 16:40:00,49.65,100.00
129+04918,2020-03-02 16:50:00,48.16,100.00
129+04918,2020-03-02 17:00:00,51.67,98.00
129+04918,2020-03-02 17:10:00,52.89,98.00
129+04918,2020-03-02 17:20:00,51.55,100.00
129+04918,2020-03-02 17:30:00,49.59,100.00
129+04918,2020-03-02 17:40:00,51.35,100.00
129+04918,2020-03-02 17:50:00,52.77,98.50
129+04918,2020-03-02 18:00:00,51.18,100.00
129+04918,2020-03-02 18:10:00,52.09,100.00
129+04918,2020-03-02 18:20:00,53.98,94.70
129+04918,2020-03-02 18:30:00,50.46,100.00
129+04918,2020-03-02 18:40:00,49.19,100.00
129+04918,2020-03-02 18:50:00,49.31,100.00
129+04918,2020-03-02 19:00:00,54.32,100.00
129+04918,2020-03-02 19:10:00,53.29,100.00
129+04918,2020-03-02 19:20:00,53.85,100.00
129+04918,2020-03-02 19:30:00,53.17,100.00
129+04918,2020-03-02 19:40:00,50.17,100.00
129+04918,2020-03-02 19:50:00,55.91,100.00
129+04918,2020-03-02 20:00:00,53.78,100.00
129+04918,2020-03-02 20:10:00,47.13,83.00
129+04918,2020-03-02 20:20:00,51.38,96.50
129+04918,2020-03-02 20:30:00,54.54,100.00
129+04918,2020-03-02 20:40:00,53.80,100.00
129+04918,2020-03-02 20:50:00,54.94,100.00
129+04918,2020-03-02 21:00:00,53.39,100.00
129+04918,2020-03-02 21:10:00,51.97,90.10
129+04918,2020-03-02 21:20:00,50.89,100.00
129+04918,2020-03-02 21:30:00,53.63,95.70
129+04918,2020-03-02 21:40:00,56.00,95.22
129+04918,2020-03-02 21:50:00,56.00,96.30
129+04918,2020-03-02 22:00:00,56.00,98.20
129+04918,2020-03-02 22:10:00,,
129+04918,2020-03-02 22:20:00,51.10,94.13
129+04918,2020-03-02 22:30:00,52.11,85.44
129+04918,2020-03-02 22:40:00,56.56,71.60
129+04918,2020-03-02 22:50:00,55.89,90.00
129+04918,2020-03-02 23:00:00,52.60,97.60
129+04918,2020-03-02 23:10:00,53.78,96.20
129+04918,2020-03-02 23:20:00,55.00,96.70
129+04918,2020-03-02 23:30:00,55.00,100.00
129+04918,2020-03-02 23:40:00,55.28,99.29
129+04918,2020-03-02 23:50:00,53.54,96.40
129+04919,2020-03-02 00:00:00,50.55,91.33
129+04919,2020-03-02 00:10:00,54.00,92.10
129+04919,2020-03-02 00:20:00,58.00,73.50
129+04919,2020-03-02 00:30:00,58.00,79.75
129+04919,2020-03-02 00:40:00,44.00,49.30
129+04919,2020-03-02 00:50:00,52.67,99.40
129+04919,2020-03-02 01:00:00,50.00,98.86
129+04919,2020-03-02 01:10:00,49.77,98.11
129+04919,2020-03-02 01:20:00,48.00,98.60
129+04919,2020-03-02 01:30:00,59.00,54.00
129+04919,2020-03-02 01:40:00,59.00,68.86
129+04919,2020-03-02 01:50:00,,
129+04919,2020-03-02 02:00:00,52.00,99.00
129+04919,2020-03-02 02:10:00,52.00,95.40
129+04919,2020-03-02 02:20:00,,
129+04919,2020-03-02 02:30:00,59.00,
129+04919,2020-03-02 02:40:00,55.34,99.00
129+04919,2020-03-02 02:50:00,51.00,100.00
129+04919,2020-03-02 03:00:00,,
129+04919,2020-03-02 03:10:00,,
129+04919,2020-03-02 03:20:00,,
129+04919,2020-03-02 03:30:00,,
129+04919,2020-03-02 03:40:00,43.30,
129+04919,2020-03-02 03:50:00,49.52,67.17
129+04919,2020-03-02 04:00:00,60.77,63.67
129+04919,2020-03-02 04:10:00,48.84,95.57
129+04919,2020-03-02 04:20:00,53.37,92.50
129+04919,2020-03-02 04:30:00,53.54,94.20
129+04919,2020-03-02 04:40:00,52.41,89.60
129+04919,2020-03-02 04:50:00,54.07,99.00
129+04919,2020-03-02 05:00:00,57.70,74.20
129+04919,2020-03-02 05:10:00,50.30,100.00
129+04919,2020-03-02 05:20:00,50.33,100.00
129+04919,2020-03-02 05:30:00,52.58,100.00
129+04919,2020-03-02 05:40:00,52.47,100.00
129+04919,2020-03-02 05:50:00,51.95,100.00
129+04919,2020-03-02 06:00:00,52.67,100.00
129+04919,2020-03-02 06:10:00,58.20,100.00
129+04919,2020-03-02 06:20:00,51.94,100.00
129+04919,2020-03-02 06:30:00,50.86,100.00
129+04919,2020-03-02 06:40:00,53.20,89.00
129+04919,2020-03-02 06:50:00,56.67,74.70
129+04919,2020-03-02 07:00:00,49.23,88.70
129+04919,2020-03-02 07:10:00,45.75,100.00
129+04919,2020-03-02 07:20:00,46.88,100.00
129+04919,2020-03-02 07:30:00,42.28,100.00
129+04919,2020-03-02 07:40:00,46.67,100.00
129+04919,2020-03-02 07:50:00,45.35,80.89
129+04919,2020-03-02 08:00:00,48.94,86.20
129+04919,2020-03-02 08:10:00,49.27,100.00
129+04919,2020-03-02 08:20:00,49.34,77.60
129+04919,2020-03-02 08:30:00,49.00,100.00
129+04919,2020-03-02 08:40:00,,
129+04919,2020-03-02 08:50:00,50.10,100.00
129+04919,2020-03-02 09:00:00,47.75,100.00
129+04919,2020-03-02 09:10:00,52.78,69.20
129+04919,2020-03-02 09:20:00,46.45,100.00
129+04919,2020-03-02 09:30:00,48.49,100.00
129+04919,2020-03-02 09:40:00,49.00,100.00
129+04919,2020-03-02 09:50:00,51.59,88.90
129+04919,2020-03-02 10:00:00,43.44,53.80
129+04919,2020-03-02 10:10:00,41.16,29.30
129+04919,2020-03-02 10:20:00,46.63,89.50
129+04919,2020-03-02 10:30:00,45.63,100.00
129+04919,2020-03-02 10:40:00,47.61,100.00
129+04919,2020-03-02 10:50:00,50.58,100.00
129+04919,2020-03-02 11:00:00,47.35,100.00
129+04919,2020-03-02 11:10:00,49.17,100.00
129+04919,2020-03-02 11:20:00,52.68,76.70
129+04919,2020-03-02 11:30:00,47.35,100.00
129+04919,2020-03-02 11:40:00,49.15,92.80
129+04919,2020-03-02 11:50:00,47.94,91.50
129+04919,2020-03-02 12:00:00,45.63,100.00
129+04919,2020-03-02 12:10:00,48.08,100.00
129+04919,2020-03-02 12:20:00,48.75,100.00
129+04919,2020-03-02 12:30:00,51.41,86.80
129+04919,2020-03-02 12:40:00,47.08,100.00
129+04919,2020-03-02 12:50:00,49.47,100.00
129+04919,2020-03-02 13:00:00,52.19,73.70
129+04919,2020-03-02 13:10:00,49.30,100.00
129+04919,2020-03-02 13:20:00,48.50,89.80
129+04919,2020-03-02 13:30:00,48.64,93.00
129+04919,2020-03-02 13:40:00,49.06,100.00
129+04919,2020-03-02 13:50:00,51.19,100.00
129+04919,2020-03-02 14:00:00,51.36,89.10
129+04919,2020-03-02 14:10:00,50.16,86.10
129+04919,2020-03-02 14:20:00,54.85,66.90
129+04919,2020-03-02 14:30:00,51.55,81.89
129+04919,2020-03-02 14:40:00,49.98,90.10
129+04919,2020-03-02 14:50:00,45.24,99.40
129+04919,2020-03-02 15:00:00,44.38,100.00
129+04919,2020-03-02 15:10:00,48.01,87.70
129+04919,2020-03-02 15:20:00,46.47,99.40
129+04919,2020-03-02 15:30:00,45.00,95.80
129+04919,2020-03-02 15:40:00,30.65,100.00
129+04919,2020-03-02 15:50:00,21.03,100.00
129+04919,2020-03-02 16:00:00,19.39,100.00
129+04919,2020-03-02 16:10:00,12.50,100.00
129+04919,2020-03-02 16:20:00,28.98,52.40
129+04919,2020-03-02 16:30:00,44.39,21.80
129+04919,2020-03-02 16:40:00,49.31,52.11
129+04919,2020-03-02 16:50:00,49.76,70.60
129+04919,2020-03-02 17:00:00,48.85,84.60
129+04919,2020-03-02 17:10:00,52.39,62.60
129+04919,2020-03-02 17:20:00,46.52,81.80
129+04919,2020-03-02 17:30:00,49.60,98.30
129+04919,2020-03-02 17:40:00,46.74,96.90
129+04919,2020-03-02 17:50:00,50.00,99.50
129+04919,2020-03-02 18:00:00,49.75,99.70
129+04919,2020-03-02 18:10:00,49.89,97.40
129+04919,2020-03-02 18:20:00,52.96,94.60
129+04919,2020-03-02 18:30:00,49.97,100.00
129+04919,2020-03-02 18:40:00,44.65,87.90
129+04919,2020-03-02 18:50:00,48.07,95.30
129+04919,2020-03-02 19:00:00,54.08,94.70
129+04919,2020-03-02 19:10:00,53.96,90.70
129+04919,2020-03-02 19:20:00,47.66,95.00
129+04919,2020-03-02 19:30:00,49.80,100.00
129+04919,2020-03-02 19:40:00,43.72,58.60
129+04919,2020-03-02 19:50:00,47.97,83.20
129+04919,2020-03-02 20:00:00,52.59,83.14
129+04919,2020-03-02 20:10:00,45.62,100.00
129+04919,2020-03-02 20:20:00,48.01,100.00
129+04919,2020-03-02 20:30:00,48.17,100.00
129+04919,2020-03-02 20:40:00,49.85,100.00
129+04919,2020-03-02 20:50:00,50.17,100.00
129+04919,2020-03-02 21:00:00,50.00,100.00
129+04919,2020-03-02 21:10:00,47.41,100.00
129+04919,2020-03-02 21:20:00,45.00,100.00
129+04919,2020-03-02 21:30:00,46.48,100.00
129+04919,2020-03-02 21:40:00,48.66,98.40
129+04919,2020-03-02 21:50:00,53.00,69.40
129+04919,2020-03-02 22:00:00,47.76,80.11
129+04919,2020-03-02 22:10:00,51.01,84.60
129+04919,2020-03-02 22:20:00,52.79,92.70
129+04919,2020-03-02 22:30:00,50.11,92.50
129+04919,2020-03-02 22:40:00,52.98,90.56
129+04919,2020-03-02 22:50:00,54.79,91.50
129+04919,2020-03-02 23:00:00,52.12,70.00
129+04919,2020-03-02 23:10:00,58.87,70.20
129+04919,2020-03-02 23:20:00,44.59,46.70
129+04919,2020-03-02 23:30:00,48.25,75.80
129+04919,2020-03-02 23:40:00,52.00,98.63
129+04919,2020-03-02 23:50:00,50.85,86.80
