tmc,tstamp,speed,cvalue
129-04447,2020-03-23 00:00:00,71.19,82.00
129-04447,2020-03-23 00:10:00,70.86,90.70
129-04447,2020-03-23 00:20:00,70.76,91.00
129-04447,2020-03-23 00:30:00,71.37,92.20
129-04447,2020-03-23 00:40:00,71.73,87.40
129-04447,2020-03-23 00:50:00,71.28,95.60
129-04447,2020-03-23 01:00:00,67.84,83.20
129-04447,2020-03-23 01:10:00,66.00,76.50
129-04447,2020-03-23 01:20:00,74.87,74.75
129-04447,2020-03-23 01:30:00,65.10,78.90
129-04447,2020-03-23 01:40:00,66.67,91.10
129-04447,2020-03-23 01:50:00,73.87,58.89
129-04447,2020-03-23 02:00:00,68.00,88.57
129-04447,2020-03-23 02:10:00,68.00,93.00
129-04447,2020-03-23 02:20:00,,
129-04447,2020-03-23 02:30:00,67.00,
129-04447,2020-03-23 02:40:00,67.00,
129-04447,2020-03-23 02:50:00,67.29,93.33
129-04447,2020-03-23 03:00:00,68.05,72.00
129-04447,2020-03-23 03:10:00,78.61,31.20
129-04447,2020-03-23 03:20:00,71.67,96.10
129-04447,2020-03-23 03:30:00,68.58,84.70
129-04447,2020-03-23 03:40:00,67.58,78.90
129-04447,2020-03-23 03:50:00,67.25,75.70
129-04447,2020-03-23 04:00:00,70.00,98.44
129-04447,2020-03-23 04:10:00,66.00,83.00
129-04447,2020-03-23 04:20:00,67.46,90.00
129-04447,2020-03-23 04:30:00,72.53,58.90
129-04447,2020-03-23 04:40:00,66.09,86.20
129-04447,2020-03-23 04:50:00,65.74,88.75
129-04447,2020-03-23 05:00:00,74.72,49.13
129-04447,2020-03-23 05:10:00,69.51,81.70
129-04447,2020-03-23 05:20:00,69.19,94.90
129-04447,2020-03-23 05:30:00,66.15,77.40
129-04447,2020-03-23 05:40:00,71.19,89.20
129-04447,2020-03-23 05:50:00,78.02,36.20
129-04447,2020-03-23 06:00:00,68.33,97.30
129-04447,2020-03-23 06:10:00,72.11,86.60
129-04447,2020-03-23 06:20:00,71.65,94.40
129-04447,2020-03-23 06:30:00,73.03,88.80
129-04447,2020-03-23 06:40:00,71.59,98.50
129-04447,2020-03-23 06:50:00,73.19,92.10
129-04447,2020-03-23 07:00:00,72.19,99.00
129-04447,2020-03-23 07:10:00,68.88,100.00
129-04447,2020-03-23 07:20:00,71.75,97.90
129-04447,2020-03-23 07:30:00,70.09,100.00
129-04447,2020-03-23 07:40:00,71.98,98.20
129-04447,2020-03-23 07:50:00,71.58,97.40
129-04447,2020-03-23 08:00:00,70.24,100.00
129-04447,2020-03-23 08:10:00,75.77,81.70
129-04447,2020-03-23 08:20:00,70.94,94.60
129-04447,2020-03-23 08:30:00,67.05,100.00
129-04447,2020-03-23 08:40:00,72.76,94.90
129-04447,2020-03-23 08:50:00,71.99,100.00
129-04447,2020-03-23 09:00:00,69.09,100.00
129-04447,2020-03-23 09:10:00,71.16,91.90
129-04447,2020-03-23 09:20:00,71.04,100.00
129-04447,2020-03-23 09:30:00,72.98,98.80
129-04447,2020-03-23 09:40:00,71.09,99.50
129-04447,2020-03-23 09:50:00,71.84,100.00
129-04447,2020-03-23 10:00:00,71.68,100.00
129-04447,2020-03-23 10:10:00,71.90,98.80
129-04447,2020-03-23 10:20:00,68.18,100.00
129-04447,2020-03-23 10:30:00,68.69,100.00
129-04447,2020-03-23 10:40:00,70.75,100.00
129-04447,2020-03-23 10:50:00,69.98,91.10
129-04447,2020-03-23 11:00:00,68.67,100.00
129-04447,2020-03-23 11:10:00,72.67,88.40
129-04447,2020-03-23 11:20:00,74.08,100.00
129-04447,2020-03-23 11:30:00,73.45,100.00
129-04447,2020-03-23 11:40:00,71.46,100.00
129-04447,2020-03-23 11:50:00,69.39,99.30
129-04447,2020-03-23 12:00:00,72.70,99.40
129-04447,2020-03-23 12:10:00,71.77,99.60
129-04447,2020-03-23 12:20:00,71.93,100.00
129-04447,2020-03-23 12:30:00,68.59,100.00
129-04447,2020-03-23 12:40:00,70.07,100.00
129-04447,2020-03-23 12:50:00,73.57,100.00
129-04447,2020-03-23 13:00:00,72.36,97.60
129-04447,2020-03-23 13:10:00,73.29,96.00
129-04447,2020-03-23 13:20:00,70.16,100.00
129-04447,2020-03-23 13:30:00,71.67,100.00
129-04447,2020-03-23 13:40:00,72.14,100.00
129-04447,2020-03-23 13:50:00,71.95,100.00
129-04447,2020-03-23 14:00:00,70.28,100.00
129-04447,2020-03-23 14:10:00,71.43,100.00
129-04447,2020-03-23 14:20:00,67.60,100.00
129-04447,2020-03-23 14:30:00,67.59,100.00
129-04447,2020-03-23 14:40:00,68.59,100.00
129-04447,2020-03-23 14:50:00,68.88,100.00
129-04447,2020-03-23 15:00:00,70.08,100.00
129-04447,2020-03-23 15:10:00,69.19,100.00
129-04447,2020-03-23 15:20:00,67.70,100.00
129-04447,2020-03-23 15:30:00,67.00,100.00
129-04447,2020-03-23 15:40:00,66.48,100.00
129-04447,2020-03-23 15:50:00,67.59,100.00
129-04447,2020-03-23 16:00:00,68.00,100.00
129-04447,2020-03-23 16:10:00,66.08,100.00
129-04447,2020-03-23 16:20:00,64.57,100.00
129-04447,2020-03-23 16:30:00,64.09,100.00
129-04447,2020-03-23 16:40:00,65.89,100.00
129-04447,2020-03-23 16:50:00,63.99,100.00
129-04447,2020-03-23 17:00:00,63.49,100.00
129-04447,2020-03-23 17:10:00,63.48,100.00
129-04447,2020-03-23 17:20:00,63.78,100.00
129-04447,2020-03-23 17:30:00,62.58,100.00
129-04447,2020-03-23 17:40:00,65.50,100.00
129-04447,2020-03-23 17:50:00,66.37,100.00
129-04447,2020-03-23 18:00:00,67.99,100.00
129-04447,2020-03-23 18:10:00,69.78,100.00
129-04447,2020-03-23 18:20:00,70.25,100.00
129-04447,2020-03-23 18:30:00,68.30,100.00
129-04447,2020-03-23 18:40:00,69.68,97.40
129-04447,2020-03-23 18:50:00,70.77,94.70
129-04447,2020-03-23 19:00:00,67.75,99.20
129-04447,2020-03-23 19:10:00,62.72,79.40
129-04447,2020-03-23 19:20:00,65.26,100.00
129-04447,2020-03-23 19:30:00,65.20,100.00
129-04447,2020-03-23 19:40:00,63.56,95.90
129-04447,2020-03-23 19:50:00,65.66,98.60
129-04447,2020-03-23 20:00:00,66.75,100.00
129-04447,2020-03-23 20:10:00,70.66,82.10
129-04447,2020-03-23 20:20:00,66.19,100.00
129-04447,2020-03-23 20:30:00,69.39,93.90
129-04447,2020-03-23 20:40:00,65.62,64.30
129-04447,2020-03-23 20:50:00,67.66,100.00
129-04447,2020-03-23 21:00:00,65.20,100.00
129-04447,2020-03-23 21:10:00,66.37,95.50
129-04447,2020-03-23 21:20:00,60.48,56.50
129-04447,2020-03-23 21:30:00,62.19,79.10
129-04447,2020-03-23 21:40:00,66.37,100.00
129-04447,2020-03-23 21:50:00,66.09,100.00
129-04447,2020-03-23 22:00:00,65.95,99.30
129-04447,2020-03-23 22:10:00,67.51,97.40
129-04447,2020-03-23 22:20:00,64.09,94.00
129-04447,2020-03-23 22:30:00,67.76,99.40
129-04447,2020-03-23 22:40:00,67.53,100.00
129-04447,2020-03-23 22:50:00,65.29,100.00
129-04447,2020-03-23 23:00:00,64.79,94.80
129-04447,2020-03-23 23:10:00,62.99,83.60
129-04447,2020-03-23 23:20:00,68.00,93.89
129-04447,2020-03-23 23:30:00,67.44,87.75
129-04447,2020-03-23 23:40:00,66.67,91.60
129-04447,2020-03-23 23:50:00,65.11,86.10
129-04448,2020-03-23 00:00:00,66.15,89.50
129-04448,2020-03-23 00:10:00,69.40,97.90
129-04448,2020-03-23 00:20:00,67.95,85.80
129-04448,2020-03-23 00:30:00,65.80,80.20
129-04448,2020-03-23 00:40:00,69.41,80.70
129-04448,2020-03-23 00:50:00,66.98,79.90
129-04448,2020-03-23 01:00:00,67.19,95.70
129-04448,2020-03-23 01:10:00,67.00,98.00
129-04448,2020-03-23 01:20:00,69.26,89.90
129-04448,2020-03-23 01:30:00,63.19,64.10
129-04448,2020-03-23 01:40:00,70.14,80.40
129-04448,2020-03-23 01:50:00,73.00,70.57
129-04448,2020-03-23 02:00:00,65.10,84.70
129-04448,2020-03-23 02:10:00,65.00,89.50
129-04448,2020-03-23 02:20:00,,
129-04448,2020-03-23 02:30:00,,
129-04448,2020-03-23 02:40:00,,
129-04448,2020-03-23 02:50:00,67.95,91.20
129-04448,2020-03-23 03:00:00,73.60,74.20
129-04448,2020-03-23 03:10:00,75.37,77.60
129-04448,2020-03-23 03:20:00,65.95,52.70
129-04448,2020-03-23 03:30:00,67.71,68.40
129-04448,2020-03-23 03:40:00,67.46,82.30
129-04448,2020-03-23 03:50:00,67.17,88.60
129-04448,2020-03-23 04:00:00,69.83,95.50
129-04448,2020-03-23 04:10:00,65.00,80.00
129-04448,2020-03-23 04:20:00,65.00,84.13
129-04448,2020-03-23 04:30:00,72.79,58.30
129-04448,2020-03-23 04:40:00,67.19,95.10
129-04448,2020-03-23 04:50:00,65.33,84.33
129-04448,2020-03-23 05:00:00,70.42,85.67
129-04448,2020-03-23 05:10:00,66.17,84.60
129-04448,2020-03-23 05:20:00,69.49,95.50
129-04448,2020-03-23 05:30:00,67.73,89.70
129-04448,2020-03-23 05:40:00,70.06,91.00
129-04448,2020-03-23 05:50:00,68.12,82.70
129-04448,2020-03-23 06:00:00,63.72,72.80
129-04448,2020-03-23 06:10:00,72.15,79.20
129-04448,2020-03-23 06:20:00,69.98,97.30
129-04448,2020-03-23 06:30:00,68.97,97.80
129-04448,2020-03-23 06:40:00,68.48,98.80
129-04448,2020-03-23 06:50:00,72.90,84.60
129-04448,2020-03-23 07:00:00,70.19,99.00
129-04448,2020-03-23 07:10:00,68.48,99.60
129-04448,2020-03-23 07:20:00,70.00,97.40
129-04448,2020-03-23 07:30:00,70.70,98.50
129-04448,2020-03-23 07:40:00,69.99,100.00
129-04448,2020-03-23 07:50:00,68.89,100.00
129-04448,2020-03-23 08:00:00,70.29,99.30
129-04448,2020-03-23 08:10:00,75.80,73.40
129-04448,2020-03-23 08:20:00,69.81,95.30
129-04448,2020-03-23 08:30:00,69.69,100.00
129-04448,2020-03-23 08:40:00,70.19,100.00
129-04448,2020-03-23 08:50:00,71.56,100.00
129-04448,2020-03-23 09:00:00,71.08,97.70
129-04448,2020-03-23 09:10:00,70.08,100.00
129-04448,2020-03-23 09:20:00,71.39,100.00
129-04448,2020-03-23 09:30:00,69.72,100.00
129-04448,2020-03-23 09:40:00,68.79,100.00
129-04448,2020-03-23 09:50:00,71.25,100.00
129-04448,2020-03-23 10:00:00,74.38,98.40
129-04448,2020-03-23 10:10:00,71.30,100.00
129-04448,2020-03-23 10:20:00,68.19,100.00
129-04448,2020-03-23 10:30:00,67.91,100.00
129-04448,2020-03-23 10:40:00,67.33,100.00
129-04448,2020-03-23 10:50:00,71.97,89.20
129-04448,2020-03-23 11:00:00,71.97,93.90
129-04448,2020-03-23 11:10:00,71.93,93.70
129-04448,2020-03-23 11:20:00,73.79,100.00
129-04448,2020-03-23 11:30:00,71.88,99.80
129-04448,2020-03-23 11:40:00,69.13,100.00
129-04448,2020-03-23 11:50:00,67.09,100.00
129-04448,2020-03-23 12:00:00,71.74,99.70
129-04448,2020-03-23 12:10:00,71.87,100.00
129-04448,2020-03-23 12:20:00,66.79,100.00
129-04448,2020-03-23 12:30:00,69.81,96.60
129-04448,2020-03-23 12:40:00,67.99,100.00
129-04448,2020-03-23 12:50:00,74.02,100.00
129-04448,2020-03-23 13:00:00,72.17,100.00
129-04448,2020-03-23 13:10:00,71.35,100.00
129-04448,2020-03-23 13:20:00,68.79,100.00
129-04448,2020-03-23 13:30:00,71.36,100.00
129-04448,2020-03-23 13:40:00,72.22,100.00
129-04448,2020-03-23 13:50:00,69.48,100.00
129-04448,2020-03-23 14:00:00,70.69,100.00
129-04448,2020-03-23 14:10:00,68.31,100.00
129-04448,2020-03-23 14:20:00,66.79,100.00
129-04448,2020-03-23 14:30:00,67.19,100.00
129-04448,2020-03-23 14:40:00,65.99,100.00
129-04448,2020-03-23 14:50:00,67.39,100.00
129-04448,2020-03-23 15:00:00,68.17,100.00
129-04448,2020-03-23 15:10:00,66.19,100.00
129-04448,2020-03-23 15:20:00,65.30,100.00
129-04448,2020-03-23 15:30:00,65.70,100.00
129-04448,2020-03-23 15:40:00,63.10,100.00
129-04448,2020-03-23 15:50:00,65.70,100.00
129-04448,2020-03-23 16:00:00,65.99,100.00
129-04448,2020-03-23 16:10:00,64.59,100.00
129-04448,2020-03-23 16:20:00,62.08,100.00
129-04448,2020-03-23 16:30:00,62.20,100.00
129-04448,2020-03-23 16:40:00,62.50,100.00
129-04448,2020-03-23 16:50:00,61.79,100.00
129-04448,2020-03-23 17:00:00,59.56,100.00
129-04448,2020-03-23 17:10:00,60.47,100.00
129-04448,2020-03-23 17:20:00,60.71,100.00
129-04448,2020-03-23 17:30:00,61.55,100.00
129-04448,2020-03-23 17:40:00,62.97,100.00
129-04448,2020-03-23 17:50:00,64.08,100.00
129-04448,2020-03-23 18:00:00,65.10,100.00
129-04448,2020-03-23 18:10:00,65.70,100.00
129-04448,2020-03-23 18:20:00,63.07,100.00
129-04448,2020-03-23 18:30:00,64.98,100.00
129-04448,2020-03-23 18:40:00,64.87,98.70
129-04448,2020-03-23 18:50:00,66.87,93.60
129-04448,2020-03-23 19:00:00,67.03,84.60
129-04448,2020-03-23 19:10:00,66.67,98.40
129-04448,2020-03-23 19:20:00,61.64,95.20
129-04448,2020-03-23 19:30:00,63.00,100.00
129-04448,2020-03-23 19:40:00,62.70,100.00
129-04448,2020-03-23 19:50:00,61.96,95.10
129-04448,2020-03-23 20:00:00,62.37,97.70
129-04448,2020-03-23 20:10:00,62.85,96.30
129-04448,2020-03-23 20:20:00,62.00,92.70
129-04448,2020-03-23 20:30:00,63.66,85.50
129-04448,2020-03-23 20:40:00,60.84,80.30
129-04448,2020-03-23 20:50:00,64.78,100.00
129-04448,2020-03-23 21:00:00,62.47,100.00
129-04448,2020-03-23 21:10:00,65.83,100.00
129-04448,2020-03-23 21:20:00,57.36,60.20
129-04448,2020-03-23 21:30:00,57.23,64.10
129-04448,2020-03-23 21:40:00,63.07,99.70
129-04448,2020-03-23 21:50:00,70.73,69.50
129-04448,2020-03-23 22:00:00,63.23,96.30
129-04448,2020-03-23 22:10:00,63.75,95.80
129-04448,2020-03-23 22:20:00,62.17,85.30
129-04448,2020-03-23 22:30:00,68.04,99.60
129-04448,2020-03-23 22:40:00,65.20,100.00
129-04448,2020-03-23 22:50:00,67.29,100.00
129-04448,2020-03-23 23:00:00,62.97,84.80
129-04448,2020-03-23 23:10:00,65.56,92.90
129-04448,2020-03-23 23:20:00,63.93,82.90
129-04448,2020-03-23 23:30:00,63.62,87.80
129-04448,2020-03-23 23:40:00,63.65,94.40
129-04448,2020-03-23 23:50:00,62.00,92.60
129-04445,2020-03-23 00:00:00,73.89,71.90
129-04445,2020-03-23 00:10:00,71.10,87.10
129-04445,2020-03-23 00:20:00,73.11,87.20
129-04445,2020-03-23 00:30:00,68.50,67.60
129-04445,2020-03-23 00:40:00,67.66,75.10
129-04445,2020-03-23 00:50:00,70.60,92.30
129-04445,2020-03-23 01:00:00,69.99,98.13
129-04445,2020-03-23 01:10:00,65.00,70.00
129-04445,2020-03-23 01:20:00,66.69,83.00
129-04445,2020-03-23 01:30:00,66.24,79.70
129-04445,2020-03-23 01:40:00,66.93,88.50
129-04445,2020-03-23 01:50:00,71.96,65.40
129-04445,2020-03-23 02:00:00,68.20,42.75
129-04445,2020-03-23 02:10:00,60.00,48.29
129-04445,2020-03-23 02:20:00,,
129-04445,2020-03-23 02:30:00,,
129-04445,2020-03-23 02:40:00,,
129-04445,2020-03-23 02:50:00,69.00,59.33
129-04445,2020-03-23 03:00:00,68.71,88.57
129-04445,2020-03-23 03:10:00,76.00,41.00
129-04445,2020-03-23 03:20:00,72.27,86.10
129-04445,2020-03-23 03:30:00,65.79,68.80
129-04445,2020-03-23 03:40:00,67.69,95.30
129-04445,2020-03-23 03:50:00,65.64,80.80
129-04445,2020-03-23 04:00:00,67.48,95.70
129-04445,2020-03-23 04:10:00,69.00,94.33
129-04445,2020-03-23 04:20:00,67.00,98.25
129-04445,2020-03-23 04:30:00,68.71,86.29
129-04445,2020-03-23 04:40:00,71.92,62.30
129-04445,2020-03-23 04:50:00,68.69,96.00
129-04445,2020-03-23 05:00:00,68.87,90.50
129-04445,2020-03-23 05:10:00,69.18,93.90
129-04445,2020-03-23 05:20:00,68.79,89.00
129-04445,2020-03-23 05:30:00,59.01,35.20
129-04445,2020-03-23 05:40:00,65.81,61.11
129-04445,2020-03-23 05:50:00,71.20,71.60
129-04445,2020-03-23 06:00:00,69.07,82.80
129-04445,2020-03-23 06:10:00,72.57,68.80
129-04445,2020-03-23 06:20:00,69.91,89.40
129-04445,2020-03-23 06:30:00,68.44,97.10
129-04445,2020-03-23 06:40:00,70.66,95.10
129-04445,2020-03-23 06:50:00,74.08,88.80
129-04445,2020-03-23 07:00:00,71.57,96.60
129-04445,2020-03-23 07:10:00,70.19,100.00
129-04445,2020-03-23 07:20:00,72.38,99.50
129-04445,2020-03-23 07:30:00,74.60,93.40
129-04445,2020-03-23 07:40:00,71.55,97.00
129-04445,2020-03-23 07:50:00,71.68,99.60
129-04445,2020-03-23 08:00:00,68.56,100.00
129-04445,2020-03-23 08:10:00,75.12,98.00
129-04445,2020-03-23 08:20:00,77.97,53.70
129-04445,2020-03-23 08:30:00,67.70,100.00
129-04445,2020-03-23 08:40:00,71.58,96.80
129-04445,2020-03-23 08:50:00,74.19,93.60
129-04445,2020-03-23 09:00:00,71.20,98.10
129-04445,2020-03-23 09:10:00,68.26,100.00
129-04445,2020-03-23 09:20:00,68.88,100.00
129-04445,2020-03-23 09:30:00,73.37,98.10
129-04445,2020-03-23 09:40:00,70.77,100.00
129-04445,2020-03-23 09:50:00,69.49,89.60
129-04445,2020-03-23 10:00:00,71.47,96.70
129-04445,2020-03-23 10:10:00,70.39,98.80
129-04445,2020-03-23 10:20:00,68.28,100.00
129-04445,2020-03-23 10:30:00,68.88,100.00
129-04445,2020-03-23 10:40:00,69.78,98.40
129-04445,2020-03-23 10:50:00,73.24,77.40
129-04445,2020-03-23 11:00:00,70.80,98.20
129-04445,2020-03-23 11:10:00,70.30,100.00
129-04445,2020-03-23 11:20:00,71.78,97.20
129-04445,2020-03-23 11:30:00,71.85,97.60
129-04445,2020-03-23 11:40:00,71.38,100.00
129-04445,2020-03-23 11:50:00,70.59,100.00
129-04445,2020-03-23 12:00:00,71.09,99.70
129-04445,2020-03-23 12:10:00,69.92,95.30
129-04445,2020-03-23 12:20:00,73.86,85.20
129-04445,2020-03-23 12:30:00,70.43,100.00
129-04445,2020-03-23 12:40:00,71.48,99.40
129-04445,2020-03-23 12:50:00,69.86,100.00
129-04445,2020-03-23 13:00:00,73.88,100.00
129-04445,2020-03-23 13:10:00,71.10,99.20
129-04445,2020-03-23 13:20:00,71.48,96.00
129-04445,2020-03-23 13:30:00,69.50,100.00
129-04445,2020-03-23 13:40:00,70.50,100.00
129-04445,2020-03-23 13:50:00,72.37,100.00
129-04445,2020-03-23 14:00:00,68.79,100.00
129-04445,2020-03-23 14:10:00,70.45,100.00
129-04445,2020-03-23 14:20:00,69.79,100.00
129-04445,2020-03-23 14:30:00,68.28,100.00
129-04445,2020-03-23 14:40:00,67.89,100.00
129-04445,2020-03-23 14:50:00,69.89,100.00
129-04445,2020-03-23 15:00:00,66.88,100.00
129-04445,2020-03-23 15:10:00,69.49,100.00
129-04445,2020-03-23 15:20:00,69.39,100.00
129-04445,2020-03-23 15:30:00,67.90,100.00
129-04445,2020-03-23 15:40:00,68.10,100.00
129-04445,2020-03-23 15:50:00,66.79,100.00
129-04445,2020-03-23 16:00:00,68.30,100.00
129-04445,2020-03-23 16:10:00,67.57,100.00
129-04445,2020-03-23 16:20:00,65.50,100.00
129-04445,2020-03-23 16:30:00,65.39,100.00
129-04445,2020-03-23 16:40:00,64.57,100.00
129-04445,2020-03-23 16:50:00,65.90,100.00
129-04445,2020-03-23 17:00:00,64.89,100.00
129-04445,2020-03-23 17:10:00,64.70,100.00
129-04445,2020-03-23 17:20:00,65.50,100.00
129-04445,2020-03-23 17:30:00,65.50,100.00
129-04445,2020-03-23 17:40:00,66.60,100.00
129-04445,2020-03-23 17:50:00,66.49,100.00
129-04445,2020-03-23 18:00:00,67.56,100.00
129-04445,2020-03-23 18:10:00,68.48,100.00
129-04445,2020-03-23 18:20:00,68.16,94.60
129-04445,2020-03-23 18:30:00,70.08,93.20
129-04445,2020-03-23 18:40:00,67.09,100.00
129-04445,2020-03-23 18:50:00,68.00,100.00
129-04445,2020-03-23 19:00:00,69.59,100.00
129-04445,2020-03-23 19:10:00,68.00,100.00
129-04445,2020-03-23 19:20:00,64.51,79.30
129-04445,2020-03-23 19:30:00,60.98,88.00
129-04445,2020-03-23 19:40:00,66.86,99.20
129-04445,2020-03-23 19:50:00,65.29,97.40
129-04445,2020-03-23 20:00:00,65.00,100.00
129-04445,2020-03-23 20:10:00,69.17,100.00
129-04445,2020-03-23 20:20:00,65.59,98.00
129-04445,2020-03-23 20:30:00,64.59,92.50
129-04445,2020-03-23 20:40:00,60.65,61.30
129-04445,2020-03-23 20:50:00,67.71,92.00
129-04445,2020-03-23 21:00:00,70.89,82.30
129-04445,2020-03-23 21:10:00,68.51,100.00
129-04445,2020-03-23 21:20:00,63.88,86.00
129-04445,2020-03-23 21:30:00,59.18,37.90
129-04445,2020-03-23 21:40:00,61.20,66.60
129-04445,2020-03-23 21:50:00,70.91,63.60
129-04445,2020-03-23 22:00:00,70.72,86.30
129-04445,2020-03-23 22:10:00,63.31,80.10
129-04445,2020-03-23 22:20:00,61.51,76.80
129-04445,2020-03-23 22:30:00,58.63,52.80
129-04445,2020-03-23 22:40:00,65.49,96.90
129-04445,2020-03-23 22:50:00,67.00,100.00
129-04445,2020-03-23 23:00:00,65.87,87.50
129-04445,2020-03-23 23:10:00,64.52,89.00
129-04445,2020-03-23 23:20:00,61.82,80.00
129-04445,2020-03-23 23:30:00,66.71,90.00
129-04445,2020-03-23 23:40:00,68.50,80.50
129-04445,2020-03-23 23:50:00,67.78,78.70
129-04446,2020-03-23 00:00:00,73.63,74.00
129-04446,2020-03-23 00:10:00,72.71,83.90
129-04446,2020-03-23 00:20:00,70.17,85.80
129-04446,2020-03-23 00:30:00,71.85,87.80
129-04446,2020-03-23 00:40:00,71.07,90.20
129-04446,2020-03-23 00:50:00,68.49,74.90
129-04446,2020-03-23 01:00:00,67.00,67.25
129-04446,2020-03-23 01:10:00,62.80,50.00
129-04446,2020-03-23 01:20:00,67.99,69.00
129-04446,2020-03-23 01:30:00,65.86,86.50
129-04446,2020-03-23 01:40:00,67.25,90.50
129-04446,2020-03-23 01:50:00,73.14,56.30
129-04446,2020-03-23 02:00:00,68.49,81.14
129-04446,2020-03-23 02:10:00,66.00,92.14
129-04446,2020-03-23 02:20:00,,
129-04446,2020-03-23 02:30:00,67.00,
129-04446,2020-03-23 02:40:00,67.00,
129-04446,2020-03-23 02:50:00,68.87,94.43
129-04446,2020-03-23 03:00:00,70.00,98.00
129-04446,2020-03-23 03:10:00,76.42,59.22
129-04446,2020-03-23 03:20:00,70.14,80.70
129-04446,2020-03-23 03:30:00,67.95,71.90
129-04446,2020-03-23 03:40:00,67.05,75.00
129-04446,2020-03-23 03:50:00,63.57,61.40
129-04446,2020-03-23 04:00:00,68.69,95.90
129-04446,2020-03-23 04:10:00,70.46,81.00
129-04446,2020-03-23 04:20:00,67.20,98.30
129-04446,2020-03-23 04:30:00,72.68,63.40
129-04446,2020-03-23 04:40:00,66.82,72.90
129-04446,2020-03-23 04:50:00,68.56,86.50
129-04446,2020-03-23 05:00:00,73.76,60.70
129-04446,2020-03-23 05:10:00,71.73,73.20
129-04446,2020-03-23 05:20:00,70.67,95.80
129-04446,2020-03-23 05:30:00,62.70,46.90
129-04446,2020-03-23 05:40:00,69.66,82.70
129-04446,2020-03-23 05:50:00,76.17,51.80
129-04446,2020-03-23 06:00:00,71.55,87.10
129-04446,2020-03-23 06:10:00,72.80,91.50
129-04446,2020-03-23 06:20:00,69.83,97.50
129-04446,2020-03-23 06:30:00,72.08,96.90
129-04446,2020-03-23 06:40:00,72.49,96.50
129-04446,2020-03-23 06:50:00,72.78,94.30
129-04446,2020-03-23 07:00:00,70.77,98.00
129-04446,2020-03-23 07:10:00,71.09,100.00
129-04446,2020-03-23 07:20:00,73.18,98.20
129-04446,2020-03-23 07:30:00,72.49,100.00
129-04446,2020-03-23 07:40:00,71.48,99.10
129-04446,2020-03-23 07:50:00,72.59,97.20
129-04446,2020-03-23 08:00:00,68.51,100.00
129-04446,2020-03-23 08:10:00,75.92,88.60
129-04446,2020-03-23 08:20:00,73.64,78.00
129-04446,2020-03-23 08:30:00,67.90,92.20
129-04446,2020-03-23 08:40:00,73.89,95.20
129-04446,2020-03-23 08:50:00,74.58,92.20
129-04446,2020-03-23 09:00:00,71.18,99.80
129-04446,2020-03-23 09:10:00,74.05,84.60
129-04446,2020-03-23 09:20:00,71.69,100.00
129-04446,2020-03-23 09:30:00,74.39,100.00
129-04446,2020-03-23 09:40:00,69.59,100.00
129-04446,2020-03-23 09:50:00,71.08,99.80
129-04446,2020-03-23 10:00:00,70.78,100.00
129-04446,2020-03-23 10:10:00,73.98,95.00
129-04446,2020-03-23 10:20:00,69.29,100.00
129-04446,2020-03-23 10:30:00,69.29,100.00
129-04446,2020-03-23 10:40:00,73.47,91.50
129-04446,2020-03-23 10:50:00,73.35,84.30
129-04446,2020-03-23 11:00:00,71.40,100.00
129-04446,2020-03-23 11:10:00,69.48,99.90
129-04446,2020-03-23 11:20:00,73.65,90.30
129-04446,2020-03-23 11:30:00,72.19,100.00
129-04446,2020-03-23 11:40:00,71.68,100.00
129-04446,2020-03-23 11:50:00,69.10,100.00
129-04446,2020-03-23 12:00:00,71.88,99.70
129-04446,2020-03-23 12:10:00,71.74,92.40
129-04446,2020-03-23 12:20:00,71.55,92.10
129-04446,2020-03-23 12:30:00,69.78,100.00
129-04446,2020-03-23 12:40:00,69.88,100.00
129-04446,2020-03-23 12:50:00,71.82,100.00
129-04446,2020-03-23 13:00:00,73.32,100.00
129-04446,2020-03-23 13:10:00,74.04,83.90
129-04446,2020-03-23 13:20:00,72.51,100.00
129-04446,2020-03-23 13:30:00,71.48,100.00
129-04446,2020-03-23 13:40:00,72.88,100.00
129-04446,2020-03-23 13:50:00,74.18,100.00
129-04446,2020-03-23 14:00:00,70.08,100.00
129-04446,2020-03-23 14:10:00,72.16,100.00
129-04446,2020-03-23 14:20:00,67.90,100.00
129-04446,2020-03-23 14:30:00,68.89,100.00
129-04446,2020-03-23 14:40:00,69.70,100.00
129-04446,2020-03-23 14:50:00,69.17,100.00
129-04446,2020-03-23 15:00:00,69.26,100.00
129-04446,2020-03-23 15:10:00,70.80,100.00
129-04446,2020-03-23 15:20:00,68.79,100.00
129-04446,2020-03-23 15:30:00,67.00,100.00
129-04446,2020-03-23 15:40:00,67.40,100.00
129-04446,2020-03-23 15:50:00,68.48,100.00
129-04446,2020-03-23 16:00:00,68.99,100.00
129-04446,2020-03-23 16:10:00,68.18,100.00
129-04446,2020-03-23 16:20:00,65.50,100.00
129-04446,2020-03-23 16:30:00,65.09,100.00
129-04446,2020-03-23 16:40:00,64.79,100.00
129-04446,2020-03-23 16:50:00,64.18,100.00
129-04446,2020-03-23 17:00:00,65.19,100.00
129-04446,2020-03-23 17:10:00,64.08,100.00
129-04446,2020-03-23 17:20:00,66.59,100.00
129-04446,2020-03-23 17:30:00,64.79,100.00
129-04446,2020-03-23 17:40:00,67.07,100.00
129-04446,2020-03-23 17:50:00,67.09,100.00
129-04446,2020-03-23 18:00:00,68.49,100.00
129-04446,2020-03-23 18:10:00,69.78,100.00
129-04446,2020-03-23 18:20:00,70.80,100.00
129-04446,2020-03-23 18:30:00,68.69,100.00
129-04446,2020-03-23 18:40:00,69.08,100.00
129-04446,2020-03-23 18:50:00,74.24,72.00
129-04446,2020-03-23 19:00:00,69.29,100.00
129-04446,2020-03-23 19:10:00,64.10,63.30
129-04446,2020-03-23 19:20:00,62.54,64.50
129-04446,2020-03-23 19:30:00,64.79,97.80
129-04446,2020-03-23 19:40:00,64.69,97.10
129-04446,2020-03-23 19:50:00,66.17,99.30
129-04446,2020-03-23 20:00:00,65.90,99.80
129-04446,2020-03-23 20:10:00,70.19,97.10
129-04446,2020-03-23 20:20:00,66.77,99.60
129-04446,2020-03-23 20:30:00,64.98,90.70
129-04446,2020-03-23 20:40:00,65.68,87.30
129-04446,2020-03-23 20:50:00,66.29,98.00
129-04446,2020-03-23 21:00:00,66.57,95.40
129-04446,2020-03-23 21:10:00,67.90,100.00
129-04446,2020-03-23 21:20:00,62.67,72.40
129-04446,2020-03-23 21:30:00,58.38,50.10
129-04446,2020-03-23 21:40:00,63.84,94.00
129-04446,2020-03-23 21:50:00,68.00,100.00
129-04446,2020-03-23 22:00:00,69.28,100.00
129-04446,2020-03-23 22:10:00,64.25,84.20
129-04446,2020-03-23 22:20:00,63.95,92.40
129-04446,2020-03-23 22:30:00,63.72,83.80
129-04446,2020-03-23 22:40:00,66.79,99.80
129-04446,2020-03-23 22:50:00,66.47,99.30
129-04446,2020-03-23 23:00:00,65.80,98.10
129-04446,2020-03-23 23:10:00,63.87,87.80
129-04446,2020-03-23 23:20:00,70.00,73.20
129-04446,2020-03-23 23:30:00,69.98,75.71
129-04446,2020-03-23 23:40:00,67.58,90.60
129-04446,2020-03-23 23:50:00,68.29,97.30
129-04443,2020-03-23 00:00:00,67.00,83.71
129-04443,2020-03-23 00:10:00,68.13,83.43
129-04443,2020-03-23 00:20:00,65.25,81.38
129-04443,2020-03-23 00:30:00,66.60,98.40
129-04443,2020-03-23 00:40:00,67.00,100.00
129-04443,2020-03-23 00:50:00,67.77,75.11
129-04443,2020-03-23 01:00:00,67.59,94.80
129-04443,2020-03-23 01:10:00,70.00,92.50
129-04443,2020-03-23 01:20:00,59.00,61.25
129-04443,2020-03-23 01:30:00,67.61,82.78
129-04443,2020-03-23 01:40:00,63.29,94.50
129-04443,2020-03-23 01:50:00,69.32,89.20
129-04443,2020-03-23 02:00:00,74.00,59.00
129-04443,2020-03-23 02:10:00,,
129-04443,2020-03-23 02:20:00,58.91,46.75
129-04443,2020-03-23 02:30:00,64.13,86.00
129-04443,2020-03-23 02:40:00,,
129-04443,2020-03-23 02:50:00,,
129-04443,2020-03-23 03:00:00,55.56,81.00
129-04443,2020-03-23 03:10:00,67.87,55.00
129-04443,2020-03-23 03:20:00,76.49,42.20
129-04443,2020-03-23 03:30:00,70.24,86.90
129-04443,2020-03-23 03:40:00,67.46,93.50
129-04443,2020-03-23 03:50:00,68.05,84.10
129-04443,2020-03-23 04:00:00,61.79,43.10
129-04443,2020-03-23 04:10:00,60.00,47.50
129-04443,2020-03-23 04:20:00,66.75,90.50
129-04443,2020-03-23 04:30:00,64.32,79.70
129-04443,2020-03-23 04:40:00,66.49,43.44
129-04443,2020-03-23 04:50:00,62.15,88.00
129-04443,2020-03-23 05:00:00,63.68,96.90
129-04443,2020-03-23 05:10:00,64.79,98.90
129-04443,2020-03-23 05:20:00,65.10,96.40
129-04443,2020-03-23 05:30:00,55.44,54.30
129-04443,2020-03-23 05:40:00,64.77,84.50
129-04443,2020-03-23 05:50:00,71.68,31.50
129-04443,2020-03-23 06:00:00,75.39,33.50
129-04443,2020-03-23 06:10:00,72.62,78.20
129-04443,2020-03-23 06:20:00,70.08,99.60
129-04443,2020-03-23 06:30:00,72.45,86.20
129-04443,2020-03-23 06:40:00,72.92,84.40
129-04443,2020-03-23 06:50:00,73.27,94.50
129-04443,2020-03-23 07:00:00,73.13,88.90
129-04443,2020-03-23 07:10:00,71.78,99.20
129-04443,2020-03-23 07:20:00,68.09,98.50
129-04443,2020-03-23 07:30:00,72.42,89.30
129-04443,2020-03-23 07:40:00,70.39,92.50
129-04443,2020-03-23 07:50:00,68.29,95.90
129-04443,2020-03-23 08:00:00,66.29,100.00
129-04443,2020-03-23 08:10:00,70.75,96.40
129-04443,2020-03-23 08:20:00,73.28,83.70
129-04443,2020-03-23 08:30:00,71.12,77.10
129-04443,2020-03-23 08:40:00,65.79,99.90
129-04443,2020-03-23 08:50:00,68.58,100.00
129-04443,2020-03-23 09:00:00,69.69,99.30
129-04443,2020-03-23 09:10:00,65.86,99.40
129-04443,2020-03-23 09:20:00,67.64,91.80
129-04443,2020-03-23 09:30:00,69.64,88.50
129-04443,2020-03-23 09:40:00,68.18,100.00
129-04443,2020-03-23 09:50:00,66.17,98.70
129-04443,2020-03-23 10:00:00,68.91,84.80
129-04443,2020-03-23 10:10:00,66.89,100.00
129-04443,2020-03-23 10:20:00,67.08,100.00
129-04443,2020-03-23 10:30:00,66.20,100.00
129-04443,2020-03-23 10:40:00,65.39,100.00
129-04443,2020-03-23 10:50:00,65.70,100.00
129-04443,2020-03-23 11:00:00,66.79,100.00
129-04443,2020-03-23 11:10:00,70.87,77.50
129-04443,2020-03-23 11:20:00,69.77,90.80
129-04443,2020-03-23 11:30:00,70.67,98.20
129-04443,2020-03-23 11:40:00,68.30,100.00
129-04443,2020-03-23 11:50:00,67.09,100.00
129-04443,2020-03-23 12:00:00,68.89,100.00
129-04443,2020-03-23 12:10:00,71.34,91.50
129-04443,2020-03-23 12:20:00,67.46,100.00
129-04443,2020-03-23 12:30:00,69.99,95.00
129-04443,2020-03-23 12:40:00,70.38,91.60
129-04443,2020-03-23 12:50:00,66.97,99.40
129-04443,2020-03-23 13:00:00,69.31,93.60
129-04443,2020-03-23 13:10:00,69.49,98.60
129-04443,2020-03-23 13:20:00,68.52,97.70
129-04443,2020-03-23 13:30:00,66.98,99.50
129-04443,2020-03-23 13:40:00,69.79,100.00
129-04443,2020-03-23 13:50:00,71.24,98.90
129-04443,2020-03-23 14:00:00,64.69,100.00
129-04443,2020-03-23 14:10:00,68.34,99.20
129-04443,2020-03-23 14:20:00,69.87,100.00
129-04443,2020-03-23 14:30:00,68.50,100.00
129-04443,2020-03-23 14:40:00,65.08,100.00
129-04443,2020-03-23 14:50:00,66.39,100.00
129-04443,2020-03-23 15:00:00,67.39,100.00
129-04443,2020-03-23 15:10:00,67.00,100.00
129-04443,2020-03-23 15:20:00,64.48,100.00
129-04443,2020-03-23 15:30:00,64.30,100.00
129-04443,2020-03-23 15:40:00,64.57,100.00
129-04443,2020-03-23 15:50:00,62.60,100.00
129-04443,2020-03-23 16:00:00,64.29,100.00
129-04443,2020-03-23 16:10:00,62.10,100.00
129-04443,2020-03-23 16:20:00,63.68,100.00
129-04443,2020-03-23 16:30:00,61.49,100.00
129-04443,2020-03-23 16:40:00,60.84,100.00
129-04443,2020-03-23 16:50:00,42.66,100.00
129-04443,2020-03-23 17:00:00,36.49,100.00
129-04443,2020-03-23 17:10:00,37.03,99.10
129-04443,2020-03-23 17:20:00,30.00,98.70
129-04443,2020-03-23 17:30:00,48.82,100.00
129-04443,2020-03-23 17:40:00,62.99,100.00
129-04443,2020-03-23 17:50:00,65.48,91.40
129-04443,2020-03-23 18:00:00,65.75,84.50
129-04443,2020-03-23 18:10:00,67.10,94.60
129-04443,2020-03-23 18:20:00,68.17,94.90
129-04443,2020-03-23 18:30:00,66.84,92.50
129-04443,2020-03-23 18:40:00,64.80,97.60
129-04443,2020-03-23 18:50:00,65.95,94.80
129-04443,2020-03-23 19:00:00,65.17,99.70
129-04443,2020-03-23 19:10:00,64.67,97.90
129-04443,2020-03-23 19:20:00,61.54,100.00
129-04443,2020-03-23 19:30:00,59.57,94.40
129-04443,2020-03-23 19:40:00,63.86,97.80
129-04443,2020-03-23 19:50:00,63.27,100.00
129-04443,2020-03-23 20:00:00,63.81,99.10
129-04443,2020-03-23 20:10:00,61.49,95.80
129-04443,2020-03-23 20:20:00,64.78,98.30
129-04443,2020-03-23 20:30:00,63.18,100.00
129-04443,2020-03-23 20:40:00,64.50,100.00
129-04443,2020-03-23 20:50:00,62.77,95.50
129-04443,2020-03-23 21:00:00,73.88,29.70
129-04443,2020-03-23 21:10:00,67.24,92.90
129-04443,2020-03-23 21:20:00,64.86,95.20
129-04443,2020-03-23 21:30:00,56.26,52.30
129-04443,2020-03-23 21:40:00,59.33,84.00
129-04443,2020-03-23 21:50:00,62.88,100.00
129-04443,2020-03-23 22:00:00,67.22,84.00
129-04443,2020-03-23 22:10:00,67.18,69.70
129-04443,2020-03-23 22:20:00,64.30,97.60
129-04443,2020-03-23 22:30:00,66.40,91.90
129-04443,2020-03-23 22:40:00,64.27,92.90
129-04443,2020-03-23 22:50:00,65.28,100.00
129-04443,2020-03-23 23:00:00,57.36,65.20
129-04443,2020-03-23 23:10:00,56.00,66.00
129-04443,2020-03-23 23:20:00,57.39,75.22
129-04443,2020-03-23 23:30:00,63.58,81.40
129-04443,2020-03-23 23:40:00,64.38,83.30
129-04443,2020-03-23 23:50:00,61.99,89.10
129-04444,2020-03-23 00:00:00,74.10,40.50
129-04444,2020-03-23 00:10:00,75.25,61.60
129-04444,2020-03-23 00:20:00,69.57,76.00
129-04444,2020-03-23 00:30:00,64.70,53.00
129-04444,2020-03-23 00:40:00,65.00,60.89
129-04444,2020-03-23 00:50:00,69.66,90.20
129-04444,2020-03-23 01:00:00,69.20,94.60
129-04444,2020-03-23 01:10:00,,
129-04444,2020-03-23 01:20:00,62.61,75.90
129-04444,2020-03-23 01:30:00,58.62,54.22
129-04444,2020-03-23 01:40:00,64.63,92.00
129-04444,2020-03-23 01:50:00,69.49,65.50
129-04444,2020-03-23 02:00:00,61.49,83.20
129-04444,2020-03-23 02:10:00,59.00,85.00
129-04444,2020-03-23 02:20:00,59.00,87.00
129-04444,2020-03-23 02:30:00,,
129-04444,2020-03-23 02:40:00,,
129-04444,2020-03-23 02:50:00,,
129-04444,2020-03-23 03:00:00,63.00,97.17
129-04444,2020-03-23 03:10:00,,
129-04444,2020-03-23 03:20:00,71.23,67.90
129-04444,2020-03-23 03:30:00,63.20,78.40
129-04444,2020-03-23 03:40:00,70.03,79.30
129-04444,2020-03-23 03:50:00,65.40,70.40
129-04444,2020-03-23 04:00:00,64.17,83.50
129-04444,2020-03-23 04:10:00,62.69,86.89
129-04444,2020-03-23 04:20:00,64.00,91.60
129-04444,2020-03-23 04:30:00,66.33,94.38
129-04444,2020-03-23 04:40:00,64.65,73.10
129-04444,2020-03-23 04:50:00,62.95,90.40
129-04444,2020-03-23 05:00:00,64.06,95.50
129-04444,2020-03-23 05:10:00,64.36,93.10
129-04444,2020-03-23 05:20:00,63.59,96.40
129-04444,2020-03-23 05:30:00,57.11,61.33
129-04444,2020-03-23 05:40:00,61.73,70.80
129-04444,2020-03-23 05:50:00,66.18,65.70
129-04444,2020-03-23 06:00:00,63.29,85.70
129-04444,2020-03-23 06:10:00,64.25,100.00
129-04444,2020-03-23 06:20:00,64.18,100.00
129-04444,2020-03-23 06:30:00,63.38,99.90
129-04444,2020-03-23 06:40:00,67.98,100.00
129-04444,2020-03-23 06:50:00,66.98,100.00
129-04444,2020-03-23 07:00:00,68.88,87.00
129-04444,2020-03-23 07:10:00,66.75,100.00
129-04444,2020-03-23 07:20:00,69.89,99.00
129-04444,2020-03-23 07:30:00,64.41,100.00
129-04444,2020-03-23 07:40:00,68.38,100.00
129-04444,2020-03-23 07:50:00,65.07,100.00
129-04444,2020-03-23 08:00:00,66.01,100.00
129-04444,2020-03-23 08:10:00,71.43,77.10
129-04444,2020-03-23 08:20:00,73.56,65.60
129-04444,2020-03-23 08:30:00,63.56,94.60
129-04444,2020-03-23 08:40:00,64.86,100.00
129-04444,2020-03-23 08:50:00,67.98,99.60
129-04444,2020-03-23 09:00:00,71.77,72.70
129-04444,2020-03-23 09:10:00,62.07,100.00
129-04444,2020-03-23 09:20:00,63.78,100.00
129-04444,2020-03-23 09:30:00,62.88,100.00
129-04444,2020-03-23 09:40:00,64.24,100.00
129-04444,2020-03-23 09:50:00,61.67,100.00
129-04444,2020-03-23 10:00:00,61.18,100.00
129-04444,2020-03-23 10:10:00,63.29,100.00
129-04444,2020-03-23 10:20:00,65.67,100.00
129-04444,2020-03-23 10:30:00,67.67,74.00
129-04444,2020-03-23 10:40:00,62.54,100.00
129-04444,2020-03-23 10:50:00,66.13,100.00
129-04444,2020-03-23 11:00:00,66.39,100.00
129-04444,2020-03-23 11:10:00,65.39,100.00
129-04444,2020-03-23 11:20:00,70.05,90.10
129-04444,2020-03-23 11:30:00,69.01,100.00
129-04444,2020-03-23 11:40:00,64.76,100.00
129-04444,2020-03-23 11:50:00,64.04,100.00
129-04444,2020-03-23 12:00:00,64.44,100.00
129-04444,2020-03-23 12:10:00,61.66,100.00
129-04444,2020-03-23 12:20:00,67.03,91.40
129-04444,2020-03-23 12:30:00,65.96,100.00
129-04444,2020-03-23 12:40:00,67.43,84.70
129-04444,2020-03-23 12:50:00,63.26,98.00
129-04444,2020-03-23 13:00:00,71.27,100.00
129-04444,2020-03-23 13:10:00,68.48,97.80
129-04444,2020-03-23 13:20:00,67.64,98.70
129-04444,2020-03-23 13:30:00,64.41,100.00
129-04444,2020-03-23 13:40:00,67.69,100.00
129-04444,2020-03-23 13:50:00,67.81,100.00
129-04444,2020-03-23 14:00:00,62.77,100.00
129-04444,2020-03-23 14:10:00,64.43,100.00
129-04444,2020-03-23 14:20:00,67.16,100.00
129-04444,2020-03-23 14:30:00,64.68,100.00
129-04444,2020-03-23 14:40:00,64.78,100.00
129-04444,2020-03-23 14:50:00,67.37,97.30
129-04444,2020-03-23 15:00:00,67.22,100.00
129-04444,2020-03-23 15:10:00,65.85,100.00
129-04444,2020-03-23 15:20:00,64.46,100.00
129-04444,2020-03-23 15:30:00,62.49,100.00
129-04444,2020-03-23 15:40:00,63.19,100.00
129-04444,2020-03-23 15:50:00,61.65,100.00
129-04444,2020-03-23 16:00:00,64.68,100.00
129-04444,2020-03-23 16:10:00,63.06,100.00
129-04444,2020-03-23 16:20:00,61.99,100.00
129-04444,2020-03-23 16:30:00,61.30,100.00
129-04444,2020-03-23 16:40:00,60.79,100.00
129-04444,2020-03-23 16:50:00,63.59,100.00
129-04444,2020-03-23 17:00:00,61.85,100.00
129-04444,2020-03-23 17:10:00,61.39,100.00
129-04444,2020-03-23 17:20:00,60.98,100.00
129-04444,2020-03-23 17:30:00,61.06,100.00
129-04444,2020-03-23 17:40:00,62.36,100.00
129-04444,2020-03-23 17:50:00,63.68,100.00
129-04444,2020-03-23 18:00:00,63.45,100.00
129-04444,2020-03-23 18:10:00,65.97,100.00
129-04444,2020-03-23 18:20:00,62.37,100.00
129-04444,2020-03-23 18:30:00,62.76,100.00
129-04444,2020-03-23 18:40:00,63.18,100.00
129-04444,2020-03-23 18:50:00,63.67,100.00
129-04444,2020-03-23 19:00:00,64.36,100.00
129-04444,2020-03-23 19:10:00,66.68,100.00
129-04444,2020-03-23 19:20:00,57.84,54.90
129-04444,2020-03-23 19:30:00,55.29,74.30
129-04444,2020-03-23 19:40:00,62.68,100.00
129-04444,2020-03-23 19:50:00,61.89,100.00
129-04444,2020-03-23 20:00:00,61.39,100.00
129-04444,2020-03-23 20:10:00,60.26,98.30
129-04444,2020-03-23 20:20:00,61.49,100.00
129-04444,2020-03-23 20:30:00,60.27,98.50
129-04444,2020-03-23 20:40:00,55.78,66.30
129-04444,2020-03-23 20:50:00,61.06,66.40
129-04444,2020-03-23 21:00:00,72.41,34.60
129-04444,2020-03-23 21:10:00,66.63,100.00
129-04444,2020-03-23 21:20:00,61.22,97.40
129-04444,2020-03-23 21:30:00,55.59,52.10
129-04444,2020-03-23 21:40:00,57.73,70.30
129-04444,2020-03-23 21:50:00,63.98,100.00
129-04444,2020-03-23 22:00:00,69.93,52.40
129-04444,2020-03-23 22:10:00,62.93,86.70
129-04444,2020-03-23 22:20:00,53.78,63.20
129-04444,2020-03-23 22:30:00,51.71,51.10
129-04444,2020-03-23 22:40:00,58.86,84.60
129-04444,2020-03-23 22:50:00,64.76,100.00
129-04444,2020-03-23 23:00:00,65.32,76.78
129-04444,2020-03-23 23:10:00,61.27,98.10
129-04444,2020-03-23 23:20:00,63.47,93.70
129-04444,2020-03-23 23:30:00,60.98,82.80
129-04444,2020-03-23 23:40:00,72.61,48.20
129-04444,2020-03-23 23:50:00,69.89,70.50
129-04441,2020-03-23 00:00:00,72.19,72.30
129-04441,2020-03-23 00:10:00,59.01,30.50
129-04441,2020-03-23 00:20:00,59.66,48.67
129-04441,2020-03-23 00:30:00,63.84,91.30
129-04441,2020-03-23 00:40:00,66.00,97.30
129-04441,2020-03-23 00:50:00,66.99,87.00
129-04441,2020-03-23 01:00:00,69.98,74.60
129-04441,2020-03-23 01:10:00,72.00,74.00
129-04441,2020-03-23 01:20:00,,
129-04441,2020-03-23 01:30:00,66.00,83.88
129-04441,2020-03-23 01:40:00,64.33,76.40
129-04441,2020-03-23 01:50:00,63.82,83.10
129-04441,2020-03-23 02:00:00,66.83,97.67
129-04441,2020-03-23 02:10:00,,
129-04441,2020-03-23 02:20:00,60.66,72.00
129-04441,2020-03-23 02:30:00,60.45,81.40
129-04441,2020-03-23 02:40:00,,
129-04441,2020-03-23 02:50:00,,
129-04441,2020-03-23 03:00:00,66.10,79.00
129-04441,2020-03-23 03:10:00,68.00,60.70
129-04441,2020-03-23 03:20:00,73.94,50.78
129-04441,2020-03-23 03:30:00,71.08,86.00
129-04441,2020-03-23 03:40:00,68.00,88.67
129-04441,2020-03-23 03:50:00,68.00,91.00
129-04441,2020-03-23 04:00:00,62.58,32.60
129-04441,2020-03-23 04:10:00,61.89,47.22
129-04441,2020-03-23 04:20:00,65.16,94.90
129-04441,2020-03-23 04:30:00,66.50,91.20
129-04441,2020-03-23 04:40:00,64.38,71.00
129-04441,2020-03-23 04:50:00,70.61,61.00
129-04441,2020-03-23 05:00:00,65.00,91.20
129-04441,2020-03-23 05:10:00,64.88,87.25
129-04441,2020-03-23 05:20:00,70.99,76.80
129-04441,2020-03-23 05:30:00,70.09,94.70
129-04441,2020-03-23 05:40:00,66.99,96.70
129-04441,2020-03-23 05:50:00,70.24,84.50
129-04441,2020-03-23 06:00:00,75.99,46.70
129-04441,2020-03-23 06:10:00,78.48,37.50
129-04441,2020-03-23 06:20:00,68.25,58.80
129-04441,2020-03-23 06:30:00,70.03,78.80
129-04441,2020-03-23 06:40:00,66.94,98.60
129-04441,2020-03-23 06:50:00,70.32,91.60
129-04441,2020-03-23 07:00:00,73.37,79.10
129-04441,2020-03-23 07:10:00,74.17,74.00
129-04441,2020-03-23 07:20:00,69.87,98.70
129-04441,2020-03-23 07:30:00,69.38,99.40
129-04441,2020-03-23 07:40:00,72.66,93.30
129-04441,2020-03-23 07:50:00,71.94,92.30
129-04441,2020-03-23 08:00:00,67.59,100.00
129-04441,2020-03-23 08:10:00,67.09,100.00
129-04441,2020-03-23 08:20:00,70.80,91.10
129-04441,2020-03-23 08:30:00,73.07,85.00
129-04441,2020-03-23 08:40:00,69.88,81.70
129-04441,2020-03-23 08:50:00,67.87,100.00
129-04441,2020-03-23 09:00:00,69.75,88.10
129-04441,2020-03-23 09:10:00,75.37,65.20
129-04441,2020-03-23 09:20:00,70.44,94.50
129-04441,2020-03-23 09:30:00,68.18,100.00
129-04441,2020-03-23 09:40:00,73.21,84.90
129-04441,2020-03-23 09:50:00,77.19,59.60
129-04441,2020-03-23 10:00:00,70.95,92.80
129-04441,2020-03-23 10:10:00,69.57,100.00
129-04441,2020-03-23 10:20:00,69.48,100.00
129-04441,2020-03-23 10:30:00,67.67,100.00
129-04441,2020-03-23 10:40:00,70.39,87.40
129-04441,2020-03-23 10:50:00,71.38,84.40
129-04441,2020-03-23 11:00:00,68.66,100.00
129-04441,2020-03-23 11:10:00,71.49,99.70
129-04441,2020-03-23 11:20:00,69.65,99.70
129-04441,2020-03-23 11:30:00,74.19,93.80
129-04441,2020-03-23 11:40:00,71.53,90.20
129-04441,2020-03-23 11:50:00,68.99,100.00
129-04441,2020-03-23 12:00:00,66.88,100.00
129-04441,2020-03-23 12:10:00,73.15,84.50
129-04441,2020-03-23 12:20:00,74.67,74.10
129-04441,2020-03-23 12:30:00,74.28,86.80
129-04441,2020-03-23 12:40:00,73.25,89.60
129-04441,2020-03-23 12:50:00,67.96,100.00
129-04441,2020-03-23 13:00:00,68.76,94.00
129-04441,2020-03-23 13:10:00,69.82,97.30
129-04441,2020-03-23 13:20:00,69.59,100.00
129-04441,2020-03-23 13:30:00,70.86,91.20
129-04441,2020-03-23 13:40:00,74.09,81.50
129-04441,2020-03-23 13:50:00,73.36,88.60
129-04441,2020-03-23 14:00:00,69.45,98.00
129-04441,2020-03-23 14:10:00,68.09,92.80
129-04441,2020-03-23 14:20:00,72.55,95.60
129-04441,2020-03-23 14:30:00,70.10,100.00
129-04441,2020-03-23 14:40:00,70.32,94.30
129-04441,2020-03-23 14:50:00,68.00,100.00
129-04441,2020-03-23 15:00:00,66.85,100.00
129-04441,2020-03-23 15:10:00,67.39,100.00
129-04441,2020-03-23 15:20:00,69.17,100.00
129-04441,2020-03-23 15:30:00,68.30,100.00
129-04441,2020-03-23 15:40:00,69.19,100.00
129-04441,2020-03-23 15:50:00,66.78,100.00
129-04441,2020-03-23 16:00:00,63.67,100.00
129-04441,2020-03-23 16:10:00,37.68,100.00
129-04441,2020-03-23 16:20:00,18.90,100.00
129-04441,2020-03-23 16:30:00,21.18,100.00
129-04441,2020-03-23 16:40:00,62.36,100.00
129-04441,2020-03-23 16:50:00,65.48,100.00
129-04441,2020-03-23 17:00:00,68.39,100.00
129-04441,2020-03-23 17:10:00,66.36,100.00
129-04441,2020-03-23 17:20:00,66.43,100.00
129-04441,2020-03-23 17:30:00,68.31,96.50
129-04441,2020-03-23 17:40:00,69.98,96.10
129-04441,2020-03-23 17:50:00,66.82,100.00
129-04441,2020-03-23 18:00:00,69.97,100.00
129-04441,2020-03-23 18:10:00,66.88,100.00
129-04441,2020-03-23 18:20:00,68.95,100.00
129-04441,2020-03-23 18:30:00,72.51,71.00
129-04441,2020-03-23 18:40:00,67.21,97.10
129-04441,2020-03-23 18:50:00,65.79,100.00
129-04441,2020-03-23 19:00:00,61.85,52.80
129-04441,2020-03-23 19:10:00,61.77,55.00
129-04441,2020-03-23 19:20:00,63.45,97.70
129-04441,2020-03-23 19:30:00,60.99,88.70
129-04441,2020-03-23 19:40:00,58.89,84.60
129-04441,2020-03-23 19:50:00,58.87,82.90
129-04441,2020-03-23 20:00:00,68.05,100.00
129-04441,2020-03-23 20:10:00,65.73,100.00
129-04441,2020-03-23 20:20:00,66.86,100.00
129-04441,2020-03-23 20:30:00,63.77,92.40
129-04441,2020-03-23 20:40:00,62.44,90.67
129-04441,2020-03-23 20:50:00,62.29,94.33
129-04441,2020-03-23 21:00:00,62.19,100.00
129-04441,2020-03-23 21:10:00,60.54,86.14
129-04441,2020-03-23 21:20:00,61.50,100.00
129-04441,2020-03-23 21:30:00,64.88,100.00
129-04441,2020-03-23 21:40:00,64.36,100.00
129-04441,2020-03-23 21:50:00,61.29,96.90
129-04441,2020-03-23 22:00:00,60.71,86.70
129-04441,2020-03-23 22:10:00,76.07,14.50
129-04441,2020-03-23 22:20:00,61.19,74.80
129-04441,2020-03-23 22:30:00,67.52,84.20
129-04441,2020-03-23 22:40:00,63.19,100.00
129-04441,2020-03-23 22:50:00,65.96,100.00
129-04441,2020-03-23 23:00:00,61.68,85.00
129-04441,2020-03-23 23:10:00,57.00,64.71
129-04441,2020-03-23 23:20:00,61.25,98.00
129-04441,2020-03-23 23:30:00,65.17,86.30
129-04441,2020-03-23 23:40:00,64.72,86.20
129-04441,2020-03-23 23:50:00,64.99,81.10
129-04442,2020-03-23 00:00:00,58.62,86.90
129-04442,2020-03-23 00:10:00,55.17,85.50
129-04442,2020-03-23 00:20:00,,
129-04442,2020-03-23 00:30:00,60.82,87.17
129-04442,2020-03-23 00:40:00,61.00,89.44
129-04442,2020-03-23 00:50:00,55.49,79.17
129-04442,2020-03-23 01:00:00,56.36,89.00
129-04442,2020-03-23 01:10:00,,
129-04442,2020-03-23 01:20:00,,
129-04442,2020-03-23 01:30:00,61.12,81.13
129-04442,2020-03-23 01:40:00,61.00,88.00
129-04442,2020-03-23 01:50:00,64.40,80.14
129-04442,2020-03-23 02:00:00,63.87,84.10
129-04442,2020-03-23 02:10:00,63.00,91.00
129-04442,2020-03-23 02:20:00,50.69,35.67
129-04442,2020-03-23 02:30:00,56.08,75.33
129-04442,2020-03-23 02:40:00,,
129-04442,2020-03-23 02:50:00,,
129-04442,2020-03-23 03:00:00,50.71,76.71
129-04442,2020-03-23 03:10:00,62.00,53.75
129-04442,2020-03-23 03:20:00,61.43,68.50
129-04442,2020-03-23 03:30:00,61.46,75.80
129-04442,2020-03-23 03:40:00,57.06,81.30
129-04442,2020-03-23 03:50:00,62.59,84.00
129-04442,2020-03-23 04:00:00,55.11,70.33
129-04442,2020-03-23 04:10:00,55.00,73.00
129-04442,2020-03-23 04:20:00,50.38,59.70
129-04442,2020-03-23 04:30:00,60.79,80.10
129-04442,2020-03-23 04:40:00,56.16,36.20
129-04442,2020-03-23 04:50:00,66.58,55.30
129-04442,2020-03-23 05:00:00,64.00,89.14
129-04442,2020-03-23 05:10:00,62.11,97.78
129-04442,2020-03-23 05:20:00,62.88,92.11
129-04442,2020-03-23 05:30:00,59.23,66.90
129-04442,2020-03-23 05:40:00,65.25,77.70
129-04442,2020-03-23 05:50:00,69.14,44.00
129-04442,2020-03-23 06:00:00,70.96,52.30
129-04442,2020-03-23 06:10:00,74.26,49.90
129-04442,2020-03-23 06:20:00,68.38,97.10
129-04442,2020-03-23 06:30:00,69.89,83.30
129-04442,2020-03-23 06:40:00,67.50,96.80
129-04442,2020-03-23 06:50:00,70.93,84.80
129-04442,2020-03-23 07:00:00,73.10,82.50
129-04442,2020-03-23 07:10:00,68.93,88.00
129-04442,2020-03-23 07:20:00,66.15,99.20
129-04442,2020-03-23 07:30:00,66.19,99.70
129-04442,2020-03-23 07:40:00,73.95,53.80
129-04442,2020-03-23 07:50:00,69.51,81.40
129-04442,2020-03-23 08:00:00,64.79,100.00
129-04442,2020-03-23 08:10:00,66.70,100.00
129-04442,2020-03-23 08:20:00,70.50,98.50
129-04442,2020-03-23 08:30:00,68.56,97.90
129-04442,2020-03-23 08:40:00,64.09,100.00
129-04442,2020-03-23 08:50:00,67.36,92.00
129-04442,2020-03-23 09:00:00,67.88,97.80
129-04442,2020-03-23 09:10:00,70.89,84.40
129-04442,2020-03-23 09:20:00,71.52,75.00
129-04442,2020-03-23 09:30:00,69.45,98.70
129-04442,2020-03-23 09:40:00,70.09,97.20
129-04442,2020-03-23 09:50:00,67.09,96.70
129-04442,2020-03-23 10:00:00,68.35,90.60
129-04442,2020-03-23 10:10:00,67.28,100.00
129-04442,2020-03-23 10:20:00,67.45,99.80
129-04442,2020-03-23 10:30:00,64.99,100.00
129-04442,2020-03-23 10:40:00,66.89,99.30
129-04442,2020-03-23 10:50:00,66.20,100.00
129-04442,2020-03-23 11:00:00,70.68,78.60
129-04442,2020-03-23 11:10:00,70.89,83.90
129-04442,2020-03-23 11:20:00,72.26,75.60
129-04442,2020-03-23 11:30:00,73.28,94.20
129-04442,2020-03-23 11:40:00,66.98,99.80
129-04442,2020-03-23 11:50:00,65.20,100.00
129-04442,2020-03-23 12:00:00,64.99,100.00
129-04442,2020-03-23 12:10:00,70.37,91.30
129-04442,2020-03-23 12:20:00,69.20,87.90
129-04442,2020-03-23 12:30:00,68.19,99.30
129-04442,2020-03-23 12:40:00,66.98,99.80
129-04442,2020-03-23 12:50:00,65.09,100.00
129-04442,2020-03-23 13:00:00,66.67,100.00
129-04442,2020-03-23 13:10:00,68.99,97.90
129-04442,2020-03-23 13:20:00,67.78,100.00
129-04442,2020-03-23 13:30:00,66.06,98.50
129-04442,2020-03-23 13:40:00,67.55,100.00
129-04442,2020-03-23 13:50:00,66.69,100.00
129-04442,2020-03-23 14:00:00,64.18,100.00
129-04442,2020-03-23 14:10:00,64.92,95.90
129-04442,2020-03-23 14:20:00,71.68,100.00
129-04442,2020-03-23 14:30:00,66.99,100.00
129-04442,2020-03-23 14:40:00,66.49,100.00
129-04442,2020-03-23 14:50:00,64.20,100.00
129-04442,2020-03-23 15:00:00,63.68,100.00
129-04442,2020-03-23 15:10:00,62.98,100.00
129-04442,2020-03-23 15:20:00,65.59,100.00
129-04442,2020-03-23 15:30:00,63.10,100.00
129-04442,2020-03-23 15:40:00,64.37,100.00
129-04442,2020-03-23 15:50:00,62.19,100.00
129-04442,2020-03-23 16:00:00,63.20,100.00
129-04442,2020-03-23 16:10:00,62.89,100.00
129-04442,2020-03-23 16:20:00,60.67,100.00
129-04442,2020-03-23 16:30:00,60.50,100.00
129-04442,2020-03-23 16:40:00,62.59,100.00
129-04442,2020-03-23 16:50:00,61.90,100.00
129-04442,2020-03-23 17:00:00,62.59,100.00
129-04442,2020-03-23 17:10:00,63.18,97.00
129-04442,2020-03-23 17:20:00,61.11,98.70
129-04442,2020-03-23 17:30:00,59.75,100.00
129-04442,2020-03-23 17:40:00,63.89,100.00
129-04442,2020-03-23 17:50:00,66.04,100.00
129-04442,2020-03-23 18:00:00,68.99,75.00
129-04442,2020-03-23 18:10:00,65.40,96.40
129-04442,2020-03-23 18:20:00,65.70,98.50
129-04442,2020-03-23 18:30:00,64.91,92.10
129-04442,2020-03-23 18:40:00,63.79,99.00
129-04442,2020-03-23 18:50:00,63.69,99.20
129-04442,2020-03-23 19:00:00,62.69,100.00
129-04442,2020-03-23 19:10:00,63.17,100.00
129-04442,2020-03-23 19:20:00,59.82,100.00
129-04442,2020-03-23 19:30:00,59.67,100.00
129-04442,2020-03-23 19:40:00,65.41,77.50
129-04442,2020-03-23 19:50:00,65.09,83.50
129-04442,2020-03-23 20:00:00,65.66,75.40
129-04442,2020-03-23 20:10:00,65.65,82.50
129-04442,2020-03-23 20:20:00,64.98,100.00
129-04442,2020-03-23 20:30:00,66.79,100.00
129-04442,2020-03-23 20:40:00,62.79,100.00
129-04442,2020-03-23 20:50:00,58.56,75.70
129-04442,2020-03-23 21:00:00,63.39,79.40
129-04442,2020-03-23 21:10:00,61.80,86.80
129-04442,2020-03-23 21:20:00,58.29,79.20
129-04442,2020-03-23 21:30:00,59.59,92.90
129-04442,2020-03-23 21:40:00,57.64,74.60
129-04442,2020-03-23 21:50:00,61.19,100.00
129-04442,2020-03-23 22:00:00,65.44,84.56
129-04442,2020-03-23 22:10:00,71.61,35.78
129-04442,2020-03-23 22:20:00,60.67,93.10
129-04442,2020-03-23 22:30:00,67.88,91.60
129-04442,2020-03-23 22:40:00,65.70,100.00
129-04442,2020-03-23 22:50:00,64.57,100.00
129-04442,2020-03-23 23:00:00,58.10,61.00
129-04442,2020-03-23 23:10:00,57.74,76.00
129-04442,2020-03-23 23:20:00,57.01,71.80
129-04442,2020-03-23 23:30:00,63.31,73.30
129-04442,2020-03-23 23:40:00,63.43,74.70
129-04442,2020-03-23 23:50:00,63.22,72.30
129-04450,2020-03-23 00:00:00,66.69,95.60
129-04450,2020-03-23 00:10:00,64.39,95.20
129-04450,2020-03-23 00:20:00,70.95,63.50
129-04450,2020-03-23 00:30:00,69.31,68.50
129-04450,2020-03-23 00:40:00,70.98,74.20
129-04450,2020-03-23 00:50:00,67.28,90.30
129-04450,2020-03-23 01:00:00,65.66,81.89
129-04450,2020-03-23 01:10:00,70.00,96.50
129-04450,2020-03-23 01:20:00,67.96,91.90
129-04450,2020-03-23 01:30:00,68.09,96.80
129-04450,2020-03-23 01:40:00,70.70,76.40
129-04450,2020-03-23 01:50:00,69.60,82.00
129-04450,2020-03-23 02:00:00,67.00,91.75
129-04450,2020-03-23 02:10:00,65.00,78.25
129-04450,2020-03-23 02:20:00,64.37,76.60
129-04450,2020-03-23 02:30:00,60.00,53.60
129-04450,2020-03-23 02:40:00,63.80,99.20
129-04450,2020-03-23 02:50:00,63.60,97.80
129-04450,2020-03-23 03:00:00,73.46,28.83
129-04450,2020-03-23 03:10:00,72.39,54.70
129-04450,2020-03-23 03:20:00,67.94,88.60
129-04450,2020-03-23 03:30:00,67.36,74.00
129-04450,2020-03-23 03:40:00,68.79,89.90
129-04450,2020-03-23 03:50:00,66.90,86.10
129-04450,2020-03-23 04:00:00,71.18,77.14
129-04450,2020-03-23 04:10:00,65.95,82.50
129-04450,2020-03-23 04:20:00,69.73,84.20
129-04450,2020-03-23 04:30:00,69.57,93.40
129-04450,2020-03-23 04:40:00,64.87,75.25
129-04450,2020-03-23 04:50:00,72.79,62.80
129-04450,2020-03-23 05:00:00,68.99,66.60
129-04450,2020-03-23 05:10:00,65.78,63.70
129-04450,2020-03-23 05:20:00,68.56,92.40
129-04450,2020-03-23 05:30:00,67.75,90.40
129-04450,2020-03-23 05:40:00,72.98,68.20
129-04450,2020-03-23 05:50:00,67.82,69.80
129-04450,2020-03-23 06:00:00,68.25,94.70
129-04450,2020-03-23 06:10:00,69.59,99.90
129-04450,2020-03-23 06:20:00,69.12,98.70
129-04450,2020-03-23 06:30:00,70.09,95.90
129-04450,2020-03-23 06:40:00,74.54,62.60
129-04450,2020-03-23 06:50:00,72.96,87.00
129-04450,2020-03-23 07:00:00,71.06,97.30
129-04450,2020-03-23 07:10:00,70.38,100.00
129-04450,2020-03-23 07:20:00,70.18,100.00
129-04450,2020-03-23 07:30:00,72.88,95.20
129-04450,2020-03-23 07:40:00,68.48,100.00
129-04450,2020-03-23 07:50:00,68.46,100.00
129-04450,2020-03-23 08:00:00,71.25,100.00
129-04450,2020-03-23 08:10:00,71.09,99.60
129-04450,2020-03-23 08:20:00,70.23,92.60
129-04450,2020-03-23 08:30:00,73.66,90.20
129-04450,2020-03-23 08:40:00,70.98,100.00
129-04450,2020-03-23 08:50:00,69.79,100.00
129-04450,2020-03-23 09:00:00,69.28,96.20
129-04450,2020-03-23 09:10:00,67.99,99.10
129-04450,2020-03-23 09:20:00,68.89,99.90
129-04450,2020-03-23 09:30:00,67.89,100.00
129-04450,2020-03-23 09:40:00,69.19,97.30
129-04450,2020-03-23 09:50:00,70.37,100.00
129-04450,2020-03-23 10:00:00,71.58,100.00
129-04450,2020-03-23 10:10:00,68.36,100.00
129-04450,2020-03-23 10:20:00,67.98,100.00
129-04450,2020-03-23 10:30:00,71.47,98.40
129-04450,2020-03-23 10:40:00,69.29,100.00
129-04450,2020-03-23 10:50:00,69.19,100.00
129-04450,2020-03-23 11:00:00,69.00,100.00
129-04450,2020-03-23 11:10:00,70.36,100.00
129-04450,2020-03-23 11:20:00,70.99,100.00
129-04450,2020-03-23 11:30:00,70.48,100.00
129-04450,2020-03-23 11:40:00,68.99,100.00
129-04450,2020-03-23 11:50:00,68.56,100.00
129-04450,2020-03-23 12:00:00,69.47,100.00
129-04450,2020-03-23 12:10:00,69.28,100.00
129-04450,2020-03-23 12:20:00,68.89,100.00
129-04450,2020-03-23 12:30:00,70.88,100.00
129-04450,2020-03-23 12:40:00,69.99,100.00
129-04450,2020-03-23 12:50:00,70.90,100.00
129-04450,2020-03-23 13:00:00,70.39,100.00
129-04450,2020-03-23 13:10:00,69.37,100.00
129-04450,2020-03-23 13:20:00,68.38,100.00
129-04450,2020-03-23 13:30:00,69.48,99.60
129-04450,2020-03-23 13:40:00,69.29,100.00
129-04450,2020-03-23 13:50:00,68.99,100.00
129-04450,2020-03-23 14:00:00,69.69,100.00
129-04450,2020-03-23 14:10:00,67.39,100.00
129-04450,2020-03-23 14:20:00,66.98,100.00
129-04450,2020-03-23 14:30:00,68.26,100.00
129-04450,2020-03-23 14:40:00,66.06,100.00
129-04450,2020-03-23 14:50:00,64.18,100.00
129-04450,2020-03-23 15:00:00,65.30,100.00
129-04450,2020-03-23 15:10:00,65.09,100.00
129-04450,2020-03-23 15:20:00,64.70,100.00
129-04450,2020-03-23 15:30:00,64.19,100.00
129-04450,2020-03-23 15:40:00,64.08,100.00
129-04450,2020-03-23 15:50:00,65.90,100.00
129-04450,2020-03-23 16:00:00,64.59,100.00
129-04450,2020-03-23 16:10:00,63.88,100.00
129-04450,2020-03-23 16:20:00,63.30,100.00
129-04450,2020-03-23 16:30:00,63.00,100.00
129-04450,2020-03-23 16:40:00,62.50,100.00
129-04450,2020-03-23 16:50:00,59.27,100.00
129-04450,2020-03-23 17:00:00,56.38,100.00
129-04450,2020-03-23 17:10:00,57.69,100.00
129-04450,2020-03-23 17:20:00,59.39,100.00
129-04450,2020-03-23 17:30:00,59.70,100.00
129-04450,2020-03-23 17:40:00,57.55,100.00
129-04450,2020-03-23 17:50:00,62.08,100.00
129-04450,2020-03-23 18:00:00,63.89,100.00
129-04450,2020-03-23 18:10:00,65.39,100.00
129-04450,2020-03-23 18:20:00,64.79,100.00
129-04450,2020-03-23 18:30:00,64.49,100.00
129-04450,2020-03-23 18:40:00,64.69,99.80
129-04450,2020-03-23 18:50:00,67.29,100.00
129-04450,2020-03-23 19:00:00,62.97,99.30
129-04450,2020-03-23 19:10:00,64.86,97.20
129-04450,2020-03-23 19:20:00,61.68,95.80
129-04450,2020-03-23 19:30:00,62.39,100.00
129-04450,2020-03-23 19:40:00,61.37,100.00
129-04450,2020-03-23 19:50:00,61.69,100.00
129-04450,2020-03-23 20:00:00,62.17,100.00
129-04450,2020-03-23 20:10:00,62.17,100.00
129-04450,2020-03-23 20:20:00,62.39,100.00
129-04450,2020-03-23 20:30:00,61.19,100.00
129-04450,2020-03-23 20:40:00,62.75,97.70
129-04450,2020-03-23 20:50:00,62.43,96.90
129-04450,2020-03-23 21:00:00,63.06,95.50
129-04450,2020-03-23 21:10:00,62.17,91.50
129-04450,2020-03-23 21:20:00,60.49,91.60
129-04450,2020-03-23 21:30:00,62.08,96.20
129-04450,2020-03-23 21:40:00,63.78,100.00
129-04450,2020-03-23 21:50:00,64.26,98.60
129-04450,2020-03-23 22:00:00,62.75,96.70
129-04450,2020-03-23 22:10:00,63.28,93.00
129-04450,2020-03-23 22:20:00,61.55,87.90
129-04450,2020-03-23 22:30:00,64.19,100.00
129-04450,2020-03-23 22:40:00,63.29,99.30
129-04450,2020-03-23 22:50:00,64.68,99.40
129-04450,2020-03-23 23:00:00,58.95,72.60
129-04450,2020-03-23 23:10:00,61.68,83.90
129-04450,2020-03-23 23:20:00,65.29,81.20
129-04450,2020-03-23 23:30:00,63.98,97.20
129-04450,2020-03-23 23:40:00,67.23,68.30
129-04450,2020-03-23 23:50:00,64.69,96.10
129N04448,2020-03-23 00:00:00,66.02,74.70
129N04448,2020-03-23 00:10:00,67.88,97.10
129N04448,2020-03-23 00:20:00,67.76,91.50
129N04448,2020-03-23 00:30:00,67.48,95.50
129N04448,2020-03-23 00:40:00,69.34,83.30
129N04448,2020-03-23 00:50:00,71.60,78.00
129N04448,2020-03-23 01:00:00,69.06,95.10
129N04448,2020-03-23 01:10:00,68.00,97.60
129N04448,2020-03-23 01:20:00,70.23,93.70
129N04448,2020-03-23 01:30:00,64.00,66.50
129N04448,2020-03-23 01:40:00,70.23,86.80
129N04448,2020-03-23 01:50:00,74.89,58.78
129N04448,2020-03-23 02:00:00,67.32,88.44
129N04448,2020-03-23 02:10:00,67.00,92.33
129N04448,2020-03-23 02:20:00,,
129N04448,2020-03-23 02:30:00,66.00,
129N04448,2020-03-23 02:40:00,66.00,
129N04448,2020-03-23 02:50:00,68.95,93.40
129N04448,2020-03-23 03:00:00,80.26,40.20
129N04448,2020-03-23 03:10:00,79.29,79.20
129N04448,2020-03-23 03:20:00,65.74,42.50
129N04448,2020-03-23 03:30:00,62.32,49.33
129N04448,2020-03-23 03:40:00,65.50,74.90
129N04448,2020-03-23 03:50:00,67.25,92.20
129N04448,2020-03-23 04:00:00,70.00,83.25
129N04448,2020-03-23 04:10:00,66.00,98.75
129N04448,2020-03-23 04:20:00,66.00,96.22
129N04448,2020-03-23 04:30:00,73.05,60.20
129N04448,2020-03-23 04:40:00,67.48,90.40
129N04448,2020-03-23 04:50:00,65.48,85.50
129N04448,2020-03-23 05:00:00,71.61,76.13
129N04448,2020-03-23 05:10:00,66.59,83.60
129N04448,2020-03-23 05:20:00,70.08,92.20
129N04448,2020-03-23 05:30:00,67.22,81.40
129N04448,2020-03-23 05:40:00,72.60,73.70
129N04448,2020-03-23 05:50:00,79.33,23.00
129N04448,2020-03-23 06:00:00,64.22,63.80
129N04448,2020-03-23 06:10:00,72.96,86.30
129N04448,2020-03-23 06:20:00,69.74,99.70
129N04448,2020-03-23 06:30:00,71.46,98.30
129N04448,2020-03-23 06:40:00,69.59,100.00
129N04448,2020-03-23 06:50:00,73.99,85.00
129N04448,2020-03-23 07:00:00,69.68,99.30
129N04448,2020-03-23 07:10:00,67.98,100.00
129N04448,2020-03-23 07:20:00,69.07,99.50
129N04448,2020-03-23 07:30:00,69.79,100.00
129N04448,2020-03-23 07:40:00,70.59,99.50
129N04448,2020-03-23 07:50:00,69.18,100.00
129N04448,2020-03-23 08:00:00,70.28,97.00
129N04448,2020-03-23 08:10:00,74.90,86.50
129N04448,2020-03-23 08:20:00,69.95,93.50
129N04448,2020-03-23 08:30:00,66.46,100.00
129N04448,2020-03-23 08:40:00,69.49,100.00
129N04448,2020-03-23 08:50:00,71.27,100.00
129N04448,2020-03-23 09:00:00,68.38,100.00
129N04448,2020-03-23 09:10:00,71.75,85.00
129N04448,2020-03-23 09:20:00,72.94,95.10
129N04448,2020-03-23 09:30:00,72.43,93.90
129N04448,2020-03-23 09:40:00,69.99,99.80
129N04448,2020-03-23 09:50:00,72.02,94.30
129N04448,2020-03-23 10:00:00,72.84,99.40
129N04448,2020-03-23 10:10:00,70.01,98.80
129N04448,2020-03-23 10:20:00,67.38,100.00
129N04448,2020-03-23 10:30:00,67.64,100.00
129N04448,2020-03-23 10:40:00,68.96,90.70
129N04448,2020-03-23 10:50:00,70.81,77.30
129N04448,2020-03-23 11:00:00,68.19,100.00
129N04448,2020-03-23 11:10:00,72.15,89.40
129N04448,2020-03-23 11:20:00,75.14,100.00
129N04448,2020-03-23 11:30:00,71.18,100.00
129N04448,2020-03-23 11:40:00,69.95,100.00
129N04448,2020-03-23 11:50:00,68.87,99.50
129N04448,2020-03-23 12:00:00,70.23,98.80
129N04448,2020-03-23 12:10:00,70.45,99.60
129N04448,2020-03-23 12:20:00,69.78,100.00
129N04448,2020-03-23 12:30:00,70.52,92.80
129N04448,2020-03-23 12:40:00,68.28,99.80
129N04448,2020-03-23 12:50:00,72.33,97.80
129N04448,2020-03-23 13:00:00,71.43,100.00
129N04448,2020-03-23 13:10:00,71.53,93.70
129N04448,2020-03-23 13:20:00,69.68,100.00
129N04448,2020-03-23 13:30:00,72.58,100.00
129N04448,2020-03-23 13:40:00,71.88,100.00
129N04448,2020-03-23 13:50:00,70.59,99.90
129N04448,2020-03-23 14:00:00,68.99,100.00
129N04448,2020-03-23 14:10:00,67.64,100.00
129N04448,2020-03-23 14:20:00,66.90,100.00
129N04448,2020-03-23 14:30:00,66.79,100.00
129N04448,2020-03-23 14:40:00,67.29,100.00
129N04448,2020-03-23 14:50:00,69.19,100.00
129N04448,2020-03-23 15:00:00,69.58,100.00
129N04448,2020-03-23 15:10:00,66.89,100.00
129N04448,2020-03-23 15:20:00,65.60,100.00
129N04448,2020-03-23 15:30:00,65.90,100.00
129N04448,2020-03-23 15:40:00,64.59,100.00
129N04448,2020-03-23 15:50:00,66.87,100.00
129N04448,2020-03-23 16:00:00,66.49,100.00
129N04448,2020-03-23 16:10:00,64.74,100.00
129N04448,2020-03-23 16:20:00,62.76,100.00
129N04448,2020-03-23 16:30:00,61.48,100.00
129N04448,2020-03-23 16:40:00,63.20,100.00
129N04448,2020-03-23 16:50:00,62.79,100.00
129N04448,2020-03-23 17:00:00,61.55,100.00
129N04448,2020-03-23 17:10:00,61.20,100.00
129N04448,2020-03-23 17:20:00,61.67,100.00
129N04448,2020-03-23 17:30:00,61.58,100.00
129N04448,2020-03-23 17:40:00,63.68,100.00
129N04448,2020-03-23 17:50:00,65.59,100.00
129N04448,2020-03-23 18:00:00,65.40,100.00
129N04448,2020-03-23 18:10:00,66.10,100.00
129N04448,2020-03-23 18:20:00,64.18,100.00
129N04448,2020-03-23 18:30:00,65.77,100.00
129N04448,2020-03-23 18:40:00,66.36,95.40
129N04448,2020-03-23 18:50:00,67.48,90.40
129N04448,2020-03-23 19:00:00,64.52,95.10
129N04448,2020-03-23 19:10:00,61.15,72.10
129N04448,2020-03-23 19:20:00,63.41,83.10
129N04448,2020-03-23 19:30:00,63.29,100.00
129N04448,2020-03-23 19:40:00,61.45,95.70
129N04448,2020-03-23 19:50:00,61.08,93.30
129N04448,2020-03-23 20:00:00,67.23,89.11
129N04448,2020-03-23 20:10:00,69.94,75.30
129N04448,2020-03-23 20:20:00,66.14,93.90
129N04448,2020-03-23 20:30:00,68.49,65.10
129N04448,2020-03-23 20:40:00,65.25,76.80
129N04448,2020-03-23 20:50:00,66.28,98.70
129N04448,2020-03-23 21:00:00,63.10,92.00
129N04448,2020-03-23 21:10:00,66.23,99.40
129N04448,2020-03-23 21:20:00,59.47,60.40
129N04448,2020-03-23 21:30:00,59.95,75.80
129N04448,2020-03-23 21:40:00,64.06,99.00
129N04448,2020-03-23 21:50:00,69.03,85.60
129N04448,2020-03-23 22:00:00,69.77,94.70
129N04448,2020-03-23 22:10:00,65.02,92.70
129N04448,2020-03-23 22:20:00,60.76,63.10
129N04448,2020-03-23 22:30:00,68.11,97.00
129N04448,2020-03-23 22:40:00,66.89,99.70
129N04448,2020-03-23 22:50:00,64.77,100.00
129N04448,2020-03-23 23:00:00,61.64,81.60
129N04448,2020-03-23 23:10:00,55.98,40.22
129N04448,2020-03-23 23:20:00,70.00,68.22
129N04448,2020-03-23 23:30:00,62.79,90.86
129N04448,2020-03-23 23:40:00,61.58,92.90
129N04448,2020-03-23 23:50:00,59.30,87.60
129N04449,2020-03-23 00:00:00,66.90,90.80
129N04449,2020-03-23 00:10:00,68.47,89.60
129N04449,2020-03-23 00:20:00,70.68,82.10
129N04449,2020-03-23 00:30:00,70.98,85.50
129N04449,2020-03-23 00:40:00,68.82,75.90
129N04449,2020-03-23 00:50:00,61.43,37.50
129N04449,2020-03-23 01:00:00,64.89,86.78
129N04449,2020-03-23 01:10:00,66.28,93.67
129N04449,2020-03-23 01:20:00,67.75,90.80
129N04449,2020-03-23 01:30:00,64.39,96.80
129N04449,2020-03-23 01:40:00,70.02,66.80
129N04449,2020-03-23 01:50:00,73.00,54.33
129N04449,2020-03-23 02:00:00,66.00,93.80
129N04449,2020-03-23 02:10:00,66.00,96.00
129N04449,2020-03-23 02:20:00,,
129N04449,2020-03-23 02:30:00,,
129N04449,2020-03-23 02:40:00,69.00,76.50
129N04449,2020-03-23 02:50:00,68.00,74.63
129N04449,2020-03-23 03:00:00,,
129N04449,2020-03-23 03:10:00,70.86,94.43
129N04449,2020-03-23 03:20:00,65.69,71.89
129N04449,2020-03-23 03:30:00,70.18,53.57
129N04449,2020-03-23 03:40:00,66.94,79.30
129N04449,2020-03-23 03:50:00,66.22,84.90
129N04449,2020-03-23 04:00:00,69.00,92.17
129N04449,2020-03-23 04:10:00,65.00,89.33
129N04449,2020-03-23 04:20:00,66.00,87.13
129N04449,2020-03-23 04:30:00,73.63,51.90
129N04449,2020-03-23 04:40:00,67.10,93.40
129N04449,2020-03-23 04:50:00,64.00,68.00
129N04449,2020-03-23 05:00:00,69.88,81.20
129N04449,2020-03-23 05:10:00,64.86,65.30
129N04449,2020-03-23 05:20:00,71.36,75.40
129N04449,2020-03-23 05:30:00,68.45,75.00
129N04449,2020-03-23 05:40:00,70.15,91.20
129N04449,2020-03-23 05:50:00,68.20,47.60
129N04449,2020-03-23 06:00:00,64.74,89.00
129N04449,2020-03-23 06:10:00,71.81,72.60
129N04449,2020-03-23 06:20:00,70.18,96.50
129N04449,2020-03-23 06:30:00,67.55,99.30
129N04449,2020-03-23 06:40:00,69.77,93.50
129N04449,2020-03-23 06:50:00,70.44,93.50
129N04449,2020-03-23 07:00:00,67.17,99.70
129N04449,2020-03-23 07:10:00,68.26,100.00
129N04449,2020-03-23 07:20:00,69.73,92.80
129N04449,2020-03-23 07:30:00,72.33,79.50
129N04449,2020-03-23 07:40:00,68.88,92.70
129N04449,2020-03-23 07:50:00,67.58,100.00
129N04449,2020-03-23 08:00:00,70.17,93.00
129N04449,2020-03-23 08:10:00,75.48,63.90
129N04449,2020-03-23 08:20:00,69.91,93.40
129N04449,2020-03-23 08:30:00,70.19,100.00
129N04449,2020-03-23 08:40:00,70.98,100.00
129N04449,2020-03-23 08:50:00,71.97,100.00
129N04449,2020-03-23 09:00:00,70.98,99.40
129N04449,2020-03-23 09:10:00,67.66,100.00
129N04449,2020-03-23 09:20:00,72.83,83.70
129N04449,2020-03-23 09:30:00,69.70,94.30
129N04449,2020-03-23 09:40:00,67.59,100.00
129N04449,2020-03-23 09:50:00,68.36,95.10
129N04449,2020-03-23 10:00:00,72.67,75.60
129N04449,2020-03-23 10:10:00,71.68,93.40
129N04449,2020-03-23 10:20:00,69.27,96.30
129N04449,2020-03-23 10:30:00,66.71,99.90
129N04449,2020-03-23 10:40:00,68.25,92.80
129N04449,2020-03-23 10:50:00,71.07,95.90
129N04449,2020-03-23 11:00:00,69.78,96.70
129N04449,2020-03-23 11:10:00,70.66,99.20
129N04449,2020-03-23 11:20:00,73.16,100.00
129N04449,2020-03-23 11:30:00,73.39,100.00
129N04449,2020-03-23 11:40:00,67.35,100.00
129N04449,2020-03-23 11:50:00,66.46,100.00
129N04449,2020-03-23 12:00:00,71.39,97.00
129N04449,2020-03-23 12:10:00,72.57,99.40
129N04449,2020-03-23 12:20:00,67.88,100.00
129N04449,2020-03-23 12:30:00,71.35,77.80
129N04449,2020-03-23 12:40:00,67.08,100.00
129N04449,2020-03-23 12:50:00,71.67,100.00
129N04449,2020-03-23 13:00:00,69.68,100.00
129N04449,2020-03-23 13:10:00,71.08,98.20
129N04449,2020-03-23 13:20:00,67.19,100.00
129N04449,2020-03-23 13:30:00,69.99,100.00
129N04449,2020-03-23 13:40:00,71.50,100.00
129N04449,2020-03-23 13:50:00,68.74,100.00
129N04449,2020-03-23 14:00:00,69.98,100.00
129N04449,2020-03-23 14:10:00,68.04,100.00
129N04449,2020-03-23 14:20:00,66.09,100.00
129N04449,2020-03-23 14:30:00,68.34,100.00
129N04449,2020-03-23 14:40:00,64.74,100.00
129N04449,2020-03-23 14:50:00,64.47,100.00
129N04449,2020-03-23 15:00:00,66.38,100.00
129N04449,2020-03-23 15:10:00,65.00,100.00
129N04449,2020-03-23 15:20:00,64.39,100.00
129N04449,2020-03-23 15:30:00,64.39,100.00
129N04449,2020-03-23 15:40:00,62.18,100.00
129N04449,2020-03-23 15:50:00,64.88,100.00
129N04449,2020-03-23 16:00:00,64.99,100.00
129N04449,2020-03-23 16:10:00,62.89,100.00
129N04449,2020-03-23 16:20:00,61.37,100.00
129N04449,2020-03-23 16:30:00,61.70,100.00
129N04449,2020-03-23 16:40:00,60.48,100.00
129N04449,2020-03-23 16:50:00,60.48,100.00
129N04449,2020-03-23 17:00:00,57.63,100.00
129N04449,2020-03-23 17:10:00,58.77,100.00
129N04449,2020-03-23 17:20:00,59.71,100.00
129N04449,2020-03-23 17:30:00,60.39,100.00
129N04449,2020-03-23 17:40:00,60.36,100.00
129N04449,2020-03-23 17:50:00,63.17,100.00
129N04449,2020-03-23 18:00:00,64.79,100.00
129N04449,2020-03-23 18:10:00,64.38,100.00
129N04449,2020-03-23 18:20:00,64.46,100.00
129N04449,2020-03-23 18:30:00,65.50,100.00
129N04449,2020-03-23 18:40:00,64.54,99.30
129N04449,2020-03-23 18:50:00,67.15,84.30
129N04449,2020-03-23 19:00:00,62.23,97.60
129N04449,2020-03-23 19:10:00,65.49,73.80
129N04449,2020-03-23 19:20:00,60.38,97.40
129N04449,2020-03-23 19:30:00,61.66,100.00
129N04449,2020-03-23 19:40:00,62.96,98.60
129N04449,2020-03-23 19:50:00,61.44,92.10
129N04449,2020-03-23 20:00:00,62.21,95.30
129N04449,2020-03-23 20:10:00,62.21,93.80
129N04449,2020-03-23 20:20:00,60.26,89.50
129N04449,2020-03-23 20:30:00,56.16,55.30
129N04449,2020-03-23 20:40:00,61.81,96.10
129N04449,2020-03-23 20:50:00,62.60,99.80
129N04449,2020-03-23 21:00:00,62.38,100.00
129N04449,2020-03-23 21:10:00,65.47,100.00
129N04449,2020-03-23 21:20:00,56.26,53.80
129N04449,2020-03-23 21:30:00,58.10,78.20
129N04449,2020-03-23 21:40:00,61.52,97.30
129N04449,2020-03-23 21:50:00,71.53,20.50
129N04449,2020-03-23 22:00:00,60.61,91.80
129N04449,2020-03-23 22:10:00,63.69,91.80
129N04449,2020-03-23 22:20:00,60.53,82.40
129N04449,2020-03-23 22:30:00,63.28,90.60
129N04449,2020-03-23 22:40:00,65.00,100.00
129N04449,2020-03-23 22:50:00,63.79,100.00
129N04449,2020-03-23 23:00:00,61.16,89.20
129N04449,2020-03-23 23:10:00,64.99,92.00
129N04449,2020-03-23 23:20:00,62.88,93.70
129N04449,2020-03-23 23:30:00,64.38,95.10
129N04449,2020-03-23 23:40:00,65.00,92.90
129N04449,2020-03-23 23:50:00,66.79,88.60
129N04446,2020-03-23 00:00:00,73.83,82.60
129N04446,2020-03-23 00:10:00,72.01,81.10
129N04446,2020-03-23 00:20:00,71.31,82.20
129N04446,2020-03-23 00:30:00,67.29,59.40
129N04446,2020-03-23 00:40:00,65.89,70.30
129N04446,2020-03-23 00:50:00,70.15,84.60
129N04446,2020-03-23 01:00:00,71.28,94.14
129N04446,2020-03-23 01:10:00,65.33,78.33
129N04446,2020-03-23 01:20:00,66.89,90.50
129N04446,2020-03-23 01:30:00,65.97,84.00
129N04446,2020-03-23 01:40:00,66.47,89.60
129N04446,2020-03-23 01:50:00,72.19,62.60
129N04446,2020-03-23 02:00:00,75.00,44.33
129N04446,2020-03-23 02:10:00,,
129N04446,2020-03-23 02:20:00,,
129N04446,2020-03-23 02:30:00,,
129N04446,2020-03-23 02:40:00,,
129N04446,2020-03-23 02:50:00,69.00,98.25
129N04446,2020-03-23 03:00:00,68.80,99.40
129N04446,2020-03-23 03:10:00,72.93,62.83
129N04446,2020-03-23 03:20:00,70.47,90.70
129N04446,2020-03-23 03:30:00,67.59,79.90
129N04446,2020-03-23 03:40:00,68.84,93.10
129N04446,2020-03-23 03:50:00,66.19,86.20
129N04446,2020-03-23 04:00:00,68.69,98.00
129N04446,2020-03-23 04:10:00,70.00,96.00
129N04446,2020-03-23 04:20:00,67.00,98.40
129N04446,2020-03-23 04:30:00,69.34,91.50
129N04446,2020-03-23 04:40:00,68.70,83.20
129N04446,2020-03-23 04:50:00,68.44,90.60
129N04446,2020-03-23 05:00:00,72.23,76.60
129N04446,2020-03-23 05:10:00,69.90,84.90
129N04446,2020-03-23 05:20:00,70.47,89.70
129N04446,2020-03-23 05:30:00,60.90,31.10
129N04446,2020-03-23 05:40:00,73.00,79.33
129N04446,2020-03-23 05:50:00,74.80,70.80
129N04446,2020-03-23 06:00:00,72.94,77.00
129N04446,2020-03-23 06:10:00,74.80,75.60
129N04446,2020-03-23 06:20:00,68.82,95.20
129N04446,2020-03-23 06:30:00,69.96,97.80
129N04446,2020-03-23 06:40:00,72.88,98.10
129N04446,2020-03-23 06:50:00,73.87,91.10
129N04446,2020-03-23 07:00:00,70.30,96.30
129N04446,2020-03-23 07:10:00,69.67,100.00
129N04446,2020-03-23 07:20:00,72.65,99.40
129N04446,2020-03-23 07:30:00,72.24,98.60
129N04446,2020-03-23 07:40:00,68.74,99.60
129N04446,2020-03-23 07:50:00,70.45,99.00
129N04446,2020-03-23 08:00:00,67.94,97.50
129N04446,2020-03-23 08:10:00,76.84,71.80
129N04446,2020-03-23 08:20:00,75.33,58.30
129N04446,2020-03-23 08:30:00,67.20,100.00
129N04446,2020-03-23 08:40:00,73.13,91.60
129N04446,2020-03-23 08:50:00,77.15,87.20
129N04446,2020-03-23 09:00:00,72.08,98.60
129N04446,2020-03-23 09:10:00,70.97,98.20
129N04446,2020-03-23 09:20:00,70.19,97.90
129N04446,2020-03-23 09:30:00,73.58,96.00
129N04446,2020-03-23 09:40:00,68.63,100.00
129N04446,2020-03-23 09:50:00,71.39,75.80
129N04446,2020-03-23 10:00:00,70.88,100.00
129N04446,2020-03-23 10:10:00,70.48,98.50
129N04446,2020-03-23 10:20:00,67.89,100.00
129N04446,2020-03-23 10:30:00,67.48,100.00
129N04446,2020-03-23 10:40:00,71.35,97.80
129N04446,2020-03-23 10:50:00,71.32,83.80
129N04446,2020-03-23 11:00:00,70.18,100.00
129N04446,2020-03-23 11:10:00,69.97,99.30
129N04446,2020-03-23 11:20:00,74.47,88.70
129N04446,2020-03-23 11:30:00,71.58,99.30
129N04446,2020-03-23 11:40:00,70.57,99.70
129N04446,2020-03-23 11:50:00,69.58,100.00
129N04446,2020-03-23 12:00:00,72.07,98.80
129N04446,2020-03-23 12:10:00,70.18,97.40
129N04446,2020-03-23 12:20:00,75.74,81.20
129N04446,2020-03-23 12:30:00,69.75,100.00
129N04446,2020-03-23 12:40:00,69.71,99.20
129N04446,2020-03-23 12:50:00,69.30,100.00
129N04446,2020-03-23 13:00:00,73.65,100.00
129N04446,2020-03-23 13:10:00,71.45,95.80
129N04446,2020-03-23 13:20:00,72.23,94.40
129N04446,2020-03-23 13:30:00,69.59,100.00
129N04446,2020-03-23 13:40:00,69.65,100.00
129N04446,2020-03-23 13:50:00,73.96,100.00
129N04446,2020-03-23 14:00:00,68.66,100.00
129N04446,2020-03-23 14:10:00,71.27,100.00
129N04446,2020-03-23 14:20:00,67.39,100.00
129N04446,2020-03-23 14:30:00,66.90,100.00
129N04446,2020-03-23 14:40:00,68.59,100.00
129N04446,2020-03-23 14:50:00,68.66,100.00
129N04446,2020-03-23 15:00:00,67.24,100.00
129N04446,2020-03-23 15:10:00,68.90,100.00
129N04446,2020-03-23 15:20:00,68.78,100.00
129N04446,2020-03-23 15:30:00,67.79,100.00
129N04446,2020-03-23 15:40:00,66.89,100.00
129N04446,2020-03-23 15:50:00,65.90,100.00
129N04446,2020-03-23 16:00:00,67.79,100.00
129N04446,2020-03-23 16:10:00,67.58,100.00
129N04446,2020-03-23 16:20:00,64.07,100.00
129N04446,2020-03-23 16:30:00,63.98,100.00
129N04446,2020-03-23 16:40:00,64.75,100.00
129N04446,2020-03-23 16:50:00,65.69,100.00
129N04446,2020-03-23 17:00:00,63.78,100.00
129N04446,2020-03-23 17:10:00,64.09,100.00
129N04446,2020-03-23 17:20:00,65.50,100.00
129N04446,2020-03-23 17:30:00,64.78,100.00
129N04446,2020-03-23 17:40:00,65.41,100.00
129N04446,2020-03-23 17:50:00,66.39,100.00
129N04446,2020-03-23 18:00:00,69.18,100.00
129N04446,2020-03-23 18:10:00,68.79,100.00
129N04446,2020-03-23 18:20:00,68.29,97.70
129N04446,2020-03-23 18:30:00,67.98,98.00
129N04446,2020-03-23 18:40:00,68.79,100.00
129N04446,2020-03-23 18:50:00,67.85,100.00
129N04446,2020-03-23 19:00:00,67.98,100.00
129N04446,2020-03-23 19:10:00,66.44,93.00
129N04446,2020-03-23 19:20:00,62.00,51.60
129N04446,2020-03-23 19:30:00,61.89,98.70
129N04446,2020-03-23 19:40:00,64.47,93.40
129N04446,2020-03-23 19:50:00,64.06,93.50
129N04446,2020-03-23 20:00:00,64.29,99.30
129N04446,2020-03-23 20:10:00,70.76,87.60
129N04446,2020-03-23 20:20:00,64.98,97.90
129N04446,2020-03-23 20:30:00,63.35,91.50
129N04446,2020-03-23 20:40:00,60.55,70.30
129N04446,2020-03-23 20:50:00,65.57,100.00
129N04446,2020-03-23 21:00:00,62.80,84.70
129N04446,2020-03-23 21:10:00,66.52,99.40
129N04446,2020-03-23 21:20:00,62.86,92.10
129N04446,2020-03-23 21:30:00,53.53,24.20
129N04446,2020-03-23 21:40:00,60.69,83.90
129N04446,2020-03-23 21:50:00,69.19,77.90
129N04446,2020-03-23 22:00:00,70.02,100.00
129N04446,2020-03-23 22:10:00,61.85,83.40
129N04446,2020-03-23 22:20:00,62.28,87.40
129N04446,2020-03-23 22:30:00,59.02,50.30
129N04446,2020-03-23 22:40:00,65.89,100.00
129N04446,2020-03-23 22:50:00,66.29,100.00
129N04446,2020-03-23 23:00:00,65.47,92.70
129N04446,2020-03-23 23:10:00,66.70,91.00
129N04446,2020-03-23 23:20:00,66.90,95.80
129N04446,2020-03-23 23:30:00,70.47,70.71
129N04446,2020-03-23 23:40:00,67.92,88.20
129N04446,2020-03-23 23:50:00,60.63,78.20
129N04447,2020-03-23 00:00:00,70.27,84.00
129N04447,2020-03-23 00:10:00,72.72,76.50
129N04447,2020-03-23 00:20:00,73.34,85.70
129N04447,2020-03-23 00:30:00,73.39,90.90
129N04447,2020-03-23 00:40:00,71.49,93.40
129N04447,2020-03-23 00:50:00,65.04,37.00
129N04447,2020-03-23 01:00:00,62.25,27.75
129N04447,2020-03-23 01:10:00,,
129N04447,2020-03-23 01:20:00,74.63,44.75
129N04447,2020-03-23 01:30:00,66.03,84.80
129N04447,2020-03-23 01:40:00,67.38,93.10
129N04447,2020-03-23 01:50:00,74.04,65.30
129N04447,2020-03-23 02:00:00,68.00,92.00
129N04447,2020-03-23 02:10:00,68.00,93.00
129N04447,2020-03-23 02:20:00,,
129N04447,2020-03-23 02:30:00,67.00,
129N04447,2020-03-23 02:40:00,67.00,
129N04447,2020-03-23 02:50:00,69.61,98.29
129N04447,2020-03-23 03:00:00,70.00,100.00
129N04447,2020-03-23 03:10:00,79.62,29.78
129N04447,2020-03-23 03:20:00,70.23,82.30
129N04447,2020-03-23 03:30:00,66.87,78.40
129N04447,2020-03-23 03:40:00,64.39,71.60
129N04447,2020-03-23 03:50:00,63.71,73.50
129N04447,2020-03-23 04:00:00,69.78,94.22
129N04447,2020-03-23 04:10:00,63.94,89.50
129N04447,2020-03-23 04:20:00,67.30,92.50
129N04447,2020-03-23 04:30:00,72.41,53.11
129N04447,2020-03-23 04:40:00,65.80,85.80
129N04447,2020-03-23 04:50:00,65.60,86.80
129N04447,2020-03-23 05:00:00,77.14,18.86
129N04447,2020-03-23 05:10:00,72.08,76.20
129N04447,2020-03-23 05:20:00,70.07,94.00
129N04447,2020-03-23 05:30:00,66.68,84.70
129N04447,2020-03-23 05:40:00,72.08,83.70
129N04447,2020-03-23 05:50:00,78.73,42.70
129N04447,2020-03-23 06:00:00,69.72,96.20
129N04447,2020-03-23 06:10:00,70.87,98.10
129N04447,2020-03-23 06:20:00,70.46,98.70
129N04447,2020-03-23 06:30:00,75.67,82.80
129N04447,2020-03-23 06:40:00,71.79,98.20
129N04447,2020-03-23 06:50:00,71.88,99.00
129N04447,2020-03-23 07:00:00,72.36,95.90
129N04447,2020-03-23 07:10:00,69.97,99.30
129N04447,2020-03-23 07:20:00,72.18,96.20
129N04447,2020-03-23 07:30:00,69.60,100.00
129N04447,2020-03-23 07:40:00,70.37,97.40
129N04447,2020-03-23 07:50:00,70.38,96.30
129N04447,2020-03-23 08:00:00,69.58,99.80
129N04447,2020-03-23 08:10:00,74.55,70.60
129N04447,2020-03-23 08:20:00,71.07,91.30
129N04447,2020-03-23 08:30:00,68.51,89.20
129N04447,2020-03-23 08:40:00,73.26,91.40
129N04447,2020-03-23 08:50:00,70.06,97.90
129N04447,2020-03-23 09:00:00,69.08,100.00
129N04447,2020-03-23 09:10:00,73.86,72.50
129N04447,2020-03-23 09:20:00,71.18,99.50
129N04447,2020-03-23 09:30:00,74.46,86.40
129N04447,2020-03-23 09:40:00,70.60,100.00
129N04447,2020-03-23 09:50:00,70.29,100.00
129N04447,2020-03-23 10:00:00,71.22,100.00
129N04447,2020-03-23 10:10:00,74.79,81.20
129N04447,2020-03-23 10:20:00,68.78,100.00
129N04447,2020-03-23 10:30:00,69.18,100.00
129N04447,2020-03-23 10:40:00,72.36,94.70
129N04447,2020-03-23 10:50:00,71.17,90.50
129N04447,2020-03-23 11:00:00,70.77,99.40
129N04447,2020-03-23 11:10:00,70.54,94.40
129N04447,2020-03-23 11:20:00,72.93,77.90
129N04447,2020-03-23 11:30:00,73.06,98.60
129N04447,2020-03-23 11:40:00,71.36,99.60
129N04447,2020-03-23 11:50:00,69.29,100.00
129N04447,2020-03-23 12:00:00,72.05,96.10
129N04447,2020-03-23 12:10:00,69.37,93.90
129N04447,2020-03-23 12:20:00,72.11,88.50
129N04447,2020-03-23 12:30:00,72.44,86.20
129N04447,2020-03-23 12:40:00,70.48,94.60
129N04447,2020-03-23 12:50:00,70.68,100.00
129N04447,2020-03-23 13:00:00,70.21,100.00
129N04447,2020-03-23 13:10:00,73.07,84.40
129N04447,2020-03-23 13:20:00,70.61,100.00
129N04447,2020-03-23 13:30:00,70.79,100.00
129N04447,2020-03-23 13:40:00,73.77,99.30
129N04447,2020-03-23 13:50:00,73.44,99.00
129N04447,2020-03-23 14:00:00,69.67,100.00
129N04447,2020-03-23 14:10:00,71.36,99.40
129N04447,2020-03-23 14:20:00,68.58,100.00
129N04447,2020-03-23 14:30:00,68.19,100.00
129N04447,2020-03-23 14:40:00,68.99,100.00
129N04447,2020-03-23 14:50:00,67.69,100.00
129N04447,2020-03-23 15:00:00,70.76,100.00
129N04447,2020-03-23 15:10:00,69.78,100.00
129N04447,2020-03-23 15:20:00,67.80,100.00
129N04447,2020-03-23 15:30:00,66.90,100.00
129N04447,2020-03-23 15:40:00,66.89,100.00
129N04447,2020-03-23 15:50:00,67.49,100.00
129N04447,2020-03-23 16:00:00,68.89,100.00
129N04447,2020-03-23 16:10:00,66.49,100.00
129N04447,2020-03-23 16:20:00,65.07,100.00
129N04447,2020-03-23 16:30:00,65.08,100.00
129N04447,2020-03-23 16:40:00,64.68,100.00
129N04447,2020-03-23 16:50:00,64.40,100.00
129N04447,2020-03-23 17:00:00,64.19,100.00
129N04447,2020-03-23 17:10:00,62.46,99.00
129N04447,2020-03-23 17:20:00,64.98,100.00
129N04447,2020-03-23 17:30:00,61.89,100.00
129N04447,2020-03-23 17:40:00,67.59,100.00
129N04447,2020-03-23 17:50:00,66.18,100.00
129N04447,2020-03-23 18:00:00,67.69,100.00
129N04447,2020-03-23 18:10:00,70.46,100.00
129N04447,2020-03-23 18:20:00,72.15,90.80
129N04447,2020-03-23 18:30:00,68.97,99.20
129N04447,2020-03-23 18:40:00,67.78,100.00
129N04447,2020-03-23 18:50:00,68.18,100.00
129N04447,2020-03-23 19:00:00,68.53,100.00
129N04447,2020-03-23 19:10:00,62.93,73.70
129N04447,2020-03-23 19:20:00,63.22,83.70
129N04447,2020-03-23 19:30:00,65.38,100.00
129N04447,2020-03-23 19:40:00,64.79,98.10
129N04447,2020-03-23 19:50:00,66.52,99.70
129N04447,2020-03-23 20:00:00,67.17,100.00
129N04447,2020-03-23 20:10:00,72.02,65.30
129N04447,2020-03-23 20:20:00,66.58,97.10
129N04447,2020-03-23 20:30:00,67.86,92.80
129N04447,2020-03-23 20:40:00,65.77,75.10
129N04447,2020-03-23 20:50:00,67.65,95.80
129N04447,2020-03-23 21:00:00,66.91,100.00
129N04447,2020-03-23 21:10:00,66.98,99.10
129N04447,2020-03-23 21:20:00,59.50,49.70
129N04447,2020-03-23 21:30:00,61.89,78.40
129N04447,2020-03-23 21:40:00,66.21,95.70
129N04447,2020-03-23 21:50:00,64.00,94.10
129N04447,2020-03-23 22:00:00,63.85,98.20
129N04447,2020-03-23 22:10:00,69.68,100.00
129N04447,2020-03-23 22:20:00,62.41,75.80
129N04447,2020-03-23 22:30:00,63.67,77.40
129N04447,2020-03-23 22:40:00,68.21,94.10
129N04447,2020-03-23 22:50:00,67.40,100.00
129N04447,2020-03-23 23:00:00,66.40,98.50
129N04447,2020-03-23 23:10:00,64.65,95.67
129N04447,2020-03-23 23:20:00,68.11,93.67
129N04447,2020-03-23 23:30:00,71.90,70.57
129N04447,2020-03-23 23:40:00,69.06,89.10
129N04447,2020-03-23 23:50:00,65.47,79.40
129N04444,2020-03-23 00:00:00,66.80,75.00
129N04444,2020-03-23 00:10:00,66.00,78.20
129N04444,2020-03-23 00:20:00,67.69,84.89
129N04444,2020-03-23 00:30:00,57.62,67.60
129N04444,2020-03-23 00:40:00,49.20,65.20
129N04444,2020-03-23 00:50:00,67.22,89.22
129N04444,2020-03-23 01:00:00,69.39,87.60
129N04444,2020-03-23 01:10:00,,
129N04444,2020-03-23 01:20:00,58.48,60.88
129N04444,2020-03-23 01:30:00,70.57,73.22
129N04444,2020-03-23 01:40:00,65.20,95.70
129N04444,2020-03-23 01:50:00,69.06,86.00
129N04444,2020-03-23 02:00:00,69.79,68.14
129N04444,2020-03-23 02:10:00,59.00,51.80
129N04444,2020-03-23 02:20:00,52.00,30.00
129N04444,2020-03-23 02:30:00,,
129N04444,2020-03-23 02:40:00,,
129N04444,2020-03-23 02:50:00,60.00,
129N04444,2020-03-23 03:00:00,63.67,60.83
129N04444,2020-03-23 03:10:00,66.66,78.33
129N04444,2020-03-23 03:20:00,71.61,65.40
129N04444,2020-03-23 03:30:00,76.12,48.10
129N04444,2020-03-23 03:40:00,74.25,61.10
129N04444,2020-03-23 03:50:00,66.07,51.50
129N04444,2020-03-23 04:00:00,62.11,52.11
129N04444,2020-03-23 04:10:00,,
129N04444,2020-03-23 04:20:00,67.00,91.33
129N04444,2020-03-23 04:30:00,67.00,90.00
129N04444,2020-03-23 04:40:00,63.72,84.29
129N04444,2020-03-23 04:50:00,62.60,84.10
129N04444,2020-03-23 05:00:00,62.68,88.80
129N04444,2020-03-23 05:10:00,64.48,96.80
129N04444,2020-03-23 05:20:00,65.10,93.00
129N04444,2020-03-23 05:30:00,39.15,23.20
129N04444,2020-03-23 05:40:00,47.67,38.67
129N04444,2020-03-23 05:50:00,69.13,69.50
129N04444,2020-03-23 06:00:00,70.45,77.10
129N04444,2020-03-23 06:10:00,71.04,79.90
129N04444,2020-03-23 06:20:00,70.60,88.60
129N04444,2020-03-23 06:30:00,68.62,93.20
129N04444,2020-03-23 06:40:00,69.99,94.60
129N04444,2020-03-23 06:50:00,72.66,87.30
129N04444,2020-03-23 07:00:00,71.26,90.10
129N04444,2020-03-23 07:10:00,68.99,97.50
129N04444,2020-03-23 07:20:00,69.47,99.70
129N04444,2020-03-23 07:30:00,69.57,99.10
129N04444,2020-03-23 07:40:00,71.28,89.80
129N04444,2020-03-23 07:50:00,69.74,91.80
129N04444,2020-03-23 08:00:00,70.08,98.90
129N04444,2020-03-23 08:10:00,75.52,58.90
129N04444,2020-03-23 08:20:00,76.67,57.90
129N04444,2020-03-23 08:30:00,73.22,73.30
129N04444,2020-03-23 08:40:00,69.99,92.60
129N04444,2020-03-23 08:50:00,69.59,91.20
129N04444,2020-03-23 09:00:00,72.37,96.10
129N04444,2020-03-23 09:10:00,64.49,100.00
129N04444,2020-03-23 09:20:00,65.47,100.00
129N04444,2020-03-23 09:30:00,65.89,100.00
129N04444,2020-03-23 09:40:00,65.49,100.00
129N04444,2020-03-23 09:50:00,65.15,100.00
129N04444,2020-03-23 10:00:00,64.40,100.00
129N04444,2020-03-23 10:10:00,64.79,100.00
129N04444,2020-03-23 10:20:00,67.25,100.00
129N04444,2020-03-23 10:30:00,66.08,99.30
129N04444,2020-03-23 10:40:00,65.28,99.40
129N04444,2020-03-23 10:50:00,71.14,64.10
129N04444,2020-03-23 11:00:00,70.10,89.90
129N04444,2020-03-23 11:10:00,67.78,99.50
129N04444,2020-03-23 11:20:00,70.98,88.10
129N04444,2020-03-23 11:30:00,68.64,99.30
129N04444,2020-03-23 11:40:00,68.40,100.00
129N04444,2020-03-23 11:50:00,68.07,100.00
129N04444,2020-03-23 12:00:00,68.69,98.30
129N04444,2020-03-23 12:10:00,68.95,85.10
129N04444,2020-03-23 12:20:00,68.47,96.10
129N04444,2020-03-23 12:30:00,65.55,100.00
129N04444,2020-03-23 12:40:00,67.87,87.60
129N04444,2020-03-23 12:50:00,68.38,97.80
129N04444,2020-03-23 13:00:00,69.09,98.10
129N04444,2020-03-23 13:10:00,68.69,99.30
129N04444,2020-03-23 13:20:00,71.40,77.40
129N04444,2020-03-23 13:30:00,67.62,99.60
129N04444,2020-03-23 13:40:00,70.86,98.80
129N04444,2020-03-23 13:50:00,71.24,94.50
129N04444,2020-03-23 14:00:00,66.48,100.00
129N04444,2020-03-23 14:10:00,67.36,99.90
129N04444,2020-03-23 14:20:00,69.68,100.00
129N04444,2020-03-23 14:30:00,71.19,99.80
129N04444,2020-03-23 14:40:00,66.45,100.00
129N04444,2020-03-23 14:50:00,68.85,100.00
129N04444,2020-03-23 15:00:00,69.27,99.10
129N04444,2020-03-23 15:10:00,69.77,97.10
129N04444,2020-03-23 15:20:00,65.20,100.00
129N04444,2020-03-23 15:30:00,65.68,100.00
129N04444,2020-03-23 15:40:00,67.28,100.00
129N04444,2020-03-23 15:50:00,64.09,100.00
129N04444,2020-03-23 16:00:00,66.97,100.00
129N04444,2020-03-23 16:10:00,65.79,100.00
129N04444,2020-03-23 16:20:00,64.06,100.00
129N04444,2020-03-23 16:30:00,61.28,100.00
129N04444,2020-03-23 16:40:00,64.56,98.20
129N04444,2020-03-23 16:50:00,63.29,100.00
129N04444,2020-03-23 17:00:00,63.10,99.70
129N04444,2020-03-23 17:10:00,63.17,99.80
129N04444,2020-03-23 17:20:00,57.51,95.40
129N04444,2020-03-23 17:30:00,62.57,100.00
129N04444,2020-03-23 17:40:00,64.08,94.80
129N04444,2020-03-23 17:50:00,65.08,83.90
129N04444,2020-03-23 18:00:00,64.52,89.90
129N04444,2020-03-23 18:10:00,68.64,98.00
129N04444,2020-03-23 18:20:00,69.26,91.40
129N04444,2020-03-23 18:30:00,63.99,96.00
129N04444,2020-03-23 18:40:00,64.19,98.00
129N04444,2020-03-23 18:50:00,64.69,99.30
129N04444,2020-03-23 19:00:00,65.28,98.80
129N04444,2020-03-23 19:10:00,63.54,89.50
129N04444,2020-03-23 19:20:00,59.38,76.90
129N04444,2020-03-23 19:30:00,57.17,63.70
129N04444,2020-03-23 19:40:00,63.70,81.50
129N04444,2020-03-23 19:50:00,63.68,98.30
129N04444,2020-03-23 20:00:00,64.13,98.10
129N04444,2020-03-23 20:10:00,64.70,100.00
129N04444,2020-03-23 20:20:00,63.27,100.00
129N04444,2020-03-23 20:30:00,63.00,100.00
129N04444,2020-03-23 20:40:00,60.78,89.30
129N04444,2020-03-23 20:50:00,63.03,98.30
129N04444,2020-03-23 21:00:00,68.71,91.80
129N04444,2020-03-23 21:10:00,64.84,98.70
129N04444,2020-03-23 21:20:00,63.71,95.30
129N04444,2020-03-23 21:30:00,54.35,26.70
129N04444,2020-03-23 21:40:00,58.16,75.30
129N04444,2020-03-23 21:50:00,60.52,94.10
129N04444,2020-03-23 22:00:00,66.68,63.40
129N04444,2020-03-23 22:10:00,63.43,85.80
129N04444,2020-03-23 22:20:00,53.98,85.90
129N04444,2020-03-23 22:30:00,64.66,100.00
129N04444,2020-03-23 22:40:00,64.81,88.71
129N04444,2020-03-23 22:50:00,64.69,100.00
129N04444,2020-03-23 23:00:00,58.20,66.90
129N04444,2020-03-23 23:10:00,60.55,84.10
129N04444,2020-03-23 23:20:00,59.87,79.90
129N04444,2020-03-23 23:30:00,61.57,89.60
129N04444,2020-03-23 23:40:00,60.21,82.75
129N04444,2020-03-23 23:50:00,65.74,70.40
129N04445,2020-03-23 00:00:00,75.58,34.50
129N04445,2020-03-23 00:10:00,71.13,94.70
129N04445,2020-03-23 00:20:00,70.59,70.00
129N04445,2020-03-23 00:30:00,67.79,65.90
129N04445,2020-03-23 00:40:00,66.00,55.22
129N04445,2020-03-23 00:50:00,69.44,89.20
129N04445,2020-03-23 01:00:00,68.89,98.70
129N04445,2020-03-23 01:10:00,,
129N04445,2020-03-23 01:20:00,65.29,80.20
129N04445,2020-03-23 01:30:00,62.53,63.90
129N04445,2020-03-23 01:40:00,65.54,93.30
129N04445,2020-03-23 01:50:00,70.78,62.70
129N04445,2020-03-23 02:00:00,70.12,42.25
129N04445,2020-03-23 02:10:00,62.00,67.40
129N04445,2020-03-23 02:20:00,,
129N04445,2020-03-23 02:30:00,,
129N04445,2020-03-23 02:40:00,,
129N04445,2020-03-23 02:50:00,65.00,92.67
129N04445,2020-03-23 03:00:00,65.75,91.75
129N04445,2020-03-23 03:10:00,,
129N04445,2020-03-23 03:20:00,72.37,65.40
129N04445,2020-03-23 03:30:00,57.83,33.80
129N04445,2020-03-23 03:40:00,66.24,86.50
129N04445,2020-03-23 03:50:00,65.88,93.40
129N04445,2020-03-23 04:00:00,66.38,97.80
129N04445,2020-03-23 04:10:00,65.20,88.78
129N04445,2020-03-23 04:20:00,65.44,93.00
129N04445,2020-03-23 04:30:00,68.07,88.63
129N04445,2020-03-23 04:40:00,68.94,77.80
129N04445,2020-03-23 04:50:00,65.63,92.10
129N04445,2020-03-23 05:00:00,67.89,86.00
129N04445,2020-03-23 05:10:00,66.27,94.30
129N04445,2020-03-23 05:20:00,64.66,87.20
129N04445,2020-03-23 05:30:00,56.39,28.50
129N04445,2020-03-23 05:40:00,61.71,51.70
129N04445,2020-03-23 05:50:00,68.39,56.50
129N04445,2020-03-23 06:00:00,65.93,83.60
129N04445,2020-03-23 06:10:00,69.20,72.60
129N04445,2020-03-23 06:20:00,67.84,87.80
129N04445,2020-03-23 06:30:00,66.35,98.60
129N04445,2020-03-23 06:40:00,70.98,95.20
129N04445,2020-03-23 06:50:00,73.18,66.80
129N04445,2020-03-23 07:00:00,69.99,98.30
129N04445,2020-03-23 07:10:00,69.98,100.00
129N04445,2020-03-23 07:20:00,70.97,100.00
129N04445,2020-03-23 07:30:00,74.66,81.20
129N04445,2020-03-23 07:40:00,69.77,92.60
129N04445,2020-03-23 07:50:00,67.77,100.00
129N04445,2020-03-23 08:00:00,67.25,99.70
129N04445,2020-03-23 08:10:00,73.99,58.60
129N04445,2020-03-23 08:20:00,79.20,24.70
129N04445,2020-03-23 08:30:00,67.38,98.70
129N04445,2020-03-23 08:40:00,68.22,99.70
129N04445,2020-03-23 08:50:00,70.35,99.70
129N04445,2020-03-23 09:00:00,71.54,97.60
129N04445,2020-03-23 09:10:00,66.28,100.00
129N04445,2020-03-23 09:20:00,65.74,100.00
129N04445,2020-03-23 09:30:00,68.52,87.80
129N04445,2020-03-23 09:40:00,67.27,96.50
129N04445,2020-03-23 09:50:00,64.94,100.00
129N04445,2020-03-23 10:00:00,66.07,100.00
129N04445,2020-03-23 10:10:00,66.59,100.00
129N04445,2020-03-23 10:20:00,67.96,100.00
129N04445,2020-03-23 10:30:00,69.48,78.30
129N04445,2020-03-23 10:40:00,65.12,97.20
129N04445,2020-03-23 10:50:00,71.76,71.00
129N04445,2020-03-23 11:00:00,70.29,91.20
129N04445,2020-03-23 11:10:00,69.26,98.50
129N04445,2020-03-23 11:20:00,72.66,84.30
129N04445,2020-03-23 11:30:00,70.17,96.80
129N04445,2020-03-23 11:40:00,71.17,98.70
129N04445,2020-03-23 11:50:00,67.87,100.00
129N04445,2020-03-23 12:00:00,67.45,100.00
129N04445,2020-03-23 12:10:00,66.83,100.00
129N04445,2020-03-23 12:20:00,72.22,69.60
129N04445,2020-03-23 12:30:00,69.78,97.20
129N04445,2020-03-23 12:40:00,70.25,93.70
129N04445,2020-03-23 12:50:00,67.89,100.00
129N04445,2020-03-23 13:00:00,73.56,100.00
129N04445,2020-03-23 13:10:00,70.39,100.00
129N04445,2020-03-23 13:20:00,70.47,96.40
129N04445,2020-03-23 13:30:00,67.44,100.00
129N04445,2020-03-23 13:40:00,71.19,100.00
129N04445,2020-03-23 13:50:00,71.74,100.00
129N04445,2020-03-23 14:00:00,67.74,100.00
129N04445,2020-03-23 14:10:00,68.16,100.00
129N04445,2020-03-23 14:20:00,69.77,100.00
129N04445,2020-03-23 14:30:00,67.48,100.00
129N04445,2020-03-23 14:40:00,67.81,100.00
129N04445,2020-03-23 14:50:00,70.93,98.40
129N04445,2020-03-23 15:00:00,71.89,85.60
129N04445,2020-03-23 15:10:00,71.79,97.30
129N04445,2020-03-23 15:20:00,68.69,100.00
129N04445,2020-03-23 15:30:00,66.38,100.00
129N04445,2020-03-23 15:40:00,67.09,100.00
129N04445,2020-03-23 15:50:00,64.86,100.00
129N04445,2020-03-23 16:00:00,66.49,100.00
129N04445,2020-03-23 16:10:00,66.07,100.00
129N04445,2020-03-23 16:20:00,64.48,100.00
129N04445,2020-03-23 16:30:00,63.49,100.00
129N04445,2020-03-23 16:40:00,62.89,100.00
129N04445,2020-03-23 16:50:00,65.59,100.00
129N04445,2020-03-23 17:00:00,63.56,100.00
129N04445,2020-03-23 17:10:00,63.46,100.00
129N04445,2020-03-23 17:20:00,63.29,100.00
129N04445,2020-03-23 17:30:00,63.87,100.00
129N04445,2020-03-23 17:40:00,64.50,100.00
129N04445,2020-03-23 17:50:00,64.29,100.00
129N04445,2020-03-23 18:00:00,64.58,100.00
129N04445,2020-03-23 18:10:00,68.95,100.00
129N04445,2020-03-23 18:20:00,66.33,95.50
129N04445,2020-03-23 18:30:00,65.78,94.00
129N04445,2020-03-23 18:40:00,64.29,100.00
129N04445,2020-03-23 18:50:00,65.69,100.00
129N04445,2020-03-23 19:00:00,65.80,100.00
129N04445,2020-03-23 19:10:00,63.58,100.00
129N04445,2020-03-23 19:20:00,62.06,95.60
129N04445,2020-03-23 19:30:00,58.29,56.70
129N04445,2020-03-23 19:40:00,64.40,100.00
129N04445,2020-03-23 19:50:00,63.39,100.00
129N04445,2020-03-23 20:00:00,63.80,100.00
129N04445,2020-03-23 20:10:00,65.27,100.00
129N04445,2020-03-23 20:20:00,65.25,100.00
129N04445,2020-03-23 20:30:00,63.19,100.00
129N04445,2020-03-23 20:40:00,58.83,62.70
129N04445,2020-03-23 20:50:00,65.46,77.40
129N04445,2020-03-23 21:00:00,71.91,48.20
129N04445,2020-03-23 21:10:00,68.26,100.00
129N04445,2020-03-23 21:20:00,63.39,97.20
129N04445,2020-03-23 21:30:00,59.64,51.90
129N04445,2020-03-23 21:40:00,60.34,71.60
129N04445,2020-03-23 21:50:00,64.67,95.30
129N04445,2020-03-23 22:00:00,71.19,51.50
129N04445,2020-03-23 22:10:00,63.63,84.60
129N04445,2020-03-23 22:20:00,58.81,63.70
129N04445,2020-03-23 22:30:00,54.85,48.60
129N04445,2020-03-23 22:40:00,61.71,83.90
129N04445,2020-03-23 22:50:00,66.49,100.00
129N04445,2020-03-23 23:00:00,66.32,80.78
129N04445,2020-03-23 23:10:00,63.58,98.50
129N04445,2020-03-23 23:20:00,62.36,86.00
129N04445,2020-03-23 23:30:00,66.83,90.56
129N04445,2020-03-23 23:40:00,75.49,33.40
129N04445,2020-03-23 23:50:00,70.60,85.60
129N04442,2020-03-23 00:00:00,67.00,98.13
129N04442,2020-03-23 00:10:00,63.00,83.20
129N04442,2020-03-23 00:20:00,63.00,95.00
129N04442,2020-03-23 00:30:00,67.00,94.80
129N04442,2020-03-23 00:40:00,67.00,97.70
129N04442,2020-03-23 00:50:00,69.00,72.00
129N04442,2020-03-23 01:00:00,69.00,88.33
129N04442,2020-03-23 01:10:00,,
129N04442,2020-03-23 01:20:00,,
129N04442,2020-03-23 01:30:00,65.00,90.88
129N04442,2020-03-23 01:40:00,65.00,93.50
129N04442,2020-03-23 01:50:00,65.00,99.17
129N04442,2020-03-23 02:00:00,63.59,97.00
129N04442,2020-03-23 02:10:00,63.00,97.00
129N04442,2020-03-23 02:20:00,61.85,82.25
129N04442,2020-03-23 02:30:00,65.19,97.80
129N04442,2020-03-23 02:40:00,,
129N04442,2020-03-23 02:50:00,,
129N04442,2020-03-23 03:00:00,,
129N04442,2020-03-23 03:10:00,67.00,89.60
129N04442,2020-03-23 03:20:00,72.08,66.00
129N04442,2020-03-23 03:30:00,68.28,91.56
129N04442,2020-03-23 03:40:00,65.00,72.67
129N04442,2020-03-23 03:50:00,65.00,80.50
129N04442,2020-03-23 04:00:00,61.00,47.40
129N04442,2020-03-23 04:10:00,61.00,66.86
129N04442,2020-03-23 04:20:00,66.77,86.67
129N04442,2020-03-23 04:30:00,64.18,96.90
129N04442,2020-03-23 04:40:00,65.13,74.20
129N04442,2020-03-23 04:50:00,69.34,72.10
129N04442,2020-03-23 05:00:00,67.00,100.00
129N04442,2020-03-23 05:10:00,65.00,94.50
129N04442,2020-03-23 05:20:00,65.65,96.67
129N04442,2020-03-23 05:30:00,67.00,98.33
129N04442,2020-03-23 05:40:00,66.36,94.60
129N04442,2020-03-23 05:50:00,69.75,74.40
129N04442,2020-03-23 06:00:00,70.90,78.70
129N04442,2020-03-23 06:10:00,77.99,27.60
129N04442,2020-03-23 06:20:00,69.64,90.40
129N04442,2020-03-23 06:30:00,71.09,91.30
129N04442,2020-03-23 06:40:00,68.58,85.40
129N04442,2020-03-23 06:50:00,71.95,83.70
129N04442,2020-03-23 07:00:00,73.58,88.90
129N04442,2020-03-23 07:10:00,73.77,88.90
129N04442,2020-03-23 07:20:00,69.79,99.00
129N04442,2020-03-23 07:30:00,69.00,100.00
129N04442,2020-03-23 07:40:00,75.02,69.10
129N04442,2020-03-23 07:50:00,73.12,79.00
129N04442,2020-03-23 08:00:00,68.79,100.00
129N04442,2020-03-23 08:10:00,68.30,97.50
129N04442,2020-03-23 08:20:00,75.90,61.40
129N04442,2020-03-23 08:30:00,77.89,48.10
129N04442,2020-03-23 08:40:00,71.88,84.20
129N04442,2020-03-23 08:50:00,68.59,100.00
129N04442,2020-03-23 09:00:00,70.97,93.00
129N04442,2020-03-23 09:10:00,71.96,98.10
129N04442,2020-03-23 09:20:00,70.93,98.30
129N04442,2020-03-23 09:30:00,70.19,99.10
129N04442,2020-03-23 09:40:00,72.58,89.50
129N04442,2020-03-23 09:50:00,74.10,75.63
129N04442,2020-03-23 10:00:00,71.96,96.40
129N04442,2020-03-23 10:10:00,69.53,100.00
129N04442,2020-03-23 10:20:00,69.77,100.00
129N04442,2020-03-23 10:30:00,66.56,100.00
129N04442,2020-03-23 10:40:00,72.49,79.80
129N04442,2020-03-23 10:50:00,69.51,94.60
129N04442,2020-03-23 11:00:00,70.26,89.60
129N04442,2020-03-23 11:10:00,70.97,94.40
129N04442,2020-03-23 11:20:00,69.56,96.30
129N04442,2020-03-23 11:30:00,75.00,77.80
129N04442,2020-03-23 11:40:00,70.39,100.00
129N04442,2020-03-23 11:50:00,67.39,100.00
129N04442,2020-03-23 12:00:00,65.39,100.00
129N04442,2020-03-23 12:10:00,70.71,88.10
129N04442,2020-03-23 12:20:00,72.09,75.10
129N04442,2020-03-23 12:30:00,73.16,71.00
129N04442,2020-03-23 12:40:00,71.93,92.80
129N04442,2020-03-23 12:50:00,69.73,99.30
129N04442,2020-03-23 13:00:00,70.41,90.40
129N04442,2020-03-23 13:10:00,71.16,96.30
129N04442,2020-03-23 13:20:00,71.73,92.90
129N04442,2020-03-23 13:30:00,70.39,99.40
129N04442,2020-03-23 13:40:00,74.19,75.30
129N04442,2020-03-23 13:50:00,75.38,75.40
129N04442,2020-03-23 14:00:00,70.10,87.00
129N04442,2020-03-23 14:10:00,67.71,95.10
129N04442,2020-03-23 14:20:00,72.97,93.60
129N04442,2020-03-23 14:30:00,68.75,100.00
129N04442,2020-03-23 14:40:00,69.13,95.60
129N04442,2020-03-23 14:50:00,67.00,100.00
129N04442,2020-03-23 15:00:00,67.37,100.00
129N04442,2020-03-23 15:10:00,67.59,100.00
129N04442,2020-03-23 15:20:00,69.79,100.00
129N04442,2020-03-23 15:30:00,70.39,100.00
129N04442,2020-03-23 15:40:00,69.77,100.00
129N04442,2020-03-23 15:50:00,69.00,100.00
129N04442,2020-03-23 16:00:00,68.39,100.00
129N04442,2020-03-23 16:10:00,66.39,100.00
129N04442,2020-03-23 16:20:00,64.59,100.00
129N04442,2020-03-23 16:30:00,65.00,100.00
129N04442,2020-03-23 16:40:00,65.79,100.00
129N04442,2020-03-23 16:50:00,65.19,100.00
129N04442,2020-03-23 17:00:00,66.59,100.00
129N04442,2020-03-23 17:10:00,65.75,95.10
129N04442,2020-03-23 17:20:00,70.37,59.00
129N04442,2020-03-23 17:30:00,67.75,96.20
129N04442,2020-03-23 17:40:00,67.55,97.40
129N04442,2020-03-23 17:50:00,67.27,90.50
129N04442,2020-03-23 18:00:00,73.58,57.40
129N04442,2020-03-23 18:10:00,70.03,84.40
129N04442,2020-03-23 18:20:00,68.58,98.20
129N04442,2020-03-23 18:30:00,68.47,98.10
129N04442,2020-03-23 18:40:00,67.94,96.40
129N04442,2020-03-23 18:50:00,65.38,100.00
129N04442,2020-03-23 19:00:00,63.30,100.00
129N04442,2020-03-23 19:10:00,64.46,100.00
129N04442,2020-03-23 19:20:00,63.23,93.10
129N04442,2020-03-23 19:30:00,63.23,100.00
129N04442,2020-03-23 19:40:00,65.39,100.00
129N04442,2020-03-23 19:50:00,59.79,59.50
129N04442,2020-03-23 20:00:00,69.53,62.30
129N04442,2020-03-23 20:10:00,66.69,88.10
129N04442,2020-03-23 20:20:00,65.39,100.00
129N04442,2020-03-23 20:30:00,67.59,100.00
129N04442,2020-03-23 20:40:00,65.34,100.00
129N04442,2020-03-23 20:50:00,60.97,76.33
129N04442,2020-03-23 21:00:00,63.59,100.00
129N04442,2020-03-23 21:10:00,63.00,100.00
129N04442,2020-03-23 21:20:00,60.29,79.70
129N04442,2020-03-23 21:30:00,65.47,97.30
129N04442,2020-03-23 21:40:00,67.00,100.00
129N04442,2020-03-23 21:50:00,64.77,100.00
129N04442,2020-03-23 22:00:00,66.24,100.00
129N04442,2020-03-23 22:10:00,74.26,26.70
129N04442,2020-03-23 22:20:00,63.92,96.90
129N04442,2020-03-23 22:30:00,68.36,96.30
129N04442,2020-03-23 22:40:00,67.00,100.00
129N04442,2020-03-23 22:50:00,67.59,100.00
129N04442,2020-03-23 23:00:00,61.76,72.00
129N04442,2020-03-23 23:10:00,60.00,55.60
129N04442,2020-03-23 23:20:00,60.00,68.50
129N04442,2020-03-23 23:30:00,65.59,91.30
129N04442,2020-03-23 23:40:00,65.34,85.90
129N04442,2020-03-23 23:50:00,67.54,68.50
129N04443,2020-03-23 00:00:00,69.96,65.43
129N04443,2020-03-23 00:10:00,69.01,67.22
129N04443,2020-03-23 00:20:00,,
129N04443,2020-03-23 00:30:00,68.00,97.50
129N04443,2020-03-23 00:40:00,68.00,97.57
129N04443,2020-03-23 00:50:00,68.73,87.50
129N04443,2020-03-23 01:00:00,69.42,95.29
129N04443,2020-03-23 01:10:00,,
129N04443,2020-03-23 01:20:00,62.00,63.25
129N04443,2020-03-23 01:30:00,62.80,79.00
129N04443,2020-03-23 01:40:00,61.00,67.00
129N04443,2020-03-23 01:50:00,66.00,91.71
129N04443,2020-03-23 02:00:00,69.00,71.67
129N04443,2020-03-23 02:10:00,,
129N04443,2020-03-23 02:20:00,58.59,45.71
129N04443,2020-03-23 02:30:00,63.74,95.50
129N04443,2020-03-23 02:40:00,,
129N04443,2020-03-23 02:50:00,,
129N04443,2020-03-23 03:00:00,50.00,37.86
129N04443,2020-03-23 03:10:00,68.00,38.50
129N04443,2020-03-23 03:20:00,78.59,38.80
129N04443,2020-03-23 03:30:00,69.94,79.67
129N04443,2020-03-23 03:40:00,67.94,88.00
129N04443,2020-03-23 03:50:00,69.86,94.67
129N04443,2020-03-23 04:00:00,65.00,60.44
129N04443,2020-03-23 04:10:00,65.00,74.75
129N04443,2020-03-23 04:20:00,65.00,94.33
129N04443,2020-03-23 04:30:00,56.96,64.60
129N04443,2020-03-23 04:40:00,58.51,44.90
129N04443,2020-03-23 04:50:00,66.11,65.00
129N04443,2020-03-23 05:00:00,64.71,83.14
129N04443,2020-03-23 05:10:00,63.00,95.30
129N04443,2020-03-23 05:20:00,65.11,93.67
129N04443,2020-03-23 05:30:00,58.27,59.00
129N04443,2020-03-23 05:40:00,64.54,88.60
129N04443,2020-03-23 05:50:00,70.82,39.70
129N04443,2020-03-23 06:00:00,70.49,63.90
129N04443,2020-03-23 06:10:00,69.87,80.20
129N04443,2020-03-23 06:20:00,70.91,76.20
129N04443,2020-03-23 06:30:00,72.90,61.90
129N04443,2020-03-23 06:40:00,71.68,91.90
129N04443,2020-03-23 06:50:00,73.51,78.70
129N04443,2020-03-23 07:00:00,72.69,97.10
129N04443,2020-03-23 07:10:00,69.78,95.50
129N04443,2020-03-23 07:20:00,68.34,95.20
129N04443,2020-03-23 07:30:00,70.82,93.30
129N04443,2020-03-23 07:40:00,74.83,57.80
129N04443,2020-03-23 07:50:00,68.97,91.40
129N04443,2020-03-23 08:00:00,65.15,100.00
129N04443,2020-03-23 08:10:00,70.54,87.00
129N04443,2020-03-23 08:20:00,71.88,89.20
129N04443,2020-03-23 08:30:00,68.38,93.80
129N04443,2020-03-23 08:40:00,65.88,97.40
129N04443,2020-03-23 08:50:00,70.18,95.80
129N04443,2020-03-23 09:00:00,68.51,97.10
129N04443,2020-03-23 09:10:00,70.79,86.60
129N04443,2020-03-23 09:20:00,72.03,67.70
129N04443,2020-03-23 09:30:00,68.79,98.50
129N04443,2020-03-23 09:40:00,70.89,97.80
129N04443,2020-03-23 09:50:00,67.72,96.00
129N04443,2020-03-23 10:00:00,67.14,93.30
129N04443,2020-03-23 10:10:00,65.86,100.00
129N04443,2020-03-23 10:20:00,67.54,100.00
129N04443,2020-03-23 10:30:00,65.25,100.00
129N04443,2020-03-23 10:40:00,66.88,100.00
129N04443,2020-03-23 10:50:00,65.08,100.00
129N04443,2020-03-23 11:00:00,66.68,96.20
129N04443,2020-03-23 11:10:00,69.18,86.60
129N04443,2020-03-23 11:20:00,71.98,60.90
129N04443,2020-03-23 11:30:00,71.69,81.70
129N04443,2020-03-23 11:40:00,68.99,99.80
129N04443,2020-03-23 11:50:00,67.43,99.70
129N04443,2020-03-23 12:00:00,65.70,100.00
129N04443,2020-03-23 12:10:00,70.65,96.00
129N04443,2020-03-23 12:20:00,68.26,89.30
129N04443,2020-03-23 12:30:00,71.00,89.90
129N04443,2020-03-23 12:40:00,73.07,64.60
129N04443,2020-03-23 12:50:00,68.07,92.30
129N04443,2020-03-23 13:00:00,72.18,71.90
129N04443,2020-03-23 13:10:00,70.11,91.60
129N04443,2020-03-23 13:20:00,69.23,97.50
129N04443,2020-03-23 13:30:00,67.41,100.00
129N04443,2020-03-23 13:40:00,68.43,97.30
129N04443,2020-03-23 13:50:00,68.75,98.20
129N04443,2020-03-23 14:00:00,64.97,100.00
129N04443,2020-03-23 14:10:00,68.32,82.40
129N04443,2020-03-23 14:20:00,70.13,86.30
129N04443,2020-03-23 14:30:00,66.08,100.00
129N04443,2020-03-23 14:40:00,66.07,100.00
129N04443,2020-03-23 14:50:00,64.99,100.00
129N04443,2020-03-23 15:00:00,66.79,100.00
129N04443,2020-03-23 15:10:00,65.89,100.00
129N04443,2020-03-23 15:20:00,66.09,100.00
129N04443,2020-03-23 15:30:00,63.39,100.00
129N04443,2020-03-23 15:40:00,65.40,100.00
129N04443,2020-03-23 15:50:00,61.77,100.00
129N04443,2020-03-23 16:00:00,62.39,100.00
129N04443,2020-03-23 16:10:00,62.89,100.00
129N04443,2020-03-23 16:20:00,61.58,100.00
129N04443,2020-03-23 16:30:00,61.29,100.00
129N04443,2020-03-23 16:40:00,63.39,99.20
129N04443,2020-03-23 16:50:00,62.09,100.00
129N04443,2020-03-23 17:00:00,62.78,100.00
129N04443,2020-03-23 17:10:00,61.97,98.30
129N04443,2020-03-23 17:20:00,59.81,90.80
129N04443,2020-03-23 17:30:00,58.76,96.80
129N04443,2020-03-23 17:40:00,60.89,100.00
129N04443,2020-03-23 17:50:00,63.64,84.40
129N04443,2020-03-23 18:00:00,62.58,93.60
129N04443,2020-03-23 18:10:00,66.08,76.10
129N04443,2020-03-23 18:20:00,66.06,93.20
129N04443,2020-03-23 18:30:00,64.26,95.90
129N04443,2020-03-23 18:40:00,63.29,97.70
129N04443,2020-03-23 18:50:00,64.57,90.20
129N04443,2020-03-23 19:00:00,63.86,90.10
129N04443,2020-03-23 19:10:00,64.97,98.50
129N04443,2020-03-23 19:20:00,58.90,100.00
129N04443,2020-03-23 19:30:00,59.75,100.00
129N04443,2020-03-23 19:40:00,65.99,100.00
129N04443,2020-03-23 19:50:00,63.00,100.00
129N04443,2020-03-23 20:00:00,63.83,100.00
129N04443,2020-03-23 20:10:00,65.32,98.44
129N04443,2020-03-23 20:20:00,65.60,100.00
129N04443,2020-03-23 20:30:00,64.79,100.00
129N04443,2020-03-23 20:40:00,62.20,100.00
129N04443,2020-03-23 20:50:00,59.71,90.67
129N04443,2020-03-23 21:00:00,69.85,44.20
129N04443,2020-03-23 21:10:00,65.37,51.13
129N04443,2020-03-23 21:20:00,57.59,93.20
129N04443,2020-03-23 21:30:00,58.95,89.50
129N04443,2020-03-23 21:40:00,60.92,86.90
129N04443,2020-03-23 21:50:00,62.40,100.00
129N04443,2020-03-23 22:00:00,68.66,63.14
129N04443,2020-03-23 22:10:00,71.56,35.40
129N04443,2020-03-23 22:20:00,60.76,94.60
129N04443,2020-03-23 22:30:00,66.99,97.80
129N04443,2020-03-23 22:40:00,62.88,100.00
129N04443,2020-03-23 22:50:00,64.07,100.00
129N04443,2020-03-23 23:00:00,59.93,81.70
129N04443,2020-03-23 23:10:00,58.00,73.50
129N04443,2020-03-23 23:20:00,57.36,73.63
129N04443,2020-03-23 23:30:00,61.75,71.10
129N04443,2020-03-23 23:40:00,59.17,78.90
129N04443,2020-03-23 23:50:00,63.76,76.33
129N04451,2020-03-23 00:00:00,61.72,96.60
129N04451,2020-03-23 00:10:00,65.00,98.80
129N04451,2020-03-23 00:20:00,62.10,54.90
129N04451,2020-03-23 00:30:00,62.64,52.00
129N04451,2020-03-23 00:40:00,63.34,97.90
129N04451,2020-03-23 00:50:00,59.59,85.90
129N04451,2020-03-23 01:00:00,58.94,70.56
129N04451,2020-03-23 01:10:00,65.00,99.67
129N04451,2020-03-23 01:20:00,62.73,90.80
129N04451,2020-03-23 01:30:00,63.19,92.20
129N04451,2020-03-23 01:40:00,69.31,73.20
129N04451,2020-03-23 01:50:00,65.01,76.50
129N04451,2020-03-23 02:00:00,61.00,79.88
129N04451,2020-03-23 02:10:00,53.00,81.50
129N04451,2020-03-23 02:20:00,54.67,83.80
129N04451,2020-03-23 02:30:00,59.00,76.20
129N04451,2020-03-23 02:40:00,59.84,99.71
129N04451,2020-03-23 02:50:00,58.18,98.40
129N04451,2020-03-23 03:00:00,60.81,40.71
129N04451,2020-03-23 03:10:00,69.29,48.40
129N04451,2020-03-23 03:20:00,64.62,84.30
129N04451,2020-03-23 03:30:00,70.35,81.80
129N04451,2020-03-23 03:40:00,64.16,78.50
129N04451,2020-03-23 03:50:00,61.00,67.30
129N04451,2020-03-23 04:00:00,69.12,76.14
129N04451,2020-03-23 04:10:00,61.55,70.10
129N04451,2020-03-23 04:20:00,65.56,78.70
129N04451,2020-03-23 04:30:00,62.46,96.00
129N04451,2020-03-23 04:40:00,59.00,68.38
129N04451,2020-03-23 04:50:00,68.55,64.50
129N04451,2020-03-23 05:00:00,61.19,73.60
129N04451,2020-03-23 05:10:00,62.66,67.10
129N04451,2020-03-23 05:20:00,64.55,91.50
129N04451,2020-03-23 05:30:00,67.13,90.90
129N04451,2020-03-23 05:40:00,68.78,60.30
129N04451,2020-03-23 05:50:00,64.25,74.10
129N04451,2020-03-23 06:00:00,66.94,95.10
129N04451,2020-03-23 06:10:00,68.42,99.80
129N04451,2020-03-23 06:20:00,63.41,97.90
129N04451,2020-03-23 06:30:00,66.75,95.70
129N04451,2020-03-23 06:40:00,69.45,74.20
129N04451,2020-03-23 06:50:00,68.26,93.80
129N04451,2020-03-23 07:00:00,65.94,97.70
129N04451,2020-03-23 07:10:00,65.35,100.00
129N04451,2020-03-23 07:20:00,66.79,100.00
129N04451,2020-03-23 07:30:00,66.17,99.70
129N04451,2020-03-23 07:40:00,63.54,100.00
129N04451,2020-03-23 07:50:00,63.34,100.00
129N04451,2020-03-23 08:00:00,68.47,100.00
129N04451,2020-03-23 08:10:00,62.53,100.00
129N04451,2020-03-23 08:20:00,64.79,94.40
129N04451,2020-03-23 08:30:00,66.30,94.60
129N04451,2020-03-23 08:40:00,64.79,100.00
129N04451,2020-03-23 08:50:00,62.79,100.00
129N04451,2020-03-23 09:00:00,64.38,94.00
129N04451,2020-03-23 09:10:00,62.92,97.60
129N04451,2020-03-23 09:20:00,62.55,99.70
129N04451,2020-03-23 09:30:00,64.53,100.00
129N04451,2020-03-23 09:40:00,62.96,99.10
129N04451,2020-03-23 09:50:00,65.12,100.00
129N04451,2020-03-23 10:00:00,66.94,100.00
129N04451,2020-03-23 10:10:00,62.70,100.00
129N04451,2020-03-23 10:20:00,62.37,100.00
129N04451,2020-03-23 10:30:00,63.97,100.00
129N04451,2020-03-23 10:40:00,63.38,100.00
129N04451,2020-03-23 10:50:00,62.37,100.00
129N04451,2020-03-23 11:00:00,60.75,100.00
129N04451,2020-03-23 11:10:00,64.96,100.00
129N04451,2020-03-23 11:20:00,66.57,100.00
129N04451,2020-03-23 11:30:00,60.55,100.00
129N04451,2020-03-23 11:40:00,62.69,100.00
129N04451,2020-03-23 11:50:00,62.39,100.00
129N04451,2020-03-23 12:00:00,63.96,100.00
129N04451,2020-03-23 12:10:00,64.50,100.00
129N04451,2020-03-23 12:20:00,64.45,100.00
129N04451,2020-03-23 12:30:00,67.90,100.00
129N04451,2020-03-23 12:40:00,65.59,100.00
129N04451,2020-03-23 12:50:00,65.39,100.00
129N04451,2020-03-23 13:00:00,64.78,99.80
129N04451,2020-03-23 13:10:00,65.10,100.00
129N04451,2020-03-23 13:20:00,61.97,100.00
129N04451,2020-03-23 13:30:00,64.30,100.00
129N04451,2020-03-23 13:40:00,65.59,100.00
129N04451,2020-03-23 13:50:00,63.17,100.00
129N04451,2020-03-23 14:00:00,63.76,100.00
129N04451,2020-03-23 14:10:00,62.17,100.00
129N04451,2020-03-23 14:20:00,60.79,100.00
129N04451,2020-03-23 14:30:00,62.78,100.00
129N04451,2020-03-23 14:40:00,60.56,100.00
129N04451,2020-03-23 14:50:00,59.98,100.00
129N04451,2020-03-23 15:00:00,58.39,100.00
129N04451,2020-03-23 15:10:00,59.78,100.00
129N04451,2020-03-23 15:20:00,59.19,100.00
129N04451,2020-03-23 15:30:00,59.19,100.00
129N04451,2020-03-23 15:40:00,58.39,100.00
129N04451,2020-03-23 15:50:00,60.39,100.00
129N04451,2020-03-23 16:00:00,58.59,100.00
129N04451,2020-03-23 16:10:00,57.98,100.00
129N04451,2020-03-23 16:20:00,57.75,100.00
129N04451,2020-03-23 16:30:00,55.97,100.00
129N04451,2020-03-23 16:40:00,57.39,100.00
129N04451,2020-03-23 16:50:00,52.05,100.00
129N04451,2020-03-23 17:00:00,50.51,100.00
129N04451,2020-03-23 17:10:00,51.19,100.00
129N04451,2020-03-23 17:20:00,51.31,100.00
129N04451,2020-03-23 17:30:00,50.95,100.00
129N04451,2020-03-23 17:40:00,51.08,100.00
129N04451,2020-03-23 17:50:00,56.05,100.00
129N04451,2020-03-23 18:00:00,58.56,100.00
129N04451,2020-03-23 18:10:00,59.39,100.00
129N04451,2020-03-23 18:20:00,59.36,100.00
129N04451,2020-03-23 18:30:00,57.28,100.00
129N04451,2020-03-23 18:40:00,57.97,99.90
129N04451,2020-03-23 18:50:00,59.72,100.00
129N04451,2020-03-23 19:00:00,57.17,100.00
129N04451,2020-03-23 19:10:00,56.96,100.00
129N04451,2020-03-23 19:20:00,55.30,89.60
129N04451,2020-03-23 19:30:00,56.79,100.00
129N04451,2020-03-23 19:40:00,53.69,100.00
129N04451,2020-03-23 19:50:00,53.33,100.00
129N04451,2020-03-23 20:00:00,58.49,100.00
129N04451,2020-03-23 20:10:00,56.34,100.00
129N04451,2020-03-23 20:20:00,59.19,100.00
129N04451,2020-03-23 20:30:00,58.57,100.00
129N04451,2020-03-23 20:40:00,58.23,100.00
129N04451,2020-03-23 20:50:00,51.85,92.40
129N04451,2020-03-23 21:00:00,55.22,88.70
129N04451,2020-03-23 21:10:00,58.59,100.00
129N04451,2020-03-23 21:20:00,54.71,93.40
129N04451,2020-03-23 21:30:00,59.78,97.90
129N04451,2020-03-23 21:40:00,60.75,100.00
129N04451,2020-03-23 21:50:00,57.24,96.50
129N04451,2020-03-23 22:00:00,56.16,93.90
129N04451,2020-03-23 22:10:00,57.57,97.90
129N04451,2020-03-23 22:20:00,55.94,86.40
129N04451,2020-03-23 22:30:00,56.55,99.80
129N04451,2020-03-23 22:40:00,56.27,98.00
129N04451,2020-03-23 22:50:00,54.96,98.50
129N04451,2020-03-23 23:00:00,50.25,64.50
129N04451,2020-03-23 23:10:00,55.48,82.70
129N04451,2020-03-23 23:20:00,57.45,82.70
129N04451,2020-03-23 23:30:00,58.18,97.70
129N04451,2020-03-23 23:40:00,57.09,79.20
129N04451,2020-03-23 23:50:00,57.00,92.80
129N04450,2020-03-23 00:00:00,66.09,99.10
129N04450,2020-03-23 00:10:00,64.11,93.44
129N04450,2020-03-23 00:20:00,67.42,85.00
129N04450,2020-03-23 00:30:00,66.99,97.40
129N04450,2020-03-23 00:40:00,70.62,65.90
129N04450,2020-03-23 00:50:00,62.84,72.10
129N04450,2020-03-23 01:00:00,65.70,96.40
129N04450,2020-03-23 01:10:00,71.00,80.25
129N04450,2020-03-23 01:20:00,66.98,81.90
129N04450,2020-03-23 01:30:00,64.87,91.40
129N04450,2020-03-23 01:40:00,70.72,70.70
129N04450,2020-03-23 01:50:00,72.13,78.29
129N04450,2020-03-23 02:00:00,71.00,94.78
129N04450,2020-03-23 02:10:00,60.00,28.67
129N04450,2020-03-23 02:20:00,60.00,33.78
129N04450,2020-03-23 02:30:00,,
129N04450,2020-03-23 02:40:00,66.97,86.67
129N04450,2020-03-23 02:50:00,65.00,82.67
129N04450,2020-03-23 03:00:00,78.00,4.75
129N04450,2020-03-23 03:10:00,74.78,63.50
129N04450,2020-03-23 03:20:00,70.33,96.50
129N04450,2020-03-23 03:30:00,69.18,55.56
129N04450,2020-03-23 03:40:00,66.24,63.20
129N04450,2020-03-23 03:50:00,64.94,72.60
129N04450,2020-03-23 04:00:00,70.21,79.56
129N04450,2020-03-23 04:10:00,64.36,62.10
129N04450,2020-03-23 04:20:00,65.35,57.56
129N04450,2020-03-23 04:30:00,69.31,80.20
129N04450,2020-03-23 04:40:00,65.89,89.22
129N04450,2020-03-23 04:50:00,71.99,61.25
129N04450,2020-03-23 05:00:00,69.11,57.50
129N04450,2020-03-23 05:10:00,66.68,48.30
129N04450,2020-03-23 05:20:00,68.59,48.50
129N04450,2020-03-23 05:30:00,64.54,75.00
129N04450,2020-03-23 05:40:00,69.36,86.20
129N04450,2020-03-23 05:50:00,66.50,77.20
129N04450,2020-03-23 06:00:00,67.49,90.90
129N04450,2020-03-23 06:10:00,69.42,83.80
129N04450,2020-03-23 06:20:00,68.25,97.80
129N04450,2020-03-23 06:30:00,69.68,93.90
129N04450,2020-03-23 06:40:00,71.26,86.70
129N04450,2020-03-23 06:50:00,77.34,36.60
129N04450,2020-03-23 07:00:00,71.69,91.30
129N04450,2020-03-23 07:10:00,71.13,99.20
129N04450,2020-03-23 07:20:00,70.06,99.40
129N04450,2020-03-23 07:30:00,73.98,97.00
129N04450,2020-03-23 07:40:00,68.61,99.60
129N04450,2020-03-23 07:50:00,69.95,97.30
129N04450,2020-03-23 08:00:00,70.91,98.10
129N04450,2020-03-23 08:10:00,71.49,97.20
129N04450,2020-03-23 08:20:00,72.23,87.00
129N04450,2020-03-23 08:30:00,72.67,90.40
129N04450,2020-03-23 08:40:00,71.68,99.00
129N04450,2020-03-23 08:50:00,70.99,99.90
129N04450,2020-03-23 09:00:00,67.66,99.40
129N04450,2020-03-23 09:10:00,67.28,100.00
129N04450,2020-03-23 09:20:00,70.59,87.60
129N04450,2020-03-23 09:30:00,70.49,83.00
129N04450,2020-03-23 09:40:00,67.47,97.00
129N04450,2020-03-23 09:50:00,71.19,99.50
129N04450,2020-03-23 10:00:00,72.11,100.00
129N04450,2020-03-23 10:10:00,69.90,99.20
129N04450,2020-03-23 10:20:00,65.38,100.00
129N04450,2020-03-23 10:30:00,67.99,100.00
129N04450,2020-03-23 10:40:00,69.14,88.20
129N04450,2020-03-23 10:50:00,69.37,100.00
129N04450,2020-03-23 11:00:00,70.08,99.20
129N04450,2020-03-23 11:10:00,71.77,99.80
129N04450,2020-03-23 11:20:00,70.98,100.00
129N04450,2020-03-23 11:30:00,70.98,100.00
129N04450,2020-03-23 11:40:00,67.19,99.90
129N04450,2020-03-23 11:50:00,67.90,99.90
129N04450,2020-03-23 12:00:00,72.39,98.00
129N04450,2020-03-23 12:10:00,70.69,99.80
129N04450,2020-03-23 12:20:00,67.36,100.00
129N04450,2020-03-23 12:30:00,69.88,99.60
129N04450,2020-03-23 12:40:00,68.76,100.00
129N04450,2020-03-23 12:50:00,70.58,100.00
129N04450,2020-03-23 13:00:00,70.59,100.00
129N04450,2020-03-23 13:10:00,68.98,100.00
129N04450,2020-03-23 13:20:00,68.97,100.00
129N04450,2020-03-23 13:30:00,72.93,95.80
129N04450,2020-03-23 13:40:00,71.01,100.00
129N04450,2020-03-23 13:50:00,70.73,100.00
129N04450,2020-03-23 14:00:00,70.68,100.00
129N04450,2020-03-23 14:10:00,67.80,99.80
129N04450,2020-03-23 14:20:00,66.99,100.00
129N04450,2020-03-23 14:30:00,68.37,100.00
129N04450,2020-03-23 14:40:00,65.88,100.00
129N04450,2020-03-23 14:50:00,64.58,100.00
129N04450,2020-03-23 15:00:00,65.70,100.00
129N04450,2020-03-23 15:10:00,65.99,100.00
129N04450,2020-03-23 15:20:00,65.30,100.00
129N04450,2020-03-23 15:30:00,63.78,100.00
129N04450,2020-03-23 15:40:00,62.49,100.00
129N04450,2020-03-23 15:50:00,64.89,100.00
129N04450,2020-03-23 16:00:00,64.40,100.00
129N04450,2020-03-23 16:10:00,62.54,100.00
129N04450,2020-03-23 16:20:00,62.59,100.00
129N04450,2020-03-23 16:30:00,62.60,100.00
129N04450,2020-03-23 16:40:00,61.69,100.00
129N04450,2020-03-23 16:50:00,60.07,100.00
129N04450,2020-03-23 17:00:00,57.49,100.00
129N04450,2020-03-23 17:10:00,55.75,95.60
129N04450,2020-03-23 17:20:00,57.55,100.00
129N04450,2020-03-23 17:30:00,61.17,100.00
129N04450,2020-03-23 17:40:00,58.34,100.00
129N04450,2020-03-23 17:50:00,62.48,100.00
129N04450,2020-03-23 18:00:00,63.78,100.00
129N04450,2020-03-23 18:10:00,65.07,99.80
129N04450,2020-03-23 18:20:00,63.68,100.00
129N04450,2020-03-23 18:30:00,64.79,100.00
129N04450,2020-03-23 18:40:00,63.68,100.00
129N04450,2020-03-23 18:50:00,66.90,89.90
129N04450,2020-03-23 19:00:00,63.21,98.40
129N04450,2020-03-23 19:10:00,65.11,88.90
129N04450,2020-03-23 19:20:00,61.57,100.00
129N04450,2020-03-23 19:30:00,63.17,100.00
129N04450,2020-03-23 19:40:00,62.58,100.00
129N04450,2020-03-23 19:50:00,61.27,96.00
129N04450,2020-03-23 20:00:00,61.06,96.80
129N04450,2020-03-23 20:10:00,61.76,94.10
129N04450,2020-03-23 20:20:00,61.94,100.00
129N04450,2020-03-23 20:30:00,62.80,100.00
129N04450,2020-03-23 20:40:00,62.77,97.70
129N04450,2020-03-23 20:50:00,62.29,100.00
129N04450,2020-03-23 21:00:00,63.12,100.00
129N04450,2020-03-23 21:10:00,61.78,91.80
129N04450,2020-03-23 21:20:00,59.96,77.10
129N04450,2020-03-23 21:30:00,60.62,91.80
129N04450,2020-03-23 21:40:00,62.35,98.00
129N04450,2020-03-23 21:50:00,63.62,95.50
129N04450,2020-03-23 22:00:00,60.98,92.70
129N04450,2020-03-23 22:10:00,61.18,97.80
129N04450,2020-03-23 22:20:00,60.86,91.30
129N04450,2020-03-23 22:30:00,65.54,99.90
129N04450,2020-03-23 22:40:00,63.69,100.00
129N04450,2020-03-23 22:50:00,61.39,96.10
129N04450,2020-03-23 23:00:00,61.59,97.00
129N04450,2020-03-23 23:10:00,60.43,73.90
129N04450,2020-03-23 23:20:00,63.24,82.10
129N04450,2020-03-23 23:30:00,62.68,94.20
129N04450,2020-03-23 23:40:00,60.64,73.80
129N04450,2020-03-23 23:50:00,62.19,94.10
129-04449,2020-03-23 00:00:00,67.18,95.10
129-04449,2020-03-23 00:10:00,65.77,83.90
129-04449,2020-03-23 00:20:00,69.13,73.70
129-04449,2020-03-23 00:30:00,70.38,82.60
129-04449,2020-03-23 00:40:00,70.52,67.90
129-04449,2020-03-23 00:50:00,65.79,78.80
129-04449,2020-03-23 01:00:00,66.50,89.10
129-04449,2020-03-23 01:10:00,67.97,94.67
129-04449,2020-03-23 01:20:00,67.93,92.30
129-04449,2020-03-23 01:30:00,66.39,95.60
129-04449,2020-03-23 01:40:00,70.49,76.70
129-04449,2020-03-23 01:50:00,73.91,65.86
129-04449,2020-03-23 02:00:00,68.00,93.50
129-04449,2020-03-23 02:10:00,64.40,65.00
129-04449,2020-03-23 02:20:00,62.00,40.70
129-04449,2020-03-23 02:30:00,62.00,50.00
129-04449,2020-03-23 02:40:00,68.50,78.50
129-04449,2020-03-23 02:50:00,68.00,80.75
129-04449,2020-03-23 03:00:00,80.00,7.50
129-04449,2020-03-23 03:10:00,77.30,57.70
129-04449,2020-03-23 03:20:00,71.49,94.50
129-04449,2020-03-23 03:30:00,65.53,55.14
129-04449,2020-03-23 03:40:00,67.62,68.50
129-04449,2020-03-23 03:50:00,66.40,72.80
129-04449,2020-03-23 04:00:00,71.03,87.44
129-04449,2020-03-23 04:10:00,67.07,67.00
129-04449,2020-03-23 04:20:00,64.85,67.44
129-04449,2020-03-23 04:30:00,70.33,73.10
129-04449,2020-03-23 04:40:00,65.90,88.20
129-04449,2020-03-23 04:50:00,70.21,50.33
129-04449,2020-03-23 05:00:00,73.18,50.70
129-04449,2020-03-23 05:10:00,65.99,56.10
129-04449,2020-03-23 05:20:00,72.03,79.60
129-04449,2020-03-23 05:30:00,68.48,85.50
129-04449,2020-03-23 05:40:00,71.18,96.30
129-04449,2020-03-23 05:50:00,67.53,64.50
129-04449,2020-03-23 06:00:00,66.62,90.70
129-04449,2020-03-23 06:10:00,72.04,78.60
129-04449,2020-03-23 06:20:00,70.48,96.90
129-04449,2020-03-23 06:30:00,68.86,97.00
129-04449,2020-03-23 06:40:00,71.29,94.10
129-04449,2020-03-23 06:50:00,75.82,54.40
129-04449,2020-03-23 07:00:00,70.66,94.10
129-04449,2020-03-23 07:10:00,69.90,99.00
129-04449,2020-03-23 07:20:00,70.87,97.80
129-04449,2020-03-23 07:30:00,72.59,94.20
129-04449,2020-03-23 07:40:00,69.40,97.90
129-04449,2020-03-23 07:50:00,72.66,96.70
129-04449,2020-03-23 08:00:00,72.94,96.20
129-04449,2020-03-23 08:10:00,74.60,96.80
129-04449,2020-03-23 08:20:00,71.57,95.60
129-04449,2020-03-23 08:30:00,71.49,99.70
129-04449,2020-03-23 08:40:00,70.56,100.00
129-04449,2020-03-23 08:50:00,73.28,100.00
129-04449,2020-03-23 09:00:00,69.27,100.00
129-04449,2020-03-23 09:10:00,68.18,100.00
129-04449,2020-03-23 09:20:00,71.50,93.50
129-04449,2020-03-23 09:30:00,69.44,95.90
129-04449,2020-03-23 09:40:00,67.58,100.00
129-04449,2020-03-23 09:50:00,70.63,100.00
129-04449,2020-03-23 10:00:00,72.37,100.00
129-04449,2020-03-23 10:10:00,70.64,98.80
129-04449,2020-03-23 10:20:00,67.27,99.20
129-04449,2020-03-23 10:30:00,66.89,100.00
129-04449,2020-03-23 10:40:00,69.56,97.00
129-04449,2020-03-23 10:50:00,71.09,99.10
129-04449,2020-03-23 11:00:00,69.29,99.20
129-04449,2020-03-23 11:10:00,71.91,99.20
129-04449,2020-03-23 11:20:00,72.18,100.00
129-04449,2020-03-23 11:30:00,71.39,100.00
129-04449,2020-03-23 11:40:00,67.28,100.00
129-04449,2020-03-23 11:50:00,68.45,100.00
129-04449,2020-03-23 12:00:00,72.09,98.50
129-04449,2020-03-23 12:10:00,71.99,100.00
129-04449,2020-03-23 12:20:00,67.78,100.00
129-04449,2020-03-23 12:30:00,71.17,98.40
129-04449,2020-03-23 12:40:00,69.98,100.00
129-04449,2020-03-23 12:50:00,70.98,100.00
129-04449,2020-03-23 13:00:00,70.88,100.00
129-04449,2020-03-23 13:10:00,70.79,100.00
129-04449,2020-03-23 13:20:00,68.79,100.00
129-04449,2020-03-23 13:30:00,72.48,100.00
129-04449,2020-03-23 13:40:00,72.99,100.00
129-04449,2020-03-23 13:50:00,70.44,100.00
129-04449,2020-03-23 14:00:00,70.39,100.00
129-04449,2020-03-23 14:10:00,68.77,100.00
129-04449,2020-03-23 14:20:00,67.90,100.00
129-04449,2020-03-23 14:30:00,67.86,100.00
129-04449,2020-03-23 14:40:00,65.87,100.00
129-04449,2020-03-23 14:50:00,64.98,100.00
129-04449,2020-03-23 15:00:00,66.19,100.00
129-04449,2020-03-23 15:10:00,66.69,100.00
129-04449,2020-03-23 15:20:00,65.80,100.00
129-04449,2020-03-23 15:30:00,65.29,100.00
129-04449,2020-03-23 15:40:00,64.19,100.00
129-04449,2020-03-23 15:50:00,66.59,100.00
129-04449,2020-03-23 16:00:00,65.40,100.00
129-04449,2020-03-23 16:10:00,63.56,100.00
129-04449,2020-03-23 16:20:00,62.70,100.00
129-04449,2020-03-23 16:30:00,62.59,100.00
129-04449,2020-03-23 16:40:00,62.39,100.00
129-04449,2020-03-23 16:50:00,61.40,100.00
129-04449,2020-03-23 17:00:00,60.19,100.00
129-04449,2020-03-23 17:10:00,58.87,100.00
129-04449,2020-03-23 17:20:00,59.99,100.00
129-04449,2020-03-23 17:30:00,61.89,100.00
129-04449,2020-03-23 17:40:00,60.28,100.00
129-04449,2020-03-23 17:50:00,63.97,100.00
129-04449,2020-03-23 18:00:00,64.79,100.00
129-04449,2020-03-23 18:10:00,66.68,100.00
129-04449,2020-03-23 18:20:00,63.78,100.00
129-04449,2020-03-23 18:30:00,65.80,100.00
129-04449,2020-03-23 18:40:00,65.29,100.00
129-04449,2020-03-23 18:50:00,67.67,91.20
129-04449,2020-03-23 19:00:00,63.47,99.80
129-04449,2020-03-23 19:10:00,65.60,83.70
129-04449,2020-03-23 19:20:00,61.86,100.00
129-04449,2020-03-23 19:30:00,62.57,100.00
129-04449,2020-03-23 19:40:00,63.39,100.00
129-04449,2020-03-23 19:50:00,62.90,99.00
129-04449,2020-03-23 20:00:00,63.39,99.00
129-04449,2020-03-23 20:10:00,63.23,95.90
129-04449,2020-03-23 20:20:00,62.58,96.40
129-04449,2020-03-23 20:30:00,63.88,95.80
129-04449,2020-03-23 20:40:00,62.06,94.00
129-04449,2020-03-23 20:50:00,63.78,100.00
129-04449,2020-03-23 21:00:00,63.57,100.00
129-04449,2020-03-23 21:10:00,63.85,97.80
129-04449,2020-03-23 21:20:00,60.29,74.90
129-04449,2020-03-23 21:30:00,59.94,88.60
129-04449,2020-03-23 21:40:00,62.59,96.30
129-04449,2020-03-23 21:50:00,67.60,90.50
129-04449,2020-03-23 22:00:00,60.87,91.40
129-04449,2020-03-23 22:10:00,62.59,98.10
129-04449,2020-03-23 22:20:00,62.05,91.60
129-04449,2020-03-23 22:30:00,65.57,98.50
129-04449,2020-03-23 22:40:00,65.59,100.00
129-04449,2020-03-23 22:50:00,62.69,96.50
129-04449,2020-03-23 23:00:00,61.68,90.70
129-04449,2020-03-23 23:10:00,63.49,98.50
129-04449,2020-03-23 23:20:00,64.85,87.50
129-04449,2020-03-23 23:30:00,66.10,88.50
129-04449,2020-03-23 23:40:00,66.10,89.90
129-04449,2020-03-23 23:50:00,64.00,91.30
