tmc,tstamp,speed,cvalue
129P04641,2020-04-03 00:00:00,69.77,62.33
129P04641,2020-04-03 00:10:00,64.70,93.70
129P04641,2020-04-03 00:20:00,68.20,64.50
129P04641,2020-04-03 00:30:00,67.49,55.60
129P04641,2020-04-03 00:40:00,60.00,33.00
129P04641,2020-04-03 00:50:00,,
129P04641,2020-04-03 01:00:00,58.33,41.67
129P04641,2020-04-03 01:10:00,58.00,69.00
129P04641,2020-04-03 01:20:00,,
129P04641,2020-04-03 01:30:00,60.00,97.86
129P04641,2020-04-03 01:40:00,60.00,98.56
129P04641,2020-04-03 01:50:00,53.87,61.00
129P04641,2020-04-03 02:00:00,53.00,66.43
129P04641,2020-04-03 02:10:00,,
129P04641,2020-04-03 02:20:00,57.00,100.00
129P04641,2020-04-03 02:30:00,57.00,91.13
129P04641,2020-04-03 02:40:00,,
129P04641,2020-04-03 02:50:00,,
129P04641,2020-04-03 03:00:00,56.76,95.90
129P04641,2020-04-03 03:10:00,62.47,61.67
129P04641,2020-04-03 03:20:00,63.00,82.00
129P04641,2020-04-03 03:30:00,65.86,61.90
129P04641,2020-04-03 03:40:00,61.89,87.67
129P04641,2020-04-03 03:50:00,56.84,56.67
129P04641,2020-04-03 04:00:00,66.00,79.56
129P04641,2020-04-03 04:10:00,62.00,100.00
129P04641,2020-04-03 04:20:00,62.80,99.40
129P04641,2020-04-03 04:30:00,63.00,98.00
129P04641,2020-04-03 04:40:00,72.51,35.00
129P04641,2020-04-03 04:50:00,66.15,92.90
129P04641,2020-04-03 05:00:00,62.18,82.90
129P04641,2020-04-03 05:10:00,61.32,78.67
129P04641,2020-04-03 05:20:00,75.00,15.00
129P04641,2020-04-03 05:30:00,74.47,29.80
129P04641,2020-04-03 05:40:00,71.00,80.33
129P04641,2020-04-03 05:50:00,70.00,98.89
129P04641,2020-04-03 06:00:00,63.87,91.70
129P04641,2020-04-03 06:10:00,59.48,71.00
129P04641,2020-04-03 06:20:00,62.36,100.00
129P04641,2020-04-03 06:30:00,61.00,100.00
129P04641,2020-04-03 06:40:00,64.58,100.00
129P04641,2020-04-03 06:50:00,67.91,60.30
129P04641,2020-04-03 07:00:00,68.69,82.80
129P04641,2020-04-03 07:10:00,69.65,68.70
129P04641,2020-04-03 07:20:00,69.24,87.90
129P04641,2020-04-03 07:30:00,64.30,99.80
129P04641,2020-04-03 07:40:00,65.19,100.00
129P04641,2020-04-03 07:50:00,61.87,100.00
129P04641,2020-04-03 08:00:00,62.80,100.00
129P04641,2020-04-03 08:10:00,60.28,100.00
129P04641,2020-04-03 08:20:00,66.08,69.30
129P04641,2020-04-03 08:30:00,65.95,82.50
129P04641,2020-04-03 08:40:00,67.29,70.80
129P04641,2020-04-03 08:50:00,66.61,90.00
129P04641,2020-04-03 09:00:00,64.14,99.80
129P04641,2020-04-03 09:10:00,62.10,100.00
129P04641,2020-04-03 09:20:00,64.05,91.20
129P04641,2020-04-03 09:30:00,67.79,83.10
129P04641,2020-04-03 09:40:00,64.98,96.70
129P04641,2020-04-03 09:50:00,63.47,100.00
129P04641,2020-04-03 10:00:00,63.48,100.00
129P04641,2020-04-03 10:10:00,65.71,88.00
129P04641,2020-04-03 10:20:00,66.96,88.90
129P04641,2020-04-03 10:30:00,63.19,100.00
129P04641,2020-04-03 10:40:00,62.66,99.00
129P04641,2020-04-03 10:50:00,66.30,97.70
129P04641,2020-04-03 11:00:00,67.43,84.30
129P04641,2020-04-03 11:10:00,66.29,95.40
129P04641,2020-04-03 11:20:00,67.21,87.60
129P04641,2020-04-03 11:30:00,67.77,96.60
129P04641,2020-04-03 11:40:00,64.53,99.40
129P04641,2020-04-03 11:50:00,73.96,35.10
129P04641,2020-04-03 12:00:00,67.22,84.50
129P04641,2020-04-03 12:10:00,69.38,76.10
129P04641,2020-04-03 12:20:00,65.75,100.00
129P04641,2020-04-03 12:30:00,65.17,99.30
129P04641,2020-04-03 12:40:00,68.33,88.60
129P04641,2020-04-03 12:50:00,64.79,99.00
129P04641,2020-04-03 13:00:00,65.08,96.40
129P04641,2020-04-03 13:10:00,63.39,98.60
129P04641,2020-04-03 13:20:00,65.05,100.00
129P04641,2020-04-03 13:30:00,66.43,91.60
129P04641,2020-04-03 13:40:00,66.91,86.30
129P04641,2020-04-03 13:50:00,68.96,82.30
129P04641,2020-04-03 14:00:00,69.99,84.30
129P04641,2020-04-03 14:10:00,69.08,93.60
129P04641,2020-04-03 14:20:00,67.50,98.30
129P04641,2020-04-03 14:30:00,63.38,99.40
129P04641,2020-04-03 14:40:00,64.26,99.70
129P04641,2020-04-03 14:50:00,64.15,100.00
129P04641,2020-04-03 15:00:00,62.55,99.30
129P04641,2020-04-03 15:10:00,68.37,67.40
129P04641,2020-04-03 15:20:00,69.28,68.60
129P04641,2020-04-03 15:30:00,68.86,95.10
129P04641,2020-04-03 15:40:00,70.66,85.60
129P04641,2020-04-03 15:50:00,67.04,41.30
129P04641,2020-04-03 16:00:00,66.11,72.50
129P04641,2020-04-03 16:10:00,71.99,93.30
129P04641,2020-04-03 16:20:00,70.18,94.90
129P04641,2020-04-03 16:30:00,58.86,33.90
129P04641,2020-04-03 16:40:00,59.73,64.90
129P04641,2020-04-03 16:50:00,69.59,90.60
129P04641,2020-04-03 17:00:00,70.27,78.20
129P04641,2020-04-03 17:10:00,72.02,59.60
129P04641,2020-04-03 17:20:00,73.00,73.30
129P04641,2020-04-03 17:30:00,64.49,49.00
129P04641,2020-04-03 17:40:00,72.03,72.20
129P04641,2020-04-03 17:50:00,67.87,94.20
129P04641,2020-04-03 18:00:00,65.34,77.60
129P04641,2020-04-03 18:10:00,68.05,90.70
129P04641,2020-04-03 18:20:00,68.09,82.90
129P04641,2020-04-03 18:30:00,71.36,81.60
129P04641,2020-04-03 18:40:00,69.57,87.10
129P04641,2020-04-03 18:50:00,67.84,90.40
129P04641,2020-04-03 19:00:00,71.20,93.10
129P04641,2020-04-03 19:10:00,71.22,99.78
129P04641,2020-04-03 19:20:00,62.00,96.00
129P04641,2020-04-03 19:30:00,67.10,93.30
129P04641,2020-04-03 19:40:00,66.08,96.25
129P04641,2020-04-03 19:50:00,,
129P04641,2020-04-03 20:00:00,64.00,100.00
129P04641,2020-04-03 20:10:00,64.43,100.00
129P04641,2020-04-03 20:20:00,,
129P04641,2020-04-03 20:30:00,58.00,76.14
129P04641,2020-04-03 20:40:00,55.39,55.70
129P04641,2020-04-03 20:50:00,60.44,94.50
129P04641,2020-04-03 21:00:00,51.39,49.00
129P04641,2020-04-03 21:10:00,55.77,96.50
129P04641,2020-04-03 21:20:00,57.88,98.00
129P04641,2020-04-03 21:30:00,62.55,100.00
129P04641,2020-04-03 21:40:00,,
129P04641,2020-04-03 21:50:00,,
129P04641,2020-04-03 22:00:00,,
129P04641,2020-04-03 22:10:00,62.89,100.00
129P04641,2020-04-03 22:20:00,58.19,66.88
129P04641,2020-04-03 22:30:00,61.00,100.00
129P04641,2020-04-03 22:40:00,60.66,98.83
129P04641,2020-04-03 22:50:00,65.67,91.57
129P04641,2020-04-03 23:00:00,67.11,72.67
129P04641,2020-04-03 23:10:00,66.84,84.10
129P04641,2020-04-03 23:20:00,63.29,94.30
129P04641,2020-04-03 23:30:00,59.99,75.50
129P04641,2020-04-03 23:40:00,63.00,87.00
129P04641,2020-04-03 23:50:00,,
129P04640,2020-04-03 00:00:00,65.53,90.70
129P04640,2020-04-03 00:10:00,63.00,92.44
129P04640,2020-04-03 00:20:00,68.00,83.00
129P04640,2020-04-03 00:30:00,65.98,82.75
129P04640,2020-04-03 00:40:00,,
129P04640,2020-04-03 00:50:00,,
129P04640,2020-04-03 01:00:00,56.00,26.00
129P04640,2020-04-03 01:10:00,55.85,59.00
129P04640,2020-04-03 01:20:00,,
129P04640,2020-04-03 01:30:00,57.22,90.80
129P04640,2020-04-03 01:40:00,55.38,86.00
129P04640,2020-04-03 01:50:00,58.39,92.80
129P04640,2020-04-03 02:00:00,57.00,100.00
129P04640,2020-04-03 02:10:00,,
129P04640,2020-04-03 02:20:00,,
129P04640,2020-04-03 02:30:00,,
129P04640,2020-04-03 02:40:00,,
129P04640,2020-04-03 02:50:00,57.00,100.00
129P04640,2020-04-03 03:00:00,57.69,97.80
129P04640,2020-04-03 03:10:00,61.63,77.17
129P04640,2020-04-03 03:20:00,63.00,77.00
129P04640,2020-04-03 03:30:00,62.00,90.50
129P04640,2020-04-03 03:40:00,57.91,89.10
129P04640,2020-04-03 03:50:00,55.35,55.13
129P04640,2020-04-03 04:00:00,62.00,84.83
129P04640,2020-04-03 04:10:00,61.80,88.60
129P04640,2020-04-03 04:20:00,60.44,97.11
129P04640,2020-04-03 04:30:00,,
129P04640,2020-04-03 04:40:00,67.22,51.88
129P04640,2020-04-03 04:50:00,64.10,83.00
129P04640,2020-04-03 05:00:00,58.59,70.90
129P04640,2020-04-03 05:10:00,58.00,63.00
129P04640,2020-04-03 05:20:00,70.00,47.80
129P04640,2020-04-03 05:30:00,67.21,42.20
129P04640,2020-04-03 05:40:00,57.20,62.60
129P04640,2020-04-03 05:50:00,64.51,88.30
129P04640,2020-04-03 06:00:00,66.37,85.10
129P04640,2020-04-03 06:10:00,59.23,69.80
129P04640,2020-04-03 06:20:00,62.84,91.60
129P04640,2020-04-03 06:30:00,62.78,100.00
129P04640,2020-04-03 06:40:00,62.69,100.00
129P04640,2020-04-03 06:50:00,65.12,91.00
129P04640,2020-04-03 07:00:00,66.84,80.10
129P04640,2020-04-03 07:10:00,67.66,76.30
129P04640,2020-04-03 07:20:00,62.80,100.00
129P04640,2020-04-03 07:30:00,61.16,96.20
129P04640,2020-04-03 07:40:00,64.12,100.00
129P04640,2020-04-03 07:50:00,63.18,100.00
129P04640,2020-04-03 08:00:00,61.49,100.00
129P04640,2020-04-03 08:10:00,61.88,87.20
129P04640,2020-04-03 08:20:00,69.19,51.10
129P04640,2020-04-03 08:30:00,65.20,90.80
129P04640,2020-04-03 08:40:00,65.22,81.60
129P04640,2020-04-03 08:50:00,59.38,100.00
129P04640,2020-04-03 09:00:00,62.81,84.00
129P04640,2020-04-03 09:10:00,63.69,56.80
129P04640,2020-04-03 09:20:00,60.98,100.00
129P04640,2020-04-03 09:30:00,62.79,100.00
129P04640,2020-04-03 09:40:00,64.39,100.00
129P04640,2020-04-03 09:50:00,64.86,95.40
129P04640,2020-04-03 10:00:00,68.02,70.20
129P04640,2020-04-03 10:10:00,69.39,66.50
129P04640,2020-04-03 10:20:00,65.40,82.70
129P04640,2020-04-03 10:30:00,64.12,92.40
129P04640,2020-04-03 10:40:00,60.39,100.00
129P04640,2020-04-03 10:50:00,65.18,89.60
129P04640,2020-04-03 11:00:00,65.10,99.90
129P04640,2020-04-03 11:10:00,64.94,89.80
129P04640,2020-04-03 11:20:00,64.66,92.90
129P04640,2020-04-03 11:30:00,65.37,97.00
129P04640,2020-04-03 11:40:00,65.70,87.00
129P04640,2020-04-03 11:50:00,74.26,24.20
129P04640,2020-04-03 12:00:00,62.57,100.00
129P04640,2020-04-03 12:10:00,63.14,99.90
129P04640,2020-04-03 12:20:00,63.67,100.00
129P04640,2020-04-03 12:30:00,67.27,95.00
129P04640,2020-04-03 12:40:00,67.20,83.00
129P04640,2020-04-03 12:50:00,68.36,88.30
129P04640,2020-04-03 13:00:00,63.07,99.70
129P04640,2020-04-03 13:10:00,64.36,99.70
129P04640,2020-04-03 13:20:00,63.97,100.00
129P04640,2020-04-03 13:30:00,63.85,99.10
129P04640,2020-04-03 13:40:00,65.16,95.30
129P04640,2020-04-03 13:50:00,68.94,69.90
129P04640,2020-04-03 14:00:00,70.19,68.30
129P04640,2020-04-03 14:10:00,67.56,92.80
129P04640,2020-04-03 14:20:00,68.72,91.70
129P04640,2020-04-03 14:30:00,65.79,96.80
129P04640,2020-04-03 14:40:00,68.70,98.70
129P04640,2020-04-03 14:50:00,63.85,99.40
129P04640,2020-04-03 15:00:00,65.24,99.00
129P04640,2020-04-03 15:10:00,67.89,97.70
129P04640,2020-04-03 15:20:00,68.88,87.50
129P04640,2020-04-03 15:30:00,68.99,94.10
129P04640,2020-04-03 15:40:00,68.39,97.60
129P04640,2020-04-03 15:50:00,63.30,84.20
129P04640,2020-04-03 16:00:00,64.24,97.50
129P04640,2020-04-03 16:10:00,68.69,82.40
129P04640,2020-04-03 16:20:00,63.94,90.60
129P04640,2020-04-03 16:30:00,62.04,88.30
129P04640,2020-04-03 16:40:00,67.27,74.50
129P04640,2020-04-03 16:50:00,70.29,70.40
129P04640,2020-04-03 17:00:00,66.26,96.50
129P04640,2020-04-03 17:10:00,72.56,54.00
129P04640,2020-04-03 17:20:00,70.84,85.50
129P04640,2020-04-03 17:30:00,66.89,85.30
129P04640,2020-04-03 17:40:00,67.17,81.20
129P04640,2020-04-03 17:50:00,67.12,76.50
129P04640,2020-04-03 18:00:00,67.56,91.70
129P04640,2020-04-03 18:10:00,64.11,86.80
129P04640,2020-04-03 18:20:00,68.45,68.00
129P04640,2020-04-03 18:30:00,72.07,67.60
129P04640,2020-04-03 18:40:00,67.57,94.20
129P04640,2020-04-03 18:50:00,64.99,79.50
129P04640,2020-04-03 19:00:00,65.19,85.10
129P04640,2020-04-03 19:10:00,65.19,93.40
129P04640,2020-04-03 19:20:00,62.86,97.90
129P04640,2020-04-03 19:30:00,68.98,75.40
129P04640,2020-04-03 19:40:00,63.64,86.60
129P04640,2020-04-03 19:50:00,56.00,96.00
129P04640,2020-04-03 20:00:00,59.11,78.20
129P04640,2020-04-03 20:10:00,63.98,100.00
129P04640,2020-04-03 20:20:00,,
129P04640,2020-04-03 20:30:00,,
129P04640,2020-04-03 20:40:00,52.41,52.00
129P04640,2020-04-03 20:50:00,56.58,89.80
129P04640,2020-04-03 21:00:00,48.08,42.50
129P04640,2020-04-03 21:10:00,46.64,54.67
129P04640,2020-04-03 21:20:00,61.63,92.10
129P04640,2020-04-03 21:30:00,65.41,100.00
129P04640,2020-04-03 21:40:00,,
129P04640,2020-04-03 21:50:00,,
129P04640,2020-04-03 22:00:00,,
129P04640,2020-04-03 22:10:00,,
129P04640,2020-04-03 22:20:00,57.00,100.00
129P04640,2020-04-03 22:30:00,58.27,100.00
129P04640,2020-04-03 22:40:00,61.00,100.00
129P04640,2020-04-03 22:50:00,67.00,66.83
129P04640,2020-04-03 23:00:00,65.68,68.25
129P04640,2020-04-03 23:10:00,65.19,79.70
129P04640,2020-04-03 23:20:00,61.20,90.10
129P04640,2020-04-03 23:30:00,61.75,94.50
129P04640,2020-04-03 23:40:00,,
129P04640,2020-04-03 23:50:00,,
129P04481,2020-04-03 00:00:00,62.32,78.00
129P04481,2020-04-03 00:10:00,,
129P04481,2020-04-03 00:20:00,,
129P04481,2020-04-03 00:30:00,,
129P04481,2020-04-03 00:40:00,,
129P04481,2020-04-03 00:50:00,,
129P04481,2020-04-03 01:00:00,56.79,99.44
129P04481,2020-04-03 01:10:00,57.33,99.00
129P04481,2020-04-03 01:20:00,,
129P04481,2020-04-03 01:30:00,,
129P04481,2020-04-03 01:40:00,,
129P04481,2020-04-03 01:50:00,,
129P04481,2020-04-03 02:00:00,,
129P04481,2020-04-03 02:10:00,,
129P04481,2020-04-03 02:20:00,,
129P04481,2020-04-03 02:30:00,,
129P04481,2020-04-03 02:40:00,,
129P04481,2020-04-03 02:50:00,,
129P04481,2020-04-03 03:00:00,,
129P04481,2020-04-03 03:10:00,,
129P04481,2020-04-03 03:20:00,69.00,100.00
129P04481,2020-04-03 03:30:00,64.62,82.20
129P04481,2020-04-03 03:40:00,59.00,73.80
129P04481,2020-04-03 03:50:00,,
129P04481,2020-04-03 04:00:00,,
129P04481,2020-04-03 04:10:00,,
129P04481,2020-04-03 04:20:00,,
129P04481,2020-04-03 04:30:00,57.41,99.67
129P04481,2020-04-03 04:40:00,60.04,87.40
129P04481,2020-04-03 04:50:00,65.89,78.11
129P04481,2020-04-03 05:00:00,,
129P04481,2020-04-03 05:10:00,,
129P04481,2020-04-03 05:20:00,,
129P04481,2020-04-03 05:30:00,65.00,98.00
129P04481,2020-04-03 05:40:00,,
129P04481,2020-04-03 05:50:00,52.40,48.60
129P04481,2020-04-03 06:00:00,53.00,67.00
129P04481,2020-04-03 06:10:00,,
129P04481,2020-04-03 06:20:00,,
129P04481,2020-04-03 06:30:00,,
129P04481,2020-04-03 06:40:00,63.65,100.00
129P04481,2020-04-03 06:50:00,66.22,91.30
129P04481,2020-04-03 07:00:00,63.14,100.00
129P04481,2020-04-03 07:10:00,57.42,78.00
129P04481,2020-04-03 07:20:00,59.46,89.00
129P04481,2020-04-03 07:30:00,63.44,95.00
129P04481,2020-04-03 07:40:00,62.69,95.50
129P04481,2020-04-03 07:50:00,59.88,100.00
129P04481,2020-04-03 08:00:00,60.80,100.00
129P04481,2020-04-03 08:10:00,56.96,100.00
129P04481,2020-04-03 08:20:00,61.57,84.40
129P04481,2020-04-03 08:30:00,61.45,75.20
129P04481,2020-04-03 08:40:00,58.17,100.00
129P04481,2020-04-03 08:50:00,61.92,88.40
129P04481,2020-04-03 09:00:00,59.12,100.00
129P04481,2020-04-03 09:10:00,52.71,50.00
129P04481,2020-04-03 09:20:00,61.78,93.50
129P04481,2020-04-03 09:30:00,60.65,100.00
129P04481,2020-04-03 09:40:00,62.85,91.00
129P04481,2020-04-03 09:50:00,60.29,100.00
129P04481,2020-04-03 10:00:00,56.90,100.00
129P04481,2020-04-03 10:10:00,69.36,26.70
129P04481,2020-04-03 10:20:00,67.84,65.60
129P04481,2020-04-03 10:30:00,59.24,100.00
129P04481,2020-04-03 10:40:00,60.54,100.00
129P04481,2020-04-03 10:50:00,65.35,91.50
129P04481,2020-04-03 11:00:00,63.78,97.90
129P04481,2020-04-03 11:10:00,62.04,96.20
129P04481,2020-04-03 11:20:00,62.73,87.40
129P04481,2020-04-03 11:30:00,66.03,84.10
129P04481,2020-04-03 11:40:00,59.09,100.00
129P04481,2020-04-03 11:50:00,61.80,97.00
129P04481,2020-04-03 12:00:00,69.00,57.50
129P04481,2020-04-03 12:10:00,60.65,92.40
129P04481,2020-04-03 12:20:00,60.42,96.80
129P04481,2020-04-03 12:30:00,68.30,60.10
129P04481,2020-04-03 12:40:00,62.24,81.80
129P04481,2020-04-03 12:50:00,62.46,100.00
129P04481,2020-04-03 13:00:00,61.95,100.00
129P04481,2020-04-03 13:10:00,58.37,100.00
129P04481,2020-04-03 13:20:00,63.45,97.10
129P04481,2020-04-03 13:30:00,59.30,100.00
129P04481,2020-04-03 13:40:00,63.72,71.10
129P04481,2020-04-03 13:50:00,62.76,77.00
129P04481,2020-04-03 14:00:00,73.00,23.50
129P04481,2020-04-03 14:10:00,62.10,98.20
129P04481,2020-04-03 14:20:00,61.65,100.00
129P04481,2020-04-03 14:30:00,66.31,90.90
129P04481,2020-04-03 14:40:00,66.67,95.70
129P04481,2020-04-03 14:50:00,66.05,93.30
129P04481,2020-04-03 15:00:00,64.95,94.50
129P04481,2020-04-03 15:10:00,69.28,78.70
129P04481,2020-04-03 15:20:00,66.38,99.40
129P04481,2020-04-03 15:30:00,59.95,100.00
129P04481,2020-04-03 15:40:00,55.94,100.00
129P04481,2020-04-03 15:50:00,60.39,94.80
129P04481,2020-04-03 16:00:00,65.94,79.10
129P04481,2020-04-03 16:10:00,65.49,83.80
129P04481,2020-04-03 16:20:00,71.84,30.60
129P04481,2020-04-03 16:30:00,66.89,96.50
129P04481,2020-04-03 16:40:00,69.83,83.50
129P04481,2020-04-03 16:50:00,63.20,99.40
129P04481,2020-04-03 17:00:00,67.51,87.80
129P04481,2020-04-03 17:10:00,71.68,77.90
129P04481,2020-04-03 17:20:00,63.70,90.10
129P04481,2020-04-03 17:30:00,60.83,99.70
129P04481,2020-04-03 17:40:00,68.51,83.20
129P04481,2020-04-03 17:50:00,58.14,100.00
129P04481,2020-04-03 18:00:00,64.76,73.40
129P04481,2020-04-03 18:10:00,64.87,69.50
129P04481,2020-04-03 18:20:00,56.73,88.60
129P04481,2020-04-03 18:30:00,67.02,49.80
129P04481,2020-04-03 18:40:00,62.48,74.11
129P04481,2020-04-03 18:50:00,57.00,88.71
129P04481,2020-04-03 19:00:00,56.00,100.00
129P04481,2020-04-03 19:10:00,53.84,81.25
129P04481,2020-04-03 19:20:00,54.27,39.00
129P04481,2020-04-03 19:30:00,75.00,9.30
129P04481,2020-04-03 19:40:00,,
129P04481,2020-04-03 19:50:00,54.21,80.20
129P04481,2020-04-03 20:00:00,61.87,87.90
129P04481,2020-04-03 20:10:00,69.00,86.33
129P04481,2020-04-03 20:20:00,73.00,43.14
129P04481,2020-04-03 20:30:00,61.38,41.20
129P04481,2020-04-03 20:40:00,44.00,21.90
129P04481,2020-04-03 20:50:00,67.00,100.00
129P04481,2020-04-03 21:00:00,67.00,100.00
129P04481,2020-04-03 21:10:00,55.00,95.40
129P04481,2020-04-03 21:20:00,65.10,99.80
129P04481,2020-04-03 21:30:00,66.33,100.00
129P04481,2020-04-03 21:40:00,50.33,34.13
129P04481,2020-04-03 21:50:00,55.33,92.90
129P04481,2020-04-03 22:00:00,56.32,99.17
129P04481,2020-04-03 22:10:00,55.00,98.10
129P04481,2020-04-03 22:20:00,55.00,100.00
129P04481,2020-04-03 22:30:00,63.00,100.00
129P04481,2020-04-03 22:40:00,63.00,100.00
129P04481,2020-04-03 22:50:00,,
129P04481,2020-04-03 23:00:00,65.00,96.00
129P04481,2020-04-03 23:10:00,62.40,87.25
129P04481,2020-04-03 23:20:00,56.12,69.00
129P04481,2020-04-03 23:30:00,56.00,84.00
129P04481,2020-04-03 23:40:00,,
129P04481,2020-04-03 23:50:00,,
129P04480,2020-04-03 00:00:00,65.87,51.88
129P04480,2020-04-03 00:10:00,,
129P04480,2020-04-03 00:20:00,,
129P04480,2020-04-03 00:30:00,,
129P04480,2020-04-03 00:40:00,,
129P04480,2020-04-03 00:50:00,56.00,99.00
129P04480,2020-04-03 01:00:00,55.10,99.80
129P04480,2020-04-03 01:10:00,,
129P04480,2020-04-03 01:20:00,,
129P04480,2020-04-03 01:30:00,,
129P04480,2020-04-03 01:40:00,,
129P04480,2020-04-03 01:50:00,,
129P04480,2020-04-03 02:00:00,,
129P04480,2020-04-03 02:10:00,,
129P04480,2020-04-03 02:20:00,,
129P04480,2020-04-03 02:30:00,,
129P04480,2020-04-03 02:40:00,,
129P04480,2020-04-03 02:50:00,,
129P04480,2020-04-03 03:00:00,,
129P04480,2020-04-03 03:10:00,,
129P04480,2020-04-03 03:20:00,66.42,99.50
129P04480,2020-04-03 03:30:00,63.27,77.80
129P04480,2020-04-03 03:40:00,61.00,82.33
129P04480,2020-04-03 03:50:00,,
129P04480,2020-04-03 04:00:00,,
129P04480,2020-04-03 04:10:00,,
129P04480,2020-04-03 04:20:00,,
129P04480,2020-04-03 04:30:00,61.00,99.78
129P04480,2020-04-03 04:40:00,63.14,94.10
129P04480,2020-04-03 04:50:00,61.62,77.40
129P04480,2020-04-03 05:00:00,51.00,27.00
129P04480,2020-04-03 05:10:00,,
129P04480,2020-04-03 05:20:00,61.00,97.00
129P04480,2020-04-03 05:30:00,61.00,94.29
129P04480,2020-04-03 05:40:00,55.84,70.67
129P04480,2020-04-03 05:50:00,50.78,56.50
129P04480,2020-04-03 06:00:00,,
129P04480,2020-04-03 06:10:00,,
129P04480,2020-04-03 06:20:00,,
129P04480,2020-04-03 06:30:00,,
129P04480,2020-04-03 06:40:00,61.11,100.00
129P04480,2020-04-03 06:50:00,68.09,100.00
129P04480,2020-04-03 07:00:00,65.12,100.00
129P04480,2020-04-03 07:10:00,61.67,64.20
129P04480,2020-04-03 07:20:00,62.18,100.00
129P04480,2020-04-03 07:30:00,65.12,96.30
129P04480,2020-04-03 07:40:00,64.02,100.00
129P04480,2020-04-03 07:50:00,62.18,100.00
129P04480,2020-04-03 08:00:00,62.39,100.00
129P04480,2020-04-03 08:10:00,63.00,100.00
129P04480,2020-04-03 08:20:00,65.32,85.90
129P04480,2020-04-03 08:30:00,62.25,100.00
129P04480,2020-04-03 08:40:00,64.16,100.00
129P04480,2020-04-03 08:50:00,63.13,100.00
129P04480,2020-04-03 09:00:00,62.59,100.00
129P04480,2020-04-03 09:10:00,60.44,97.30
129P04480,2020-04-03 09:20:00,62.19,100.00
129P04480,2020-04-03 09:30:00,65.33,100.00
129P04480,2020-04-03 09:40:00,65.48,100.00
129P04480,2020-04-03 09:50:00,62.46,95.90
129P04480,2020-04-03 10:00:00,59.59,41.30
129P04480,2020-04-03 10:10:00,70.79,25.10
129P04480,2020-04-03 10:20:00,65.21,100.00
129P04480,2020-04-03 10:30:00,61.68,100.00
129P04480,2020-04-03 10:40:00,64.20,98.50
129P04480,2020-04-03 10:50:00,66.44,100.00
129P04480,2020-04-03 11:00:00,67.34,100.00
129P04480,2020-04-03 11:10:00,67.78,100.00
129P04480,2020-04-03 11:20:00,65.01,100.00
129P04480,2020-04-03 11:30:00,64.94,100.00
129P04480,2020-04-03 11:40:00,62.37,97.00
129P04480,2020-04-03 11:50:00,64.47,100.00
129P04480,2020-04-03 12:00:00,63.78,100.00
129P04480,2020-04-03 12:10:00,62.44,100.00
129P04480,2020-04-03 12:20:00,63.58,100.00
129P04480,2020-04-03 12:30:00,70.06,56.00
129P04480,2020-04-03 12:40:00,68.85,97.40
129P04480,2020-04-03 12:50:00,65.49,100.00
129P04480,2020-04-03 13:00:00,62.59,100.00
129P04480,2020-04-03 13:10:00,62.27,100.00
129P04480,2020-04-03 13:20:00,63.77,100.00
129P04480,2020-04-03 13:30:00,61.19,100.00
129P04480,2020-04-03 13:40:00,67.61,60.10
129P04480,2020-04-03 13:50:00,69.55,76.60
129P04480,2020-04-03 14:00:00,73.38,38.10
129P04480,2020-04-03 14:10:00,69.49,90.60
129P04480,2020-04-03 14:20:00,62.76,100.00
129P04480,2020-04-03 14:30:00,68.35,99.80
129P04480,2020-04-03 14:40:00,69.56,98.50
129P04480,2020-04-03 14:50:00,69.03,93.10
129P04480,2020-04-03 15:00:00,68.51,81.30
129P04480,2020-04-03 15:10:00,68.54,84.90
129P04480,2020-04-03 15:20:00,70.08,91.50
129P04480,2020-04-03 15:30:00,68.67,100.00
129P04480,2020-04-03 15:40:00,65.01,100.00
129P04480,2020-04-03 15:50:00,66.56,96.90
129P04480,2020-04-03 16:00:00,68.75,96.30
129P04480,2020-04-03 16:10:00,65.75,100.00
129P04480,2020-04-03 16:20:00,69.61,58.90
129P04480,2020-04-03 16:30:00,62.29,100.00
129P04480,2020-04-03 16:40:00,66.37,100.00
129P04480,2020-04-03 16:50:00,67.00,98.80
129P04480,2020-04-03 17:00:00,67.88,64.60
129P04480,2020-04-03 17:10:00,67.07,89.30
129P04480,2020-04-03 17:20:00,69.24,88.90
129P04480,2020-04-03 17:30:00,69.19,100.00
129P04480,2020-04-03 17:40:00,67.08,98.90
129P04480,2020-04-03 17:50:00,64.59,100.00
129P04480,2020-04-03 18:00:00,70.31,76.70
129P04480,2020-04-03 18:10:00,65.88,97.70
129P04480,2020-04-03 18:20:00,65.20,90.00
129P04480,2020-04-03 18:30:00,70.79,79.50
129P04480,2020-04-03 18:40:00,61.01,44.90
129P04480,2020-04-03 18:50:00,62.35,100.00
129P04480,2020-04-03 19:00:00,65.19,100.00
129P04480,2020-04-03 19:10:00,66.15,100.00
129P04480,2020-04-03 19:20:00,67.75,70.00
129P04480,2020-04-03 19:30:00,73.00,40.33
129P04480,2020-04-03 19:40:00,65.72,45.67
129P04480,2020-04-03 19:50:00,56.59,14.70
129P04480,2020-04-03 20:00:00,63.90,94.80
129P04480,2020-04-03 20:10:00,67.00,100.00
129P04480,2020-04-03 20:20:00,73.00,36.63
129P04480,2020-04-03 20:30:00,73.00,45.20
129P04480,2020-04-03 20:40:00,73.00,100.00
129P04480,2020-04-03 20:50:00,63.00,33.30
129P04480,2020-04-03 21:00:00,63.00,74.50
129P04480,2020-04-03 21:10:00,57.60,63.63
129P04480,2020-04-03 21:20:00,61.00,100.00
129P04480,2020-04-03 21:30:00,57.67,74.00
129P04480,2020-04-03 21:40:00,52.20,31.50
129P04480,2020-04-03 21:50:00,64.35,98.30
129P04480,2020-04-03 22:00:00,67.50,100.00
129P04480,2020-04-03 22:10:00,,
129P04480,2020-04-03 22:20:00,,
129P04480,2020-04-03 22:30:00,61.00,100.00
129P04480,2020-04-03 22:40:00,61.00,100.00
129P04480,2020-04-03 22:50:00,,
129P04480,2020-04-03 23:00:00,66.68,66.13
129P04480,2020-04-03 23:10:00,67.08,70.38
129P04480,2020-04-03 23:20:00,50.00,39.20
129P04480,2020-04-03 23:30:00,50.00,49.00
129P04480,2020-04-03 23:40:00,,
129P04480,2020-04-03 23:50:00,,
129P04407,2020-04-03 00:00:00,60.09,89.14
129P04407,2020-04-03 00:10:00,61.00,77.00
129P04407,2020-04-03 00:20:00,65.39,98.13
129P04407,2020-04-03 00:30:00,67.00,97.75
129P04407,2020-04-03 00:40:00,,
129P04407,2020-04-03 00:50:00,,
129P04407,2020-04-03 01:00:00,,
129P04407,2020-04-03 01:10:00,,
129P04407,2020-04-03 01:20:00,,
129P04407,2020-04-03 01:30:00,,
129P04407,2020-04-03 01:40:00,,
129P04407,2020-04-03 01:50:00,,
129P04407,2020-04-03 02:00:00,,
129P04407,2020-04-03 02:10:00,,
129P04407,2020-04-03 02:20:00,,
129P04407,2020-04-03 02:30:00,51.58,82.75
129P04407,2020-04-03 02:40:00,59.46,81.00
129P04407,2020-04-03 02:50:00,56.00,97.75
129P04407,2020-04-03 03:00:00,67.42,45.89
129P04407,2020-04-03 03:10:00,69.00,49.50
129P04407,2020-04-03 03:20:00,,
129P04407,2020-04-03 03:30:00,,
129P04407,2020-04-03 03:40:00,,
129P04407,2020-04-03 03:50:00,,
129P04407,2020-04-03 04:00:00,,
129P04407,2020-04-03 04:10:00,,
129P04407,2020-04-03 04:20:00,,
129P04407,2020-04-03 04:30:00,,
129P04407,2020-04-03 04:40:00,,
129P04407,2020-04-03 04:50:00,,
129P04407,2020-04-03 05:00:00,58.11,99.50
129P04407,2020-04-03 05:10:00,57.00,99.83
129P04407,2020-04-03 05:20:00,,
129P04407,2020-04-03 05:30:00,57.66,98.43
129P04407,2020-04-03 05:40:00,57.00,99.17
129P04407,2020-04-03 05:50:00,61.61,95.67
129P04407,2020-04-03 06:00:00,68.11,54.56
129P04407,2020-04-03 06:10:00,73.41,52.30
129P04407,2020-04-03 06:20:00,63.60,99.00
129P04407,2020-04-03 06:30:00,63.58,100.00
129P04407,2020-04-03 06:40:00,57.99,67.80
129P04407,2020-04-03 06:50:00,60.16,94.00
129P04407,2020-04-03 07:00:00,73.98,58.50
129P04407,2020-04-03 07:10:00,63.12,84.20
129P04407,2020-04-03 07:20:00,62.75,100.00
129P04407,2020-04-03 07:30:00,60.36,73.40
129P04407,2020-04-03 07:40:00,62.41,100.00
129P04407,2020-04-03 07:50:00,62.11,100.00
129P04407,2020-04-03 08:00:00,59.77,100.00
129P04407,2020-04-03 08:10:00,61.03,92.50
129P04407,2020-04-03 08:20:00,65.50,100.00
129P04407,2020-04-03 08:30:00,63.98,100.00
129P04407,2020-04-03 08:40:00,66.09,90.00
129P04407,2020-04-03 08:50:00,66.75,83.50
129P04407,2020-04-03 09:00:00,62.93,91.50
129P04407,2020-04-03 09:10:00,61.52,100.00
129P04407,2020-04-03 09:20:00,61.72,100.00
129P04407,2020-04-03 09:30:00,62.17,100.00
129P04407,2020-04-03 09:40:00,61.78,100.00
129P04407,2020-04-03 09:50:00,66.37,94.10
129P04407,2020-04-03 10:00:00,62.17,100.00
129P04407,2020-04-03 10:10:00,62.18,100.00
129P04407,2020-04-03 10:20:00,58.90,100.00
129P04407,2020-04-03 10:30:00,68.21,81.00
129P04407,2020-04-03 10:40:00,64.58,96.20
129P04407,2020-04-03 10:50:00,64.02,83.80
129P04407,2020-04-03 11:00:00,61.24,89.90
129P04407,2020-04-03 11:10:00,64.14,94.80
129P04407,2020-04-03 11:20:00,62.58,100.00
129P04407,2020-04-03 11:30:00,66.67,94.10
129P04407,2020-04-03 11:40:00,68.40,65.60
129P04407,2020-04-03 11:50:00,60.58,100.00
129P04407,2020-04-03 12:00:00,62.59,100.00
129P04407,2020-04-03 12:10:00,61.98,100.00
129P04407,2020-04-03 12:20:00,61.00,100.00
129P04407,2020-04-03 12:30:00,60.59,100.00
129P04407,2020-04-03 12:40:00,63.65,89.70
129P04407,2020-04-03 12:50:00,63.71,93.90
129P04407,2020-04-03 13:00:00,64.33,90.40
129P04407,2020-04-03 13:10:00,61.39,100.00
129P04407,2020-04-03 13:20:00,63.33,100.00
129P04407,2020-04-03 13:30:00,66.79,99.10
129P04407,2020-04-03 13:40:00,58.19,100.00
129P04407,2020-04-03 13:50:00,61.42,91.80
129P04407,2020-04-03 14:00:00,63.93,94.20
129P04407,2020-04-03 14:10:00,64.58,100.00
129P04407,2020-04-03 14:20:00,68.16,86.40
129P04407,2020-04-03 14:30:00,65.00,100.00
129P04407,2020-04-03 14:40:00,62.37,100.00
129P04407,2020-04-03 14:50:00,62.78,100.00
129P04407,2020-04-03 15:00:00,64.96,100.00
129P04407,2020-04-03 15:10:00,64.36,100.00
129P04407,2020-04-03 15:20:00,66.90,100.00
129P04407,2020-04-03 15:30:00,73.17,34.30
129P04407,2020-04-03 15:40:00,68.60,78.70
129P04407,2020-04-03 15:50:00,67.07,99.80
129P04407,2020-04-03 16:00:00,65.88,99.10
129P04407,2020-04-03 16:10:00,67.20,96.90
129P04407,2020-04-03 16:20:00,68.59,99.40
129P04407,2020-04-03 16:30:00,66.10,99.60
129P04407,2020-04-03 16:40:00,64.34,100.00
129P04407,2020-04-03 16:50:00,67.35,99.20
129P04407,2020-04-03 17:00:00,67.05,94.30
129P04407,2020-04-03 17:10:00,64.33,100.00
129P04407,2020-04-03 17:20:00,68.19,85.70
129P04407,2020-04-03 17:30:00,70.94,78.20
129P04407,2020-04-03 17:40:00,65.17,100.00
129P04407,2020-04-03 17:50:00,65.58,100.00
129P04407,2020-04-03 18:00:00,72.11,79.60
129P04407,2020-04-03 18:10:00,69.14,95.90
129P04407,2020-04-03 18:20:00,66.16,100.00
129P04407,2020-04-03 18:30:00,70.59,68.90
129P04407,2020-04-03 18:40:00,65.49,99.10
129P04407,2020-04-03 18:50:00,63.58,100.00
129P04407,2020-04-03 19:00:00,66.78,100.00
129P04407,2020-04-03 19:10:00,62.90,88.70
129P04407,2020-04-03 19:20:00,58.17,43.70
129P04407,2020-04-03 19:30:00,61.93,91.20
129P04407,2020-04-03 19:40:00,63.00,100.00
129P04407,2020-04-03 19:50:00,61.65,100.00
129P04407,2020-04-03 20:00:00,,
129P04407,2020-04-03 20:10:00,55.59,59.75
129P04407,2020-04-03 20:20:00,58.97,75.90
129P04407,2020-04-03 20:30:00,65.41,100.00
129P04407,2020-04-03 20:40:00,67.85,100.00
129P04407,2020-04-03 20:50:00,66.17,100.00
129P04407,2020-04-03 21:00:00,57.69,70.00
129P04407,2020-04-03 21:10:00,62.07,100.00
129P04407,2020-04-03 21:20:00,61.45,100.00
129P04407,2020-04-03 21:30:00,,
129P04407,2020-04-03 21:40:00,,
129P04407,2020-04-03 21:50:00,,
129P04407,2020-04-03 22:00:00,,
129P04407,2020-04-03 22:10:00,,
129P04407,2020-04-03 22:20:00,,
129P04407,2020-04-03 22:30:00,,
129P04407,2020-04-03 22:40:00,,
129P04407,2020-04-03 22:50:00,75.33,87.00
129P04407,2020-04-03 23:00:00,77.00,97.67
129P04407,2020-04-03 23:10:00,65.49,60.00
129P04407,2020-04-03 23:20:00,65.64,42.00
129P04407,2020-04-03 23:30:00,61.84,50.50
129P04407,2020-04-03 23:40:00,65.00,93.25
129P04407,2020-04-03 23:50:00,,
129+04751,2020-04-03 00:00:00,57.12,66.14
129+04751,2020-04-03 00:10:00,37.33,53.50
129+04751,2020-04-03 00:20:00,28.00,60.75
129+04751,2020-04-03 00:30:00,40.13,94.30
129+04751,2020-04-03 00:40:00,45.00,100.00
129+04751,2020-04-03 00:50:00,,
129+04751,2020-04-03 01:00:00,,
129+04751,2020-04-03 01:10:00,,
129+04751,2020-04-03 01:20:00,,
129+04751,2020-04-03 01:30:00,,
129+04751,2020-04-03 01:40:00,,
129+04751,2020-04-03 01:50:00,,
129+04751,2020-04-03 02:00:00,,
129+04751,2020-04-03 02:10:00,,
129+04751,2020-04-03 02:20:00,,
129+04751,2020-04-03 02:30:00,37.00,100.00
129+04751,2020-04-03 02:40:00,37.00,100.00
129+04751,2020-04-03 02:50:00,,
129+04751,2020-04-03 03:00:00,,
129+04751,2020-04-03 03:10:00,33.12,99.00
129+04751,2020-04-03 03:20:00,35.30,95.50
129+04751,2020-04-03 03:30:00,42.00,94.33
129+04751,2020-04-03 03:40:00,,
129+04751,2020-04-03 03:50:00,,
129+04751,2020-04-03 04:00:00,,
129+04751,2020-04-03 04:10:00,,
129+04751,2020-04-03 04:20:00,,
129+04751,2020-04-03 04:30:00,40.93,62.00
129+04751,2020-04-03 04:40:00,37.00,99.80
129+04751,2020-04-03 04:50:00,39.00,97.75
129+04751,2020-04-03 05:00:00,45.80,87.50
129+04751,2020-04-03 05:10:00,46.00,94.00
129+04751,2020-04-03 05:20:00,,
129+04751,2020-04-03 05:30:00,,
129+04751,2020-04-03 05:40:00,46.00,91.00
129+04751,2020-04-03 05:50:00,42.95,97.50
129+04751,2020-04-03 06:00:00,36.28,88.89
129+04751,2020-04-03 06:10:00,32.00,88.40
129+04751,2020-04-03 06:20:00,29.00,82.50
129+04751,2020-04-03 06:30:00,31.51,84.80
129+04751,2020-04-03 06:40:00,45.33,100.00
129+04751,2020-04-03 06:50:00,46.36,100.00
129+04751,2020-04-03 07:00:00,39.79,100.00
129+04751,2020-04-03 07:10:00,34.12,58.60
129+04751,2020-04-03 07:20:00,38.13,100.00
129+04751,2020-04-03 07:30:00,40.11,100.00
129+04751,2020-04-03 07:40:00,40.67,100.00
129+04751,2020-04-03 07:50:00,39.66,94.20
129+04751,2020-04-03 08:00:00,44.67,100.00
129+04751,2020-04-03 08:10:00,47.33,55.30
129+04751,2020-04-03 08:20:00,50.66,41.90
129+04751,2020-04-03 08:30:00,50.89,62.90
129+04751,2020-04-03 08:40:00,49.31,98.00
129+04751,2020-04-03 08:50:00,45.56,98.90
129+04751,2020-04-03 09:00:00,43.07,97.80
129+04751,2020-04-03 09:10:00,47.70,96.10
129+04751,2020-04-03 09:20:00,38.07,98.30
129+04751,2020-04-03 09:30:00,40.76,100.00
129+04751,2020-04-03 09:40:00,45.40,97.00
129+04751,2020-04-03 09:50:00,40.13,100.00
129+04751,2020-04-03 10:00:00,44.28,74.00
129+04751,2020-04-03 10:10:00,41.43,98.30
129+04751,2020-04-03 10:20:00,40.75,100.00
129+04751,2020-04-03 10:30:00,44.14,95.00
129+04751,2020-04-03 10:40:00,41.34,83.40
129+04751,2020-04-03 10:50:00,40.67,89.50
129+04751,2020-04-03 11:00:00,40.87,96.30
129+04751,2020-04-03 11:10:00,47.18,97.20
129+04751,2020-04-03 11:20:00,42.80,99.30
129+04751,2020-04-03 11:30:00,41.03,98.10
129+04751,2020-04-03 11:40:00,45.18,85.70
129+04751,2020-04-03 11:50:00,43.63,91.40
129+04751,2020-04-03 12:00:00,40.06,92.00
129+04751,2020-04-03 12:10:00,40.62,95.80
129+04751,2020-04-03 12:20:00,39.24,91.80
129+04751,2020-04-03 12:30:00,40.17,74.20
129+04751,2020-04-03 12:40:00,42.98,67.70
129+04751,2020-04-03 12:50:00,36.79,99.10
129+04751,2020-04-03 13:00:00,41.51,81.40
129+04751,2020-04-03 13:10:00,42.27,79.10
129+04751,2020-04-03 13:20:00,41.49,99.50
129+04751,2020-04-03 13:30:00,42.51,93.50
129+04751,2020-04-03 13:40:00,45.98,100.00
129+04751,2020-04-03 13:50:00,47.77,81.60
129+04751,2020-04-03 14:00:00,44.03,78.20
129+04751,2020-04-03 14:10:00,40.95,87.90
129+04751,2020-04-03 14:20:00,42.55,79.70
129+04751,2020-04-03 14:30:00,41.77,94.30
129+04751,2020-04-03 14:40:00,42.39,99.50
129+04751,2020-04-03 14:50:00,47.96,86.70
129+04751,2020-04-03 15:00:00,45.72,87.30
129+04751,2020-04-03 15:10:00,39.51,62.50
129+04751,2020-04-03 15:20:00,37.38,54.80
129+04751,2020-04-03 15:30:00,35.34,79.80
129+04751,2020-04-03 15:40:00,41.02,46.60
129+04751,2020-04-03 15:50:00,46.94,63.50
129+04751,2020-04-03 16:00:00,46.24,89.20
129+04751,2020-04-03 16:10:00,46.75,76.40
129+04751,2020-04-03 16:20:00,50.70,70.90
129+04751,2020-04-03 16:30:00,43.68,72.80
129+04751,2020-04-03 16:40:00,45.87,91.60
129+04751,2020-04-03 16:50:00,46.44,76.80
129+04751,2020-04-03 17:00:00,41.53,76.40
129+04751,2020-04-03 17:10:00,38.96,83.80
129+04751,2020-04-03 17:20:00,42.36,82.30
129+04751,2020-04-03 17:30:00,43.15,86.80
129+04751,2020-04-03 17:40:00,47.39,74.40
129+04751,2020-04-03 17:50:00,47.98,69.70
129+04751,2020-04-03 18:00:00,46.13,90.70
129+04751,2020-04-03 18:10:00,46.18,94.30
129+04751,2020-04-03 18:20:00,49.04,82.30
129+04751,2020-04-03 18:30:00,48.11,74.20
129+04751,2020-04-03 18:40:00,43.00,99.40
129+04751,2020-04-03 18:50:00,41.23,91.20
129+04751,2020-04-03 19:00:00,30.21,100.00
129+04751,2020-04-03 19:10:00,40.98,100.00
129+04751,2020-04-03 19:20:00,44.00,100.00
129+04751,2020-04-03 19:30:00,43.69,100.00
129+04751,2020-04-03 19:40:00,44.69,96.40
129+04751,2020-04-03 19:50:00,44.07,68.40
129+04751,2020-04-03 20:00:00,41.62,58.00
129+04751,2020-04-03 20:10:00,51.47,50.67
129+04751,2020-04-03 20:20:00,59.00,33.50
129+04751,2020-04-03 20:30:00,,
129+04751,2020-04-03 20:40:00,49.31,99.14
129+04751,2020-04-03 20:50:00,47.70,100.00
129+04751,2020-04-03 21:00:00,36.95,92.60
129+04751,2020-04-03 21:10:00,42.83,88.80
129+04751,2020-04-03 21:20:00,38.58,100.00
129+04751,2020-04-03 21:30:00,43.19,87.67
129+04751,2020-04-03 21:40:00,48.00,78.00
129+04751,2020-04-03 21:50:00,48.00,72.33
129+04751,2020-04-03 22:00:00,44.31,81.25
129+04751,2020-04-03 22:10:00,,
129+04751,2020-04-03 22:20:00,36.16,100.00
129+04751,2020-04-03 22:30:00,40.19,100.00
129+04751,2020-04-03 22:40:00,40.00,100.00
129+04751,2020-04-03 22:50:00,49.40,60.67
129+04751,2020-04-03 23:00:00,55.00,60.60
129+04751,2020-04-03 23:10:00,36.64,67.80
129+04751,2020-04-03 23:20:00,34.12,75.38
129+04751,2020-04-03 23:30:00,35.00,86.00
129+04751,2020-04-03 23:40:00,,
129+04751,2020-04-03 23:50:00,49.90,39.60
129+04752,2020-04-03 00:00:00,48.22,21.75
129+04752,2020-04-03 00:10:00,,
129+04752,2020-04-03 00:20:00,,
129+04752,2020-04-03 00:30:00,44.00,84.75
129+04752,2020-04-03 00:40:00,44.00,98.50
129+04752,2020-04-03 00:50:00,,
129+04752,2020-04-03 01:00:00,,
129+04752,2020-04-03 01:10:00,,
129+04752,2020-04-03 01:20:00,,
129+04752,2020-04-03 01:30:00,,
129+04752,2020-04-03 01:40:00,,
129+04752,2020-04-03 01:50:00,,
129+04752,2020-04-03 02:00:00,,
129+04752,2020-04-03 02:10:00,,
129+04752,2020-04-03 02:20:00,,
129+04752,2020-04-03 02:30:00,,
129+04752,2020-04-03 02:40:00,,
129+04752,2020-04-03 02:50:00,,
129+04752,2020-04-03 03:00:00,,
129+04752,2020-04-03 03:10:00,,
129+04752,2020-04-03 03:20:00,26.00,100.00
129+04752,2020-04-03 03:30:00,26.00,100.00
129+04752,2020-04-03 03:40:00,,
129+04752,2020-04-03 03:50:00,,
129+04752,2020-04-03 04:00:00,,
129+04752,2020-04-03 04:10:00,,
129+04752,2020-04-03 04:20:00,,
129+04752,2020-04-03 04:30:00,41.00,
129+04752,2020-04-03 04:40:00,41.00,100.00
129+04752,2020-04-03 04:50:00,41.00,100.00
129+04752,2020-04-03 05:00:00,,
129+04752,2020-04-03 05:10:00,,
129+04752,2020-04-03 05:20:00,,
129+04752,2020-04-03 05:30:00,,
129+04752,2020-04-03 05:40:00,,
129+04752,2020-04-03 05:50:00,41.02,81.25
129+04752,2020-04-03 06:00:00,43.00,98.80
129+04752,2020-04-03 06:10:00,,
129+04752,2020-04-03 06:20:00,,
129+04752,2020-04-03 06:30:00,37.57,100.00
129+04752,2020-04-03 06:40:00,34.35,100.00
129+04752,2020-04-03 06:50:00,43.37,62.70
129+04752,2020-04-03 07:00:00,37.41,78.70
129+04752,2020-04-03 07:10:00,36.72,97.10
129+04752,2020-04-03 07:20:00,32.36,100.00
129+04752,2020-04-03 07:30:00,35.28,100.00
129+04752,2020-04-03 07:40:00,33.90,100.00
129+04752,2020-04-03 07:50:00,36.13,82.20
129+04752,2020-04-03 08:00:00,37.26,76.30
129+04752,2020-04-03 08:10:00,37.02,68.80
129+04752,2020-04-03 08:20:00,43.56,45.40
129+04752,2020-04-03 08:30:00,40.42,80.10
129+04752,2020-04-03 08:40:00,42.14,89.80
129+04752,2020-04-03 08:50:00,39.03,92.10
129+04752,2020-04-03 09:00:00,32.57,95.70
129+04752,2020-04-03 09:10:00,34.00,100.00
129+04752,2020-04-03 09:20:00,30.05,100.00
129+04752,2020-04-03 09:30:00,30.45,100.00
129+04752,2020-04-03 09:40:00,36.12,74.40
129+04752,2020-04-03 09:50:00,34.79,91.57
129+04752,2020-04-03 10:00:00,31.66,98.70
129+04752,2020-04-03 10:10:00,30.84,100.00
129+04752,2020-04-03 10:20:00,32.98,91.00
129+04752,2020-04-03 10:30:00,30.27,100.00
129+04752,2020-04-03 10:40:00,35.97,73.33
129+04752,2020-04-03 10:50:00,42.54,32.44
129+04752,2020-04-03 11:00:00,36.96,86.00
129+04752,2020-04-03 11:10:00,38.99,85.20
129+04752,2020-04-03 11:20:00,34.08,99.50
129+04752,2020-04-03 11:30:00,39.05,93.70
129+04752,2020-04-03 11:40:00,37.46,96.90
129+04752,2020-04-03 11:50:00,34.56,86.30
129+04752,2020-04-03 12:00:00,29.92,98.10
129+04752,2020-04-03 12:10:00,35.41,94.10
129+04752,2020-04-03 12:20:00,33.05,85.50
129+04752,2020-04-03 12:30:00,36.73,80.80
129+04752,2020-04-03 12:40:00,29.50,94.90
129+04752,2020-04-03 12:50:00,32.86,66.20
129+04752,2020-04-03 13:00:00,36.51,73.00
129+04752,2020-04-03 13:10:00,32.98,94.70
129+04752,2020-04-03 13:20:00,32.25,95.90
129+04752,2020-04-03 13:30:00,32.04,95.33
129+04752,2020-04-03 13:40:00,33.92,99.50
129+04752,2020-04-03 13:50:00,37.67,77.80
129+04752,2020-04-03 14:00:00,29.48,75.90
129+04752,2020-04-03 14:10:00,32.98,95.00
129+04752,2020-04-03 14:20:00,32.89,93.40
129+04752,2020-04-03 14:30:00,34.34,90.90
129+04752,2020-04-03 14:40:00,34.37,94.40
129+04752,2020-04-03 14:50:00,31.31,85.40
129+04752,2020-04-03 15:00:00,34.04,88.80
129+04752,2020-04-03 15:10:00,34.55,80.80
129+04752,2020-04-03 15:20:00,28.51,61.10
129+04752,2020-04-03 15:30:00,30.67,96.90
129+04752,2020-04-03 15:40:00,34.50,73.80
129+04752,2020-04-03 15:50:00,34.91,84.30
129+04752,2020-04-03 16:00:00,38.22,77.60
129+04752,2020-04-03 16:10:00,32.92,53.60
129+04752,2020-04-03 16:20:00,33.61,93.10
129+04752,2020-04-03 16:30:00,35.57,91.50
129+04752,2020-04-03 16:40:00,30.82,94.10
129+04752,2020-04-03 16:50:00,32.27,96.78
129+04752,2020-04-03 17:00:00,34.54,75.20
129+04752,2020-04-03 17:10:00,24.26,75.50
129+04752,2020-04-03 17:20:00,33.54,74.50
129+04752,2020-04-03 17:30:00,36.49,65.00
129+04752,2020-04-03 17:40:00,39.76,56.30
129+04752,2020-04-03 17:50:00,39.49,70.10
129+04752,2020-04-03 18:00:00,34.31,85.60
129+04752,2020-04-03 18:10:00,36.32,84.40
129+04752,2020-04-03 18:20:00,35.77,97.10
129+04752,2020-04-03 18:30:00,36.05,97.90
129+04752,2020-04-03 18:40:00,36.80,95.60
129+04752,2020-04-03 18:50:00,34.89,98.00
129+04752,2020-04-03 19:00:00,39.53,54.00
129+04752,2020-04-03 19:10:00,38.17,93.80
129+04752,2020-04-03 19:20:00,37.00,100.00
129+04752,2020-04-03 19:30:00,32.90,94.50
129+04752,2020-04-03 19:40:00,36.05,96.50
129+04752,2020-04-03 19:50:00,35.39,95.00
129+04752,2020-04-03 20:00:00,,
129+04752,2020-04-03 20:10:00,39.00,89.50
129+04752,2020-04-03 20:20:00,39.00,88.80
129+04752,2020-04-03 20:30:00,39.00,91.00
129+04752,2020-04-03 20:40:00,39.00,90.80
129+04752,2020-04-03 20:50:00,39.00,97.00
129+04752,2020-04-03 21:00:00,30.86,100.00
129+04752,2020-04-03 21:10:00,33.56,98.00
129+04752,2020-04-03 21:20:00,36.00,86.50
129+04752,2020-04-03 21:30:00,44.00,57.00
129+04752,2020-04-03 21:40:00,44.00,50.88
129+04752,2020-04-03 21:50:00,38.00,99.33
129+04752,2020-04-03 22:00:00,38.00,99.89
129+04752,2020-04-03 22:10:00,,
129+04752,2020-04-03 22:20:00,29.00,100.00
129+04752,2020-04-03 22:30:00,25.69,82.70
129+04752,2020-04-03 22:40:00,24.00,68.00
129+04752,2020-04-03 22:50:00,34.00,100.00
129+04752,2020-04-03 23:00:00,34.00,85.80
129+04752,2020-04-03 23:10:00,35.74,76.75
129+04752,2020-04-03 23:20:00,36.00,85.80
129+04752,2020-04-03 23:30:00,,
129+04752,2020-04-03 23:40:00,,
129+04752,2020-04-03 23:50:00,44.00,56.67
129P04406,2020-04-03 00:00:00,61.86,81.57
129P04406,2020-04-03 00:10:00,60.63,80.11
129P04406,2020-04-03 00:20:00,70.00,90.13
129P04406,2020-04-03 00:30:00,70.00,90.00
129P04406,2020-04-03 00:40:00,,
129P04406,2020-04-03 00:50:00,,
129P04406,2020-04-03 01:00:00,,
129P04406,2020-04-03 01:10:00,,
129P04406,2020-04-03 01:20:00,,
129P04406,2020-04-03 01:30:00,,
129P04406,2020-04-03 01:40:00,,
129P04406,2020-04-03 01:50:00,,
129P04406,2020-04-03 02:00:00,,
129P04406,2020-04-03 02:10:00,,
129P04406,2020-04-03 02:20:00,,
129P04406,2020-04-03 02:30:00,54.23,91.63
129P04406,2020-04-03 02:40:00,59.40,87.20
129P04406,2020-04-03 02:50:00,60.00,97.00
129P04406,2020-04-03 03:00:00,63.00,94.44
129P04406,2020-04-03 03:10:00,63.00,96.00
129P04406,2020-04-03 03:20:00,,
129P04406,2020-04-03 03:30:00,,
129P04406,2020-04-03 03:40:00,,
129P04406,2020-04-03 03:50:00,,
129P04406,2020-04-03 04:00:00,,
129P04406,2020-04-03 04:10:00,,
129P04406,2020-04-03 04:20:00,,
129P04406,2020-04-03 04:30:00,,
129P04406,2020-04-03 04:40:00,,
129P04406,2020-04-03 04:50:00,,
129P04406,2020-04-03 05:00:00,56.00,100.00
129P04406,2020-04-03 05:10:00,56.00,100.00
129P04406,2020-04-03 05:20:00,,
129P04406,2020-04-03 05:30:00,58.00,98.71
129P04406,2020-04-03 05:40:00,58.00,99.40
129P04406,2020-04-03 05:50:00,57.00,100.00
129P04406,2020-04-03 06:00:00,64.15,59.90
129P04406,2020-04-03 06:10:00,67.55,53.40
129P04406,2020-04-03 06:20:00,67.72,76.60
129P04406,2020-04-03 06:30:00,66.89,89.00
129P04406,2020-04-03 06:40:00,57.07,59.40
129P04406,2020-04-03 06:50:00,65.28,76.10
129P04406,2020-04-03 07:00:00,72.08,76.50
129P04406,2020-04-03 07:10:00,63.20,79.10
129P04406,2020-04-03 07:20:00,63.74,96.40
129P04406,2020-04-03 07:30:00,58.15,58.90
129P04406,2020-04-03 07:40:00,64.36,100.00
129P04406,2020-04-03 07:50:00,62.14,100.00
129P04406,2020-04-03 08:00:00,59.55,100.00
129P04406,2020-04-03 08:10:00,59.68,100.00
129P04406,2020-04-03 08:20:00,59.52,100.00
129P04406,2020-04-03 08:30:00,61.86,100.00
129P04406,2020-04-03 08:40:00,66.00,65.90
129P04406,2020-04-03 08:50:00,66.68,64.50
129P04406,2020-04-03 09:00:00,60.95,85.90
129P04406,2020-04-03 09:10:00,61.93,100.00
129P04406,2020-04-03 09:20:00,60.43,100.00
129P04406,2020-04-03 09:30:00,60.38,100.00
129P04406,2020-04-03 09:40:00,57.30,77.50
129P04406,2020-04-03 09:50:00,63.63,87.80
129P04406,2020-04-03 10:00:00,62.30,100.00
129P04406,2020-04-03 10:10:00,59.12,100.00
129P04406,2020-04-03 10:20:00,60.02,100.00
129P04406,2020-04-03 10:30:00,67.92,66.00
129P04406,2020-04-03 10:40:00,64.11,100.00
129P04406,2020-04-03 10:50:00,65.96,100.00
129P04406,2020-04-03 11:00:00,63.66,89.40
129P04406,2020-04-03 11:10:00,63.83,96.40
129P04406,2020-04-03 11:20:00,62.56,100.00
129P04406,2020-04-03 11:30:00,61.92,93.30
129P04406,2020-04-03 11:40:00,68.37,60.00
129P04406,2020-04-03 11:50:00,62.67,100.00
129P04406,2020-04-03 12:00:00,62.80,100.00
129P04406,2020-04-03 12:10:00,63.68,100.00
129P04406,2020-04-03 12:20:00,63.85,100.00
129P04406,2020-04-03 12:30:00,63.79,100.00
129P04406,2020-04-03 12:40:00,67.75,69.30
129P04406,2020-04-03 12:50:00,66.79,97.70
129P04406,2020-04-03 13:00:00,65.08,95.60
129P04406,2020-04-03 13:10:00,62.89,100.00
129P04406,2020-04-03 13:20:00,64.95,95.60
129P04406,2020-04-03 13:30:00,65.87,100.00
129P04406,2020-04-03 13:40:00,62.68,100.00
129P04406,2020-04-03 13:50:00,66.52,74.70
129P04406,2020-04-03 14:00:00,69.64,64.70
129P04406,2020-04-03 14:10:00,66.09,100.00
129P04406,2020-04-03 14:20:00,67.49,100.00
129P04406,2020-04-03 14:30:00,67.29,100.00
129P04406,2020-04-03 14:40:00,65.44,99.20
129P04406,2020-04-03 14:50:00,64.48,100.00
129P04406,2020-04-03 15:00:00,65.15,100.00
129P04406,2020-04-03 15:10:00,62.80,100.00
129P04406,2020-04-03 15:20:00,65.73,94.60
129P04406,2020-04-03 15:30:00,73.13,31.00
129P04406,2020-04-03 15:40:00,71.40,67.00
129P04406,2020-04-03 15:50:00,67.44,100.00
129P04406,2020-04-03 16:00:00,68.36,96.50
129P04406,2020-04-03 16:10:00,68.02,96.90
129P04406,2020-04-03 16:20:00,67.38,100.00
129P04406,2020-04-03 16:30:00,65.97,100.00
129P04406,2020-04-03 16:40:00,67.98,97.30
129P04406,2020-04-03 16:50:00,66.47,99.40
129P04406,2020-04-03 17:00:00,67.89,98.50
129P04406,2020-04-03 17:10:00,67.68,96.70
129P04406,2020-04-03 17:20:00,68.96,82.30
129P04406,2020-04-03 17:30:00,70.57,86.20
129P04406,2020-04-03 17:40:00,66.99,100.00
129P04406,2020-04-03 17:50:00,64.38,100.00
129P04406,2020-04-03 18:00:00,68.03,82.20
129P04406,2020-04-03 18:10:00,66.83,94.40
129P04406,2020-04-03 18:20:00,68.53,95.70
129P04406,2020-04-03 18:30:00,74.83,39.00
129P04406,2020-04-03 18:40:00,69.86,96.60
129P04406,2020-04-03 18:50:00,69.20,100.00
129P04406,2020-04-03 19:00:00,68.49,100.00
129P04406,2020-04-03 19:10:00,62.04,100.00
129P04406,2020-04-03 19:20:00,58.46,65.00
129P04406,2020-04-03 19:30:00,60.22,91.70
129P04406,2020-04-03 19:40:00,63.29,100.00
129P04406,2020-04-03 19:50:00,65.00,100.00
129P04406,2020-04-03 20:00:00,54.20,70.56
129P04406,2020-04-03 20:10:00,52.01,77.50
129P04406,2020-04-03 20:20:00,55.14,81.20
129P04406,2020-04-03 20:30:00,61.12,100.00
129P04406,2020-04-03 20:40:00,61.69,86.00
129P04406,2020-04-03 20:50:00,63.81,100.00
129P04406,2020-04-03 21:00:00,56.30,100.00
129P04406,2020-04-03 21:10:00,65.10,100.00
129P04406,2020-04-03 21:20:00,64.32,100.00
129P04406,2020-04-03 21:30:00,,
129P04406,2020-04-03 21:40:00,,
129P04406,2020-04-03 21:50:00,,
129P04406,2020-04-03 22:00:00,53.00,100.00
129P04406,2020-04-03 22:10:00,53.00,100.00
129P04406,2020-04-03 22:20:00,53.00,100.00
129P04406,2020-04-03 22:30:00,,
129P04406,2020-04-03 22:40:00,,
129P04406,2020-04-03 22:50:00,77.00,29.90
129P04406,2020-04-03 23:00:00,77.00,54.00
129P04406,2020-04-03 23:10:00,69.00,83.00
129P04406,2020-04-03 23:20:00,64.59,51.90
129P04406,2020-04-03 23:30:00,62.30,68.80
129P04406,2020-04-03 23:40:00,65.00,98.71
129P04406,2020-04-03 23:50:00,,
129P04405,2020-04-03 00:00:00,56.25,56.67
129P04405,2020-04-03 00:10:00,60.00,76.25
129P04405,2020-04-03 00:20:00,69.00,97.88
129P04405,2020-04-03 00:30:00,69.00,95.67
129P04405,2020-04-03 00:40:00,,
129P04405,2020-04-03 00:50:00,,
129P04405,2020-04-03 01:00:00,,
129P04405,2020-04-03 01:10:00,,
129P04405,2020-04-03 01:20:00,,
129P04405,2020-04-03 01:30:00,,
129P04405,2020-04-03 01:40:00,,
129P04405,2020-04-03 01:50:00,,
129P04405,2020-04-03 02:00:00,,
129P04405,2020-04-03 02:10:00,,
129P04405,2020-04-03 02:20:00,59.00,
129P04405,2020-04-03 02:30:00,53.86,85.90
129P04405,2020-04-03 02:40:00,60.30,89.10
129P04405,2020-04-03 02:50:00,60.00,96.67
129P04405,2020-04-03 03:00:00,67.33,74.44
129P04405,2020-04-03 03:10:00,67.32,81.67
129P04405,2020-04-03 03:20:00,,
129P04405,2020-04-03 03:30:00,,
129P04405,2020-04-03 03:40:00,,
129P04405,2020-04-03 03:50:00,,
129P04405,2020-04-03 04:00:00,,
129P04405,2020-04-03 04:10:00,,
129P04405,2020-04-03 04:20:00,,
129P04405,2020-04-03 04:30:00,,
129P04405,2020-04-03 04:40:00,,
129P04405,2020-04-03 04:50:00,,
129P04405,2020-04-03 05:00:00,56.00,100.00
129P04405,2020-04-03 05:10:00,57.16,98.80
129P04405,2020-04-03 05:20:00,,
129P04405,2020-04-03 05:30:00,57.12,99.88
129P04405,2020-04-03 05:40:00,57.00,100.00
129P04405,2020-04-03 05:50:00,58.00,100.00
129P04405,2020-04-03 06:00:00,67.40,50.40
129P04405,2020-04-03 06:10:00,69.04,64.90
129P04405,2020-04-03 06:20:00,69.55,100.00
129P04405,2020-04-03 06:30:00,63.91,100.00
129P04405,2020-04-03 06:40:00,56.46,69.30
129P04405,2020-04-03 06:50:00,68.54,94.20
129P04405,2020-04-03 07:00:00,70.87,76.80
129P04405,2020-04-03 07:10:00,60.20,64.90
129P04405,2020-04-03 07:20:00,66.25,92.20
129P04405,2020-04-03 07:30:00,68.23,100.00
129P04405,2020-04-03 07:40:00,61.84,100.00
129P04405,2020-04-03 07:50:00,64.90,100.00
129P04405,2020-04-03 08:00:00,64.27,100.00
129P04405,2020-04-03 08:10:00,61.20,100.00
129P04405,2020-04-03 08:20:00,61.26,100.00
129P04405,2020-04-03 08:30:00,62.87,100.00
129P04405,2020-04-03 08:40:00,66.39,73.50
129P04405,2020-04-03 08:50:00,65.96,80.70
129P04405,2020-04-03 09:00:00,64.63,77.40
129P04405,2020-04-03 09:10:00,62.50,100.00
129P04405,2020-04-03 09:20:00,60.46,100.00
129P04405,2020-04-03 09:30:00,63.15,96.10
129P04405,2020-04-03 09:40:00,60.32,92.90
129P04405,2020-04-03 09:50:00,63.38,100.00
129P04405,2020-04-03 10:00:00,62.07,100.00
129P04405,2020-04-03 10:10:00,59.53,100.00
129P04405,2020-04-03 10:20:00,61.12,100.00
129P04405,2020-04-03 10:30:00,64.48,100.00
129P04405,2020-04-03 10:40:00,61.88,100.00
129P04405,2020-04-03 10:50:00,69.13,44.50
129P04405,2020-04-03 11:00:00,64.73,83.20
129P04405,2020-04-03 11:10:00,65.88,93.10
129P04405,2020-04-03 11:20:00,63.07,100.00
129P04405,2020-04-03 11:30:00,66.18,88.10
129P04405,2020-04-03 11:40:00,71.25,47.90
129P04405,2020-04-03 11:50:00,63.57,100.00
129P04405,2020-04-03 12:00:00,62.68,100.00
129P04405,2020-04-03 12:10:00,63.87,100.00
129P04405,2020-04-03 12:20:00,65.60,92.60
129P04405,2020-04-03 12:30:00,64.60,78.00
129P04405,2020-04-03 12:40:00,70.36,50.20
129P04405,2020-04-03 12:50:00,64.58,100.00
129P04405,2020-04-03 13:00:00,63.19,100.00
129P04405,2020-04-03 13:10:00,66.48,94.70
129P04405,2020-04-03 13:20:00,65.23,100.00
129P04405,2020-04-03 13:30:00,68.09,100.00
129P04405,2020-04-03 13:40:00,63.76,100.00
129P04405,2020-04-03 13:50:00,67.20,72.90
129P04405,2020-04-03 14:00:00,69.23,72.70
129P04405,2020-04-03 14:10:00,66.79,100.00
129P04405,2020-04-03 14:20:00,65.99,100.00
129P04405,2020-04-03 14:30:00,62.81,100.00
129P04405,2020-04-03 14:40:00,63.45,100.00
129P04405,2020-04-03 14:50:00,64.62,100.00
129P04405,2020-04-03 15:00:00,67.27,90.20
129P04405,2020-04-03 15:10:00,66.58,100.00
129P04405,2020-04-03 15:20:00,67.76,81.50
129P04405,2020-04-03 15:30:00,69.58,87.80
129P04405,2020-04-03 15:40:00,68.66,86.80
129P04405,2020-04-03 15:50:00,67.61,96.50
129P04405,2020-04-03 16:00:00,65.21,100.00
129P04405,2020-04-03 16:10:00,66.24,98.10
129P04405,2020-04-03 16:20:00,67.75,100.00
129P04405,2020-04-03 16:30:00,67.27,98.90
129P04405,2020-04-03 16:40:00,68.56,95.80
129P04405,2020-04-03 16:50:00,64.04,100.00
129P04405,2020-04-03 17:00:00,67.16,100.00
129P04405,2020-04-03 17:10:00,69.30,100.00
129P04405,2020-04-03 17:20:00,70.66,79.70
129P04405,2020-04-03 17:30:00,70.19,77.80
129P04405,2020-04-03 17:40:00,69.71,94.30
129P04405,2020-04-03 17:50:00,65.13,100.00
129P04405,2020-04-03 18:00:00,67.97,96.50
129P04405,2020-04-03 18:10:00,67.75,100.00
129P04405,2020-04-03 18:20:00,67.03,94.90
129P04405,2020-04-03 18:30:00,70.81,74.80
129P04405,2020-04-03 18:40:00,66.58,100.00
129P04405,2020-04-03 18:50:00,66.29,100.00
129P04405,2020-04-03 19:00:00,66.00,100.00
129P04405,2020-04-03 19:10:00,61.60,100.00
129P04405,2020-04-03 19:20:00,60.80,86.40
129P04405,2020-04-03 19:30:00,60.90,68.90
129P04405,2020-04-03 19:40:00,61.12,97.25
129P04405,2020-04-03 19:50:00,61.00,100.00
129P04405,2020-04-03 20:00:00,62.00,100.00
129P04405,2020-04-03 20:10:00,56.34,83.67
129P04405,2020-04-03 20:20:00,59.90,85.70
129P04405,2020-04-03 20:30:00,65.26,100.00
129P04405,2020-04-03 20:40:00,65.40,86.10
129P04405,2020-04-03 20:50:00,58.83,100.00
129P04405,2020-04-03 21:00:00,53.74,89.83
129P04405,2020-04-03 21:10:00,66.00,100.00
129P04405,2020-04-03 21:20:00,66.00,100.00
129P04405,2020-04-03 21:30:00,71.00,55.80
129P04405,2020-04-03 21:40:00,71.00,62.00
129P04405,2020-04-03 21:50:00,,
129P04405,2020-04-03 22:00:00,66.20,100.00
129P04405,2020-04-03 22:10:00,68.23,96.20
129P04405,2020-04-03 22:20:00,71.88,87.50
129P04405,2020-04-03 22:30:00,,
129P04405,2020-04-03 22:40:00,77.00,88.00
129P04405,2020-04-03 22:50:00,77.00,67.10
129P04405,2020-04-03 23:00:00,77.00,83.00
129P04405,2020-04-03 23:10:00,66.00,60.00
129P04405,2020-04-03 23:20:00,62.78,42.70
129P04405,2020-04-03 23:30:00,62.25,74.90
129P04405,2020-04-03 23:40:00,64.00,99.43
129P04405,2020-04-03 23:50:00,,
129+04753,2020-04-03 00:00:00,53.49,89.75
129+04753,2020-04-03 00:10:00,,
129+04753,2020-04-03 00:20:00,,
129+04753,2020-04-03 00:30:00,,
129+04753,2020-04-03 00:40:00,,
129+04753,2020-04-03 00:50:00,52.00,98.83
129+04753,2020-04-03 01:00:00,52.00,100.00
129+04753,2020-04-03 01:10:00,,
129+04753,2020-04-03 01:20:00,,
129+04753,2020-04-03 01:30:00,,
129+04753,2020-04-03 01:40:00,,
129+04753,2020-04-03 01:50:00,,
129+04753,2020-04-03 02:00:00,,
129+04753,2020-04-03 02:10:00,,
129+04753,2020-04-03 02:20:00,,
129+04753,2020-04-03 02:30:00,,
129+04753,2020-04-03 02:40:00,,
129+04753,2020-04-03 02:50:00,,
129+04753,2020-04-03 03:00:00,,
129+04753,2020-04-03 03:10:00,,
129+04753,2020-04-03 03:20:00,50.48,99.22
129+04753,2020-04-03 03:30:00,47.22,95.33
129+04753,2020-04-03 03:40:00,,
129+04753,2020-04-03 03:50:00,,
129+04753,2020-04-03 04:00:00,,
129+04753,2020-04-03 04:10:00,,
129+04753,2020-04-03 04:20:00,58.00,93.50
129+04753,2020-04-03 04:30:00,58.00,99.78
129+04753,2020-04-03 04:40:00,,
129+04753,2020-04-03 04:50:00,,
129+04753,2020-04-03 05:00:00,,
129+04753,2020-04-03 05:10:00,,
129+04753,2020-04-03 05:20:00,,
129+04753,2020-04-03 05:30:00,,
129+04753,2020-04-03 05:40:00,,
129+04753,2020-04-03 05:50:00,,
129+04753,2020-04-03 06:00:00,,
129+04753,2020-04-03 06:10:00,,
129+04753,2020-04-03 06:20:00,,
129+04753,2020-04-03 06:30:00,,
129+04753,2020-04-03 06:40:00,55.41,80.60
129+04753,2020-04-03 06:50:00,64.27,54.80
129+04753,2020-04-03 07:00:00,66.00,81.00
129+04753,2020-04-03 07:10:00,47.00,41.60
129+04753,2020-04-03 07:20:00,48.96,61.44
129+04753,2020-04-03 07:30:00,56.34,98.90
129+04753,2020-04-03 07:40:00,48.63,70.70
129+04753,2020-04-03 07:50:00,49.49,87.00
129+04753,2020-04-03 08:00:00,48.89,98.90
129+04753,2020-04-03 08:10:00,49.39,91.70
129+04753,2020-04-03 08:20:00,57.07,100.00
129+04753,2020-04-03 08:30:00,60.93,47.80
129+04753,2020-04-03 08:40:00,55.00,100.00
129+04753,2020-04-03 08:50:00,53.19,100.00
129+04753,2020-04-03 09:00:00,52.30,100.00
129+04753,2020-04-03 09:10:00,52.00,100.00
129+04753,2020-04-03 09:20:00,52.50,100.00
129+04753,2020-04-03 09:30:00,54.44,100.00
129+04753,2020-04-03 09:40:00,52.50,100.00
129+04753,2020-04-03 09:50:00,53.76,100.00
129+04753,2020-04-03 10:00:00,56.16,86.30
129+04753,2020-04-03 10:10:00,57.20,82.60
129+04753,2020-04-03 10:20:00,55.35,97.90
129+04753,2020-04-03 10:30:00,50.89,100.00
129+04753,2020-04-03 10:40:00,50.17,95.90
129+04753,2020-04-03 10:50:00,47.28,79.80
129+04753,2020-04-03 11:00:00,51.76,89.50
129+04753,2020-04-03 11:10:00,52.74,87.40
129+04753,2020-04-03 11:20:00,53.05,99.70
129+04753,2020-04-03 11:30:00,52.32,100.00
129+04753,2020-04-03 11:40:00,48.53,87.80
129+04753,2020-04-03 11:50:00,50.34,90.70
129+04753,2020-04-03 12:00:00,41.75,43.60
129+04753,2020-04-03 12:10:00,47.23,87.80
129+04753,2020-04-03 12:20:00,51.96,100.00
129+04753,2020-04-03 12:30:00,54.31,81.20
129+04753,2020-04-03 12:40:00,57.70,60.00
129+04753,2020-04-03 12:50:00,56.69,98.10
129+04753,2020-04-03 13:00:00,53.93,100.00
129+04753,2020-04-03 13:10:00,53.98,81.20
129+04753,2020-04-03 13:20:00,54.00,98.50
129+04753,2020-04-03 13:30:00,53.88,92.90
129+04753,2020-04-03 13:40:00,58.25,87.40
129+04753,2020-04-03 13:50:00,58.10,74.90
129+04753,2020-04-03 14:00:00,59.69,74.70
129+04753,2020-04-03 14:10:00,52.44,87.40
129+04753,2020-04-03 14:20:00,52.37,100.00
129+04753,2020-04-03 14:30:00,51.98,93.00
129+04753,2020-04-03 14:40:00,54.56,99.30
129+04753,2020-04-03 14:50:00,54.40,97.70
129+04753,2020-04-03 15:00:00,54.35,99.70
129+04753,2020-04-03 15:10:00,56.88,90.40
129+04753,2020-04-03 15:20:00,57.97,79.90
129+04753,2020-04-03 15:30:00,60.65,70.50
129+04753,2020-04-03 15:40:00,57.98,98.10
129+04753,2020-04-03 15:50:00,56.47,98.90
129+04753,2020-04-03 16:00:00,53.69,99.60
129+04753,2020-04-03 16:10:00,56.49,98.20
129+04753,2020-04-03 16:20:00,56.38,98.40
129+04753,2020-04-03 16:30:00,59.06,84.30
129+04753,2020-04-03 16:40:00,58.25,98.60
129+04753,2020-04-03 16:50:00,59.99,94.00
129+04753,2020-04-03 17:00:00,56.32,99.20
129+04753,2020-04-03 17:10:00,56.89,99.80
129+04753,2020-04-03 17:20:00,56.74,99.30
129+04753,2020-04-03 17:30:00,59.39,92.60
129+04753,2020-04-03 17:40:00,38.68,47.90
129+04753,2020-04-03 17:50:00,39.66,69.20
129+04753,2020-04-03 18:00:00,56.72,95.80
129+04753,2020-04-03 18:10:00,49.07,99.20
129+04753,2020-04-03 18:20:00,52.89,87.33
129+04753,2020-04-03 18:30:00,52.33,99.90
129+04753,2020-04-03 18:40:00,47.00,91.00
129+04753,2020-04-03 18:50:00,47.80,89.40
129+04753,2020-04-03 19:00:00,58.57,55.00
129+04753,2020-04-03 19:10:00,53.29,100.00
129+04753,2020-04-03 19:20:00,53.00,100.00
129+04753,2020-04-03 19:30:00,55.00,94.43
129+04753,2020-04-03 19:40:00,53.63,96.20
129+04753,2020-04-03 19:50:00,50.00,79.70
129+04753,2020-04-03 20:00:00,,
129+04753,2020-04-03 20:10:00,,
129+04753,2020-04-03 20:20:00,54.93,94.90
129+04753,2020-04-03 20:30:00,52.16,100.00
129+04753,2020-04-03 20:40:00,,
129+04753,2020-04-03 20:50:00,,
129+04753,2020-04-03 21:00:00,62.64,68.63
129+04753,2020-04-03 21:10:00,56.50,91.40
129+04753,2020-04-03 21:20:00,57.00,90.86
129+04753,2020-04-03 21:30:00,47.33,78.67
129+04753,2020-04-03 21:40:00,47.00,75.56
129+04753,2020-04-03 21:50:00,44.98,76.10
129+04753,2020-04-03 22:00:00,47.00,91.75
129+04753,2020-04-03 22:10:00,,
129+04753,2020-04-03 22:20:00,,
129+04753,2020-04-03 22:30:00,51.11,99.89
129+04753,2020-04-03 22:40:00,51.00,100.00
129+04753,2020-04-03 22:50:00,,
129+04753,2020-04-03 23:00:00,57.00,78.10
129+04753,2020-04-03 23:10:00,53.66,92.38
129+04753,2020-04-03 23:20:00,52.00,98.71
129+04753,2020-04-03 23:30:00,,
129+04753,2020-04-03 23:40:00,,
129+04753,2020-04-03 23:50:00,,
129P04404,2020-04-03 00:00:00,62.00,99.00
129P04404,2020-04-03 00:10:00,62.00,100.00
129P04404,2020-04-03 00:20:00,68.00,92.50
129P04404,2020-04-03 00:30:00,68.00,95.00
129P04404,2020-04-03 00:40:00,,
129P04404,2020-04-03 00:50:00,,
129P04404,2020-04-03 01:00:00,,
129P04404,2020-04-03 01:10:00,,
129P04404,2020-04-03 01:20:00,,
129P04404,2020-04-03 01:30:00,,
129P04404,2020-04-03 01:40:00,,
129P04404,2020-04-03 01:50:00,,
129P04404,2020-04-03 02:00:00,,
129P04404,2020-04-03 02:10:00,,
129P04404,2020-04-03 02:20:00,55.00,
129P04404,2020-04-03 02:30:00,57.94,89.70
129P04404,2020-04-03 02:40:00,62.50,91.70
129P04404,2020-04-03 02:50:00,62.00,99.00
129P04404,2020-04-03 03:00:00,67.69,83.20
129P04404,2020-04-03 03:10:00,68.00,86.50
129P04404,2020-04-03 03:20:00,,
129P04404,2020-04-03 03:30:00,,
129P04404,2020-04-03 03:40:00,,
129P04404,2020-04-03 03:50:00,,
129P04404,2020-04-03 04:00:00,,
129P04404,2020-04-03 04:10:00,,
129P04404,2020-04-03 04:20:00,,
129P04404,2020-04-03 04:30:00,,
129P04404,2020-04-03 04:40:00,,
129P04404,2020-04-03 04:50:00,,
129P04404,2020-04-03 05:00:00,58.00,100.00
129P04404,2020-04-03 05:10:00,58.00,100.00
129P04404,2020-04-03 05:20:00,,
129P04404,2020-04-03 05:30:00,61.00,98.88
129P04404,2020-04-03 05:40:00,61.00,99.75
129P04404,2020-04-03 05:50:00,,
129P04404,2020-04-03 06:00:00,74.72,52.63
129P04404,2020-04-03 06:10:00,70.40,82.20
129P04404,2020-04-03 06:20:00,66.06,98.60
129P04404,2020-04-03 06:30:00,66.40,100.00
129P04404,2020-04-03 06:40:00,63.42,93.22
129P04404,2020-04-03 06:50:00,68.55,100.00
129P04404,2020-04-03 07:00:00,69.05,100.00
129P04404,2020-04-03 07:10:00,61.69,64.40
129P04404,2020-04-03 07:20:00,65.67,75.80
129P04404,2020-04-03 07:30:00,72.19,58.50
129P04404,2020-04-03 07:40:00,64.65,76.30
129P04404,2020-04-03 07:50:00,66.55,100.00
129P04404,2020-04-03 08:00:00,65.57,93.60
129P04404,2020-04-03 08:10:00,63.59,85.80
129P04404,2020-04-03 08:20:00,63.77,100.00
129P04404,2020-04-03 08:30:00,65.52,100.00
129P04404,2020-04-03 08:40:00,73.07,34.20
129P04404,2020-04-03 08:50:00,71.19,65.00
129P04404,2020-04-03 09:00:00,65.41,83.10
129P04404,2020-04-03 09:10:00,64.98,100.00
129P04404,2020-04-03 09:20:00,62.52,100.00
129P04404,2020-04-03 09:30:00,66.35,100.00
129P04404,2020-04-03 09:40:00,61.94,83.80
129P04404,2020-04-03 09:50:00,65.98,100.00
129P04404,2020-04-03 10:00:00,65.99,100.00
129P04404,2020-04-03 10:10:00,61.94,100.00
129P04404,2020-04-03 10:20:00,63.41,100.00
129P04404,2020-04-03 10:30:00,69.19,100.00
129P04404,2020-04-03 10:40:00,65.07,100.00
129P04404,2020-04-03 10:50:00,71.50,47.10
129P04404,2020-04-03 11:00:00,63.51,97.20
129P04404,2020-04-03 11:10:00,67.16,100.00
129P04404,2020-04-03 11:20:00,65.07,100.00
129P04404,2020-04-03 11:30:00,67.76,88.50
129P04404,2020-04-03 11:40:00,74.55,34.90
129P04404,2020-04-03 11:50:00,65.35,97.60
129P04404,2020-04-03 12:00:00,65.17,100.00
129P04404,2020-04-03 12:10:00,65.69,91.40
129P04404,2020-04-03 12:20:00,66.31,92.80
129P04404,2020-04-03 12:30:00,69.18,76.70
129P04404,2020-04-03 12:40:00,71.72,66.30
129P04404,2020-04-03 12:50:00,67.18,100.00
129P04404,2020-04-03 13:00:00,66.45,100.00
129P04404,2020-04-03 13:10:00,66.04,100.00
129P04404,2020-04-03 13:20:00,67.70,95.90
129P04404,2020-04-03 13:30:00,66.00,100.00
129P04404,2020-04-03 13:40:00,63.97,100.00
129P04404,2020-04-03 13:50:00,67.94,74.80
129P04404,2020-04-03 14:00:00,69.41,79.20
129P04404,2020-04-03 14:10:00,67.79,100.00
129P04404,2020-04-03 14:20:00,68.09,100.00
129P04404,2020-04-03 14:30:00,66.42,100.00
129P04404,2020-04-03 14:40:00,66.79,100.00
129P04404,2020-04-03 14:50:00,64.66,100.00
129P04404,2020-04-03 15:00:00,71.98,65.90
129P04404,2020-04-03 15:10:00,66.39,100.00
129P04404,2020-04-03 15:20:00,68.96,100.00
129P04404,2020-04-03 15:30:00,72.26,73.40
129P04404,2020-04-03 15:40:00,74.37,70.00
129P04404,2020-04-03 15:50:00,76.41,56.70
129P04404,2020-04-03 16:00:00,67.97,100.00
129P04404,2020-04-03 16:10:00,70.73,100.00
129P04404,2020-04-03 16:20:00,71.13,99.40
129P04404,2020-04-03 16:30:00,71.38,98.70
129P04404,2020-04-03 16:40:00,67.86,96.50
129P04404,2020-04-03 16:50:00,65.49,100.00
129P04404,2020-04-03 17:00:00,66.99,100.00
129P04404,2020-04-03 17:10:00,68.87,100.00
129P04404,2020-04-03 17:20:00,71.35,79.40
129P04404,2020-04-03 17:30:00,72.90,68.70
129P04404,2020-04-03 17:40:00,72.05,81.80
129P04404,2020-04-03 17:50:00,71.12,98.60
129P04404,2020-04-03 18:00:00,70.40,97.50
129P04404,2020-04-03 18:10:00,71.87,98.60
129P04404,2020-04-03 18:20:00,65.39,37.90
129P04404,2020-04-03 18:30:00,73.57,75.80
129P04404,2020-04-03 18:40:00,69.55,96.90
129P04404,2020-04-03 18:50:00,70.30,100.00
129P04404,2020-04-03 19:00:00,70.00,100.00
129P04404,2020-04-03 19:10:00,63.79,100.00
129P04404,2020-04-03 19:20:00,60.12,76.75
129P04404,2020-04-03 19:30:00,60.00,42.80
129P04404,2020-04-03 19:40:00,64.40,84.50
129P04404,2020-04-03 19:50:00,66.00,100.00
129P04404,2020-04-03 20:00:00,66.00,100.00
129P04404,2020-04-03 20:10:00,58.67,87.38
129P04404,2020-04-03 20:20:00,61.90,91.00
129P04404,2020-04-03 20:30:00,69.29,100.00
129P04404,2020-04-03 20:40:00,67.20,91.00
129P04404,2020-04-03 20:50:00,63.75,100.00
129P04404,2020-04-03 21:00:00,62.05,100.00
129P04404,2020-04-03 21:10:00,68.00,100.00
129P04404,2020-04-03 21:20:00,68.00,100.00
129P04404,2020-04-03 21:30:00,79.00,55.00
129P04404,2020-04-03 21:40:00,79.00,60.00
129P04404,2020-04-03 21:50:00,,
129P04404,2020-04-03 22:00:00,64.75,99.50
129P04404,2020-04-03 22:10:00,69.00,95.10
129P04404,2020-04-03 22:20:00,75.00,88.00
129P04404,2020-04-03 22:30:00,,
129P04404,2020-04-03 22:40:00,76.00,94.00
129P04404,2020-04-03 22:50:00,76.00,80.80
129P04404,2020-04-03 23:00:00,76.00,90.00
129P04404,2020-04-03 23:10:00,68.52,70.67
129P04404,2020-04-03 23:20:00,64.12,37.00
129P04404,2020-04-03 23:30:00,62.17,68.80
129P04404,2020-04-03 23:40:00,63.00,94.86
129P04404,2020-04-03 23:50:00,,
129+04754,2020-04-03 00:00:00,61.76,84.80
129+04754,2020-04-03 00:10:00,,
129+04754,2020-04-03 00:20:00,,
129+04754,2020-04-03 00:30:00,,
129+04754,2020-04-03 00:40:00,,
129+04754,2020-04-03 00:50:00,55.54,96.00
129+04754,2020-04-03 01:00:00,55.57,100.00
129+04754,2020-04-03 01:10:00,,
129+04754,2020-04-03 01:20:00,,
129+04754,2020-04-03 01:30:00,,
129+04754,2020-04-03 01:40:00,,
129+04754,2020-04-03 01:50:00,,
129+04754,2020-04-03 02:00:00,,
129+04754,2020-04-03 02:10:00,,
129+04754,2020-04-03 02:20:00,,
129+04754,2020-04-03 02:30:00,,
129+04754,2020-04-03 02:40:00,,
129+04754,2020-04-03 02:50:00,,
129+04754,2020-04-03 03:00:00,,
129+04754,2020-04-03 03:10:00,,
129+04754,2020-04-03 03:20:00,54.79,97.78
129+04754,2020-04-03 03:30:00,52.10,90.80
129+04754,2020-04-03 03:40:00,,
129+04754,2020-04-03 03:50:00,,
129+04754,2020-04-03 04:00:00,,
129+04754,2020-04-03 04:10:00,,
129+04754,2020-04-03 04:20:00,61.00,76.50
129+04754,2020-04-03 04:30:00,60.79,99.00
129+04754,2020-04-03 04:40:00,60.79,97.70
129+04754,2020-04-03 04:50:00,59.95,97.75
129+04754,2020-04-03 05:00:00,,
129+04754,2020-04-03 05:10:00,,
129+04754,2020-04-03 05:20:00,,
129+04754,2020-04-03 05:30:00,57.00,
129+04754,2020-04-03 05:40:00,55.39,100.00
129+04754,2020-04-03 05:50:00,49.39,70.33
129+04754,2020-04-03 06:00:00,47.60,93.22
129+04754,2020-04-03 06:10:00,,
129+04754,2020-04-03 06:20:00,,
129+04754,2020-04-03 06:30:00,,
129+04754,2020-04-03 06:40:00,60.92,83.60
129+04754,2020-04-03 06:50:00,64.78,51.30
129+04754,2020-04-03 07:00:00,62.08,75.20
129+04754,2020-04-03 07:10:00,53.19,57.30
129+04754,2020-04-03 07:20:00,55.44,100.00
129+04754,2020-04-03 07:30:00,61.15,96.00
129+04754,2020-04-03 07:40:00,54.87,100.00
129+04754,2020-04-03 07:50:00,54.00,100.00
129+04754,2020-04-03 08:00:00,57.43,100.00
129+04754,2020-04-03 08:10:00,55.29,100.00
129+04754,2020-04-03 08:20:00,63.79,100.00
129+04754,2020-04-03 08:30:00,61.96,100.00
129+04754,2020-04-03 08:40:00,55.99,100.00
129+04754,2020-04-03 08:50:00,52.99,100.00
129+04754,2020-04-03 09:00:00,55.90,100.00
129+04754,2020-04-03 09:10:00,57.00,100.00
129+04754,2020-04-03 09:20:00,55.57,100.00
129+04754,2020-04-03 09:30:00,57.86,100.00
129+04754,2020-04-03 09:40:00,56.20,100.00
129+04754,2020-04-03 09:50:00,57.44,100.00
129+04754,2020-04-03 10:00:00,58.23,100.00
129+04754,2020-04-03 10:10:00,57.19,96.90
129+04754,2020-04-03 10:20:00,56.49,100.00
129+04754,2020-04-03 10:30:00,54.09,100.00
129+04754,2020-04-03 10:40:00,59.93,85.20
129+04754,2020-04-03 10:50:00,54.43,100.00
129+04754,2020-04-03 11:00:00,62.26,63.20
129+04754,2020-04-03 11:10:00,57.88,94.60
129+04754,2020-04-03 11:20:00,59.30,98.80
129+04754,2020-04-03 11:30:00,57.10,100.00
129+04754,2020-04-03 11:40:00,53.69,100.00
129+04754,2020-04-03 11:50:00,59.66,88.40
129+04754,2020-04-03 12:00:00,53.47,100.00
129+04754,2020-04-03 12:10:00,54.55,100.00
129+04754,2020-04-03 12:20:00,55.74,100.00
129+04754,2020-04-03 12:30:00,61.37,54.80
129+04754,2020-04-03 12:40:00,63.00,67.00
129+04754,2020-04-03 12:50:00,62.79,93.80
129+04754,2020-04-03 13:00:00,57.06,100.00
129+04754,2020-04-03 13:10:00,65.30,73.10
129+04754,2020-04-03 13:20:00,60.21,94.90
129+04754,2020-04-03 13:30:00,58.21,91.30
129+04754,2020-04-03 13:40:00,63.77,86.30
129+04754,2020-04-03 13:50:00,63.19,88.10
129+04754,2020-04-03 14:00:00,62.50,88.50
129+04754,2020-04-03 14:10:00,57.44,100.00
129+04754,2020-04-03 14:20:00,59.08,100.00
129+04754,2020-04-03 14:30:00,60.85,91.40
129+04754,2020-04-03 14:40:00,59.34,97.80
129+04754,2020-04-03 14:50:00,60.92,92.10
129+04754,2020-04-03 15:00:00,58.95,99.10
129+04754,2020-04-03 15:10:00,59.92,87.40
129+04754,2020-04-03 15:20:00,63.64,78.80
129+04754,2020-04-03 15:30:00,65.18,92.10
129+04754,2020-04-03 15:40:00,62.21,96.60
129+04754,2020-04-03 15:50:00,62.35,96.60
129+04754,2020-04-03 16:00:00,61.19,99.10
129+04754,2020-04-03 16:10:00,63.25,93.40
129+04754,2020-04-03 16:20:00,61.15,93.90
129+04754,2020-04-03 16:30:00,62.42,88.60
129+04754,2020-04-03 16:40:00,62.70,95.50
129+04754,2020-04-03 16:50:00,65.12,98.80
129+04754,2020-04-03 17:00:00,62.97,97.10
129+04754,2020-04-03 17:10:00,62.79,98.60
129+04754,2020-04-03 17:20:00,61.76,97.90
129+04754,2020-04-03 17:30:00,61.00,92.40
129+04754,2020-04-03 17:40:00,56.42,96.70
129+04754,2020-04-03 17:50:00,59.59,98.50
129+04754,2020-04-03 18:00:00,65.05,85.70
129+04754,2020-04-03 18:10:00,55.06,100.00
129+04754,2020-04-03 18:20:00,62.09,78.20
129+04754,2020-04-03 18:30:00,55.52,100.00
129+04754,2020-04-03 18:40:00,43.19,85.10
129+04754,2020-04-03 18:50:00,45.80,100.00
129+04754,2020-04-03 19:00:00,60.69,95.60
129+04754,2020-04-03 19:10:00,56.99,100.00
129+04754,2020-04-03 19:20:00,64.77,39.30
129+04754,2020-04-03 19:30:00,64.75,64.40
129+04754,2020-04-03 19:40:00,57.40,86.50
129+04754,2020-04-03 19:50:00,49.38,29.80
129+04754,2020-04-03 20:00:00,48.00,47.71
129+04754,2020-04-03 20:10:00,,
129+04754,2020-04-03 20:20:00,64.77,82.10
129+04754,2020-04-03 20:30:00,58.82,100.00
129+04754,2020-04-03 20:40:00,61.00,100.00
129+04754,2020-04-03 20:50:00,60.60,100.00
129+04754,2020-04-03 21:00:00,62.10,100.00
129+04754,2020-04-03 21:10:00,60.17,79.00
129+04754,2020-04-03 21:20:00,65.00,68.75
129+04754,2020-04-03 21:30:00,54.89,55.60
129+04754,2020-04-03 21:40:00,45.06,15.70
129+04754,2020-04-03 21:50:00,50.08,70.00
129+04754,2020-04-03 22:00:00,63.98,75.10
129+04754,2020-04-03 22:10:00,65.00,49.00
129+04754,2020-04-03 22:20:00,,
129+04754,2020-04-03 22:30:00,54.41,99.56
129+04754,2020-04-03 22:40:00,53.00,100.00
129+04754,2020-04-03 22:50:00,53.00,100.00
129+04754,2020-04-03 23:00:00,69.00,31.40
129+04754,2020-04-03 23:10:00,62.39,75.00
129+04754,2020-04-03 23:20:00,59.00,97.63
129+04754,2020-04-03 23:30:00,,
129+04754,2020-04-03 23:40:00,,
129+04754,2020-04-03 23:50:00,69.00,48.00
129+04479,2020-04-03 00:00:00,57.10,75.33
129+04479,2020-04-03 00:10:00,,
129+04479,2020-04-03 00:20:00,,
129+04479,2020-04-03 00:30:00,,
129+04479,2020-04-03 00:40:00,,
129+04479,2020-04-03 00:50:00,53.80,100.00
129+04479,2020-04-03 01:00:00,53.00,99.75
129+04479,2020-04-03 01:10:00,,
129+04479,2020-04-03 01:20:00,,
129+04479,2020-04-03 01:30:00,,
129+04479,2020-04-03 01:40:00,,
129+04479,2020-04-03 01:50:00,,
129+04479,2020-04-03 02:00:00,,
129+04479,2020-04-03 02:10:00,,
129+04479,2020-04-03 02:20:00,,
129+04479,2020-04-03 02:30:00,,
129+04479,2020-04-03 02:40:00,,
129+04479,2020-04-03 02:50:00,,
129+04479,2020-04-03 03:00:00,,
129+04479,2020-04-03 03:10:00,,
129+04479,2020-04-03 03:20:00,57.00,100.00
129+04479,2020-04-03 03:30:00,53.37,86.30
129+04479,2020-04-03 03:40:00,,
129+04479,2020-04-03 03:50:00,,
129+04479,2020-04-03 04:00:00,,
129+04479,2020-04-03 04:10:00,,
129+04479,2020-04-03 04:20:00,,
129+04479,2020-04-03 04:30:00,58.00,100.00
129+04479,2020-04-03 04:40:00,58.87,99.13
129+04479,2020-04-03 04:50:00,59.00,99.75
129+04479,2020-04-03 05:00:00,,
129+04479,2020-04-03 05:10:00,,
129+04479,2020-04-03 05:20:00,53.00,64.00
129+04479,2020-04-03 05:30:00,53.00,82.50
129+04479,2020-04-03 05:40:00,75.00,31.89
129+04479,2020-04-03 05:50:00,75.00,64.50
129+04479,2020-04-03 06:00:00,,
129+04479,2020-04-03 06:10:00,,
129+04479,2020-04-03 06:20:00,,
129+04479,2020-04-03 06:30:00,,
129+04479,2020-04-03 06:40:00,54.12,100.00
129+04479,2020-04-03 06:50:00,59.35,100.00
129+04479,2020-04-03 07:00:00,57.31,100.00
129+04479,2020-04-03 07:10:00,52.20,100.00
129+04479,2020-04-03 07:20:00,54.65,100.00
129+04479,2020-04-03 07:30:00,60.65,90.40
129+04479,2020-04-03 07:40:00,54.39,100.00
129+04479,2020-04-03 07:50:00,53.00,100.00
129+04479,2020-04-03 08:00:00,50.81,100.00
129+04479,2020-04-03 08:10:00,48.97,80.70
129+04479,2020-04-03 08:20:00,57.81,62.60
129+04479,2020-04-03 08:30:00,53.97,100.00
129+04479,2020-04-03 08:40:00,52.15,100.00
129+04479,2020-04-03 08:50:00,53.42,100.00
129+04479,2020-04-03 09:00:00,53.28,100.00
129+04479,2020-04-03 09:10:00,50.78,100.00
129+04479,2020-04-03 09:20:00,50.32,100.00
129+04479,2020-04-03 09:30:00,53.52,91.33
129+04479,2020-04-03 09:40:00,54.80,100.00
129+04479,2020-04-03 09:50:00,49.75,100.00
129+04479,2020-04-03 10:00:00,45.54,100.00
129+04479,2020-04-03 10:10:00,52.18,100.00
129+04479,2020-04-03 10:20:00,51.64,100.00
129+04479,2020-04-03 10:30:00,49.98,100.00
129+04479,2020-04-03 10:40:00,53.47,81.20
129+04479,2020-04-03 10:50:00,53.27,79.00
129+04479,2020-04-03 11:00:00,55.26,92.10
129+04479,2020-04-03 11:10:00,49.93,97.60
129+04479,2020-04-03 11:20:00,50.68,63.70
129+04479,2020-04-03 11:30:00,52.35,88.30
129+04479,2020-04-03 11:40:00,52.21,90.10
129+04479,2020-04-03 11:50:00,50.97,100.00
129+04479,2020-04-03 12:00:00,52.71,92.90
129+04479,2020-04-03 12:10:00,53.97,100.00
129+04479,2020-04-03 12:20:00,52.39,100.00
129+04479,2020-04-03 12:30:00,55.50,75.70
129+04479,2020-04-03 12:40:00,54.02,96.30
129+04479,2020-04-03 12:50:00,56.89,86.40
129+04479,2020-04-03 13:00:00,54.69,99.20
129+04479,2020-04-03 13:10:00,60.37,83.60
129+04479,2020-04-03 13:20:00,54.73,87.40
129+04479,2020-04-03 13:30:00,49.28,100.00
129+04479,2020-04-03 13:40:00,57.59,85.20
129+04479,2020-04-03 13:50:00,56.38,80.80
129+04479,2020-04-03 14:00:00,57.81,67.50
129+04479,2020-04-03 14:10:00,52.98,100.00
129+04479,2020-04-03 14:20:00,55.66,99.50
129+04479,2020-04-03 14:30:00,51.58,100.00
129+04479,2020-04-03 14:40:00,52.68,100.00
129+04479,2020-04-03 14:50:00,54.41,91.00
129+04479,2020-04-03 15:00:00,60.24,48.40
129+04479,2020-04-03 15:10:00,58.73,60.10
129+04479,2020-04-03 15:20:00,55.04,99.70
129+04479,2020-04-03 15:30:00,56.87,95.40
129+04479,2020-04-03 15:40:00,53.68,94.40
129+04479,2020-04-03 15:50:00,56.87,86.00
129+04479,2020-04-03 16:00:00,58.85,77.90
129+04479,2020-04-03 16:10:00,53.71,98.10
129+04479,2020-04-03 16:20:00,55.08,94.90
129+04479,2020-04-03 16:30:00,59.31,79.20
129+04479,2020-04-03 16:40:00,56.31,81.70
129+04479,2020-04-03 16:50:00,51.21,99.00
129+04479,2020-04-03 17:00:00,57.75,85.10
129+04479,2020-04-03 17:10:00,54.16,92.00
129+04479,2020-04-03 17:20:00,52.79,92.50
129+04479,2020-04-03 17:30:00,53.88,98.50
129+04479,2020-04-03 17:40:00,50.89,93.20
129+04479,2020-04-03 17:50:00,57.80,54.00
129+04479,2020-04-03 18:00:00,57.26,69.20
129+04479,2020-04-03 18:10:00,52.67,99.20
129+04479,2020-04-03 18:20:00,56.03,73.40
129+04479,2020-04-03 18:30:00,65.59,29.10
129+04479,2020-04-03 18:40:00,67.00,60.00
129+04479,2020-04-03 18:50:00,63.60,53.89
129+04479,2020-04-03 19:00:00,54.00,100.00
129+04479,2020-04-03 19:10:00,54.57,99.80
129+04479,2020-04-03 19:20:00,54.97,100.00
129+04479,2020-04-03 19:30:00,56.00,100.00
129+04479,2020-04-03 19:40:00,53.73,100.00
129+04479,2020-04-03 19:50:00,47.00,100.00
129+04479,2020-04-03 20:00:00,54.54,100.00
129+04479,2020-04-03 20:10:00,,
129+04479,2020-04-03 20:20:00,71.00,21.78
129+04479,2020-04-03 20:30:00,71.00,43.67
129+04479,2020-04-03 20:40:00,56.00,100.00
129+04479,2020-04-03 20:50:00,56.00,100.00
129+04479,2020-04-03 21:00:00,,
129+04479,2020-04-03 21:10:00,54.89,97.00
129+04479,2020-04-03 21:20:00,58.77,76.22
129+04479,2020-04-03 21:30:00,46.68,64.50
129+04479,2020-04-03 21:40:00,44.67,100.00
129+04479,2020-04-03 21:50:00,47.30,100.00
129+04479,2020-04-03 22:00:00,48.00,100.00
129+04479,2020-04-03 22:10:00,,
129+04479,2020-04-03 22:20:00,,
129+04479,2020-04-03 22:30:00,53.00,100.00
129+04479,2020-04-03 22:40:00,,
129+04479,2020-04-03 22:50:00,,
129+04479,2020-04-03 23:00:00,65.00,41.00
129+04479,2020-04-03 23:10:00,59.58,77.00
129+04479,2020-04-03 23:20:00,54.77,91.56
129+04479,2020-04-03 23:30:00,,
129+04479,2020-04-03 23:40:00,,
129+04479,2020-04-03 23:50:00,53.00,88.00
129P04403,2020-04-03 00:00:00,63.00,89.67
129P04403,2020-04-03 00:10:00,63.00,90.33
129P04403,2020-04-03 00:20:00,69.00,98.40
129P04403,2020-04-03 00:30:00,69.00,98.00
129P04403,2020-04-03 00:40:00,,
129P04403,2020-04-03 00:50:00,,
129P04403,2020-04-03 01:00:00,,
129P04403,2020-04-03 01:10:00,,
129P04403,2020-04-03 01:20:00,,
129P04403,2020-04-03 01:30:00,,
129P04403,2020-04-03 01:40:00,,
129P04403,2020-04-03 01:50:00,,
129P04403,2020-04-03 02:00:00,,
129P04403,2020-04-03 02:10:00,,
129P04403,2020-04-03 02:20:00,52.00,
129P04403,2020-04-03 02:30:00,56.48,79.80
129P04403,2020-04-03 02:40:00,62.50,85.90
129P04403,2020-04-03 02:50:00,63.00,93.83
129P04403,2020-04-03 03:00:00,65.00,86.80
129P04403,2020-04-03 03:10:00,65.00,90.50
129P04403,2020-04-03 03:20:00,,
129P04403,2020-04-03 03:30:00,,
129P04403,2020-04-03 03:40:00,,
129P04403,2020-04-03 03:50:00,,
129P04403,2020-04-03 04:00:00,,
129P04403,2020-04-03 04:10:00,,
129P04403,2020-04-03 04:20:00,,
129P04403,2020-04-03 04:30:00,,
129P04403,2020-04-03 04:40:00,,
129P04403,2020-04-03 04:50:00,,
129P04403,2020-04-03 05:00:00,,
129P04403,2020-04-03 05:10:00,,
129P04403,2020-04-03 05:20:00,,
129P04403,2020-04-03 05:30:00,61.00,100.00
129P04403,2020-04-03 05:40:00,61.00,100.00
129P04403,2020-04-03 05:50:00,,
129P04403,2020-04-03 06:00:00,66.06,86.25
129P04403,2020-04-03 06:10:00,65.47,100.00
129P04403,2020-04-03 06:20:00,67.66,95.20
129P04403,2020-04-03 06:30:00,65.29,100.00
129P04403,2020-04-03 06:40:00,65.74,100.00
129P04403,2020-04-03 06:50:00,68.59,100.00
129P04403,2020-04-03 07:00:00,69.77,100.00
129P04403,2020-04-03 07:10:00,59.84,50.44
129P04403,2020-04-03 07:20:00,66.86,81.30
129P04403,2020-04-03 07:30:00,71.97,100.00
129P04403,2020-04-03 07:40:00,68.38,62.90
129P04403,2020-04-03 07:50:00,66.38,100.00
129P04403,2020-04-03 08:00:00,64.99,94.60
129P04403,2020-04-03 08:10:00,67.49,100.00
129P04403,2020-04-03 08:20:00,65.04,100.00
129P04403,2020-04-03 08:30:00,64.89,100.00
129P04403,2020-04-03 08:40:00,73.48,38.10
129P04403,2020-04-03 08:50:00,73.40,54.00
129P04403,2020-04-03 09:00:00,63.62,82.40
129P04403,2020-04-03 09:10:00,65.68,100.00
129P04403,2020-04-03 09:20:00,60.28,80.50
129P04403,2020-04-03 09:30:00,66.08,100.00
129P04403,2020-04-03 09:40:00,62.67,84.70
129P04403,2020-04-03 09:50:00,67.35,100.00
129P04403,2020-04-03 10:00:00,66.38,100.00
129P04403,2020-04-03 10:10:00,62.30,100.00
129P04403,2020-04-03 10:20:00,63.82,90.80
129P04403,2020-04-03 10:30:00,68.54,100.00
129P04403,2020-04-03 10:40:00,69.59,94.20
129P04403,2020-04-03 10:50:00,75.29,24.90
129P04403,2020-04-03 11:00:00,61.59,93.60
129P04403,2020-04-03 11:10:00,68.88,98.40
129P04403,2020-04-03 11:20:00,66.72,99.10
129P04403,2020-04-03 11:30:00,68.25,88.90
129P04403,2020-04-03 11:40:00,73.98,46.50
129P04403,2020-04-03 11:50:00,70.40,86.70
129P04403,2020-04-03 12:00:00,68.67,99.90
129P04403,2020-04-03 12:10:00,66.95,100.00
129P04403,2020-04-03 12:20:00,67.14,97.80
129P04403,2020-04-03 12:30:00,68.75,96.90
129P04403,2020-04-03 12:40:00,65.39,100.00
129P04403,2020-04-03 12:50:00,68.66,100.00
129P04403,2020-04-03 13:00:00,69.09,100.00
129P04403,2020-04-03 13:10:00,71.25,88.80
129P04403,2020-04-03 13:20:00,67.51,91.90
129P04403,2020-04-03 13:30:00,64.08,100.00
129P04403,2020-04-03 13:40:00,63.54,100.00
129P04403,2020-04-03 13:50:00,68.50,66.00
129P04403,2020-04-03 14:00:00,70.70,67.50
129P04403,2020-04-03 14:10:00,66.99,100.00
129P04403,2020-04-03 14:20:00,68.49,100.00
129P04403,2020-04-03 14:30:00,69.28,100.00
129P04403,2020-04-03 14:40:00,67.44,100.00
129P04403,2020-04-03 14:50:00,73.76,49.20
129P04403,2020-04-03 15:00:00,73.16,81.40
129P04403,2020-04-03 15:10:00,69.59,100.00
129P04403,2020-04-03 15:20:00,69.00,100.00
129P04403,2020-04-03 15:30:00,72.96,91.40
129P04403,2020-04-03 15:40:00,73.96,86.70
129P04403,2020-04-03 15:50:00,76.48,59.20
129P04403,2020-04-03 16:00:00,76.28,79.80
129P04403,2020-04-03 16:10:00,72.54,97.20
129P04403,2020-04-03 16:20:00,71.32,98.40
129P04403,2020-04-03 16:30:00,71.48,99.80
129P04403,2020-04-03 16:40:00,68.37,99.90
129P04403,2020-04-03 16:50:00,70.39,100.00
129P04403,2020-04-03 17:00:00,66.93,100.00
129P04403,2020-04-03 17:10:00,67.86,100.00
129P04403,2020-04-03 17:20:00,74.11,45.60
129P04403,2020-04-03 17:30:00,74.29,67.90
129P04403,2020-04-03 17:40:00,67.50,68.70
129P04403,2020-04-03 17:50:00,71.12,96.60
129P04403,2020-04-03 18:00:00,72.52,93.00
129P04403,2020-04-03 18:10:00,70.80,100.00
129P04403,2020-04-03 18:20:00,68.62,88.20
129P04403,2020-04-03 18:30:00,74.12,78.10
129P04403,2020-04-03 18:40:00,69.75,100.00
129P04403,2020-04-03 18:50:00,68.00,100.00
129P04403,2020-04-03 19:00:00,68.47,100.00
129P04403,2020-04-03 19:10:00,64.69,100.00
129P04403,2020-04-03 19:20:00,66.87,87.25
129P04403,2020-04-03 19:30:00,63.00,74.60
129P04403,2020-04-03 19:40:00,55.45,42.20
129P04403,2020-04-03 19:50:00,54.26,27.11
129P04403,2020-04-03 20:00:00,67.00,100.00
129P04403,2020-04-03 20:10:00,60.22,89.33
129P04403,2020-04-03 20:20:00,62.11,98.70
129P04403,2020-04-03 20:30:00,68.22,100.00
129P04403,2020-04-03 20:40:00,66.80,95.80
129P04403,2020-04-03 20:50:00,65.38,100.00
129P04403,2020-04-03 21:00:00,62.50,100.00
129P04403,2020-04-03 21:10:00,72.43,61.10
129P04403,2020-04-03 21:20:00,68.40,58.71
129P04403,2020-04-03 21:30:00,81.35,23.80
129P04403,2020-04-03 21:40:00,83.00,41.00
129P04403,2020-04-03 21:50:00,,
129P04403,2020-04-03 22:00:00,61.26,98.00
129P04403,2020-04-03 22:10:00,69.00,92.70
129P04403,2020-04-03 22:20:00,75.00,89.00
129P04403,2020-04-03 22:30:00,,
129P04403,2020-04-03 22:40:00,53.54,46.10
129P04403,2020-04-03 22:50:00,74.39,50.80
129P04403,2020-04-03 23:00:00,75.00,58.00
129P04403,2020-04-03 23:10:00,66.88,99.00
129P04403,2020-04-03 23:20:00,66.00,99.80
129P04403,2020-04-03 23:30:00,62.07,80.10
129P04403,2020-04-03 23:40:00,63.00,89.83
129P04403,2020-04-03 23:50:00,,
129P04644,2020-04-03 00:00:00,67.01,66.90
129P04644,2020-04-03 00:10:00,68.59,42.70
129P04644,2020-04-03 00:20:00,77.22,14.33
129P04644,2020-04-03 00:30:00,65.04,88.60
129P04644,2020-04-03 00:40:00,57.39,47.83
129P04644,2020-04-03 00:50:00,,
129P04644,2020-04-03 01:00:00,,
129P04644,2020-04-03 01:10:00,55.00,40.33
129P04644,2020-04-03 01:20:00,55.00,73.00
129P04644,2020-04-03 01:30:00,55.00,97.33
129P04644,2020-04-03 01:40:00,56.18,94.10
129P04644,2020-04-03 01:50:00,56.17,93.63
129P04644,2020-04-03 02:00:00,52.49,74.10
129P04644,2020-04-03 02:10:00,52.00,78.50
129P04644,2020-04-03 02:20:00,69.00,10.71
129P04644,2020-04-03 02:30:00,61.02,78.10
129P04644,2020-04-03 02:40:00,58.00,100.00
129P04644,2020-04-03 02:50:00,,
129P04644,2020-04-03 03:00:00,55.80,55.00
129P04644,2020-04-03 03:10:00,57.14,76.00
129P04644,2020-04-03 03:20:00,60.33,86.00
129P04644,2020-04-03 03:30:00,63.08,63.30
129P04644,2020-04-03 03:40:00,64.73,77.80
129P04644,2020-04-03 03:50:00,56.95,78.60
129P04644,2020-04-03 04:00:00,62.46,70.22
129P04644,2020-04-03 04:10:00,63.53,78.00
129P04644,2020-04-03 04:20:00,58.00,91.89
129P04644,2020-04-03 04:30:00,,
129P04644,2020-04-03 04:40:00,,
129P04644,2020-04-03 04:50:00,62.07,72.33
129P04644,2020-04-03 05:00:00,60.00,90.90
129P04644,2020-04-03 05:10:00,59.24,87.60
129P04644,2020-04-03 05:20:00,65.82,56.50
129P04644,2020-04-03 05:30:00,68.65,38.20
129P04644,2020-04-03 05:40:00,67.88,66.30
129P04644,2020-04-03 05:50:00,60.66,74.33
129P04644,2020-04-03 06:00:00,63.08,94.50
129P04644,2020-04-03 06:10:00,56.86,100.00
129P04644,2020-04-03 06:20:00,56.17,76.40
129P04644,2020-04-03 06:30:00,62.58,100.00
129P04644,2020-04-03 06:40:00,61.51,100.00
129P04644,2020-04-03 06:50:00,57.90,100.00
129P04644,2020-04-03 07:00:00,64.18,100.00
129P04644,2020-04-03 07:10:00,64.94,77.70
129P04644,2020-04-03 07:20:00,64.52,85.60
129P04644,2020-04-03 07:30:00,61.41,100.00
129P04644,2020-04-03 07:40:00,59.31,100.00
129P04644,2020-04-03 07:50:00,59.75,100.00
129P04644,2020-04-03 08:00:00,59.39,100.00
129P04644,2020-04-03 08:10:00,59.50,100.00
129P04644,2020-04-03 08:20:00,62.78,87.40
129P04644,2020-04-03 08:30:00,58.60,90.20
129P04644,2020-04-03 08:40:00,60.13,87.10
129P04644,2020-04-03 08:50:00,62.31,93.00
129P04644,2020-04-03 09:00:00,61.14,94.20
129P04644,2020-04-03 09:10:00,60.86,88.30
129P04644,2020-04-03 09:20:00,56.40,100.00
129P04644,2020-04-03 09:30:00,67.08,62.00
129P04644,2020-04-03 09:40:00,63.59,91.40
129P04644,2020-04-03 09:50:00,57.35,100.00
129P04644,2020-04-03 10:00:00,61.13,96.20
129P04644,2020-04-03 10:10:00,62.28,88.50
129P04644,2020-04-03 10:20:00,63.30,86.10
129P04644,2020-04-03 10:30:00,62.23,82.70
129P04644,2020-04-03 10:40:00,58.35,100.00
129P04644,2020-04-03 10:50:00,58.39,100.00
129P04644,2020-04-03 11:00:00,66.39,70.50
129P04644,2020-04-03 11:10:00,65.60,68.80
129P04644,2020-04-03 11:20:00,59.79,100.00
129P04644,2020-04-03 11:30:00,65.91,58.80
129P04644,2020-04-03 11:40:00,66.96,87.50
129P04644,2020-04-03 11:50:00,68.13,78.60
129P04644,2020-04-03 12:00:00,63.71,94.00
129P04644,2020-04-03 12:10:00,60.29,100.00
129P04644,2020-04-03 12:20:00,57.80,100.00
129P04644,2020-04-03 12:30:00,59.58,99.00
129P04644,2020-04-03 12:40:00,66.79,65.10
129P04644,2020-04-03 12:50:00,62.62,80.80
129P04644,2020-04-03 13:00:00,61.70,91.30
129P04644,2020-04-03 13:10:00,58.12,100.00
129P04644,2020-04-03 13:20:00,63.92,96.80
129P04644,2020-04-03 13:30:00,59.54,100.00
129P04644,2020-04-03 13:40:00,62.15,100.00
129P04644,2020-04-03 13:50:00,64.13,98.20
129P04644,2020-04-03 14:00:00,60.08,97.40
129P04644,2020-04-03 14:10:00,66.11,66.80
129P04644,2020-04-03 14:20:00,64.30,89.30
129P04644,2020-04-03 14:30:00,62.15,94.30
129P04644,2020-04-03 14:40:00,60.78,98.60
129P04644,2020-04-03 14:50:00,64.05,92.50
129P04644,2020-04-03 15:00:00,60.77,100.00
129P04644,2020-04-03 15:10:00,60.89,95.00
129P04644,2020-04-03 15:20:00,65.97,80.80
129P04644,2020-04-03 15:30:00,62.06,100.00
129P04644,2020-04-03 15:40:00,63.98,99.90
129P04644,2020-04-03 15:50:00,61.38,88.70
129P04644,2020-04-03 16:00:00,64.32,83.10
129P04644,2020-04-03 16:10:00,65.75,87.90
129P04644,2020-04-03 16:20:00,63.10,98.20
129P04644,2020-04-03 16:30:00,59.48,98.70
129P04644,2020-04-03 16:40:00,60.38,98.10
129P04644,2020-04-03 16:50:00,66.43,73.20
129P04644,2020-04-03 17:00:00,66.54,90.00
129P04644,2020-04-03 17:10:00,65.80,68.70
129P04644,2020-04-03 17:20:00,67.60,77.50
129P04644,2020-04-03 17:30:00,64.34,85.30
129P04644,2020-04-03 17:40:00,61.19,80.10
129P04644,2020-04-03 17:50:00,61.98,80.10
129P04644,2020-04-03 18:00:00,65.25,89.50
129P04644,2020-04-03 18:10:00,65.63,87.80
129P04644,2020-04-03 18:20:00,61.18,90.10
129P04644,2020-04-03 18:30:00,67.15,80.50
129P04644,2020-04-03 18:40:00,66.29,81.50
129P04644,2020-04-03 18:50:00,68.32,79.90
129P04644,2020-04-03 19:00:00,65.13,87.20
129P04644,2020-04-03 19:10:00,63.85,80.30
129P04644,2020-04-03 19:20:00,57.58,84.70
129P04644,2020-04-03 19:30:00,58.36,100.00
129P04644,2020-04-03 19:40:00,58.19,100.00
129P04644,2020-04-03 19:50:00,55.21,92.80
129P04644,2020-04-03 20:00:00,48.10,36.50
129P04644,2020-04-03 20:10:00,58.89,94.78
129P04644,2020-04-03 20:20:00,57.80,100.00
129P04644,2020-04-03 20:30:00,57.32,100.00
129P04644,2020-04-03 20:40:00,58.00,97.30
129P04644,2020-04-03 20:50:00,51.88,62.70
129P04644,2020-04-03 21:00:00,54.88,97.00
129P04644,2020-04-03 21:10:00,55.78,100.00
129P04644,2020-04-03 21:20:00,54.40,100.00
129P04644,2020-04-03 21:30:00,62.29,100.00
129P04644,2020-04-03 21:40:00,60.17,100.00
129P04644,2020-04-03 21:50:00,,
129P04644,2020-04-03 22:00:00,51.00,59.25
129P04644,2020-04-03 22:10:00,63.04,100.00
129P04644,2020-04-03 22:20:00,67.00,100.00
129P04644,2020-04-03 22:30:00,58.00,100.00
129P04644,2020-04-03 22:40:00,57.02,100.00
129P04644,2020-04-03 22:50:00,51.60,67.70
129P04644,2020-04-03 23:00:00,65.59,45.60
129P04644,2020-04-03 23:10:00,65.76,63.20
129P04644,2020-04-03 23:20:00,63.34,89.10
129P04644,2020-04-03 23:30:00,61.77,96.90
129P04644,2020-04-03 23:40:00,61.35,83.30
129P04644,2020-04-03 23:50:00,79.56,12.63
129P04402,2020-04-03 00:00:00,59.00,97.00
129P04402,2020-04-03 00:10:00,59.00,98.80
129P04402,2020-04-03 00:20:00,68.00,85.70
129P04402,2020-04-03 00:30:00,68.00,91.00
129P04402,2020-04-03 00:40:00,,
129P04402,2020-04-03 00:50:00,,
129P04402,2020-04-03 01:00:00,,
129P04402,2020-04-03 01:10:00,,
129P04402,2020-04-03 01:20:00,,
129P04402,2020-04-03 01:30:00,,
129P04402,2020-04-03 01:40:00,,
129P04402,2020-04-03 01:50:00,,
129P04402,2020-04-03 02:00:00,,
129P04402,2020-04-03 02:10:00,,
129P04402,2020-04-03 02:20:00,50.50,89.50
129P04402,2020-04-03 02:30:00,53.92,85.50
129P04402,2020-04-03 02:40:00,55.59,97.10
129P04402,2020-04-03 02:50:00,55.95,96.75
129P04402,2020-04-03 03:00:00,59.00,91.00
129P04402,2020-04-03 03:10:00,59.00,94.00
129P04402,2020-04-03 03:20:00,,
129P04402,2020-04-03 03:30:00,,
129P04402,2020-04-03 03:40:00,,
129P04402,2020-04-03 03:50:00,,
129P04402,2020-04-03 04:00:00,,
129P04402,2020-04-03 04:10:00,,
129P04402,2020-04-03 04:20:00,,
129P04402,2020-04-03 04:30:00,,
129P04402,2020-04-03 04:40:00,,
129P04402,2020-04-03 04:50:00,,
129P04402,2020-04-03 05:00:00,,
129P04402,2020-04-03 05:10:00,,
129P04402,2020-04-03 05:20:00,,
129P04402,2020-04-03 05:30:00,50.10,99.89
129P04402,2020-04-03 05:40:00,50.00,100.00
129P04402,2020-04-03 05:50:00,,
129P04402,2020-04-03 06:00:00,63.72,56.00
129P04402,2020-04-03 06:10:00,66.30,65.00
129P04402,2020-04-03 06:20:00,63.19,98.60
129P04402,2020-04-03 06:30:00,61.38,100.00
129P04402,2020-04-03 06:40:00,49.91,73.30
129P04402,2020-04-03 06:50:00,65.89,100.00
129P04402,2020-04-03 07:00:00,64.47,100.00
129P04402,2020-04-03 07:10:00,56.30,70.40
129P04402,2020-04-03 07:20:00,61.23,100.00
129P04402,2020-04-03 07:30:00,63.23,87.70
129P04402,2020-04-03 07:40:00,62.48,82.50
129P04402,2020-04-03 07:50:00,58.79,86.50
129P04402,2020-04-03 08:00:00,59.07,86.10
129P04402,2020-04-03 08:10:00,58.65,86.10
129P04402,2020-04-03 08:20:00,58.49,98.50
129P04402,2020-04-03 08:30:00,61.18,94.20
129P04402,2020-04-03 08:40:00,65.58,97.20
129P04402,2020-04-03 08:50:00,67.02,58.70
129P04402,2020-04-03 09:00:00,55.70,65.50
129P04402,2020-04-03 09:10:00,61.86,100.00
129P04402,2020-04-03 09:20:00,48.98,43.20
129P04402,2020-04-03 09:30:00,59.28,98.10
129P04402,2020-04-03 09:40:00,57.95,94.10
129P04402,2020-04-03 09:50:00,61.29,100.00
129P04402,2020-04-03 10:00:00,61.08,100.00
129P04402,2020-04-03 10:10:00,58.40,100.00
129P04402,2020-04-03 10:20:00,53.50,73.80
129P04402,2020-04-03 10:30:00,63.61,81.00
129P04402,2020-04-03 10:40:00,65.94,84.60
129P04402,2020-04-03 10:50:00,64.91,57.30
129P04402,2020-04-03 11:00:00,50.37,45.70
129P04402,2020-04-03 11:10:00,62.97,93.10
129P04402,2020-04-03 11:20:00,62.38,100.00
129P04402,2020-04-03 11:30:00,65.82,77.00
129P04402,2020-04-03 11:40:00,68.76,53.70
129P04402,2020-04-03 11:50:00,64.87,93.20
129P04402,2020-04-03 12:00:00,61.29,100.00
129P04402,2020-04-03 12:10:00,62.68,100.00
129P04402,2020-04-03 12:20:00,62.17,100.00
129P04402,2020-04-03 12:30:00,64.80,83.10
129P04402,2020-04-03 12:40:00,61.80,100.00
129P04402,2020-04-03 12:50:00,60.87,100.00
129P04402,2020-04-03 13:00:00,67.83,70.00
129P04402,2020-04-03 13:10:00,70.48,55.00
129P04402,2020-04-03 13:20:00,65.37,83.00
129P04402,2020-04-03 13:30:00,62.58,100.00
129P04402,2020-04-03 13:40:00,57.33,71.40
129P04402,2020-04-03 13:50:00,63.22,56.70
129P04402,2020-04-03 14:00:00,65.30,80.30
129P04402,2020-04-03 14:10:00,64.29,100.00
129P04402,2020-04-03 14:20:00,67.19,88.40
129P04402,2020-04-03 14:30:00,67.96,78.60
129P04402,2020-04-03 14:40:00,63.56,98.60
129P04402,2020-04-03 14:50:00,67.46,79.00
129P04402,2020-04-03 15:00:00,68.86,87.80
129P04402,2020-04-03 15:10:00,65.44,99.50
129P04402,2020-04-03 15:20:00,69.00,96.50
129P04402,2020-04-03 15:30:00,68.49,96.40
129P04402,2020-04-03 15:40:00,68.89,91.80
129P04402,2020-04-03 15:50:00,72.54,54.00
129P04402,2020-04-03 16:00:00,69.18,97.90
129P04402,2020-04-03 16:10:00,66.29,93.60
129P04402,2020-04-03 16:20:00,60.08,73.30
129P04402,2020-04-03 16:30:00,66.03,98.60
129P04402,2020-04-03 16:40:00,64.02,86.10
129P04402,2020-04-03 16:50:00,65.35,100.00
129P04402,2020-04-03 17:00:00,61.86,96.70
129P04402,2020-04-03 17:10:00,64.09,100.00
129P04402,2020-04-03 17:20:00,67.10,94.50
129P04402,2020-04-03 17:30:00,66.59,100.00
129P04402,2020-04-03 17:40:00,61.16,88.30
129P04402,2020-04-03 17:50:00,66.67,100.00
129P04402,2020-04-03 18:00:00,65.96,83.40
129P04402,2020-04-03 18:10:00,66.00,100.00
129P04402,2020-04-03 18:20:00,63.58,100.00
129P04402,2020-04-03 18:30:00,68.05,97.00
129P04402,2020-04-03 18:40:00,66.27,100.00
129P04402,2020-04-03 18:50:00,63.77,100.00
129P04402,2020-04-03 19:00:00,63.17,100.00
129P04402,2020-04-03 19:10:00,60.30,91.90
129P04402,2020-04-03 19:20:00,56.63,73.20
129P04402,2020-04-03 19:30:00,58.68,89.40
129P04402,2020-04-03 19:40:00,54.45,60.20
129P04402,2020-04-03 19:50:00,51.75,53.70
129P04402,2020-04-03 20:00:00,54.38,95.00
129P04402,2020-04-03 20:10:00,52.78,90.00
129P04402,2020-04-03 20:20:00,55.44,92.10
129P04402,2020-04-03 20:30:00,57.59,98.40
129P04402,2020-04-03 20:40:00,58.01,99.20
129P04402,2020-04-03 20:50:00,58.46,99.90
129P04402,2020-04-03 21:00:00,58.74,97.17
129P04402,2020-04-03 21:10:00,62.00,100.00
129P04402,2020-04-03 21:20:00,59.72,81.00
129P04402,2020-04-03 21:30:00,71.51,35.80
129P04402,2020-04-03 21:40:00,56.63,71.90
129P04402,2020-04-03 21:50:00,56.00,79.00
129P04402,2020-04-03 22:00:00,59.60,99.25
129P04402,2020-04-03 22:10:00,65.16,95.00
129P04402,2020-04-03 22:20:00,69.00,83.00
129P04402,2020-04-03 22:30:00,,
129P04402,2020-04-03 22:40:00,61.63,84.50
129P04402,2020-04-03 22:50:00,78.79,21.60
129P04402,2020-04-03 23:00:00,65.00,74.00
129P04402,2020-04-03 23:10:00,66.46,88.70
129P04402,2020-04-03 23:20:00,62.77,83.89
129P04402,2020-04-03 23:30:00,62.71,81.00
129P04402,2020-04-03 23:40:00,62.25,90.00
129P04402,2020-04-03 23:50:00,,
129P04401,2020-04-03 00:00:00,55.00,96.00
129P04401,2020-04-03 00:10:00,55.00,97.20
129P04401,2020-04-03 00:20:00,65.00,73.50
129P04401,2020-04-03 00:30:00,,
129P04401,2020-04-03 00:40:00,,
129P04401,2020-04-03 00:50:00,,
129P04401,2020-04-03 01:00:00,,
129P04401,2020-04-03 01:10:00,,
129P04401,2020-04-03 01:20:00,,
129P04401,2020-04-03 01:30:00,,
129P04401,2020-04-03 01:40:00,,
129P04401,2020-04-03 01:50:00,,
129P04401,2020-04-03 02:00:00,,
129P04401,2020-04-03 02:10:00,,
129P04401,2020-04-03 02:20:00,49.00,100.00
129P04401,2020-04-03 02:30:00,53.05,85.70
129P04401,2020-04-03 02:40:00,53.68,98.50
129P04401,2020-04-03 02:50:00,53.00,100.00
129P04401,2020-04-03 03:00:00,,
129P04401,2020-04-03 03:10:00,,
129P04401,2020-04-03 03:20:00,,
129P04401,2020-04-03 03:30:00,,
129P04401,2020-04-03 03:40:00,,
129P04401,2020-04-03 03:50:00,,
129P04401,2020-04-03 04:00:00,,
129P04401,2020-04-03 04:10:00,,
129P04401,2020-04-03 04:20:00,,
129P04401,2020-04-03 04:30:00,,
129P04401,2020-04-03 04:40:00,,
129P04401,2020-04-03 04:50:00,,
129P04401,2020-04-03 05:00:00,,
129P04401,2020-04-03 05:10:00,,
129P04401,2020-04-03 05:20:00,57.00,100.00
129P04401,2020-04-03 05:30:00,48.00,88.80
129P04401,2020-04-03 05:40:00,47.49,97.00
129P04401,2020-04-03 05:50:00,,
129P04401,2020-04-03 06:00:00,59.01,53.30
129P04401,2020-04-03 06:10:00,62.40,55.80
129P04401,2020-04-03 06:20:00,61.14,92.70
129P04401,2020-04-03 06:30:00,56.98,100.00
129P04401,2020-04-03 06:40:00,52.85,92.60
129P04401,2020-04-03 06:50:00,63.59,100.00
129P04401,2020-04-03 07:00:00,62.20,100.00
129P04401,2020-04-03 07:10:00,57.28,100.00
129P04401,2020-04-03 07:20:00,62.80,100.00
129P04401,2020-04-03 07:30:00,59.88,100.00
129P04401,2020-04-03 07:40:00,59.97,100.00
129P04401,2020-04-03 07:50:00,57.69,100.00
129P04401,2020-04-03 08:00:00,59.01,100.00
129P04401,2020-04-03 08:10:00,54.03,64.80
129P04401,2020-04-03 08:20:00,53.64,82.70
129P04401,2020-04-03 08:30:00,60.17,100.00
129P04401,2020-04-03 08:40:00,63.22,100.00
129P04401,2020-04-03 08:50:00,60.40,100.00
129P04401,2020-04-03 09:00:00,56.98,100.00
129P04401,2020-04-03 09:10:00,60.89,100.00
129P04401,2020-04-03 09:20:00,63.68,85.10
129P04401,2020-04-03 09:30:00,59.58,100.00
129P04401,2020-04-03 09:40:00,57.40,94.50
129P04401,2020-04-03 09:50:00,63.12,77.90
129P04401,2020-04-03 10:00:00,61.25,100.00
129P04401,2020-04-03 10:10:00,57.09,100.00
129P04401,2020-04-03 10:20:00,57.00,100.00
129P04401,2020-04-03 10:30:00,53.90,74.70
129P04401,2020-04-03 10:40:00,63.49,76.00
129P04401,2020-04-03 10:50:00,64.32,56.10
129P04401,2020-04-03 11:00:00,55.42,66.90
129P04401,2020-04-03 11:10:00,59.62,91.30
129P04401,2020-04-03 11:20:00,60.13,100.00
129P04401,2020-04-03 11:30:00,64.74,69.10
129P04401,2020-04-03 11:40:00,66.03,56.20
129P04401,2020-04-03 11:50:00,61.01,98.90
129P04401,2020-04-03 12:00:00,57.00,100.00
129P04401,2020-04-03 12:10:00,57.28,100.00
129P04401,2020-04-03 12:20:00,59.86,100.00
129P04401,2020-04-03 12:30:00,63.35,81.00
129P04401,2020-04-03 12:40:00,55.68,84.30
129P04401,2020-04-03 12:50:00,47.59,24.80
129P04401,2020-04-03 13:00:00,66.85,62.70
129P04401,2020-04-03 13:10:00,65.49,78.90
129P04401,2020-04-03 13:20:00,60.32,88.40
129P04401,2020-04-03 13:30:00,60.45,100.00
129P04401,2020-04-03 13:40:00,55.23,76.20
129P04401,2020-04-03 13:50:00,60.94,59.50
129P04401,2020-04-03 14:00:00,62.31,71.10
129P04401,2020-04-03 14:10:00,63.81,93.50
129P04401,2020-04-03 14:20:00,63.51,84.50
129P04401,2020-04-03 14:30:00,65.37,87.00
129P04401,2020-04-03 14:40:00,62.99,94.80
129P04401,2020-04-03 14:50:00,70.37,47.10
129P04401,2020-04-03 15:00:00,67.25,86.70
129P04401,2020-04-03 15:10:00,62.16,97.20
129P04401,2020-04-03 15:20:00,63.75,98.60
129P04401,2020-04-03 15:30:00,61.31,99.90
129P04401,2020-04-03 15:40:00,65.15,89.90
129P04401,2020-04-03 15:50:00,68.60,58.90
129P04401,2020-04-03 16:00:00,66.84,86.70
129P04401,2020-04-03 16:10:00,64.81,97.10
129P04401,2020-04-03 16:20:00,65.78,99.20
129P04401,2020-04-03 16:30:00,64.47,99.90
129P04401,2020-04-03 16:40:00,62.44,100.00
129P04401,2020-04-03 16:50:00,66.00,100.00
129P04401,2020-04-03 17:00:00,63.15,99.20
129P04401,2020-04-03 17:10:00,65.52,85.30
129P04401,2020-04-03 17:20:00,65.40,100.00
129P04401,2020-04-03 17:30:00,65.00,100.00
129P04401,2020-04-03 17:40:00,61.19,100.00
129P04401,2020-04-03 17:50:00,63.07,100.00
129P04401,2020-04-03 18:00:00,62.35,100.00
129P04401,2020-04-03 18:10:00,64.59,100.00
129P04401,2020-04-03 18:20:00,63.15,100.00
129P04401,2020-04-03 18:30:00,65.64,96.60
129P04401,2020-04-03 18:40:00,25.93,97.00
129P04401,2020-04-03 18:50:00,55.38,91.00
129P04401,2020-04-03 19:00:00,61.77,100.00
129P04401,2020-04-03 19:10:00,59.48,99.90
129P04401,2020-04-03 19:20:00,58.22,95.40
129P04401,2020-04-03 19:30:00,57.65,91.50
129P04401,2020-04-03 19:40:00,53.59,52.90
129P04401,2020-04-03 19:50:00,52.91,62.60
129P04401,2020-04-03 20:00:00,51.61,69.70
129P04401,2020-04-03 20:10:00,44.47,95.25
129P04401,2020-04-03 20:20:00,55.86,97.90
129P04401,2020-04-03 20:30:00,59.00,100.00
129P04401,2020-04-03 20:40:00,59.17,100.00
129P04401,2020-04-03 20:50:00,60.79,100.00
129P04401,2020-04-03 21:00:00,60.16,99.60
129P04401,2020-04-03 21:10:00,61.00,100.00
129P04401,2020-04-03 21:20:00,75.00,51.00
129P04401,2020-04-03 21:30:00,70.78,26.30
129P04401,2020-04-03 21:40:00,46.00,19.60
129P04401,2020-04-03 21:50:00,46.00,38.00
129P04401,2020-04-03 22:00:00,60.02,96.50
129P04401,2020-04-03 22:10:00,67.76,83.40
129P04401,2020-04-03 22:20:00,,
129P04401,2020-04-03 22:30:00,,
129P04401,2020-04-03 22:40:00,71.00,59.67
129P04401,2020-04-03 22:50:00,71.00,65.33
129P04401,2020-04-03 23:00:00,65.00,100.00
129P04401,2020-04-03 23:10:00,59.71,58.70
129P04401,2020-04-03 23:20:00,54.25,45.00
129P04401,2020-04-03 23:30:00,62.12,99.63
129P04401,2020-04-03 23:40:00,62.00,99.50
129P04401,2020-04-03 23:50:00,,
129P04643,2020-04-03 00:00:00,66.13,70.71
129P04643,2020-04-03 00:10:00,68.59,57.80
129P04643,2020-04-03 00:20:00,78.48,20.00
129P04643,2020-04-03 00:30:00,73.00,92.10
129P04643,2020-04-03 00:40:00,62.48,41.20
129P04643,2020-04-03 00:50:00,,
129P04643,2020-04-03 01:00:00,,
129P04643,2020-04-03 01:10:00,58.00,42.78
129P04643,2020-04-03 01:20:00,58.00,77.00
129P04643,2020-04-03 01:30:00,58.00,95.00
129P04643,2020-04-03 01:40:00,59.08,96.70
129P04643,2020-04-03 01:50:00,57.19,91.88
129P04643,2020-04-03 02:00:00,54.60,82.50
129P04643,2020-04-03 02:10:00,,
129P04643,2020-04-03 02:20:00,67.00,27.63
129P04643,2020-04-03 02:30:00,62.62,76.70
129P04643,2020-04-03 02:40:00,60.00,100.00
129P04643,2020-04-03 02:50:00,,
129P04643,2020-04-03 03:00:00,57.96,67.83
129P04643,2020-04-03 03:10:00,60.11,86.30
129P04643,2020-04-03 03:20:00,63.57,73.00
129P04643,2020-04-03 03:30:00,61.00,98.00
129P04643,2020-04-03 03:40:00,61.00,99.00
129P04643,2020-04-03 03:50:00,59.17,93.00
129P04643,2020-04-03 04:00:00,63.47,82.90
129P04643,2020-04-03 04:10:00,65.00,84.00
129P04643,2020-04-03 04:20:00,61.00,100.00
129P04643,2020-04-03 04:30:00,,
129P04643,2020-04-03 04:40:00,63.00,97.33
129P04643,2020-04-03 04:50:00,63.42,82.70
129P04643,2020-04-03 05:00:00,62.58,89.60
129P04643,2020-04-03 05:10:00,63.86,63.40
129P04643,2020-04-03 05:20:00,68.78,49.22
129P04643,2020-04-03 05:30:00,73.88,29.50
129P04643,2020-04-03 05:40:00,72.25,77.78
129P04643,2020-04-03 05:50:00,65.00,60.33
129P04643,2020-04-03 06:00:00,64.12,89.00
129P04643,2020-04-03 06:10:00,58.23,91.00
129P04643,2020-04-03 06:20:00,59.01,83.40
129P04643,2020-04-03 06:30:00,64.45,84.60
129P04643,2020-04-03 06:40:00,63.00,100.00
129P04643,2020-04-03 06:50:00,65.06,71.20
129P04643,2020-04-03 07:00:00,74.16,49.13
129P04643,2020-04-03 07:10:00,69.91,82.10
129P04643,2020-04-03 07:20:00,68.12,95.00
129P04643,2020-04-03 07:30:00,63.70,99.80
129P04643,2020-04-03 07:40:00,63.27,99.60
129P04643,2020-04-03 07:50:00,63.17,100.00
129P04643,2020-04-03 08:00:00,63.00,100.00
129P04643,2020-04-03 08:10:00,62.39,100.00
129P04643,2020-04-03 08:20:00,67.10,61.20
129P04643,2020-04-03 08:30:00,62.36,100.00
129P04643,2020-04-03 08:40:00,64.12,93.00
129P04643,2020-04-03 08:50:00,64.22,90.00
129P04643,2020-04-03 09:00:00,64.43,98.20
129P04643,2020-04-03 09:10:00,60.00,100.00
129P04643,2020-04-03 09:20:00,59.80,93.20
129P04643,2020-04-03 09:30:00,67.89,66.50
129P04643,2020-04-03 09:40:00,61.96,100.00
129P04643,2020-04-03 09:50:00,59.49,100.00
129P04643,2020-04-03 10:00:00,62.54,95.40
129P04643,2020-04-03 10:10:00,63.75,95.20
129P04643,2020-04-03 10:20:00,64.18,95.40
129P04643,2020-04-03 10:30:00,64.91,74.80
129P04643,2020-04-03 10:40:00,60.29,100.00
129P04643,2020-04-03 10:50:00,62.11,99.00
129P04643,2020-04-03 11:00:00,64.35,92.80
129P04643,2020-04-03 11:10:00,64.75,75.90
129P04643,2020-04-03 11:20:00,60.50,100.00
129P04643,2020-04-03 11:30:00,66.33,68.90
129P04643,2020-04-03 11:40:00,62.78,100.00
129P04643,2020-04-03 11:50:00,66.38,70.00
129P04643,2020-04-03 12:00:00,64.32,93.00
129P04643,2020-04-03 12:10:00,65.29,81.70
129P04643,2020-04-03 12:20:00,61.62,100.00
129P04643,2020-04-03 12:30:00,61.09,99.90
129P04643,2020-04-03 12:40:00,65.76,85.00
129P04643,2020-04-03 12:50:00,63.91,82.80
129P04643,2020-04-03 13:00:00,65.94,75.20
129P04643,2020-04-03 13:10:00,63.22,97.20
129P04643,2020-04-03 13:20:00,65.15,93.50
129P04643,2020-04-03 13:30:00,64.89,94.50
129P04643,2020-04-03 13:40:00,65.55,95.20
129P04643,2020-04-03 13:50:00,63.47,98.40
129P04643,2020-04-03 14:00:00,66.68,65.60
129P04643,2020-04-03 14:10:00,73.72,33.70
129P04643,2020-04-03 14:20:00,68.10,84.60
129P04643,2020-04-03 14:30:00,68.17,97.80
129P04643,2020-04-03 14:40:00,65.17,79.70
129P04643,2020-04-03 14:50:00,65.86,91.60
129P04643,2020-04-03 15:00:00,60.11,100.00
129P04643,2020-04-03 15:10:00,60.66,96.50
129P04643,2020-04-03 15:20:00,65.16,94.10
129P04643,2020-04-03 15:30:00,62.55,94.60
129P04643,2020-04-03 15:40:00,66.35,98.10
129P04643,2020-04-03 15:50:00,62.16,94.20
129P04643,2020-04-03 16:00:00,62.90,89.50
129P04643,2020-04-03 16:10:00,64.98,100.00
129P04643,2020-04-03 16:20:00,68.73,82.60
129P04643,2020-04-03 16:30:00,64.83,86.30
129P04643,2020-04-03 16:40:00,61.42,94.30
129P04643,2020-04-03 16:50:00,68.72,73.90
129P04643,2020-04-03 17:00:00,66.19,98.90
129P04643,2020-04-03 17:10:00,69.52,86.00
129P04643,2020-04-03 17:20:00,68.41,86.40
129P04643,2020-04-03 17:30:00,68.38,71.10
129P04643,2020-04-03 17:40:00,70.27,79.90
129P04643,2020-04-03 17:50:00,71.20,73.70
129P04643,2020-04-03 18:00:00,66.16,83.50
129P04643,2020-04-03 18:10:00,65.45,97.50
129P04643,2020-04-03 18:20:00,60.66,69.70
129P04643,2020-04-03 18:30:00,66.21,96.10
129P04643,2020-04-03 18:40:00,71.39,48.60
129P04643,2020-04-03 18:50:00,71.13,66.00
129P04643,2020-04-03 19:00:00,67.91,61.60
129P04643,2020-04-03 19:10:00,58.42,77.70
129P04643,2020-04-03 19:20:00,55.90,100.00
129P04643,2020-04-03 19:30:00,60.19,96.50
129P04643,2020-04-03 19:40:00,59.18,100.00
129P04643,2020-04-03 19:50:00,58.00,100.00
129P04643,2020-04-03 20:00:00,55.00,100.00
129P04643,2020-04-03 20:10:00,59.44,100.00
129P04643,2020-04-03 20:20:00,59.14,100.00
129P04643,2020-04-03 20:30:00,59.56,100.00
129P04643,2020-04-03 20:40:00,59.38,99.11
129P04643,2020-04-03 20:50:00,52.56,50.60
129P04643,2020-04-03 21:00:00,52.63,56.44
129P04643,2020-04-03 21:10:00,58.59,100.00
129P04643,2020-04-03 21:20:00,57.11,99.67
129P04643,2020-04-03 21:30:00,64.67,99.90
129P04643,2020-04-03 21:40:00,62.18,100.00
129P04643,2020-04-03 21:50:00,,
129P04643,2020-04-03 22:00:00,59.00,100.00
129P04643,2020-04-03 22:10:00,65.00,100.00
129P04643,2020-04-03 22:20:00,65.00,100.00
129P04643,2020-04-03 22:30:00,61.00,100.00
129P04643,2020-04-03 22:40:00,59.66,91.90
129P04643,2020-04-03 22:50:00,58.06,66.10
129P04643,2020-04-03 23:00:00,67.39,59.40
129P04643,2020-04-03 23:10:00,67.17,67.88
129P04643,2020-04-03 23:20:00,62.37,97.40
129P04643,2020-04-03 23:30:00,62.39,98.60
129P04643,2020-04-03 23:40:00,64.13,78.60
129P04643,2020-04-03 23:50:00,75.62,11.56
129P04642,2020-04-03 00:00:00,63.86,47.10
129P04642,2020-04-03 00:10:00,64.37,77.40
129P04642,2020-04-03 00:20:00,64.54,78.00
129P04642,2020-04-03 00:30:00,64.94,81.60
129P04642,2020-04-03 00:40:00,55.19,34.75
129P04642,2020-04-03 00:50:00,,
129P04642,2020-04-03 01:00:00,55.39,32.50
129P04642,2020-04-03 01:10:00,58.00,68.70
129P04642,2020-04-03 01:20:00,57.50,90.50
129P04642,2020-04-03 01:30:00,57.00,99.33
129P04642,2020-04-03 01:40:00,57.40,99.60
129P04642,2020-04-03 01:50:00,56.26,95.40
129P04642,2020-04-03 02:00:00,54.00,86.20
129P04642,2020-04-03 02:10:00,,
129P04642,2020-04-03 02:20:00,57.00,97.00
129P04642,2020-04-03 02:30:00,57.80,92.50
129P04642,2020-04-03 02:40:00,58.00,92.00
129P04642,2020-04-03 02:50:00,,
129P04642,2020-04-03 03:00:00,57.00,93.25
129P04642,2020-04-03 03:10:00,58.54,91.00
129P04642,2020-04-03 03:20:00,62.50,58.00
129P04642,2020-04-03 03:30:00,59.85,88.30
129P04642,2020-04-03 03:40:00,56.26,94.60
129P04642,2020-04-03 03:50:00,55.00,90.80
129P04642,2020-04-03 04:00:00,56.69,96.70
129P04642,2020-04-03 04:10:00,57.00,98.00
129P04642,2020-04-03 04:20:00,58.79,89.70
129P04642,2020-04-03 04:30:00,57.00,97.67
129P04642,2020-04-03 04:40:00,59.00,69.00
129P04642,2020-04-03 04:50:00,58.24,86.30
129P04642,2020-04-03 05:00:00,58.90,90.30
129P04642,2020-04-03 05:10:00,60.58,67.40
129P04642,2020-04-03 05:20:00,68.87,38.50
129P04642,2020-04-03 05:30:00,71.27,35.50
129P04642,2020-04-03 05:40:00,63.58,84.90
129P04642,2020-04-03 05:50:00,63.30,92.00
129P04642,2020-04-03 06:00:00,60.27,99.00
129P04642,2020-04-03 06:10:00,56.43,73.50
129P04642,2020-04-03 06:20:00,54.24,55.90
129P04642,2020-04-03 06:30:00,60.27,100.00
129P04642,2020-04-03 06:40:00,58.46,96.90
129P04642,2020-04-03 06:50:00,62.20,74.80
129P04642,2020-04-03 07:00:00,69.75,24.00
129P04642,2020-04-03 07:10:00,68.14,66.40
129P04642,2020-04-03 07:20:00,69.90,86.50
129P04642,2020-04-03 07:30:00,59.57,100.00
129P04642,2020-04-03 07:40:00,62.18,100.00
129P04642,2020-04-03 07:50:00,59.63,92.10
129P04642,2020-04-03 08:00:00,57.54,100.00
129P04642,2020-04-03 08:10:00,57.88,100.00
129P04642,2020-04-03 08:20:00,65.19,51.40
129P04642,2020-04-03 08:30:00,65.49,71.90
129P04642,2020-04-03 08:40:00,64.79,91.20
129P04642,2020-04-03 08:50:00,66.66,82.40
129P04642,2020-04-03 09:00:00,62.82,97.60
129P04642,2020-04-03 09:10:00,58.10,100.00
129P04642,2020-04-03 09:20:00,60.62,92.20
129P04642,2020-04-03 09:30:00,65.30,74.40
129P04642,2020-04-03 09:40:00,60.99,100.00
129P04642,2020-04-03 09:50:00,61.03,100.00
129P04642,2020-04-03 10:00:00,63.78,96.70
129P04642,2020-04-03 10:10:00,65.62,80.50
129P04642,2020-04-03 10:20:00,64.49,93.50
129P04642,2020-04-03 10:30:00,64.85,97.70
129P04642,2020-04-03 10:40:00,60.02,99.40
129P04642,2020-04-03 10:50:00,61.69,100.00
129P04642,2020-04-03 11:00:00,69.26,64.50
129P04642,2020-04-03 11:10:00,69.02,69.50
129P04642,2020-04-03 11:20:00,67.07,98.80
129P04642,2020-04-03 11:30:00,66.30,91.70
129P04642,2020-04-03 11:40:00,64.89,98.00
129P04642,2020-04-03 11:50:00,68.35,61.60
129P04642,2020-04-03 12:00:00,64.79,96.00
129P04642,2020-04-03 12:10:00,66.54,94.90
129P04642,2020-04-03 12:20:00,67.40,92.50
129P04642,2020-04-03 12:30:00,64.18,98.70
129P04642,2020-04-03 12:40:00,64.69,99.00
129P04642,2020-04-03 12:50:00,62.49,97.10
129P04642,2020-04-03 13:00:00,61.54,99.60
129P04642,2020-04-03 13:10:00,60.02,100.00
129P04642,2020-04-03 13:20:00,60.96,100.00
129P04642,2020-04-03 13:30:00,62.42,95.30
129P04642,2020-04-03 13:40:00,63.36,98.10
129P04642,2020-04-03 13:50:00,62.81,92.00
129P04642,2020-04-03 14:00:00,68.26,62.90
129P04642,2020-04-03 14:10:00,65.88,77.40
129P04642,2020-04-03 14:20:00,64.57,99.70
129P04642,2020-04-03 14:30:00,65.68,97.80
129P04642,2020-04-03 14:40:00,62.87,99.10
129P04642,2020-04-03 14:50:00,64.43,96.40
129P04642,2020-04-03 15:00:00,62.52,99.50
129P04642,2020-04-03 15:10:00,63.13,97.70
129P04642,2020-04-03 15:20:00,66.80,92.00
129P04642,2020-04-03 15:30:00,64.24,100.00
129P04642,2020-04-03 15:40:00,66.17,97.40
129P04642,2020-04-03 15:50:00,57.33,57.70
129P04642,2020-04-03 16:00:00,60.86,80.20
129P04642,2020-04-03 16:10:00,68.23,96.40
129P04642,2020-04-03 16:20:00,67.17,100.00
129P04642,2020-04-03 16:30:00,63.72,93.20
129P04642,2020-04-03 16:40:00,61.33,71.10
129P04642,2020-04-03 16:50:00,66.56,94.40
129P04642,2020-04-03 17:00:00,67.87,92.90
129P04642,2020-04-03 17:10:00,71.16,91.50
129P04642,2020-04-03 17:20:00,70.26,97.40
129P04642,2020-04-03 17:30:00,66.70,73.50
129P04642,2020-04-03 17:40:00,69.85,68.20
129P04642,2020-04-03 17:50:00,68.49,83.60
129P04642,2020-04-03 18:00:00,64.15,88.50
129P04642,2020-04-03 18:10:00,64.35,99.60
129P04642,2020-04-03 18:20:00,65.17,90.80
129P04642,2020-04-03 18:30:00,69.19,85.70
129P04642,2020-04-03 18:40:00,67.80,97.10
129P04642,2020-04-03 18:50:00,67.17,89.70
129P04642,2020-04-03 19:00:00,65.68,91.20
129P04642,2020-04-03 19:10:00,61.15,52.40
129P04642,2020-04-03 19:20:00,58.20,40.60
129P04642,2020-04-03 19:30:00,60.36,82.10
129P04642,2020-04-03 19:40:00,58.93,98.10
129P04642,2020-04-03 19:50:00,57.00,100.00
129P04642,2020-04-03 20:00:00,60.00,100.00
129P04642,2020-04-03 20:10:00,59.90,100.00
129P04642,2020-04-03 20:20:00,61.16,100.00
129P04642,2020-04-03 20:30:00,59.14,100.00
129P04642,2020-04-03 20:40:00,56.06,73.10
129P04642,2020-04-03 20:50:00,55.53,73.00
129P04642,2020-04-03 21:00:00,53.46,81.20
129P04642,2020-04-03 21:10:00,54.00,99.80
129P04642,2020-04-03 21:20:00,59.53,85.33
129P04642,2020-04-03 21:30:00,66.00,91.30
129P04642,2020-04-03 21:40:00,56.57,73.00
129P04642,2020-04-03 21:50:00,,
129P04642,2020-04-03 22:00:00,53.00,66.00
129P04642,2020-04-03 22:10:00,66.00,100.00
129P04642,2020-04-03 22:20:00,66.00,100.00
129P04642,2020-04-03 22:30:00,60.00,100.00
129P04642,2020-04-03 22:40:00,58.96,100.00
129P04642,2020-04-03 22:50:00,60.23,89.00
129P04642,2020-04-03 23:00:00,68.00,51.50
129P04642,2020-04-03 23:10:00,66.85,63.90
129P04642,2020-04-03 23:20:00,61.94,88.70
129P04642,2020-04-03 23:30:00,60.00,83.60
129P04642,2020-04-03 23:40:00,65.62,45.40
129P04642,2020-04-03 23:50:00,76.62,8.00
129+04750,2020-04-03 00:00:00,53.00,66.14
129+04750,2020-04-03 00:10:00,50.00,53.50
129+04750,2020-04-03 00:20:00,49.87,60.75
129+04750,2020-04-03 00:30:00,45.75,94.30
129+04750,2020-04-03 00:40:00,45.00,100.00
129+04750,2020-04-03 00:50:00,,
129+04750,2020-04-03 01:00:00,,
129+04750,2020-04-03 01:10:00,,
129+04750,2020-04-03 01:20:00,,
129+04750,2020-04-03 01:30:00,,
129+04750,2020-04-03 01:40:00,,
129+04750,2020-04-03 01:50:00,,
129+04750,2020-04-03 02:00:00,,
129+04750,2020-04-03 02:10:00,,
129+04750,2020-04-03 02:20:00,,
129+04750,2020-04-03 02:30:00,39.00,100.00
129+04750,2020-04-03 02:40:00,39.00,100.00
129+04750,2020-04-03 02:50:00,,
129+04750,2020-04-03 03:00:00,,
129+04750,2020-04-03 03:10:00,39.25,99.00
129+04750,2020-04-03 03:20:00,37.73,95.50
129+04750,2020-04-03 03:30:00,38.00,94.33
129+04750,2020-04-03 03:40:00,,
129+04750,2020-04-03 03:50:00,,
129+04750,2020-04-03 04:00:00,,
129+04750,2020-04-03 04:10:00,,
129+04750,2020-04-03 04:20:00,,
129+04750,2020-04-03 04:30:00,47.26,62.00
129+04750,2020-04-03 04:40:00,51.00,99.80
129+04750,2020-04-03 04:50:00,40.00,97.75
129+04750,2020-04-03 05:00:00,45.80,87.50
129+04750,2020-04-03 05:10:00,46.00,94.00
129+04750,2020-04-03 05:20:00,,
129+04750,2020-04-03 05:30:00,,
129+04750,2020-04-03 05:40:00,47.00,91.00
129+04750,2020-04-03 05:50:00,50.90,97.50
129+04750,2020-04-03 06:00:00,46.84,88.89
129+04750,2020-04-03 06:10:00,45.00,88.40
129+04750,2020-04-03 06:20:00,35.00,82.50
129+04750,2020-04-03 06:30:00,38.42,84.80
129+04750,2020-04-03 06:40:00,52.66,100.00
129+04750,2020-04-03 06:50:00,47.42,100.00
129+04750,2020-04-03 07:00:00,42.04,100.00
129+04750,2020-04-03 07:10:00,34.34,58.60
129+04750,2020-04-03 07:20:00,40.45,100.00
129+04750,2020-04-03 07:30:00,41.73,100.00
129+04750,2020-04-03 07:40:00,40.35,100.00
129+04750,2020-04-03 07:50:00,41.87,94.20
129+04750,2020-04-03 08:00:00,42.98,100.00
129+04750,2020-04-03 08:10:00,49.02,55.30
129+04750,2020-04-03 08:20:00,50.78,41.90
129+04750,2020-04-03 08:30:00,52.69,62.90
129+04750,2020-04-03 08:40:00,44.29,98.00
129+04750,2020-04-03 08:50:00,41.17,98.90
129+04750,2020-04-03 09:00:00,40.84,97.80
129+04750,2020-04-03 09:10:00,47.84,96.10
129+04750,2020-04-03 09:20:00,41.26,98.30
129+04750,2020-04-03 09:30:00,37.43,100.00
129+04750,2020-04-03 09:40:00,42.46,97.00
129+04750,2020-04-03 09:50:00,33.04,100.00
129+04750,2020-04-03 10:00:00,37.81,74.00
129+04750,2020-04-03 10:10:00,39.63,98.30
129+04750,2020-04-03 10:20:00,39.28,100.00
129+04750,2020-04-03 10:30:00,43.36,95.00
129+04750,2020-04-03 10:40:00,42.97,83.40
129+04750,2020-04-03 10:50:00,45.96,89.50
129+04750,2020-04-03 11:00:00,38.43,96.30
129+04750,2020-04-03 11:10:00,33.71,97.20
129+04750,2020-04-03 11:20:00,37.67,99.30
129+04750,2020-04-03 11:30:00,41.25,98.10
129+04750,2020-04-03 11:40:00,40.65,85.70
129+04750,2020-04-03 11:50:00,38.84,91.40
129+04750,2020-04-03 12:00:00,45.53,92.00
129+04750,2020-04-03 12:10:00,37.86,95.80
129+04750,2020-04-03 12:20:00,39.37,91.80
129+04750,2020-04-03 12:30:00,42.25,74.20
129+04750,2020-04-03 12:40:00,52.82,67.70
129+04750,2020-04-03 12:50:00,42.66,99.10
129+04750,2020-04-03 13:00:00,42.53,81.40
129+04750,2020-04-03 13:10:00,52.64,79.10
129+04750,2020-04-03 13:20:00,46.39,99.50
129+04750,2020-04-03 13:30:00,42.89,93.50
129+04750,2020-04-03 13:40:00,41.14,100.00
129+04750,2020-04-03 13:50:00,47.40,81.60
129+04750,2020-04-03 14:00:00,37.63,78.20
129+04750,2020-04-03 14:10:00,40.06,87.90
129+04750,2020-04-03 14:20:00,40.25,79.70
129+04750,2020-04-03 14:30:00,46.69,94.30
129+04750,2020-04-03 14:40:00,44.92,99.50
129+04750,2020-04-03 14:50:00,46.29,86.70
129+04750,2020-04-03 15:00:00,42.29,87.30
129+04750,2020-04-03 15:10:00,39.73,62.50
129+04750,2020-04-03 15:20:00,42.48,54.80
129+04750,2020-04-03 15:30:00,38.84,79.80
129+04750,2020-04-03 15:40:00,42.87,46.60
129+04750,2020-04-03 15:50:00,46.68,63.50
129+04750,2020-04-03 16:00:00,43.13,89.20
129+04750,2020-04-03 16:10:00,51.17,76.40
129+04750,2020-04-03 16:20:00,50.37,70.90
129+04750,2020-04-03 16:30:00,32.21,72.80
129+04750,2020-04-03 16:40:00,42.77,91.60
129+04750,2020-04-03 16:50:00,43.27,76.80
129+04750,2020-04-03 17:00:00,38.04,76.40
129+04750,2020-04-03 17:10:00,42.08,83.80
129+04750,2020-04-03 17:20:00,50.78,82.30
129+04750,2020-04-03 17:30:00,38.82,86.80
129+04750,2020-04-03 17:40:00,42.92,74.40
129+04750,2020-04-03 17:50:00,44.90,69.70
129+04750,2020-04-03 18:00:00,43.87,90.70
129+04750,2020-04-03 18:10:00,47.74,94.30
129+04750,2020-04-03 18:20:00,56.38,82.30
129+04750,2020-04-03 18:30:00,57.48,74.20
129+04750,2020-04-03 18:40:00,57.38,99.40
129+04750,2020-04-03 18:50:00,43.93,91.20
129+04750,2020-04-03 19:00:00,33.98,100.00
129+04750,2020-04-03 19:10:00,29.00,100.00
129+04750,2020-04-03 19:20:00,29.19,100.00
129+04750,2020-04-03 19:30:00,31.89,100.00
129+04750,2020-04-03 19:40:00,22.87,96.40
129+04750,2020-04-03 19:50:00,24.46,68.40
129+04750,2020-04-03 20:00:00,63.00,58.00
129+04750,2020-04-03 20:10:00,52.32,50.67
129+04750,2020-04-03 20:20:00,53.00,33.50
129+04750,2020-04-03 20:30:00,,
129+04750,2020-04-03 20:40:00,43.14,99.14
129+04750,2020-04-03 20:50:00,42.04,100.00
129+04750,2020-04-03 21:00:00,30.21,92.60
129+04750,2020-04-03 21:10:00,43.17,88.80
129+04750,2020-04-03 21:20:00,50.00,100.00
129+04750,2020-04-03 21:30:00,44.85,87.67
129+04750,2020-04-03 21:40:00,43.75,78.00
129+04750,2020-04-03 21:50:00,56.05,72.33
129+04750,2020-04-03 22:00:00,57.75,81.25
129+04750,2020-04-03 22:10:00,,
129+04750,2020-04-03 22:20:00,39.00,100.00
129+04750,2020-04-03 22:30:00,39.00,100.00
129+04750,2020-04-03 22:40:00,39.00,100.00
129+04750,2020-04-03 22:50:00,44.31,60.67
129+04750,2020-04-03 23:00:00,45.00,60.60
129+04750,2020-04-03 23:10:00,33.82,67.80
129+04750,2020-04-03 23:20:00,35.39,75.38
129+04750,2020-04-03 23:30:00,37.00,86.00
129+04750,2020-04-03 23:40:00,,
129+04750,2020-04-03 23:50:00,59.05,39.60
129P04400,2020-04-03 00:00:00,50.32,95.83
129P04400,2020-04-03 00:10:00,49.41,95.14
129P04400,2020-04-03 00:20:00,53.00,99.90
129P04400,2020-04-03 00:30:00,,
129P04400,2020-04-03 00:40:00,,
129P04400,2020-04-03 00:50:00,,
129P04400,2020-04-03 01:00:00,,
129P04400,2020-04-03 01:10:00,,
129P04400,2020-04-03 01:20:00,,
129P04400,2020-04-03 01:30:00,,
129P04400,2020-04-03 01:40:00,,
129P04400,2020-04-03 01:50:00,,
129P04400,2020-04-03 02:00:00,,
129P04400,2020-04-03 02:10:00,,
129P04400,2020-04-03 02:20:00,48.00,100.00
129P04400,2020-04-03 02:30:00,48.00,99.80
129P04400,2020-04-03 02:40:00,51.15,93.60
129P04400,2020-04-03 02:50:00,52.00,95.00
129P04400,2020-04-03 03:00:00,,
129P04400,2020-04-03 03:10:00,,
129P04400,2020-04-03 03:20:00,,
129P04400,2020-04-03 03:30:00,,
129P04400,2020-04-03 03:40:00,,
129P04400,2020-04-03 03:50:00,,
129P04400,2020-04-03 04:00:00,,
129P04400,2020-04-03 04:10:00,,
129P04400,2020-04-03 04:20:00,52.00,100.00
129P04400,2020-04-03 04:30:00,,
129P04400,2020-04-03 04:40:00,,
129P04400,2020-04-03 04:50:00,,
129P04400,2020-04-03 05:00:00,,
129P04400,2020-04-03 05:10:00,,
129P04400,2020-04-03 05:20:00,52.00,100.00
129P04400,2020-04-03 05:30:00,52.00,100.00
129P04400,2020-04-03 05:40:00,52.00,100.00
129P04400,2020-04-03 05:50:00,,
129P04400,2020-04-03 06:00:00,54.06,99.80
129P04400,2020-04-03 06:10:00,56.19,98.00
129P04400,2020-04-03 06:20:00,58.87,87.20
129P04400,2020-04-03 06:30:00,59.80,97.80
129P04400,2020-04-03 06:40:00,48.39,91.90
129P04400,2020-04-03 06:50:00,51.41,100.00
129P04400,2020-04-03 07:00:00,57.90,100.00
129P04400,2020-04-03 07:10:00,55.79,100.00
129P04400,2020-04-03 07:20:00,57.66,100.00
129P04400,2020-04-03 07:30:00,54.60,93.90
129P04400,2020-04-03 07:40:00,50.77,78.00
129P04400,2020-04-03 07:50:00,52.20,100.00
129P04400,2020-04-03 08:00:00,53.96,100.00
129P04400,2020-04-03 08:10:00,51.36,100.00
129P04400,2020-04-03 08:20:00,49.04,86.60
129P04400,2020-04-03 08:30:00,57.30,100.00
129P04400,2020-04-03 08:40:00,59.27,85.40
129P04400,2020-04-03 08:50:00,59.46,75.20
129P04400,2020-04-03 09:00:00,55.31,100.00
129P04400,2020-04-03 09:10:00,61.98,81.80
129P04400,2020-04-03 09:20:00,58.37,95.20
129P04400,2020-04-03 09:30:00,57.41,96.10
129P04400,2020-04-03 09:40:00,55.21,98.90
129P04400,2020-04-03 09:50:00,58.24,95.90
129P04400,2020-04-03 10:00:00,56.14,97.30
129P04400,2020-04-03 10:10:00,51.90,100.00
129P04400,2020-04-03 10:20:00,53.59,100.00
129P04400,2020-04-03 10:30:00,48.59,69.00
129P04400,2020-04-03 10:40:00,56.62,73.40
129P04400,2020-04-03 10:50:00,57.37,74.40
129P04400,2020-04-03 11:00:00,51.42,84.50
129P04400,2020-04-03 11:10:00,65.90,28.00
129P04400,2020-04-03 11:20:00,57.27,93.50
129P04400,2020-04-03 11:30:00,58.69,98.30
129P04400,2020-04-03 11:40:00,58.70,99.60
129P04400,2020-04-03 11:50:00,56.30,100.00
129P04400,2020-04-03 12:00:00,52.50,100.00
129P04400,2020-04-03 12:10:00,55.11,88.10
129P04400,2020-04-03 12:20:00,57.17,87.50
129P04400,2020-04-03 12:30:00,55.65,86.10
129P04400,2020-04-03 12:40:00,51.98,100.00
129P04400,2020-04-03 12:50:00,53.77,81.00
129P04400,2020-04-03 13:00:00,64.06,38.40
129P04400,2020-04-03 13:10:00,60.64,80.70
129P04400,2020-04-03 13:20:00,58.35,97.10
129P04400,2020-04-03 13:30:00,55.15,100.00
129P04400,2020-04-03 13:40:00,51.01,100.00
129P04400,2020-04-03 13:50:00,60.97,48.60
129P04400,2020-04-03 14:00:00,57.29,78.70
129P04400,2020-04-03 14:10:00,59.37,86.70
129P04400,2020-04-03 14:20:00,60.61,84.80
129P04400,2020-04-03 14:30:00,61.28,87.00
129P04400,2020-04-03 14:40:00,59.50,91.80
129P04400,2020-04-03 14:50:00,63.87,71.80
129P04400,2020-04-03 15:00:00,61.18,99.00
129P04400,2020-04-03 15:10:00,55.70,100.00
129P04400,2020-04-03 15:20:00,57.66,100.00
129P04400,2020-04-03 15:30:00,56.83,100.00
129P04400,2020-04-03 15:40:00,59.89,73.90
129P04400,2020-04-03 15:50:00,63.31,58.60
129P04400,2020-04-03 16:00:00,61.44,89.50
129P04400,2020-04-03 16:10:00,60.10,96.60
129P04400,2020-04-03 16:20:00,57.32,99.80
129P04400,2020-04-03 16:30:00,60.40,99.30
129P04400,2020-04-03 16:40:00,57.95,99.70
129P04400,2020-04-03 16:50:00,61.20,76.70
129P04400,2020-04-03 17:00:00,57.40,83.70
129P04400,2020-04-03 17:10:00,59.72,93.80
129P04400,2020-04-03 17:20:00,62.01,75.60
129P04400,2020-04-03 17:30:00,58.57,100.00
129P04400,2020-04-03 17:40:00,54.76,100.00
129P04400,2020-04-03 17:50:00,56.57,100.00
129P04400,2020-04-03 18:00:00,55.76,100.00
129P04400,2020-04-03 18:10:00,59.17,100.00
129P04400,2020-04-03 18:20:00,56.15,100.00
129P04400,2020-04-03 18:30:00,62.77,63.50
129P04400,2020-04-03 18:40:00,59.22,100.00
129P04400,2020-04-03 18:50:00,56.31,100.00
129P04400,2020-04-03 19:00:00,55.21,100.00
129P04400,2020-04-03 19:10:00,52.84,100.00
129P04400,2020-04-03 19:20:00,51.92,100.00
129P04400,2020-04-03 19:30:00,52.79,100.00
129P04400,2020-04-03 19:40:00,48.66,81.60
129P04400,2020-04-03 19:50:00,48.63,76.33
129P04400,2020-04-03 20:00:00,50.57,98.00
129P04400,2020-04-03 20:10:00,49.72,97.30
129P04400,2020-04-03 20:20:00,50.96,100.00
129P04400,2020-04-03 20:30:00,54.59,100.00
129P04400,2020-04-03 20:40:00,54.89,100.00
129P04400,2020-04-03 20:50:00,57.80,100.00
129P04400,2020-04-03 21:00:00,55.49,100.00
129P04400,2020-04-03 21:10:00,55.00,100.00
129P04400,2020-04-03 21:20:00,71.00,38.33
129P04400,2020-04-03 21:30:00,66.16,39.70
129P04400,2020-04-03 21:40:00,52.00,100.00
129P04400,2020-04-03 21:50:00,52.00,100.00
129P04400,2020-04-03 22:00:00,55.48,99.80
129P04400,2020-04-03 22:10:00,60.74,91.90
129P04400,2020-04-03 22:20:00,,
129P04400,2020-04-03 22:30:00,,
129P04400,2020-04-03 22:40:00,71.00,33.33
129P04400,2020-04-03 22:50:00,71.00,42.22
129P04400,2020-04-03 23:00:00,58.00,98.00
129P04400,2020-04-03 23:10:00,58.00,67.70
129P04400,2020-04-03 23:20:00,58.00,78.50
129P04400,2020-04-03 23:30:00,63.00,99.75
129P04400,2020-04-03 23:40:00,63.00,97.25
129P04400,2020-04-03 23:50:00,,
129+04748,2020-04-03 00:00:00,63.00,51.50
129+04748,2020-04-03 00:10:00,53.98,74.00
129+04748,2020-04-03 00:20:00,51.82,65.50
129+04748,2020-04-03 00:30:00,53.00,83.80
129+04748,2020-04-03 00:40:00,50.00,77.00
129+04748,2020-04-03 00:50:00,,
129+04748,2020-04-03 01:00:00,,
129+04748,2020-04-03 01:10:00,,
129+04748,2020-04-03 01:20:00,,
129+04748,2020-04-03 01:30:00,,
129+04748,2020-04-03 01:40:00,,
129+04748,2020-04-03 01:50:00,,
129+04748,2020-04-03 02:00:00,,
129+04748,2020-04-03 02:10:00,,
129+04748,2020-04-03 02:20:00,,
129+04748,2020-04-03 02:30:00,52.00,100.00
129+04748,2020-04-03 02:40:00,52.00,100.00
129+04748,2020-04-03 02:50:00,,
129+04748,2020-04-03 03:00:00,44.00,80.00
129+04748,2020-04-03 03:10:00,45.79,88.50
129+04748,2020-04-03 03:20:00,47.39,95.40
129+04748,2020-04-03 03:30:00,47.00,97.00
129+04748,2020-04-03 03:40:00,,
129+04748,2020-04-03 03:50:00,,
129+04748,2020-04-03 04:00:00,,
129+04748,2020-04-03 04:10:00,,
129+04748,2020-04-03 04:20:00,,
129+04748,2020-04-03 04:30:00,58.00,98.00
129+04748,2020-04-03 04:40:00,57.61,98.13
129+04748,2020-04-03 04:50:00,58.00,97.00
129+04748,2020-04-03 05:00:00,59.00,96.20
129+04748,2020-04-03 05:10:00,,
129+04748,2020-04-03 05:20:00,,
129+04748,2020-04-03 05:30:00,,
129+04748,2020-04-03 05:40:00,49.92,92.50
129+04748,2020-04-03 05:50:00,49.16,85.70
129+04748,2020-04-03 06:00:00,53.65,99.00
129+04748,2020-04-03 06:10:00,52.89,96.90
129+04748,2020-04-03 06:20:00,56.95,90.20
129+04748,2020-04-03 06:30:00,60.94,83.90
129+04748,2020-04-03 06:40:00,59.39,86.80
129+04748,2020-04-03 06:50:00,57.09,98.10
129+04748,2020-04-03 07:00:00,51.61,100.00
129+04748,2020-04-03 07:10:00,52.27,96.90
129+04748,2020-04-03 07:20:00,54.08,98.80
129+04748,2020-04-03 07:30:00,54.19,92.50
129+04748,2020-04-03 07:40:00,51.85,99.10
129+04748,2020-04-03 07:50:00,55.69,79.90
129+04748,2020-04-03 08:00:00,52.44,97.80
129+04748,2020-04-03 08:10:00,54.28,96.80
129+04748,2020-04-03 08:20:00,54.33,91.30
129+04748,2020-04-03 08:30:00,50.40,96.40
129+04748,2020-04-03 08:40:00,48.90,96.60
129+04748,2020-04-03 08:50:00,52.83,92.60
129+04748,2020-04-03 09:00:00,51.20,88.40
129+04748,2020-04-03 09:10:00,55.68,65.50
129+04748,2020-04-03 09:20:00,58.57,64.90
129+04748,2020-04-03 09:30:00,54.76,94.60
129+04748,2020-04-03 09:40:00,48.78,96.90
129+04748,2020-04-03 09:50:00,47.31,98.22
129+04748,2020-04-03 10:00:00,49.27,99.60
129+04748,2020-04-03 10:10:00,53.75,88.70
129+04748,2020-04-03 10:20:00,50.13,96.50
129+04748,2020-04-03 10:30:00,52.15,96.30
129+04748,2020-04-03 10:40:00,56.96,66.60
129+04748,2020-04-03 10:50:00,54.27,92.70
129+04748,2020-04-03 11:00:00,52.90,97.90
129+04748,2020-04-03 11:10:00,51.77,99.30
129+04748,2020-04-03 11:20:00,47.59,98.20
129+04748,2020-04-03 11:30:00,50.79,94.10
129+04748,2020-04-03 11:40:00,50.58,88.20
129+04748,2020-04-03 11:50:00,52.86,87.80
129+04748,2020-04-03 12:00:00,51.67,93.50
129+04748,2020-04-03 12:10:00,52.76,80.00
129+04748,2020-04-03 12:20:00,49.23,96.00
129+04748,2020-04-03 12:30:00,50.49,92.20
129+04748,2020-04-03 12:40:00,52.75,84.90
129+04748,2020-04-03 12:50:00,50.79,96.40
129+04748,2020-04-03 13:00:00,49.57,95.50
129+04748,2020-04-03 13:10:00,49.26,97.00
129+04748,2020-04-03 13:20:00,49.19,98.20
129+04748,2020-04-03 13:30:00,47.64,94.00
129+04748,2020-04-03 13:40:00,47.34,96.10
129+04748,2020-04-03 13:50:00,52.08,73.50
129+04748,2020-04-03 14:00:00,49.56,80.20
129+04748,2020-04-03 14:10:00,56.48,57.10
129+04748,2020-04-03 14:20:00,57.18,47.30
129+04748,2020-04-03 14:30:00,53.41,92.40
129+04748,2020-04-03 14:40:00,50.42,99.90
129+04748,2020-04-03 14:50:00,52.98,97.10
129+04748,2020-04-03 15:00:00,48.55,64.90
129+04748,2020-04-03 15:10:00,47.77,79.00
129+04748,2020-04-03 15:20:00,48.49,93.70
129+04748,2020-04-03 15:30:00,52.84,85.20
129+04748,2020-04-03 15:40:00,58.29,51.00
129+04748,2020-04-03 15:50:00,53.80,77.70
129+04748,2020-04-03 16:00:00,54.15,93.80
129+04748,2020-04-03 16:10:00,55.83,91.00
129+04748,2020-04-03 16:20:00,53.37,90.60
129+04748,2020-04-03 16:30:00,53.92,89.80
129+04748,2020-04-03 16:40:00,55.05,95.30
129+04748,2020-04-03 16:50:00,55.31,93.10
129+04748,2020-04-03 17:00:00,59.66,63.80
129+04748,2020-04-03 17:10:00,51.64,68.10
129+04748,2020-04-03 17:20:00,46.66,38.10
129+04748,2020-04-03 17:30:00,50.35,91.70
129+04748,2020-04-03 17:40:00,51.78,97.70
129+04748,2020-04-03 17:50:00,51.95,78.90
129+04748,2020-04-03 18:00:00,48.61,87.10
129+04748,2020-04-03 18:10:00,48.09,82.30
129+04748,2020-04-03 18:20:00,56.49,69.00
129+04748,2020-04-03 18:30:00,57.00,58.25
129+04748,2020-04-03 18:40:00,52.75,89.13
129+04748,2020-04-03 18:50:00,57.79,53.10
129+04748,2020-04-03 19:00:00,55.79,68.50
129+04748,2020-04-03 19:10:00,47.81,92.20
129+04748,2020-04-03 19:20:00,53.33,88.90
129+04748,2020-04-03 19:30:00,50.63,91.00
129+04748,2020-04-03 19:40:00,45.29,93.30
129+04748,2020-04-03 19:50:00,44.41,90.40
129+04748,2020-04-03 20:00:00,47.39,95.80
129+04748,2020-04-03 20:10:00,51.57,75.00
129+04748,2020-04-03 20:20:00,58.00,51.38
129+04748,2020-04-03 20:30:00,,
129+04748,2020-04-03 20:40:00,60.00,73.11
129+04748,2020-04-03 20:50:00,49.21,92.00
129+04748,2020-04-03 21:00:00,45.56,99.70
129+04748,2020-04-03 21:10:00,55.00,91.20
129+04748,2020-04-03 21:20:00,55.00,95.00
129+04748,2020-04-03 21:30:00,52.00,92.29
129+04748,2020-04-03 21:40:00,52.00,92.00
129+04748,2020-04-03 21:50:00,66.00,29.00
129+04748,2020-04-03 22:00:00,65.83,31.67
129+04748,2020-04-03 22:10:00,,
129+04748,2020-04-03 22:20:00,46.45,100.00
129+04748,2020-04-03 22:30:00,45.00,86.38
129+04748,2020-04-03 22:40:00,,
129+04748,2020-04-03 22:50:00,55.20,88.60
129+04748,2020-04-03 23:00:00,55.36,69.33
129+04748,2020-04-03 23:10:00,45.00,69.40
129+04748,2020-04-03 23:20:00,52.47,60.33
129+04748,2020-04-03 23:30:00,58.00,62.88
129+04748,2020-04-03 23:40:00,,
129+04748,2020-04-03 23:50:00,62.39,56.20
129+04749,2020-04-03 00:00:00,58.24,54.67
129+04749,2020-04-03 00:10:00,52.38,76.75
129+04749,2020-04-03 00:20:00,49.54,64.44
129+04749,2020-04-03 00:30:00,55.00,95.60
129+04749,2020-04-03 00:40:00,55.00,87.00
129+04749,2020-04-03 00:50:00,,
129+04749,2020-04-03 01:00:00,,
129+04749,2020-04-03 01:10:00,,
129+04749,2020-04-03 01:20:00,,
129+04749,2020-04-03 01:30:00,,
129+04749,2020-04-03 01:40:00,,
129+04749,2020-04-03 01:50:00,,
129+04749,2020-04-03 02:00:00,,
129+04749,2020-04-03 02:10:00,,
129+04749,2020-04-03 02:20:00,,
129+04749,2020-04-03 02:30:00,48.00,100.00
129+04749,2020-04-03 02:40:00,48.00,99.50
129+04749,2020-04-03 02:50:00,,
129+04749,2020-04-03 03:00:00,47.00,71.00
129+04749,2020-04-03 03:10:00,47.78,86.60
129+04749,2020-04-03 03:20:00,43.16,89.30
129+04749,2020-04-03 03:30:00,40.00,91.25
129+04749,2020-04-03 03:40:00,,
129+04749,2020-04-03 03:50:00,,
129+04749,2020-04-03 04:00:00,,
129+04749,2020-04-03 04:10:00,,
129+04749,2020-04-03 04:20:00,,
129+04749,2020-04-03 04:30:00,53.66,96.50
129+04749,2020-04-03 04:40:00,53.65,96.89
129+04749,2020-04-03 04:50:00,49.94,77.25
129+04749,2020-04-03 05:00:00,53.00,94.50
129+04749,2020-04-03 05:10:00,52.00,85.50
129+04749,2020-04-03 05:20:00,,
129+04749,2020-04-03 05:30:00,,
129+04749,2020-04-03 05:40:00,50.92,82.00
129+04749,2020-04-03 05:50:00,50.53,90.70
129+04749,2020-04-03 06:00:00,48.30,95.50
129+04749,2020-04-03 06:10:00,50.06,99.50
129+04749,2020-04-03 06:20:00,52.59,99.60
129+04749,2020-04-03 06:30:00,52.48,93.20
129+04749,2020-04-03 06:40:00,58.01,67.90
129+04749,2020-04-03 06:50:00,56.64,94.50
129+04749,2020-04-03 07:00:00,46.61,100.00
129+04749,2020-04-03 07:10:00,42.56,86.90
129+04749,2020-04-03 07:20:00,52.43,96.60
129+04749,2020-04-03 07:30:00,56.48,78.50
129+04749,2020-04-03 07:40:00,50.67,97.40
129+04749,2020-04-03 07:50:00,52.06,91.70
129+04749,2020-04-03 08:00:00,48.75,99.90
129+04749,2020-04-03 08:10:00,51.67,90.70
129+04749,2020-04-03 08:20:00,54.78,79.30
129+04749,2020-04-03 08:30:00,52.34,86.00
129+04749,2020-04-03 08:40:00,45.85,99.80
129+04749,2020-04-03 08:50:00,47.10,99.20
129+04749,2020-04-03 09:00:00,48.63,97.00
129+04749,2020-04-03 09:10:00,52.48,85.90
129+04749,2020-04-03 09:20:00,51.86,70.20
129+04749,2020-04-03 09:30:00,49.65,91.90
129+04749,2020-04-03 09:40:00,50.29,95.80
129+04749,2020-04-03 09:50:00,43.96,100.00
129+04749,2020-04-03 10:00:00,48.01,96.20
129+04749,2020-04-03 10:10:00,49.67,75.00
129+04749,2020-04-03 10:20:00,48.85,92.80
129+04749,2020-04-03 10:30:00,51.57,94.70
129+04749,2020-04-03 10:40:00,49.88,87.80
129+04749,2020-04-03 10:50:00,49.21,92.50
129+04749,2020-04-03 11:00:00,47.29,95.70
129+04749,2020-04-03 11:10:00,45.97,97.80
129+04749,2020-04-03 11:20:00,45.57,100.00
129+04749,2020-04-03 11:30:00,48.47,86.50
129+04749,2020-04-03 11:40:00,52.05,65.20
129+04749,2020-04-03 11:50:00,51.95,64.20
129+04749,2020-04-03 12:00:00,47.77,98.40
129+04749,2020-04-03 12:10:00,44.90,96.40
129+04749,2020-04-03 12:20:00,48.30,91.00
129+04749,2020-04-03 12:30:00,52.23,79.00
129+04749,2020-04-03 12:40:00,57.88,56.10
129+04749,2020-04-03 12:50:00,51.10,91.00
129+04749,2020-04-03 13:00:00,48.51,85.20
129+04749,2020-04-03 13:10:00,50.63,90.20
129+04749,2020-04-03 13:20:00,50.96,94.60
129+04749,2020-04-03 13:30:00,45.85,86.90
129+04749,2020-04-03 13:40:00,48.09,98.50
129+04749,2020-04-03 13:50:00,53.48,69.90
129+04749,2020-04-03 14:00:00,48.44,87.80
129+04749,2020-04-03 14:10:00,49.96,78.10
129+04749,2020-04-03 14:20:00,49.91,82.70
129+04749,2020-04-03 14:30:00,49.45,90.70
129+04749,2020-04-03 14:40:00,50.85,99.70
129+04749,2020-04-03 14:50:00,49.45,94.60
129+04749,2020-04-03 15:00:00,48.26,90.00
129+04749,2020-04-03 15:10:00,42.95,77.40
129+04749,2020-04-03 15:20:00,44.65,83.00
129+04749,2020-04-03 15:30:00,33.64,91.70
129+04749,2020-04-03 15:40:00,50.08,52.40
129+04749,2020-04-03 15:50:00,48.62,65.20
129+04749,2020-04-03 16:00:00,48.73,88.20
129+04749,2020-04-03 16:10:00,50.64,89.90
129+04749,2020-04-03 16:20:00,53.44,89.00
129+04749,2020-04-03 16:30:00,49.91,87.10
129+04749,2020-04-03 16:40:00,50.58,94.90
129+04749,2020-04-03 16:50:00,52.27,85.70
129+04749,2020-04-03 17:00:00,48.27,88.50
129+04749,2020-04-03 17:10:00,48.28,80.10
129+04749,2020-04-03 17:20:00,53.80,62.20
129+04749,2020-04-03 17:30:00,49.28,89.00
129+04749,2020-04-03 17:40:00,51.32,94.20
129+04749,2020-04-03 17:50:00,51.15,76.30
129+04749,2020-04-03 18:00:00,49.87,87.90
129+04749,2020-04-03 18:10:00,50.73,91.70
129+04749,2020-04-03 18:20:00,55.56,65.20
129+04749,2020-04-03 18:30:00,59.18,54.11
129+04749,2020-04-03 18:40:00,59.69,79.30
129+04749,2020-04-03 18:50:00,53.37,83.60
129+04749,2020-04-03 19:00:00,44.45,60.60
129+04749,2020-04-03 19:10:00,42.89,75.56
129+04749,2020-04-03 19:20:00,45.36,95.60
129+04749,2020-04-03 19:30:00,51.24,74.30
129+04749,2020-04-03 19:40:00,40.83,97.80
129+04749,2020-04-03 19:50:00,41.40,69.10
129+04749,2020-04-03 20:00:00,55.24,80.50
129+04749,2020-04-03 20:10:00,56.25,57.25
129+04749,2020-04-03 20:20:00,55.89,47.89
129+04749,2020-04-03 20:30:00,,
129+04749,2020-04-03 20:40:00,52.22,93.89
129+04749,2020-04-03 20:50:00,48.65,98.00
129+04749,2020-04-03 21:00:00,43.04,99.20
129+04749,2020-04-03 21:10:00,51.35,82.40
129+04749,2020-04-03 21:20:00,52.00,86.33
129+04749,2020-04-03 21:30:00,53.97,76.86
129+04749,2020-04-03 21:40:00,54.00,74.67
129+04749,2020-04-03 21:50:00,63.16,40.29
129+04749,2020-04-03 22:00:00,65.00,43.00
129+04749,2020-04-03 22:10:00,,
129+04749,2020-04-03 22:20:00,44.47,100.00
129+04749,2020-04-03 22:30:00,42.37,64.90
129+04749,2020-04-03 22:40:00,,
129+04749,2020-04-03 22:50:00,52.24,56.50
129+04749,2020-04-03 23:00:00,52.68,63.30
129+04749,2020-04-03 23:10:00,40.19,65.60
129+04749,2020-04-03 23:20:00,43.20,82.14
129+04749,2020-04-03 23:30:00,47.00,97.20
129+04749,2020-04-03 23:40:00,,
129+04749,2020-04-03 23:50:00,69.00,6.80
129+04745,2020-04-03 00:00:00,,
129+04745,2020-04-03 00:10:00,55.77,86.44
129+04745,2020-04-03 00:20:00,53.31,79.40
129+04745,2020-04-03 00:30:00,53.49,91.50
129+04745,2020-04-03 00:40:00,,
129+04745,2020-04-03 00:50:00,,
129+04745,2020-04-03 01:00:00,,
129+04745,2020-04-03 01:10:00,,
129+04745,2020-04-03 01:20:00,,
129+04745,2020-04-03 01:30:00,,
129+04745,2020-04-03 01:40:00,,
129+04745,2020-04-03 01:50:00,,
129+04745,2020-04-03 02:00:00,,
129+04745,2020-04-03 02:10:00,,
129+04745,2020-04-03 02:20:00,53.61,83.00
129+04745,2020-04-03 02:30:00,52.00,97.70
129+04745,2020-04-03 02:40:00,52.50,99.50
129+04745,2020-04-03 02:50:00,,
129+04745,2020-04-03 03:00:00,57.50,72.00
129+04745,2020-04-03 03:10:00,55.13,87.50
129+04745,2020-04-03 03:20:00,52.62,93.25
129+04745,2020-04-03 03:30:00,,
129+04745,2020-04-03 03:40:00,,
129+04745,2020-04-03 03:50:00,,
129+04745,2020-04-03 04:00:00,,
129+04745,2020-04-03 04:10:00,,
129+04745,2020-04-03 04:20:00,,
129+04745,2020-04-03 04:30:00,59.06,98.38
129+04745,2020-04-03 04:40:00,60.00,100.00
129+04745,2020-04-03 04:50:00,58.00,90.50
129+04745,2020-04-03 05:00:00,58.00,94.17
129+04745,2020-04-03 05:10:00,,
129+04745,2020-04-03 05:20:00,,
129+04745,2020-04-03 05:30:00,,
129+04745,2020-04-03 05:40:00,,
129+04745,2020-04-03 05:50:00,52.64,94.50
129+04745,2020-04-03 06:00:00,54.39,98.70
129+04745,2020-04-03 06:10:00,58.02,98.60
129+04745,2020-04-03 06:20:00,57.60,95.10
129+04745,2020-04-03 06:30:00,55.76,91.60
129+04745,2020-04-03 06:40:00,61.36,93.70
129+04745,2020-04-03 06:50:00,57.54,96.20
129+04745,2020-04-03 07:00:00,60.82,81.10
129+04745,2020-04-03 07:10:00,54.76,96.40
129+04745,2020-04-03 07:20:00,56.82,100.00
129+04745,2020-04-03 07:30:00,58.65,92.10
129+04745,2020-04-03 07:40:00,57.59,100.00
129+04745,2020-04-03 07:50:00,57.32,95.30
129+04745,2020-04-03 08:00:00,54.48,100.00
129+04745,2020-04-03 08:10:00,57.68,98.00
129+04745,2020-04-03 08:20:00,55.94,100.00
129+04745,2020-04-03 08:30:00,53.98,100.00
129+04745,2020-04-03 08:40:00,55.24,100.00
129+04745,2020-04-03 08:50:00,55.37,100.00
129+04745,2020-04-03 09:00:00,57.10,87.70
129+04745,2020-04-03 09:10:00,58.16,89.40
129+04745,2020-04-03 09:20:00,58.46,90.80
129+04745,2020-04-03 09:30:00,54.66,99.20
129+04745,2020-04-03 09:40:00,50.85,100.00
129+04745,2020-04-03 09:50:00,52.18,92.30
129+04745,2020-04-03 10:00:00,56.99,95.30
129+04745,2020-04-03 10:10:00,56.61,87.90
129+04745,2020-04-03 10:20:00,55.10,100.00
129+04745,2020-04-03 10:30:00,57.51,88.80
129+04745,2020-04-03 10:40:00,56.94,98.00
129+04745,2020-04-03 10:50:00,53.07,100.00
129+04745,2020-04-03 11:00:00,53.69,100.00
129+04745,2020-04-03 11:10:00,55.96,98.80
129+04745,2020-04-03 11:20:00,56.50,100.00
129+04745,2020-04-03 11:30:00,58.58,86.10
129+04745,2020-04-03 11:40:00,56.88,95.10
129+04745,2020-04-03 11:50:00,55.08,100.00
129+04745,2020-04-03 12:00:00,53.38,97.40
129+04745,2020-04-03 12:10:00,54.74,97.40
129+04745,2020-04-03 12:20:00,57.99,96.10
129+04745,2020-04-03 12:30:00,57.12,94.50
129+04745,2020-04-03 12:40:00,61.69,63.40
129+04745,2020-04-03 12:50:00,57.97,96.20
129+04745,2020-04-03 13:00:00,60.26,90.50
129+04745,2020-04-03 13:10:00,58.66,96.50
129+04745,2020-04-03 13:20:00,62.11,82.70
129+04745,2020-04-03 13:30:00,59.38,96.80
129+04745,2020-04-03 13:40:00,54.61,99.80
129+04745,2020-04-03 13:50:00,56.29,99.70
129+04745,2020-04-03 14:00:00,63.26,67.43
129+04745,2020-04-03 14:10:00,56.37,99.90
129+04745,2020-04-03 14:20:00,57.60,97.80
129+04745,2020-04-03 14:30:00,58.56,97.30
129+04745,2020-04-03 14:40:00,63.27,68.50
129+04745,2020-04-03 14:50:00,60.52,59.80
129+04745,2020-04-03 15:00:00,55.19,89.30
129+04745,2020-04-03 15:10:00,60.86,86.50
129+04745,2020-04-03 15:20:00,62.73,82.20
129+04745,2020-04-03 15:30:00,60.87,85.30
129+04745,2020-04-03 15:40:00,56.27,72.60
129+04745,2020-04-03 15:50:00,58.97,94.50
129+04745,2020-04-03 16:00:00,63.03,75.90
129+04745,2020-04-03 16:10:00,56.83,83.70
129+04745,2020-04-03 16:20:00,56.97,88.90
129+04745,2020-04-03 16:30:00,55.10,91.60
129+04745,2020-04-03 16:40:00,57.96,97.90
129+04745,2020-04-03 16:50:00,55.71,81.90
129+04745,2020-04-03 17:00:00,63.99,55.00
129+04745,2020-04-03 17:10:00,55.23,84.00
129+04745,2020-04-03 17:20:00,55.60,91.50
129+04745,2020-04-03 17:30:00,55.49,96.60
129+04745,2020-04-03 17:40:00,54.75,95.20
129+04745,2020-04-03 17:50:00,58.35,83.60
129+04745,2020-04-03 18:00:00,56.58,97.10
129+04745,2020-04-03 18:10:00,63.28,65.40
129+04745,2020-04-03 18:20:00,63.00,77.30
129+04745,2020-04-03 18:30:00,60.25,85.00
129+04745,2020-04-03 18:40:00,65.23,83.60
129+04745,2020-04-03 18:50:00,62.20,99.00
129+04745,2020-04-03 19:00:00,50.62,82.60
129+04745,2020-04-03 19:10:00,50.52,80.00
129+04745,2020-04-03 19:20:00,54.18,94.90
129+04745,2020-04-03 19:30:00,56.18,99.40
129+04745,2020-04-03 19:40:00,56.55,99.13
129+04745,2020-04-03 19:50:00,48.49,94.70
129+04745,2020-04-03 20:00:00,52.14,93.20
129+04745,2020-04-03 20:10:00,62.50,78.40
129+04745,2020-04-03 20:20:00,64.39,81.40
129+04745,2020-04-03 20:30:00,59.66,100.00
129+04745,2020-04-03 20:40:00,59.79,100.00
129+04745,2020-04-03 20:50:00,56.33,93.30
129+04745,2020-04-03 21:00:00,55.93,95.50
129+04745,2020-04-03 21:10:00,60.00,100.00
129+04745,2020-04-03 21:20:00,48.91,54.67
129+04745,2020-04-03 21:30:00,46.10,25.80
129+04745,2020-04-03 21:40:00,47.00,54.00
129+04745,2020-04-03 21:50:00,,
129+04745,2020-04-03 22:00:00,,
129+04745,2020-04-03 22:10:00,51.00,99.00
129+04745,2020-04-03 22:20:00,49.38,89.70
129+04745,2020-04-03 22:30:00,48.65,92.67
129+04745,2020-04-03 22:40:00,,
129+04745,2020-04-03 22:50:00,65.47,29.88
129+04745,2020-04-03 23:00:00,53.14,56.90
129+04745,2020-04-03 23:10:00,49.75,71.56
129+04745,2020-04-03 23:20:00,56.37,97.90
129+04745,2020-04-03 23:30:00,57.80,98.40
129+04745,2020-04-03 23:40:00,,
129+04745,2020-04-03 23:50:00,,
129+04746,2020-04-03 00:00:00,,
129+04746,2020-04-03 00:10:00,57.00,97.29
129+04746,2020-04-03 00:20:00,54.91,79.30
129+04746,2020-04-03 00:30:00,54.74,91.00
129+04746,2020-04-03 00:40:00,,
129+04746,2020-04-03 00:50:00,,
129+04746,2020-04-03 01:00:00,,
129+04746,2020-04-03 01:10:00,,
129+04746,2020-04-03 01:20:00,,
129+04746,2020-04-03 01:30:00,,
129+04746,2020-04-03 01:40:00,,
129+04746,2020-04-03 01:50:00,,
129+04746,2020-04-03 02:00:00,,
129+04746,2020-04-03 02:10:00,,
129+04746,2020-04-03 02:20:00,57.00,
129+04746,2020-04-03 02:30:00,55.90,98.90
129+04746,2020-04-03 02:40:00,56.00,100.00
129+04746,2020-04-03 02:50:00,,
129+04746,2020-04-03 03:00:00,59.59,81.80
129+04746,2020-04-03 03:10:00,57.28,97.60
129+04746,2020-04-03 03:20:00,55.00,92.20
129+04746,2020-04-03 03:30:00,,
129+04746,2020-04-03 03:40:00,,
129+04746,2020-04-03 03:50:00,,
129+04746,2020-04-03 04:00:00,,
129+04746,2020-04-03 04:10:00,,
129+04746,2020-04-03 04:20:00,,
129+04746,2020-04-03 04:30:00,61.71,99.67
129+04746,2020-04-03 04:40:00,62.00,100.00
129+04746,2020-04-03 04:50:00,57.00,76.67
129+04746,2020-04-03 05:00:00,57.00,86.43
129+04746,2020-04-03 05:10:00,,
129+04746,2020-04-03 05:20:00,,
129+04746,2020-04-03 05:30:00,,
129+04746,2020-04-03 05:40:00,,
129+04746,2020-04-03 05:50:00,57.00,
129+04746,2020-04-03 06:00:00,57.35,98.00
129+04746,2020-04-03 06:10:00,59.59,76.90
129+04746,2020-04-03 06:20:00,64.12,64.90
129+04746,2020-04-03 06:30:00,58.35,100.00
129+04746,2020-04-03 06:40:00,61.63,96.70
129+04746,2020-04-03 06:50:00,59.72,100.00
129+04746,2020-04-03 07:00:00,59.48,100.00
129+04746,2020-04-03 07:10:00,57.25,100.00
129+04746,2020-04-03 07:20:00,56.12,100.00
129+04746,2020-04-03 07:30:00,59.78,100.00
129+04746,2020-04-03 07:40:00,56.90,100.00
129+04746,2020-04-03 07:50:00,60.39,84.60
129+04746,2020-04-03 08:00:00,54.83,100.00
129+04746,2020-04-03 08:10:00,57.97,100.00
129+04746,2020-04-03 08:20:00,59.18,94.10
129+04746,2020-04-03 08:30:00,54.77,100.00
129+04746,2020-04-03 08:40:00,54.17,100.00
129+04746,2020-04-03 08:50:00,54.09,100.00
129+04746,2020-04-03 09:00:00,57.27,88.60
129+04746,2020-04-03 09:10:00,58.82,75.80
129+04746,2020-04-03 09:20:00,57.46,96.60
129+04746,2020-04-03 09:30:00,56.03,96.00
129+04746,2020-04-03 09:40:00,57.07,100.00
129+04746,2020-04-03 09:50:00,55.18,96.50
129+04746,2020-04-03 10:00:00,59.13,87.30
129+04746,2020-04-03 10:10:00,59.11,85.20
129+04746,2020-04-03 10:20:00,57.25,97.60
129+04746,2020-04-03 10:30:00,58.76,95.50
129+04746,2020-04-03 10:40:00,56.49,100.00
129+04746,2020-04-03 10:50:00,55.98,100.00
129+04746,2020-04-03 11:00:00,56.19,100.00
129+04746,2020-04-03 11:10:00,56.76,100.00
129+04746,2020-04-03 11:20:00,58.59,100.00
129+04746,2020-04-03 11:30:00,61.80,59.90
129+04746,2020-04-03 11:40:00,55.76,100.00
129+04746,2020-04-03 11:50:00,55.58,100.00
129+04746,2020-04-03 12:00:00,55.69,100.00
129+04746,2020-04-03 12:10:00,51.89,100.00
129+04746,2020-04-03 12:20:00,57.32,93.60
129+04746,2020-04-03 12:30:00,61.35,59.10
129+04746,2020-04-03 12:40:00,61.21,60.80
129+04746,2020-04-03 12:50:00,55.06,100.00
129+04746,2020-04-03 13:00:00,61.79,73.80
129+04746,2020-04-03 13:10:00,59.01,97.30
129+04746,2020-04-03 13:20:00,61.12,88.60
129+04746,2020-04-03 13:30:00,61.88,93.10
129+04746,2020-04-03 13:40:00,57.39,100.00
129+04746,2020-04-03 13:50:00,57.00,100.00
129+04746,2020-04-03 14:00:00,61.03,76.10
129+04746,2020-04-03 14:10:00,57.67,99.80
129+04746,2020-04-03 14:20:00,58.38,99.40
129+04746,2020-04-03 14:30:00,59.24,96.70
129+04746,2020-04-03 14:40:00,61.65,84.00
129+04746,2020-04-03 14:50:00,61.76,87.60
129+04746,2020-04-03 15:00:00,54.40,99.40
129+04746,2020-04-03 15:10:00,59.19,91.30
129+04746,2020-04-03 15:20:00,62.46,84.80
129+04746,2020-04-03 15:30:00,60.74,84.44
129+04746,2020-04-03 15:40:00,60.70,87.60
129+04746,2020-04-03 15:50:00,58.43,97.20
129+04746,2020-04-03 16:00:00,64.77,69.20
129+04746,2020-04-03 16:10:00,63.94,80.70
129+04746,2020-04-03 16:20:00,58.47,83.00
129+04746,2020-04-03 16:30:00,55.67,67.90
129+04746,2020-04-03 16:40:00,57.10,80.90
129+04746,2020-04-03 16:50:00,55.24,83.70
129+04746,2020-04-03 17:00:00,63.98,45.80
129+04746,2020-04-03 17:10:00,63.35,69.20
129+04746,2020-04-03 17:20:00,58.17,93.10
129+04746,2020-04-03 17:30:00,56.38,82.40
129+04746,2020-04-03 17:40:00,55.59,82.00
129+04746,2020-04-03 17:50:00,61.45,86.90
129+04746,2020-04-03 18:00:00,58.49,98.80
129+04746,2020-04-03 18:10:00,62.49,71.00
129+04746,2020-04-03 18:20:00,62.00,87.00
129+04746,2020-04-03 18:30:00,62.33,97.00
129+04746,2020-04-03 18:40:00,68.00,70.50
129+04746,2020-04-03 18:50:00,66.59,90.10
129+04746,2020-04-03 19:00:00,57.36,99.00
129+04746,2020-04-03 19:10:00,57.74,100.00
129+04746,2020-04-03 19:20:00,59.99,100.00
129+04746,2020-04-03 19:30:00,56.95,100.00
129+04746,2020-04-03 19:40:00,55.10,100.00
129+04746,2020-04-03 19:50:00,54.10,100.00
129+04746,2020-04-03 20:00:00,51.57,69.10
129+04746,2020-04-03 20:10:00,62.50,22.80
129+04746,2020-04-03 20:20:00,66.48,19.83
129+04746,2020-04-03 20:30:00,67.99,67.50
129+04746,2020-04-03 20:40:00,64.70,81.60
129+04746,2020-04-03 20:50:00,59.50,98.11
129+04746,2020-04-03 21:00:00,56.26,100.00
129+04746,2020-04-03 21:10:00,61.00,100.00
129+04746,2020-04-03 21:20:00,,
129+04746,2020-04-03 21:30:00,51.00,48.20
129+04746,2020-04-03 21:40:00,51.00,60.50
129+04746,2020-04-03 21:50:00,,
129+04746,2020-04-03 22:00:00,,
129+04746,2020-04-03 22:10:00,54.00,100.00
129+04746,2020-04-03 22:20:00,52.07,92.70
129+04746,2020-04-03 22:30:00,49.66,85.83
129+04746,2020-04-03 22:40:00,,
129+04746,2020-04-03 22:50:00,68.00,22.14
129+04746,2020-04-03 23:00:00,57.53,45.00
129+04746,2020-04-03 23:10:00,48.00,54.78
129+04746,2020-04-03 23:20:00,62.00,87.67
129+04746,2020-04-03 23:30:00,62.00,91.86
129+04746,2020-04-03 23:40:00,,
129+04746,2020-04-03 23:50:00,,
129+04747,2020-04-03 00:00:00,57.00,87.75
129+04747,2020-04-03 00:10:00,53.66,98.67
129+04747,2020-04-03 00:20:00,53.32,96.22
129+04747,2020-04-03 00:30:00,52.80,91.20
129+04747,2020-04-03 00:40:00,,
129+04747,2020-04-03 00:50:00,,
129+04747,2020-04-03 01:00:00,,
129+04747,2020-04-03 01:10:00,,
129+04747,2020-04-03 01:20:00,,
129+04747,2020-04-03 01:30:00,,
129+04747,2020-04-03 01:40:00,,
129+04747,2020-04-03 01:50:00,,
129+04747,2020-04-03 02:00:00,,
129+04747,2020-04-03 02:10:00,,
129+04747,2020-04-03 02:20:00,,
129+04747,2020-04-03 02:30:00,49.77,99.75
129+04747,2020-04-03 02:40:00,50.00,100.00
129+04747,2020-04-03 02:50:00,,
129+04747,2020-04-03 03:00:00,50.00,100.00
129+04747,2020-04-03 03:10:00,49.90,99.90
129+04747,2020-04-03 03:20:00,39.81,72.30
129+04747,2020-04-03 03:30:00,39.00,81.00
129+04747,2020-04-03 03:40:00,,
129+04747,2020-04-03 03:50:00,,
129+04747,2020-04-03 04:00:00,,
129+04747,2020-04-03 04:10:00,,
129+04747,2020-04-03 04:20:00,,
129+04747,2020-04-03 04:30:00,63.40,99.75
129+04747,2020-04-03 04:40:00,63.00,100.00
129+04747,2020-04-03 04:50:00,48.00,40.00
129+04747,2020-04-03 05:00:00,48.00,62.22
129+04747,2020-04-03 05:10:00,,
129+04747,2020-04-03 05:20:00,,
129+04747,2020-04-03 05:30:00,,
129+04747,2020-04-03 05:40:00,43.33,85.00
129+04747,2020-04-03 05:50:00,40.00,95.10
129+04747,2020-04-03 06:00:00,49.23,96.30
129+04747,2020-04-03 06:10:00,59.89,100.00
129+04747,2020-04-03 06:20:00,63.55,75.90
129+04747,2020-04-03 06:30:00,58.15,100.00
129+04747,2020-04-03 06:40:00,61.69,77.40
129+04747,2020-04-03 06:50:00,59.38,100.00
129+04747,2020-04-03 07:00:00,48.86,32.80
129+04747,2020-04-03 07:10:00,52.19,94.50
129+04747,2020-04-03 07:20:00,53.68,100.00
129+04747,2020-04-03 07:30:00,55.97,100.00
129+04747,2020-04-03 07:40:00,52.87,100.00
129+04747,2020-04-03 07:50:00,54.48,63.50
129+04747,2020-04-03 08:00:00,55.25,93.50
129+04747,2020-04-03 08:10:00,55.13,98.70
129+04747,2020-04-03 08:20:00,58.01,77.20
129+04747,2020-04-03 08:30:00,45.47,100.00
129+04747,2020-04-03 08:40:00,48.05,100.00
129+04747,2020-04-03 08:50:00,47.25,81.70
129+04747,2020-04-03 09:00:00,51.48,100.00
129+04747,2020-04-03 09:10:00,56.59,41.10
129+04747,2020-04-03 09:20:00,57.20,50.60
129+04747,2020-04-03 09:30:00,57.72,65.70
129+04747,2020-04-03 09:40:00,58.03,84.40
129+04747,2020-04-03 09:50:00,54.56,95.20
129+04747,2020-04-03 10:00:00,51.79,100.00
129+04747,2020-04-03 10:10:00,51.48,100.00
129+04747,2020-04-03 10:20:00,47.71,100.00
129+04747,2020-04-03 10:30:00,57.44,72.50
129+04747,2020-04-03 10:40:00,55.75,68.30
129+04747,2020-04-03 10:50:00,52.68,96.10
129+04747,2020-04-03 11:00:00,54.06,93.70
129+04747,2020-04-03 11:10:00,50.62,100.00
129+04747,2020-04-03 11:20:00,55.14,94.70
129+04747,2020-04-03 11:30:00,58.29,62.60
129+04747,2020-04-03 11:40:00,49.68,100.00
129+04747,2020-04-03 11:50:00,52.50,98.30
129+04747,2020-04-03 12:00:00,54.52,90.10
129+04747,2020-04-03 12:10:00,51.23,90.60
129+04747,2020-04-03 12:20:00,52.18,100.00
129+04747,2020-04-03 12:30:00,53.79,89.60
129+04747,2020-04-03 12:40:00,55.22,87.30
129+04747,2020-04-03 12:50:00,57.59,78.90
129+04747,2020-04-03 13:00:00,52.64,96.90
129+04747,2020-04-03 13:10:00,51.25,95.50
129+04747,2020-04-03 13:20:00,48.79,99.80
129+04747,2020-04-03 13:30:00,50.94,96.40
129+04747,2020-04-03 13:40:00,53.16,94.90
129+04747,2020-04-03 13:50:00,49.91,97.20
129+04747,2020-04-03 14:00:00,45.45,100.00
129+04747,2020-04-03 14:10:00,59.55,23.40
129+04747,2020-04-03 14:20:00,59.59,48.50
129+04747,2020-04-03 14:30:00,55.80,91.30
129+04747,2020-04-03 14:40:00,50.15,96.20
129+04747,2020-04-03 14:50:00,53.79,92.50
129+04747,2020-04-03 15:00:00,52.56,78.70
129+04747,2020-04-03 15:10:00,52.80,91.20
129+04747,2020-04-03 15:20:00,57.10,81.80
129+04747,2020-04-03 15:30:00,55.30,90.90
129+04747,2020-04-03 15:40:00,53.96,65.90
129+04747,2020-04-03 15:50:00,55.00,88.80
129+04747,2020-04-03 16:00:00,56.17,98.50
129+04747,2020-04-03 16:10:00,56.99,93.70
129+04747,2020-04-03 16:20:00,58.87,71.20
129+04747,2020-04-03 16:30:00,49.66,38.50
129+04747,2020-04-03 16:40:00,56.47,87.70
129+04747,2020-04-03 16:50:00,54.08,88.60
129+04747,2020-04-03 17:00:00,60.43,47.80
129+04747,2020-04-03 17:10:00,56.36,77.40
129+04747,2020-04-03 17:20:00,51.27,54.80
129+04747,2020-04-03 17:30:00,51.99,77.90
129+04747,2020-04-03 17:40:00,53.05,91.10
129+04747,2020-04-03 17:50:00,50.39,56.00
129+04747,2020-04-03 18:00:00,51.20,95.40
129+04747,2020-04-03 18:10:00,52.69,81.90
129+04747,2020-04-03 18:20:00,52.76,87.80
129+04747,2020-04-03 18:30:00,52.50,96.75
129+04747,2020-04-03 18:40:00,54.37,56.50
129+04747,2020-04-03 18:50:00,61.48,58.20
129+04747,2020-04-03 19:00:00,57.61,83.20
129+04747,2020-04-03 19:10:00,52.50,94.90
129+04747,2020-04-03 19:20:00,47.51,93.50
129+04747,2020-04-03 19:30:00,53.27,99.80
129+04747,2020-04-03 19:40:00,45.88,92.10
129+04747,2020-04-03 19:50:00,37.85,46.60
129+04747,2020-04-03 20:00:00,41.44,81.90
129+04747,2020-04-03 20:10:00,53.11,45.30
129+04747,2020-04-03 20:20:00,65.00,19.50
129+04747,2020-04-03 20:30:00,,
129+04747,2020-04-03 20:40:00,58.63,88.80
129+04747,2020-04-03 20:50:00,52.92,81.38
129+04747,2020-04-03 21:00:00,48.96,83.40
129+04747,2020-04-03 21:10:00,51.70,100.00
129+04747,2020-04-03 21:20:00,51.00,100.00
129+04747,2020-04-03 21:30:00,42.50,78.56
129+04747,2020-04-03 21:40:00,42.00,87.20
129+04747,2020-04-03 21:50:00,58.00,74.29
129+04747,2020-04-03 22:00:00,58.00,76.60
129+04747,2020-04-03 22:10:00,,
129+04747,2020-04-03 22:20:00,46.16,84.33
129+04747,2020-04-03 22:30:00,45.41,81.71
129+04747,2020-04-03 22:40:00,,
129+04747,2020-04-03 22:50:00,60.00,73.80
129+04747,2020-04-03 23:00:00,49.87,69.50
129+04747,2020-04-03 23:10:00,32.90,56.90
129+04747,2020-04-03 23:20:00,46.65,76.14
129+04747,2020-04-03 23:30:00,57.18,75.63
129+04747,2020-04-03 23:40:00,,
129+04747,2020-04-03 23:50:00,57.00,74.67
129P04639,2020-04-03 00:00:00,62.30,41.60
129P04639,2020-04-03 00:10:00,62.00,74.33
129P04639,2020-04-03 00:20:00,50.00,56.50
129P04639,2020-04-03 00:30:00,50.00,61.00
129P04639,2020-04-03 00:40:00,,
129P04639,2020-04-03 00:50:00,,
129P04639,2020-04-03 01:00:00,56.00,71.78
129P04639,2020-04-03 01:10:00,56.00,83.33
129P04639,2020-04-03 01:20:00,,
129P04639,2020-04-03 01:30:00,48.00,66.38
129P04639,2020-04-03 01:40:00,46.46,68.71
129P04639,2020-04-03 01:50:00,42.18,52.30
129P04639,2020-04-03 02:00:00,,
129P04639,2020-04-03 02:10:00,,
129P04639,2020-04-03 02:20:00,,
129P04639,2020-04-03 02:30:00,,
129P04639,2020-04-03 02:40:00,,
129P04639,2020-04-03 02:50:00,51.00,100.00
129P04639,2020-04-03 03:00:00,50.25,95.40
129P04639,2020-04-03 03:10:00,53.00,93.00
129P04639,2020-04-03 03:20:00,69.00,8.00
129P04639,2020-04-03 03:30:00,62.97,48.44
129P04639,2020-04-03 03:40:00,47.80,60.20
129P04639,2020-04-03 03:50:00,48.63,76.40
129P04639,2020-04-03 04:00:00,49.00,83.33
129P04639,2020-04-03 04:10:00,52.95,92.60
129P04639,2020-04-03 04:20:00,48.32,97.50
129P04639,2020-04-03 04:30:00,50.00,100.00
129P04639,2020-04-03 04:40:00,55.54,68.80
129P04639,2020-04-03 04:50:00,56.13,54.80
129P04639,2020-04-03 05:00:00,48.57,66.29
129P04639,2020-04-03 05:10:00,,
129P04639,2020-04-03 05:20:00,59.78,73.13
129P04639,2020-04-03 05:30:00,52.80,84.80
129P04639,2020-04-03 05:40:00,52.30,46.33
129P04639,2020-04-03 05:50:00,61.69,65.40
129P04639,2020-04-03 06:00:00,57.02,87.00
129P04639,2020-04-03 06:10:00,59.34,94.40
129P04639,2020-04-03 06:20:00,58.35,100.00
129P04639,2020-04-03 06:30:00,56.48,100.00
129P04639,2020-04-03 06:40:00,55.00,100.00
129P04639,2020-04-03 06:50:00,59.44,83.50
129P04639,2020-04-03 07:00:00,61.57,84.30
129P04639,2020-04-03 07:10:00,55.55,100.00
129P04639,2020-04-03 07:20:00,58.35,92.00
129P04639,2020-04-03 07:30:00,63.03,69.60
129P04639,2020-04-03 07:40:00,62.43,68.40
129P04639,2020-04-03 07:50:00,59.53,99.00
129P04639,2020-04-03 08:00:00,56.04,100.00
129P04639,2020-04-03 08:10:00,54.49,100.00
129P04639,2020-04-03 08:20:00,55.18,90.60
129P04639,2020-04-03 08:30:00,55.10,100.00
129P04639,2020-04-03 08:40:00,57.13,100.00
129P04639,2020-04-03 08:50:00,59.42,100.00
129P04639,2020-04-03 09:00:00,60.17,100.00
129P04639,2020-04-03 09:10:00,56.54,100.00
129P04639,2020-04-03 09:20:00,55.97,100.00
129P04639,2020-04-03 09:30:00,54.97,100.00
129P04639,2020-04-03 09:40:00,55.56,100.00
129P04639,2020-04-03 09:50:00,55.86,100.00
129P04639,2020-04-03 10:00:00,60.28,89.00
129P04639,2020-04-03 10:10:00,64.94,43.30
129P04639,2020-04-03 10:20:00,59.79,77.50
129P04639,2020-04-03 10:30:00,56.45,100.00
129P04639,2020-04-03 10:40:00,56.35,100.00
129P04639,2020-04-03 10:50:00,59.52,86.60
129P04639,2020-04-03 11:00:00,58.75,92.30
129P04639,2020-04-03 11:10:00,53.34,94.60
129P04639,2020-04-03 11:20:00,57.66,89.50
129P04639,2020-04-03 11:30:00,64.07,65.80
129P04639,2020-04-03 11:40:00,56.15,97.90
129P04639,2020-04-03 11:50:00,63.00,66.20
129P04639,2020-04-03 12:00:00,59.11,77.50
129P04639,2020-04-03 12:10:00,54.58,100.00
129P04639,2020-04-03 12:20:00,53.77,100.00
129P04639,2020-04-03 12:30:00,60.96,81.70
129P04639,2020-04-03 12:40:00,54.15,100.00
129P04639,2020-04-03 12:50:00,63.18,57.40
129P04639,2020-04-03 13:00:00,56.29,100.00
129P04639,2020-04-03 13:10:00,55.37,100.00
129P04639,2020-04-03 13:20:00,59.72,81.60
129P04639,2020-04-03 13:30:00,59.39,100.00
129P04639,2020-04-03 13:40:00,61.08,69.10
129P04639,2020-04-03 13:50:00,65.82,45.50
129P04639,2020-04-03 14:00:00,64.39,86.80
129P04639,2020-04-03 14:10:00,60.14,96.00
129P04639,2020-04-03 14:20:00,58.29,100.00
129P04639,2020-04-03 14:30:00,62.50,87.30
129P04639,2020-04-03 14:40:00,64.84,74.00
129P04639,2020-04-03 14:50:00,58.62,99.90
129P04639,2020-04-03 15:00:00,59.31,97.50
129P04639,2020-04-03 15:10:00,65.69,80.80
129P04639,2020-04-03 15:20:00,59.13,87.20
129P04639,2020-04-03 15:30:00,58.59,100.00
129P04639,2020-04-03 15:40:00,59.34,99.90
129P04639,2020-04-03 15:50:00,57.53,92.50
129P04639,2020-04-03 16:00:00,65.55,57.10
129P04639,2020-04-03 16:10:00,62.48,98.90
129P04639,2020-04-03 16:20:00,65.34,63.00
129P04639,2020-04-03 16:30:00,64.72,85.00
129P04639,2020-04-03 16:40:00,65.85,74.60
129P04639,2020-04-03 16:50:00,60.25,88.40
129P04639,2020-04-03 17:00:00,64.21,85.90
129P04639,2020-04-03 17:10:00,74.27,33.80
129P04639,2020-04-03 17:20:00,68.82,66.70
129P04639,2020-04-03 17:30:00,59.16,52.70
129P04639,2020-04-03 17:40:00,68.49,93.30
129P04639,2020-04-03 17:50:00,64.33,78.80
129P04639,2020-04-03 18:00:00,61.19,74.90
129P04639,2020-04-03 18:10:00,60.50,85.50
129P04639,2020-04-03 18:20:00,61.49,92.40
129P04639,2020-04-03 18:30:00,67.35,72.50
129P04639,2020-04-03 18:40:00,58.30,98.90
129P04639,2020-04-03 18:50:00,64.28,89.30
129P04639,2020-04-03 19:00:00,57.87,98.60
129P04639,2020-04-03 19:10:00,52.00,100.00
129P04639,2020-04-03 19:20:00,58.30,93.70
129P04639,2020-04-03 19:30:00,60.00,100.00
129P04639,2020-04-03 19:40:00,53.93,100.00
129P04639,2020-04-03 19:50:00,51.32,88.80
129P04639,2020-04-03 20:00:00,53.93,100.00
129P04639,2020-04-03 20:10:00,59.87,100.00
129P04639,2020-04-03 20:20:00,71.00,21.33
129P04639,2020-04-03 20:30:00,61.94,29.10
129P04639,2020-04-03 20:40:00,42.45,29.80
129P04639,2020-04-03 20:50:00,55.05,94.20
129P04639,2020-04-03 21:00:00,50.98,89.50
129P04639,2020-04-03 21:10:00,52.66,95.22
129P04639,2020-04-03 21:20:00,60.63,100.00
129P04639,2020-04-03 21:30:00,62.00,100.00
129P04639,2020-04-03 21:40:00,45.02,36.75
129P04639,2020-04-03 21:50:00,43.00,27.40
129P04639,2020-04-03 22:00:00,49.00,98.00
129P04639,2020-04-03 22:10:00,49.00,93.20
129P04639,2020-04-03 22:20:00,52.36,100.00
129P04639,2020-04-03 22:30:00,57.07,100.00
129P04639,2020-04-03 22:40:00,56.28,100.00
129P04639,2020-04-03 22:50:00,52.94,100.00
129P04639,2020-04-03 23:00:00,67.95,44.25
129P04639,2020-04-03 23:10:00,58.42,77.30
129P04639,2020-04-03 23:20:00,56.59,98.90
129P04639,2020-04-03 23:30:00,52.12,71.90
129P04639,2020-04-03 23:40:00,50.00,68.43
129P04639,2020-04-03 23:50:00,,
129+04743,2020-04-03 00:00:00,55.39,80.67
129+04743,2020-04-03 00:10:00,,
129+04743,2020-04-03 00:20:00,,
129+04743,2020-04-03 00:30:00,,
129+04743,2020-04-03 00:40:00,,
129+04743,2020-04-03 00:50:00,48.00,100.00
129+04743,2020-04-03 01:00:00,46.86,98.13
129+04743,2020-04-03 01:10:00,,
129+04743,2020-04-03 01:20:00,,
129+04743,2020-04-03 01:30:00,,
129+04743,2020-04-03 01:40:00,,
129+04743,2020-04-03 01:50:00,,
129+04743,2020-04-03 02:00:00,,
129+04743,2020-04-03 02:10:00,,
129+04743,2020-04-03 02:20:00,,
129+04743,2020-04-03 02:30:00,,
129+04743,2020-04-03 02:40:00,,
129+04743,2020-04-03 02:50:00,,
129+04743,2020-04-03 03:00:00,,
129+04743,2020-04-03 03:10:00,,
129+04743,2020-04-03 03:20:00,52.00,100.00
129+04743,2020-04-03 03:30:00,46.64,85.70
129+04743,2020-04-03 03:40:00,,
129+04743,2020-04-03 03:50:00,,
129+04743,2020-04-03 04:00:00,,
129+04743,2020-04-03 04:10:00,,
129+04743,2020-04-03 04:20:00,61.00,
129+04743,2020-04-03 04:30:00,59.00,99.10
129+04743,2020-04-03 04:40:00,59.00,100.00
129+04743,2020-04-03 04:50:00,59.00,100.00
129+04743,2020-04-03 05:00:00,,
129+04743,2020-04-03 05:10:00,,
129+04743,2020-04-03 05:20:00,47.00,46.33
129+04743,2020-04-03 05:30:00,47.00,75.43
129+04743,2020-04-03 05:40:00,70.24,36.50
129+04743,2020-04-03 05:50:00,54.39,49.00
129+04743,2020-04-03 06:00:00,43.00,56.00
129+04743,2020-04-03 06:10:00,,
129+04743,2020-04-03 06:20:00,,
129+04743,2020-04-03 06:30:00,,
129+04743,2020-04-03 06:40:00,49.22,100.00
129+04743,2020-04-03 06:50:00,56.54,53.20
129+04743,2020-04-03 07:00:00,54.56,94.00
129+04743,2020-04-03 07:10:00,46.39,100.00
129+04743,2020-04-03 07:20:00,49.65,100.00
129+04743,2020-04-03 07:30:00,57.59,80.50
129+04743,2020-04-03 07:40:00,49.56,100.00
129+04743,2020-04-03 07:50:00,48.00,100.00
129+04743,2020-04-03 08:00:00,43.13,100.00
129+04743,2020-04-03 08:10:00,38.76,78.11
129+04743,2020-04-03 08:20:00,42.91,93.89
129+04743,2020-04-03 08:30:00,46.28,94.70
129+04743,2020-04-03 08:40:00,46.90,100.00
129+04743,2020-04-03 08:50:00,51.24,75.00
129+04743,2020-04-03 09:00:00,49.35,100.00
129+04743,2020-04-03 09:10:00,47.75,100.00
129+04743,2020-04-03 09:20:00,45.72,100.00
129+04743,2020-04-03 09:30:00,46.97,100.00
129+04743,2020-04-03 09:40:00,45.04,100.00
129+04743,2020-04-03 09:50:00,43.39,100.00
129+04743,2020-04-03 10:00:00,41.32,100.00
129+04743,2020-04-03 10:10:00,46.54,100.00
129+04743,2020-04-03 10:20:00,47.08,94.50
129+04743,2020-04-03 10:30:00,41.88,100.00
129+04743,2020-04-03 10:40:00,49.89,64.80
129+04743,2020-04-03 10:50:00,50.75,72.40
129+04743,2020-04-03 11:00:00,53.53,65.00
129+04743,2020-04-03 11:10:00,41.27,100.00
129+04743,2020-04-03 11:20:00,37.59,58.00
129+04743,2020-04-03 11:30:00,48.18,93.80
129+04743,2020-04-03 11:40:00,47.26,100.00
129+04743,2020-04-03 11:50:00,47.14,100.00
129+04743,2020-04-03 12:00:00,49.69,88.30
129+04743,2020-04-03 12:10:00,48.29,92.20
129+04743,2020-04-03 12:20:00,47.76,100.00
129+04743,2020-04-03 12:30:00,53.83,63.40
129+04743,2020-04-03 12:40:00,49.06,99.60
129+04743,2020-04-03 12:50:00,53.25,74.30
129+04743,2020-04-03 13:00:00,53.47,74.50
129+04743,2020-04-03 13:10:00,47.27,96.60
129+04743,2020-04-03 13:20:00,46.92,96.30
129+04743,2020-04-03 13:30:00,42.07,100.00
129+04743,2020-04-03 13:40:00,55.16,61.90
129+04743,2020-04-03 13:50:00,50.27,92.80
129+04743,2020-04-03 14:00:00,51.49,89.10
129+04743,2020-04-03 14:10:00,47.12,98.60
129+04743,2020-04-03 14:20:00,48.77,100.00
129+04743,2020-04-03 14:30:00,47.00,100.00
129+04743,2020-04-03 14:40:00,47.68,100.00
129+04743,2020-04-03 14:50:00,48.39,87.30
129+04743,2020-04-03 15:00:00,47.13,92.00
129+04743,2020-04-03 15:10:00,47.66,81.00
129+04743,2020-04-03 15:20:00,30.14,50.22
129+04743,2020-04-03 15:30:00,52.07,76.90
129+04743,2020-04-03 15:40:00,50.15,84.50
129+04743,2020-04-03 15:50:00,51.51,81.70
129+04743,2020-04-03 16:00:00,55.73,82.10
129+04743,2020-04-03 16:10:00,51.05,86.40
129+04743,2020-04-03 16:20:00,54.23,87.50
129+04743,2020-04-03 16:30:00,58.73,62.90
129+04743,2020-04-03 16:40:00,56.33,85.40
129+04743,2020-04-03 16:50:00,44.74,99.80
129+04743,2020-04-03 17:00:00,57.62,84.00
129+04743,2020-04-03 17:10:00,52.65,91.50
129+04743,2020-04-03 17:20:00,53.57,89.70
129+04743,2020-04-03 17:30:00,51.95,96.40
129+04743,2020-04-03 17:40:00,44.14,81.40
129+04743,2020-04-03 17:50:00,52.57,72.00
129+04743,2020-04-03 18:00:00,61.52,29.30
129+04743,2020-04-03 18:10:00,43.07,80.00
129+04743,2020-04-03 18:20:00,45.28,81.70
129+04743,2020-04-03 18:30:00,47.34,95.70
129+04743,2020-04-03 18:40:00,46.52,71.50
129+04743,2020-04-03 18:50:00,60.05,35.11
129+04743,2020-04-03 19:00:00,54.08,86.70
129+04743,2020-04-03 19:10:00,50.75,96.40
129+04743,2020-04-03 19:20:00,55.21,82.50
129+04743,2020-04-03 19:30:00,52.70,95.60
129+04743,2020-04-03 19:40:00,49.10,99.30
129+04743,2020-04-03 19:50:00,49.78,98.00
129+04743,2020-04-03 20:00:00,45.69,100.00
129+04743,2020-04-03 20:10:00,,
129+04743,2020-04-03 20:20:00,72.33,20.29
129+04743,2020-04-03 20:30:00,59.60,65.83
129+04743,2020-04-03 20:40:00,51.00,100.00
129+04743,2020-04-03 20:50:00,49.39,100.00
129+04743,2020-04-03 21:00:00,45.00,100.00
129+04743,2020-04-03 21:10:00,48.37,83.50
129+04743,2020-04-03 21:20:00,55.77,45.89
129+04743,2020-04-03 21:30:00,43.25,100.00
129+04743,2020-04-03 21:40:00,44.39,100.00
129+04743,2020-04-03 21:50:00,37.64,71.33
129+04743,2020-04-03 22:00:00,43.58,100.00
129+04743,2020-04-03 22:10:00,44.49,100.00
129+04743,2020-04-03 22:20:00,,
129+04743,2020-04-03 22:30:00,46.55,100.00
129+04743,2020-04-03 22:40:00,44.00,100.00
129+04743,2020-04-03 22:50:00,,
129+04743,2020-04-03 23:00:00,65.00,35.88
129+04743,2020-04-03 23:10:00,57.16,72.88
129+04743,2020-04-03 23:20:00,51.00,97.63
129+04743,2020-04-03 23:30:00,,
129+04743,2020-04-03 23:40:00,,
129+04743,2020-04-03 23:50:00,69.00,38.00
129P04408,2020-04-03 00:00:00,,
129P04408,2020-04-03 00:10:00,58.00,98.75
129P04408,2020-04-03 00:20:00,60.00,91.17
129P04408,2020-04-03 00:30:00,60.00,91.75
129P04408,2020-04-03 00:40:00,,
129P04408,2020-04-03 00:50:00,,
129P04408,2020-04-03 01:00:00,,
129P04408,2020-04-03 01:10:00,,
129P04408,2020-04-03 01:20:00,,
129P04408,2020-04-03 01:30:00,,
129P04408,2020-04-03 01:40:00,,
129P04408,2020-04-03 01:50:00,,
129P04408,2020-04-03 02:00:00,,
129P04408,2020-04-03 02:10:00,,
129P04408,2020-04-03 02:20:00,,
129P04408,2020-04-03 02:30:00,56.00,100.00
129P04408,2020-04-03 02:40:00,,
129P04408,2020-04-03 02:50:00,,
129P04408,2020-04-03 03:00:00,66.00,52.14
129P04408,2020-04-03 03:10:00,66.00,70.40
129P04408,2020-04-03 03:20:00,,
129P04408,2020-04-03 03:30:00,,
129P04408,2020-04-03 03:40:00,,
129P04408,2020-04-03 03:50:00,,
129P04408,2020-04-03 04:00:00,,
129P04408,2020-04-03 04:10:00,,
129P04408,2020-04-03 04:20:00,,
129P04408,2020-04-03 04:30:00,,
129P04408,2020-04-03 04:40:00,,
129P04408,2020-04-03 04:50:00,,
129P04408,2020-04-03 05:00:00,,
129P04408,2020-04-03 05:10:00,,
129P04408,2020-04-03 05:20:00,,
129P04408,2020-04-03 05:30:00,,
129P04408,2020-04-03 05:40:00,,
129P04408,2020-04-03 05:50:00,,
129P04408,2020-04-03 06:00:00,54.49,100.00
129P04408,2020-04-03 06:10:00,53.09,99.30
129P04408,2020-04-03 06:20:00,53.96,87.80
129P04408,2020-04-03 06:30:00,59.30,97.30
129P04408,2020-04-03 06:40:00,58.18,100.00
129P04408,2020-04-03 06:50:00,57.28,100.00
129P04408,2020-04-03 07:00:00,63.66,72.00
129P04408,2020-04-03 07:10:00,61.88,80.60
129P04408,2020-04-03 07:20:00,60.34,100.00
129P04408,2020-04-03 07:30:00,55.57,93.90
129P04408,2020-04-03 07:40:00,57.60,100.00
129P04408,2020-04-03 07:50:00,57.44,84.40
129P04408,2020-04-03 08:00:00,54.34,100.00
129P04408,2020-04-03 08:10:00,55.35,100.00
129P04408,2020-04-03 08:20:00,57.06,97.10
129P04408,2020-04-03 08:30:00,55.07,100.00
129P04408,2020-04-03 08:40:00,58.38,94.20
129P04408,2020-04-03 08:50:00,55.88,95.30
129P04408,2020-04-03 09:00:00,56.38,100.00
129P04408,2020-04-03 09:10:00,56.42,100.00
129P04408,2020-04-03 09:20:00,56.10,97.00
129P04408,2020-04-03 09:30:00,55.14,100.00
129P04408,2020-04-03 09:40:00,56.12,100.00
129P04408,2020-04-03 09:50:00,58.29,92.60
129P04408,2020-04-03 10:00:00,60.57,80.60
129P04408,2020-04-03 10:10:00,56.97,97.20
129P04408,2020-04-03 10:20:00,55.18,100.00
129P04408,2020-04-03 10:30:00,59.42,91.60
129P04408,2020-04-03 10:40:00,58.61,92.90
129P04408,2020-04-03 10:50:00,54.57,100.00
129P04408,2020-04-03 11:00:00,54.51,100.00
129P04408,2020-04-03 11:10:00,57.26,100.00
129P04408,2020-04-03 11:20:00,58.88,100.00
129P04408,2020-04-03 11:30:00,59.64,98.90
129P04408,2020-04-03 11:40:00,65.70,41.20
129P04408,2020-04-03 11:50:00,56.06,100.00
129P04408,2020-04-03 12:00:00,54.02,95.50
129P04408,2020-04-03 12:10:00,53.57,100.00
129P04408,2020-04-03 12:20:00,56.79,88.60
129P04408,2020-04-03 12:30:00,60.23,81.89
129P04408,2020-04-03 12:40:00,58.89,86.70
129P04408,2020-04-03 12:50:00,60.43,80.40
129P04408,2020-04-03 13:00:00,67.37,52.70
129P04408,2020-04-03 13:10:00,59.14,99.00
129P04408,2020-04-03 13:20:00,57.70,95.70
129P04408,2020-04-03 13:30:00,64.02,89.10
129P04408,2020-04-03 13:40:00,56.17,100.00
129P04408,2020-04-03 13:50:00,56.80,100.00
129P04408,2020-04-03 14:00:00,59.64,88.30
129P04408,2020-04-03 14:10:00,58.28,96.40
129P04408,2020-04-03 14:20:00,62.96,69.60
129P04408,2020-04-03 14:30:00,61.04,90.80
129P04408,2020-04-03 14:40:00,58.37,93.20
129P04408,2020-04-03 14:50:00,60.16,78.80
129P04408,2020-04-03 15:00:00,59.81,94.60
129P04408,2020-04-03 15:10:00,60.25,94.70
129P04408,2020-04-03 15:20:00,61.75,93.70
129P04408,2020-04-03 15:30:00,61.76,79.40
129P04408,2020-04-03 15:40:00,60.96,97.10
129P04408,2020-04-03 15:50:00,63.53,71.60
129P04408,2020-04-03 16:00:00,66.06,79.00
129P04408,2020-04-03 16:10:00,63.55,98.10
129P04408,2020-04-03 16:20:00,64.32,100.00
129P04408,2020-04-03 16:30:00,62.49,96.90
129P04408,2020-04-03 16:40:00,64.22,91.00
129P04408,2020-04-03 16:50:00,61.27,94.60
129P04408,2020-04-03 17:00:00,65.49,95.10
129P04408,2020-04-03 17:10:00,60.57,100.00
129P04408,2020-04-03 17:20:00,67.60,80.40
129P04408,2020-04-03 17:30:00,60.10,96.40
129P04408,2020-04-03 17:40:00,60.75,100.00
129P04408,2020-04-03 17:50:00,62.18,100.00
129P04408,2020-04-03 18:00:00,63.39,100.00
129P04408,2020-04-03 18:10:00,60.34,90.40
129P04408,2020-04-03 18:20:00,64.77,80.56
129P04408,2020-04-03 18:30:00,66.38,89.22
129P04408,2020-04-03 18:40:00,63.67,88.00
129P04408,2020-04-03 18:50:00,60.59,94.88
129P04408,2020-04-03 19:00:00,56.14,82.20
129P04408,2020-04-03 19:10:00,56.69,93.10
129P04408,2020-04-03 19:20:00,55.06,92.00
129P04408,2020-04-03 19:30:00,57.57,88.30
129P04408,2020-04-03 19:40:00,62.27,100.00
129P04408,2020-04-03 19:50:00,59.57,99.70
129P04408,2020-04-03 20:00:00,56.00,97.40
129P04408,2020-04-03 20:10:00,63.10,99.80
129P04408,2020-04-03 20:20:00,57.37,90.40
129P04408,2020-04-03 20:30:00,61.36,81.63
129P04408,2020-04-03 20:40:00,67.42,73.80
129P04408,2020-04-03 20:50:00,58.91,97.10
129P04408,2020-04-03 21:00:00,56.68,89.90
129P04408,2020-04-03 21:10:00,54.44,85.90
129P04408,2020-04-03 21:20:00,54.43,89.50
129P04408,2020-04-03 21:30:00,56.11,100.00
129P04408,2020-04-03 21:40:00,,
129P04408,2020-04-03 21:50:00,,
129P04408,2020-04-03 22:00:00,,
129P04408,2020-04-03 22:10:00,,
129P04408,2020-04-03 22:20:00,52.00,89.60
129P04408,2020-04-03 22:30:00,52.00,100.00
129P04408,2020-04-03 22:40:00,,
129P04408,2020-04-03 22:50:00,73.00,25.00
129P04408,2020-04-03 23:00:00,55.71,65.30
129P04408,2020-04-03 23:10:00,52.00,70.50
129P04408,2020-04-03 23:20:00,65.00,95.75
129P04408,2020-04-03 23:30:00,64.32,95.67
129P04408,2020-04-03 23:40:00,,
129P04408,2020-04-03 23:50:00,,
129P04747,2020-04-03 00:00:00,56.00,87.75
129P04747,2020-04-03 00:10:00,54.65,98.67
129P04747,2020-04-03 00:20:00,49.32,96.22
129P04747,2020-04-03 00:30:00,44.80,91.20
129P04747,2020-04-03 00:40:00,,
129P04747,2020-04-03 00:50:00,,
129P04747,2020-04-03 01:00:00,,
129P04747,2020-04-03 01:10:00,,
129P04747,2020-04-03 01:20:00,,
129P04747,2020-04-03 01:30:00,,
129P04747,2020-04-03 01:40:00,,
129P04747,2020-04-03 01:50:00,,
129P04747,2020-04-03 02:00:00,,
129P04747,2020-04-03 02:10:00,,
129P04747,2020-04-03 02:20:00,,
129P04747,2020-04-03 02:30:00,42.52,99.75
129P04747,2020-04-03 02:40:00,42.65,100.00
129P04747,2020-04-03 02:50:00,,
129P04747,2020-04-03 03:00:00,40.73,100.00
129P04747,2020-04-03 03:10:00,40.00,99.90
129P04747,2020-04-03 03:20:00,25.98,72.30
129P04747,2020-04-03 03:30:00,24.00,81.00
129P04747,2020-04-03 03:40:00,,
129P04747,2020-04-03 03:50:00,,
129P04747,2020-04-03 04:00:00,,
129P04747,2020-04-03 04:10:00,,
129P04747,2020-04-03 04:20:00,,
129P04747,2020-04-03 04:30:00,57.00,99.75
129P04747,2020-04-03 04:40:00,57.00,100.00
129P04747,2020-04-03 04:50:00,39.00,40.00
129P04747,2020-04-03 05:00:00,39.00,62.22
129P04747,2020-04-03 05:10:00,,
129P04747,2020-04-03 05:20:00,,
129P04747,2020-04-03 05:30:00,,
129P04747,2020-04-03 05:40:00,19.57,85.00
129P04747,2020-04-03 05:50:00,22.00,95.10
129P04747,2020-04-03 06:00:00,43.18,96.30
129P04747,2020-04-03 06:10:00,50.45,100.00
129P04747,2020-04-03 06:20:00,56.39,75.90
129P04747,2020-04-03 06:30:00,57.85,100.00
129P04747,2020-04-03 06:40:00,56.93,77.40
129P04747,2020-04-03 06:50:00,50.72,100.00
129P04747,2020-04-03 07:00:00,30.49,32.80
129P04747,2020-04-03 07:10:00,45.78,94.50
129P04747,2020-04-03 07:20:00,45.44,100.00
129P04747,2020-04-03 07:30:00,44.64,100.00
129P04747,2020-04-03 07:40:00,45.97,100.00
129P04747,2020-04-03 07:50:00,48.71,63.50
129P04747,2020-04-03 08:00:00,42.68,93.50
129P04747,2020-04-03 08:10:00,46.78,98.70
129P04747,2020-04-03 08:20:00,49.88,77.20
129P04747,2020-04-03 08:30:00,34.10,100.00
129P04747,2020-04-03 08:40:00,41.41,100.00
129P04747,2020-04-03 08:50:00,33.83,81.70
129P04747,2020-04-03 09:00:00,44.07,100.00
129P04747,2020-04-03 09:10:00,53.65,41.10
129P04747,2020-04-03 09:20:00,55.69,50.60
129P04747,2020-04-03 09:30:00,55.84,65.70
129P04747,2020-04-03 09:40:00,53.84,84.40
129P04747,2020-04-03 09:50:00,46.10,95.20
129P04747,2020-04-03 10:00:00,36.79,100.00
129P04747,2020-04-03 10:10:00,34.70,100.00
129P04747,2020-04-03 10:20:00,35.35,100.00
129P04747,2020-04-03 10:30:00,45.28,72.50
129P04747,2020-04-03 10:40:00,48.51,68.30
129P04747,2020-04-03 10:50:00,48.69,96.10
129P04747,2020-04-03 11:00:00,52.77,93.70
129P04747,2020-04-03 11:10:00,34.23,100.00
129P04747,2020-04-03 11:20:00,38.09,94.70
129P04747,2020-04-03 11:30:00,50.52,62.60
129P04747,2020-04-03 11:40:00,43.55,100.00
129P04747,2020-04-03 11:50:00,42.29,98.30
129P04747,2020-04-03 12:00:00,47.40,90.10
129P04747,2020-04-03 12:10:00,43.37,90.60
129P04747,2020-04-03 12:20:00,39.38,100.00
129P04747,2020-04-03 12:30:00,38.34,89.60
129P04747,2020-04-03 12:40:00,47.32,87.30
129P04747,2020-04-03 12:50:00,51.49,78.90
129P04747,2020-04-03 13:00:00,45.56,96.90
129P04747,2020-04-03 13:10:00,35.15,95.50
129P04747,2020-04-03 13:20:00,37.06,99.80
129P04747,2020-04-03 13:30:00,32.22,96.40
129P04747,2020-04-03 13:40:00,33.07,94.90
129P04747,2020-04-03 13:50:00,41.16,97.20
129P04747,2020-04-03 14:00:00,18.37,100.00
129P04747,2020-04-03 14:10:00,47.98,23.40
129P04747,2020-04-03 14:20:00,57.08,48.50
129P04747,2020-04-03 14:30:00,42.16,91.30
129P04747,2020-04-03 14:40:00,37.33,96.20
129P04747,2020-04-03 14:50:00,43.83,92.50
129P04747,2020-04-03 15:00:00,41.17,78.70
129P04747,2020-04-03 15:10:00,42.40,91.20
129P04747,2020-04-03 15:20:00,44.72,81.80
129P04747,2020-04-03 15:30:00,41.23,90.90
129P04747,2020-04-03 15:40:00,49.48,65.90
129P04747,2020-04-03 15:50:00,44.04,88.80
129P04747,2020-04-03 16:00:00,46.18,98.50
129P04747,2020-04-03 16:10:00,53.88,93.70
129P04747,2020-04-03 16:20:00,51.78,71.20
129P04747,2020-04-03 16:30:00,33.93,38.50
129P04747,2020-04-03 16:40:00,45.65,87.70
129P04747,2020-04-03 16:50:00,47.88,88.60
129P04747,2020-04-03 17:00:00,56.81,47.80
129P04747,2020-04-03 17:10:00,49.09,77.40
129P04747,2020-04-03 17:20:00,29.64,54.80
129P04747,2020-04-03 17:30:00,42.85,77.90
129P04747,2020-04-03 17:40:00,41.88,91.10
129P04747,2020-04-03 17:50:00,21.35,56.00
129P04747,2020-04-03 18:00:00,32.82,95.40
129P04747,2020-04-03 18:10:00,37.27,81.90
129P04747,2020-04-03 18:20:00,39.28,87.80
129P04747,2020-04-03 18:30:00,35.87,96.75
129P04747,2020-04-03 18:40:00,40.22,56.50
129P04747,2020-04-03 18:50:00,53.41,58.20
129P04747,2020-04-03 19:00:00,56.45,83.20
129P04747,2020-04-03 19:10:00,39.95,94.90
129P04747,2020-04-03 19:20:00,48.23,93.50
129P04747,2020-04-03 19:30:00,44.82,99.80
129P04747,2020-04-03 19:40:00,24.28,92.10
129P04747,2020-04-03 19:50:00,30.94,46.60
129P04747,2020-04-03 20:00:00,22.83,81.90
129P04747,2020-04-03 20:10:00,34.23,45.30
129P04747,2020-04-03 20:20:00,59.87,19.50
129P04747,2020-04-03 20:30:00,,
129P04747,2020-04-03 20:40:00,58.10,88.80
129P04747,2020-04-03 20:50:00,44.56,81.38
129P04747,2020-04-03 21:00:00,38.82,83.40
129P04747,2020-04-03 21:10:00,46.18,100.00
129P04747,2020-04-03 21:20:00,50.26,100.00
129P04747,2020-04-03 21:30:00,38.10,78.56
129P04747,2020-04-03 21:40:00,36.38,87.20
129P04747,2020-04-03 21:50:00,71.00,74.29
129P04747,2020-04-03 22:00:00,71.00,76.60
129P04747,2020-04-03 22:10:00,,
129P04747,2020-04-03 22:20:00,41.08,84.33
129P04747,2020-04-03 22:30:00,39.00,81.71
129P04747,2020-04-03 22:40:00,,
129P04747,2020-04-03 22:50:00,59.00,73.80
129P04747,2020-04-03 23:00:00,34.09,69.50
129P04747,2020-04-03 23:10:00,14.00,56.90
129P04747,2020-04-03 23:20:00,45.89,76.14
129P04747,2020-04-03 23:30:00,59.74,75.63
129P04747,2020-04-03 23:40:00,,
129P04747,2020-04-03 23:50:00,46.00,74.67
129P04746,2020-04-03 00:00:00,,
129P04746,2020-04-03 00:10:00,57.00,73.83
129P04746,2020-04-03 00:20:00,55.60,71.67
129P04746,2020-04-03 00:30:00,57.00,84.56
129P04746,2020-04-03 00:40:00,,
129P04746,2020-04-03 00:50:00,,
129P04746,2020-04-03 01:00:00,,
129P04746,2020-04-03 01:10:00,,
129P04746,2020-04-03 01:20:00,,
129P04746,2020-04-03 01:30:00,,
129P04746,2020-04-03 01:40:00,,
129P04746,2020-04-03 01:50:00,,
129P04746,2020-04-03 02:00:00,,
129P04746,2020-04-03 02:10:00,,
129P04746,2020-04-03 02:20:00,,
129P04746,2020-04-03 02:30:00,57.00,100.00
129P04746,2020-04-03 02:40:00,57.00,100.00
129P04746,2020-04-03 02:50:00,,
129P04746,2020-04-03 03:00:00,58.00,99.00
129P04746,2020-04-03 03:10:00,57.37,99.40
129P04746,2020-04-03 03:20:00,55.00,94.80
129P04746,2020-04-03 03:30:00,,
129P04746,2020-04-03 03:40:00,,
129P04746,2020-04-03 03:50:00,,
129P04746,2020-04-03 04:00:00,,
129P04746,2020-04-03 04:10:00,,
129P04746,2020-04-03 04:20:00,,
129P04746,2020-04-03 04:30:00,62.48,92.60
129P04746,2020-04-03 04:40:00,63.00,100.00
129P04746,2020-04-03 04:50:00,58.60,84.33
129P04746,2020-04-03 05:00:00,56.00,78.56
129P04746,2020-04-03 05:10:00,,
129P04746,2020-04-03 05:20:00,,
129P04746,2020-04-03 05:30:00,,
129P04746,2020-04-03 05:40:00,,
129P04746,2020-04-03 05:50:00,,
129P04746,2020-04-03 06:00:00,57.31,100.00
129P04746,2020-04-03 06:10:00,62.90,90.90
129P04746,2020-04-03 06:20:00,64.73,89.56
129P04746,2020-04-03 06:30:00,62.16,100.00
129P04746,2020-04-03 06:40:00,66.96,66.70
129P04746,2020-04-03 06:50:00,63.13,98.00
129P04746,2020-04-03 07:00:00,58.17,91.60
129P04746,2020-04-03 07:10:00,59.93,100.00
129P04746,2020-04-03 07:20:00,58.30,100.00
129P04746,2020-04-03 07:30:00,58.56,90.90
129P04746,2020-04-03 07:40:00,59.89,100.00
129P04746,2020-04-03 07:50:00,66.33,55.20
129P04746,2020-04-03 08:00:00,62.07,95.00
129P04746,2020-04-03 08:10:00,59.06,100.00
129P04746,2020-04-03 08:20:00,64.08,90.10
129P04746,2020-04-03 08:30:00,56.02,100.00
129P04746,2020-04-03 08:40:00,54.99,100.00
129P04746,2020-04-03 08:50:00,58.44,100.00
129P04746,2020-04-03 09:00:00,58.54,100.00
129P04746,2020-04-03 09:10:00,60.19,92.20
129P04746,2020-04-03 09:20:00,61.07,86.80
129P04746,2020-04-03 09:30:00,60.38,89.50
129P04746,2020-04-03 09:40:00,63.29,83.00
129P04746,2020-04-03 09:50:00,59.06,95.60
129P04746,2020-04-03 10:00:00,58.17,97.80
129P04746,2020-04-03 10:10:00,56.68,100.00
129P04746,2020-04-03 10:20:00,57.74,98.00
129P04746,2020-04-03 10:30:00,62.00,82.80
129P04746,2020-04-03 10:40:00,58.98,100.00
129P04746,2020-04-03 10:50:00,59.18,100.00
129P04746,2020-04-03 11:00:00,59.90,100.00
129P04746,2020-04-03 11:10:00,59.36,100.00
129P04746,2020-04-03 11:20:00,62.40,93.70
129P04746,2020-04-03 11:30:00,64.26,77.90
129P04746,2020-04-03 11:40:00,59.57,100.00
129P04746,2020-04-03 11:50:00,57.68,100.00
129P04746,2020-04-03 12:00:00,59.05,100.00
129P04746,2020-04-03 12:10:00,58.01,93.00
129P04746,2020-04-03 12:20:00,62.99,78.90
129P04746,2020-04-03 12:30:00,64.87,62.40
129P04746,2020-04-03 12:40:00,67.26,54.10
129P04746,2020-04-03 12:50:00,64.65,85.10
129P04746,2020-04-03 13:00:00,66.60,83.60
129P04746,2020-04-03 13:10:00,61.88,96.20
129P04746,2020-04-03 13:20:00,62.45,96.70
129P04746,2020-04-03 13:30:00,64.18,99.50
129P04746,2020-04-03 13:40:00,61.69,97.80
129P04746,2020-04-03 13:50:00,61.17,97.60
129P04746,2020-04-03 14:00:00,62.40,80.60
129P04746,2020-04-03 14:10:00,61.45,99.20
129P04746,2020-04-03 14:20:00,63.05,94.60
129P04746,2020-04-03 14:30:00,64.53,85.80
129P04746,2020-04-03 14:40:00,61.38,88.50
129P04746,2020-04-03 14:50:00,63.56,89.50
129P04746,2020-04-03 15:00:00,55.97,86.60
129P04746,2020-04-03 15:10:00,62.50,86.20
129P04746,2020-04-03 15:20:00,64.89,74.00
129P04746,2020-04-03 15:30:00,62.92,94.60
129P04746,2020-04-03 15:40:00,65.54,85.50
129P04746,2020-04-03 15:50:00,63.20,94.90
129P04746,2020-04-03 16:00:00,68.29,75.50
129P04746,2020-04-03 16:10:00,65.24,92.00
129P04746,2020-04-03 16:20:00,61.38,83.90
129P04746,2020-04-03 16:30:00,57.34,57.10
129P04746,2020-04-03 16:40:00,57.57,65.20
129P04746,2020-04-03 16:50:00,55.97,81.80
129P04746,2020-04-03 17:00:00,65.19,50.70
129P04746,2020-04-03 17:10:00,67.49,53.50
129P04746,2020-04-03 17:20:00,63.08,72.90
129P04746,2020-04-03 17:30:00,56.77,60.40
129P04746,2020-04-03 17:40:00,58.61,73.30
129P04746,2020-04-03 17:50:00,64.80,83.10
129P04746,2020-04-03 18:00:00,64.59,85.10
129P04746,2020-04-03 18:10:00,61.90,85.10
129P04746,2020-04-03 18:20:00,64.00,94.00
129P04746,2020-04-03 18:30:00,64.00,97.50
129P04746,2020-04-03 18:40:00,69.00,88.70
129P04746,2020-04-03 18:50:00,69.00,88.10
129P04746,2020-04-03 19:00:00,62.62,96.70
129P04746,2020-04-03 19:10:00,57.39,100.00
129P04746,2020-04-03 19:20:00,59.32,100.00
129P04746,2020-04-03 19:30:00,56.42,88.40
129P04746,2020-04-03 19:40:00,57.11,100.00
129P04746,2020-04-03 19:50:00,50.41,89.67
129P04746,2020-04-03 20:00:00,52.22,92.50
129P04746,2020-04-03 20:10:00,74.69,18.13
129P04746,2020-04-03 20:20:00,76.00,25.00
129P04746,2020-04-03 20:30:00,,
129P04746,2020-04-03 20:40:00,63.00,100.00
129P04746,2020-04-03 20:50:00,60.09,100.00
129P04746,2020-04-03 21:00:00,57.57,92.00
129P04746,2020-04-03 21:10:00,62.00,100.00
129P04746,2020-04-03 21:20:00,,
129P04746,2020-04-03 21:30:00,53.37,73.00
129P04746,2020-04-03 21:40:00,53.00,80.67
129P04746,2020-04-03 21:50:00,,
129P04746,2020-04-03 22:00:00,,
129P04746,2020-04-03 22:10:00,,
129P04746,2020-04-03 22:20:00,48.14,72.43
129P04746,2020-04-03 22:30:00,48.00,92.83
129P04746,2020-04-03 22:40:00,,
129P04746,2020-04-03 22:50:00,63.00,100.00
129P04746,2020-04-03 23:00:00,56.25,56.40
129P04746,2020-04-03 23:10:00,45.00,52.33
129P04746,2020-04-03 23:20:00,65.00,55.17
129P04746,2020-04-03 23:30:00,65.00,68.43
129P04746,2020-04-03 23:40:00,,
129P04746,2020-04-03 23:50:00,,
129P04745,2020-04-03 00:00:00,,
129P04745,2020-04-03 00:10:00,48.00,96.71
129P04745,2020-04-03 00:20:00,44.00,62.38
129P04745,2020-04-03 00:30:00,44.85,77.86
129P04745,2020-04-03 00:40:00,,
129P04745,2020-04-03 00:50:00,,
129P04745,2020-04-03 01:00:00,,
129P04745,2020-04-03 01:10:00,,
129P04745,2020-04-03 01:20:00,,
129P04745,2020-04-03 01:30:00,,
129P04745,2020-04-03 01:40:00,,
129P04745,2020-04-03 01:50:00,,
129P04745,2020-04-03 02:00:00,,
129P04745,2020-04-03 02:10:00,,
129P04745,2020-04-03 02:20:00,44.00,
129P04745,2020-04-03 02:30:00,44.00,100.00
129P04745,2020-04-03 02:40:00,44.00,99.67
129P04745,2020-04-03 02:50:00,,
129P04745,2020-04-03 03:00:00,51.29,78.17
129P04745,2020-04-03 03:10:00,49.92,92.30
129P04745,2020-04-03 03:20:00,45.00,97.50
129P04745,2020-04-03 03:30:00,,
129P04745,2020-04-03 03:40:00,,
129P04745,2020-04-03 03:50:00,,
129P04745,2020-04-03 04:00:00,,
129P04745,2020-04-03 04:10:00,,
129P04745,2020-04-03 04:20:00,,
129P04745,2020-04-03 04:30:00,61.00,100.00
129P04745,2020-04-03 04:40:00,61.00,100.00
129P04745,2020-04-03 04:50:00,49.34,67.75
129P04745,2020-04-03 05:00:00,47.00,78.86
129P04745,2020-04-03 05:10:00,,
129P04745,2020-04-03 05:20:00,,
129P04745,2020-04-03 05:30:00,,
129P04745,2020-04-03 05:40:00,,
129P04745,2020-04-03 05:50:00,47.98,73.00
129P04745,2020-04-03 06:00:00,47.23,97.70
129P04745,2020-04-03 06:10:00,41.47,84.00
129P04745,2020-04-03 06:20:00,51.45,79.10
129P04745,2020-04-03 06:30:00,31.68,65.90
129P04745,2020-04-03 06:40:00,46.26,97.50
129P04745,2020-04-03 06:50:00,51.47,86.40
129P04745,2020-04-03 07:00:00,52.10,94.80
129P04745,2020-04-03 07:10:00,50.66,100.00
129P04745,2020-04-03 07:20:00,52.18,100.00
129P04745,2020-04-03 07:30:00,59.56,68.70
129P04745,2020-04-03 07:40:00,53.10,100.00
129P04745,2020-04-03 07:50:00,50.88,92.20
129P04745,2020-04-03 08:00:00,43.73,94.60
129P04745,2020-04-03 08:10:00,56.07,91.70
129P04745,2020-04-03 08:20:00,51.47,99.40
129P04745,2020-04-03 08:30:00,45.40,100.00
129P04745,2020-04-03 08:40:00,41.51,97.90
129P04745,2020-04-03 08:50:00,41.44,100.00
129P04745,2020-04-03 09:00:00,50.94,82.40
129P04745,2020-04-03 09:10:00,53.80,68.20
129P04745,2020-04-03 09:20:00,52.59,73.30
129P04745,2020-04-03 09:30:00,46.00,96.10
129P04745,2020-04-03 09:40:00,40.58,97.80
129P04745,2020-04-03 09:50:00,41.36,76.30
129P04745,2020-04-03 10:00:00,52.34,80.40
129P04745,2020-04-03 10:10:00,52.26,66.40
129P04745,2020-04-03 10:20:00,48.79,100.00
129P04745,2020-04-03 10:30:00,48.99,91.40
129P04745,2020-04-03 10:40:00,49.18,94.60
129P04745,2020-04-03 10:50:00,48.18,100.00
129P04745,2020-04-03 11:00:00,40.75,100.00
129P04745,2020-04-03 11:10:00,51.71,89.10
129P04745,2020-04-03 11:20:00,53.87,89.40
129P04745,2020-04-03 11:30:00,57.61,52.20
129P04745,2020-04-03 11:40:00,48.18,100.00
129P04745,2020-04-03 11:50:00,45.47,100.00
129P04745,2020-04-03 12:00:00,41.81,90.50
129P04745,2020-04-03 12:10:00,35.10,79.50
129P04745,2020-04-03 12:20:00,48.79,91.90
129P04745,2020-04-03 12:30:00,48.32,97.40
129P04745,2020-04-03 12:40:00,51.05,63.80
129P04745,2020-04-03 12:50:00,47.36,96.20
129P04745,2020-04-03 13:00:00,56.63,73.80
129P04745,2020-04-03 13:10:00,55.68,84.90
129P04745,2020-04-03 13:20:00,56.16,84.50
129P04745,2020-04-03 13:30:00,56.15,94.40
129P04745,2020-04-03 13:40:00,49.05,97.70
129P04745,2020-04-03 13:50:00,50.90,96.20
129P04745,2020-04-03 14:00:00,56.52,64.20
129P04745,2020-04-03 14:10:00,47.77,99.60
129P04745,2020-04-03 14:20:00,44.75,100.00
129P04745,2020-04-03 14:30:00,47.46,93.20
129P04745,2020-04-03 14:40:00,59.62,49.60
129P04745,2020-04-03 14:50:00,48.21,90.70
129P04745,2020-04-03 15:00:00,46.78,80.50
129P04745,2020-04-03 15:10:00,54.42,78.50
129P04745,2020-04-03 15:20:00,59.15,68.50
129P04745,2020-04-03 15:30:00,46.85,70.30
129P04745,2020-04-03 15:40:00,49.33,60.10
129P04745,2020-04-03 15:50:00,47.20,92.60
129P04745,2020-04-03 16:00:00,61.33,75.70
129P04745,2020-04-03 16:10:00,58.13,77.60
129P04745,2020-04-03 16:20:00,46.64,81.60
129P04745,2020-04-03 16:30:00,48.02,83.30
129P04745,2020-04-03 16:40:00,50.57,92.90
129P04745,2020-04-03 16:50:00,45.37,60.70
129P04745,2020-04-03 17:00:00,61.43,12.30
129P04745,2020-04-03 17:10:00,44.60,59.30
129P04745,2020-04-03 17:20:00,34.46,79.70
129P04745,2020-04-03 17:30:00,46.09,91.30
129P04745,2020-04-03 17:40:00,45.37,89.30
129P04745,2020-04-03 17:50:00,54.52,66.80
129P04745,2020-04-03 18:00:00,44.66,91.70
129P04745,2020-04-03 18:10:00,65.49,22.60
129P04745,2020-04-03 18:20:00,61.78,66.00
129P04745,2020-04-03 18:30:00,63.86,89.00
129P04745,2020-04-03 18:40:00,66.53,74.67
129P04745,2020-04-03 18:50:00,61.39,96.70
129P04745,2020-04-03 19:00:00,46.39,99.80
129P04745,2020-04-03 19:10:00,45.43,99.30
129P04745,2020-04-03 19:20:00,50.01,99.60
129P04745,2020-04-03 19:30:00,47.69,100.00
129P04745,2020-04-03 19:40:00,47.90,100.00
129P04745,2020-04-03 19:50:00,43.98,100.00
129P04745,2020-04-03 20:00:00,48.29,100.00
129P04745,2020-04-03 20:10:00,51.98,43.80
129P04745,2020-04-03 20:20:00,52.20,50.60
129P04745,2020-04-03 20:30:00,52.00,100.00
129P04745,2020-04-03 20:40:00,52.00,100.00
129P04745,2020-04-03 20:50:00,49.14,99.63
129P04745,2020-04-03 21:00:00,49.42,96.20
129P04745,2020-04-03 21:10:00,56.00,92.78
129P04745,2020-04-03 21:20:00,54.00,94.00
129P04745,2020-04-03 21:30:00,34.00,37.30
129P04745,2020-04-03 21:40:00,34.00,47.50
129P04745,2020-04-03 21:50:00,,
129P04745,2020-04-03 22:00:00,,
129P04745,2020-04-03 22:10:00,42.00,98.50
129P04745,2020-04-03 22:20:00,40.38,97.60
129P04745,2020-04-03 22:30:00,40.00,97.75
129P04745,2020-04-03 22:40:00,,
129P04745,2020-04-03 22:50:00,61.00,37.29
129P04745,2020-04-03 23:00:00,46.83,45.00
129P04745,2020-04-03 23:10:00,38.00,53.43
129P04745,2020-04-03 23:20:00,52.55,94.71
129P04745,2020-04-03 23:30:00,53.16,96.00
129P04745,2020-04-03 23:40:00,,
129P04745,2020-04-03 23:50:00,,
129P04743,2020-04-03 00:00:00,57.93,75.33
129P04743,2020-04-03 00:10:00,,
129P04743,2020-04-03 00:20:00,,
129P04743,2020-04-03 00:30:00,,
129P04743,2020-04-03 00:40:00,,
129P04743,2020-04-03 00:50:00,51.80,100.00
129P04743,2020-04-03 01:00:00,51.87,99.75
129P04743,2020-04-03 01:10:00,,
129P04743,2020-04-03 01:20:00,,
129P04743,2020-04-03 01:30:00,,
129P04743,2020-04-03 01:40:00,,
129P04743,2020-04-03 01:50:00,,
129P04743,2020-04-03 02:00:00,,
129P04743,2020-04-03 02:10:00,,
129P04743,2020-04-03 02:20:00,,
129P04743,2020-04-03 02:30:00,,
129P04743,2020-04-03 02:40:00,,
129P04743,2020-04-03 02:50:00,,
129P04743,2020-04-03 03:00:00,,
129P04743,2020-04-03 03:10:00,,
129P04743,2020-04-03 03:20:00,57.00,100.00
129P04743,2020-04-03 03:30:00,51.54,86.30
129P04743,2020-04-03 03:40:00,,
129P04743,2020-04-03 03:50:00,,
129P04743,2020-04-03 04:00:00,,
129P04743,2020-04-03 04:10:00,,
129P04743,2020-04-03 04:20:00,,
129P04743,2020-04-03 04:30:00,58.00,100.00
129P04743,2020-04-03 04:40:00,58.87,99.13
129P04743,2020-04-03 04:50:00,59.00,99.75
129P04743,2020-04-03 05:00:00,,
129P04743,2020-04-03 05:10:00,,
129P04743,2020-04-03 05:20:00,51.00,64.00
129P04743,2020-04-03 05:30:00,51.00,82.50
129P04743,2020-04-03 05:40:00,75.00,31.89
129P04743,2020-04-03 05:50:00,75.00,64.50
129P04743,2020-04-03 06:00:00,,
129P04743,2020-04-03 06:10:00,,
129P04743,2020-04-03 06:20:00,,
129P04743,2020-04-03 06:30:00,,
129P04743,2020-04-03 06:40:00,54.00,100.00
129P04743,2020-04-03 06:50:00,59.35,100.00
129P04743,2020-04-03 07:00:00,57.27,100.00
129P04743,2020-04-03 07:10:00,49.57,100.00
129P04743,2020-04-03 07:20:00,52.97,100.00
129P04743,2020-04-03 07:30:00,58.72,90.40
129P04743,2020-04-03 07:40:00,52.25,100.00
129P04743,2020-04-03 07:50:00,51.10,100.00
129P04743,2020-04-03 08:00:00,47.40,100.00
129P04743,2020-04-03 08:10:00,46.62,80.70
129P04743,2020-04-03 08:20:00,55.45,62.60
129P04743,2020-04-03 08:30:00,52.54,100.00
129P04743,2020-04-03 08:40:00,48.65,100.00
129P04743,2020-04-03 08:50:00,52.37,100.00
129P04743,2020-04-03 09:00:00,51.18,100.00
129P04743,2020-04-03 09:10:00,50.59,100.00
129P04743,2020-04-03 09:20:00,51.48,100.00
129P04743,2020-04-03 09:30:00,51.43,91.33
129P04743,2020-04-03 09:40:00,53.19,100.00
129P04743,2020-04-03 09:50:00,46.50,100.00
129P04743,2020-04-03 10:00:00,42.77,100.00
129P04743,2020-04-03 10:10:00,49.72,100.00
129P04743,2020-04-03 10:20:00,48.88,100.00
129P04743,2020-04-03 10:30:00,46.88,100.00
129P04743,2020-04-03 10:40:00,51.57,81.20
129P04743,2020-04-03 10:50:00,50.19,79.00
129P04743,2020-04-03 11:00:00,53.77,92.10
129P04743,2020-04-03 11:10:00,43.75,97.60
129P04743,2020-04-03 11:20:00,47.63,63.70
129P04743,2020-04-03 11:30:00,50.75,88.30
129P04743,2020-04-03 11:40:00,50.32,90.10
129P04743,2020-04-03 11:50:00,49.26,100.00
129P04743,2020-04-03 12:00:00,51.23,92.90
129P04743,2020-04-03 12:10:00,51.99,100.00
129P04743,2020-04-03 12:20:00,51.58,100.00
129P04743,2020-04-03 12:30:00,55.02,75.70
129P04743,2020-04-03 12:40:00,52.80,96.30
129P04743,2020-04-03 12:50:00,56.59,86.40
129P04743,2020-04-03 13:00:00,53.87,99.20
129P04743,2020-04-03 13:10:00,50.54,83.60
129P04743,2020-04-03 13:20:00,52.06,87.40
129P04743,2020-04-03 13:30:00,46.57,100.00
129P04743,2020-04-03 13:40:00,56.98,85.20
129P04743,2020-04-03 13:50:00,54.61,80.80
129P04743,2020-04-03 14:00:00,56.43,67.50
129P04743,2020-04-03 14:10:00,49.97,100.00
129P04743,2020-04-03 14:20:00,53.22,99.50
129P04743,2020-04-03 14:30:00,50.68,100.00
129P04743,2020-04-03 14:40:00,50.88,100.00
129P04743,2020-04-03 14:50:00,52.28,91.00
129P04743,2020-04-03 15:00:00,58.69,48.40
129P04743,2020-04-03 15:10:00,58.22,60.10
129P04743,2020-04-03 15:20:00,50.18,99.70
129P04743,2020-04-03 15:30:00,54.02,95.40
129P04743,2020-04-03 15:40:00,52.29,94.40
129P04743,2020-04-03 15:50:00,53.34,86.00
129P04743,2020-04-03 16:00:00,57.01,77.90
129P04743,2020-04-03 16:10:00,50.69,98.10
129P04743,2020-04-03 16:20:00,52.88,94.90
129P04743,2020-04-03 16:30:00,58.01,79.20
129P04743,2020-04-03 16:40:00,54.28,81.70
129P04743,2020-04-03 16:50:00,47.76,99.00
129P04743,2020-04-03 17:00:00,57.85,85.10
129P04743,2020-04-03 17:10:00,55.64,92.00
129P04743,2020-04-03 17:20:00,53.07,92.50
129P04743,2020-04-03 17:30:00,52.39,98.50
129P04743,2020-04-03 17:40:00,48.46,93.20
129P04743,2020-04-03 17:50:00,58.61,54.00
129P04743,2020-04-03 18:00:00,61.87,69.20
129P04743,2020-04-03 18:10:00,48.07,99.20
129P04743,2020-04-03 18:20:00,48.72,73.40
129P04743,2020-04-03 18:30:00,63.00,29.10
129P04743,2020-04-03 18:40:00,67.00,60.00
129P04743,2020-04-03 18:50:00,62.63,53.89
129P04743,2020-04-03 19:00:00,51.00,100.00
129P04743,2020-04-03 19:10:00,53.27,99.80
129P04743,2020-04-03 19:20:00,53.38,100.00
129P04743,2020-04-03 19:30:00,54.00,100.00
129P04743,2020-04-03 19:40:00,52.25,100.00
129P04743,2020-04-03 19:50:00,48.35,100.00
129P04743,2020-04-03 20:00:00,53.54,100.00
129P04743,2020-04-03 20:10:00,,
129P04743,2020-04-03 20:20:00,64.74,21.78
129P04743,2020-04-03 20:30:00,59.86,43.67
129P04743,2020-04-03 20:40:00,56.00,100.00
129P04743,2020-04-03 20:50:00,56.00,100.00
129P04743,2020-04-03 21:00:00,,
129P04743,2020-04-03 21:10:00,54.24,97.00
129P04743,2020-04-03 21:20:00,58.77,76.22
129P04743,2020-04-03 21:30:00,48.45,64.50
129P04743,2020-04-03 21:40:00,49.26,100.00
129P04743,2020-04-03 21:50:00,49.43,100.00
129P04743,2020-04-03 22:00:00,49.00,100.00
129P04743,2020-04-03 22:10:00,,
129P04743,2020-04-03 22:20:00,,
129P04743,2020-04-03 22:30:00,52.00,100.00
129P04743,2020-04-03 22:40:00,,
129P04743,2020-04-03 22:50:00,,
129P04743,2020-04-03 23:00:00,65.00,41.00
129P04743,2020-04-03 23:10:00,60.17,77.00
129P04743,2020-04-03 23:20:00,55.53,91.56
129P04743,2020-04-03 23:30:00,,
129P04743,2020-04-03 23:40:00,,
129P04743,2020-04-03 23:50:00,68.00,88.00
129+04407,2020-04-03 00:00:00,65.28,89.14
129+04407,2020-04-03 00:10:00,64.63,77.00
129+04407,2020-04-03 00:20:00,68.96,98.13
129+04407,2020-04-03 00:30:00,69.75,97.75
129+04407,2020-04-03 00:40:00,,
129+04407,2020-04-03 00:50:00,,
129+04407,2020-04-03 01:00:00,,
129+04407,2020-04-03 01:10:00,,
129+04407,2020-04-03 01:20:00,,
129+04407,2020-04-03 01:30:00,,
129+04407,2020-04-03 01:40:00,,
129+04407,2020-04-03 01:50:00,,
129+04407,2020-04-03 02:00:00,,
129+04407,2020-04-03 02:10:00,,
129+04407,2020-04-03 02:20:00,,
129+04407,2020-04-03 02:30:00,58.35,82.75
129+04407,2020-04-03 02:40:00,62.36,81.00
129+04407,2020-04-03 02:50:00,57.75,97.75
129+04407,2020-04-03 03:00:00,68.43,45.89
129+04407,2020-04-03 03:10:00,70.00,49.50
129+04407,2020-04-03 03:20:00,,
129+04407,2020-04-03 03:30:00,,
129+04407,2020-04-03 03:40:00,,
129+04407,2020-04-03 03:50:00,,
129+04407,2020-04-03 04:00:00,,
129+04407,2020-04-03 04:10:00,,
129+04407,2020-04-03 04:20:00,,
129+04407,2020-04-03 04:30:00,,
129+04407,2020-04-03 04:40:00,,
129+04407,2020-04-03 04:50:00,,
129+04407,2020-04-03 05:00:00,59.20,99.50
129+04407,2020-04-03 05:10:00,59.48,99.83
129+04407,2020-04-03 05:20:00,,
129+04407,2020-04-03 05:30:00,59.41,98.43
129+04407,2020-04-03 05:40:00,59.00,99.17
129+04407,2020-04-03 05:50:00,61.66,95.67
129+04407,2020-04-03 06:00:00,68.80,54.56
129+04407,2020-04-03 06:10:00,71.69,52.30
129+04407,2020-04-03 06:20:00,66.75,99.00
129+04407,2020-04-03 06:30:00,66.53,100.00
129+04407,2020-04-03 06:40:00,59.45,67.80
129+04407,2020-04-03 06:50:00,66.53,94.00
129+04407,2020-04-03 07:00:00,73.87,58.50
129+04407,2020-04-03 07:10:00,65.12,84.20
129+04407,2020-04-03 07:20:00,66.30,100.00
129+04407,2020-04-03 07:30:00,60.53,73.40
129+04407,2020-04-03 07:40:00,66.53,100.00
129+04407,2020-04-03 07:50:00,64.58,100.00
129+04407,2020-04-03 08:00:00,61.93,100.00
129+04407,2020-04-03 08:10:00,64.11,92.50
129+04407,2020-04-03 08:20:00,66.17,100.00
129+04407,2020-04-03 08:30:00,65.70,100.00
129+04407,2020-04-03 08:40:00,68.72,90.00
129+04407,2020-04-03 08:50:00,68.64,83.50
129+04407,2020-04-03 09:00:00,63.39,91.50
129+04407,2020-04-03 09:10:00,64.34,100.00
129+04407,2020-04-03 09:20:00,62.85,100.00
129+04407,2020-04-03 09:30:00,63.38,100.00
129+04407,2020-04-03 09:40:00,63.18,100.00
129+04407,2020-04-03 09:50:00,68.49,94.10
129+04407,2020-04-03 10:00:00,66.49,100.00
129+04407,2020-04-03 10:10:00,63.52,100.00
129+04407,2020-04-03 10:20:00,62.29,100.00
129+04407,2020-04-03 10:30:00,68.97,81.00
129+04407,2020-04-03 10:40:00,67.05,96.20
129+04407,2020-04-03 10:50:00,68.25,83.80
129+04407,2020-04-03 11:00:00,65.34,89.90
129+04407,2020-04-03 11:10:00,67.44,94.80
129+04407,2020-04-03 11:20:00,65.38,100.00
129+04407,2020-04-03 11:30:00,65.55,94.10
129+04407,2020-04-03 11:40:00,70.93,65.60
129+04407,2020-04-03 11:50:00,64.65,100.00
129+04407,2020-04-03 12:00:00,65.39,100.00
129+04407,2020-04-03 12:10:00,65.39,100.00
129+04407,2020-04-03 12:20:00,65.27,100.00
129+04407,2020-04-03 12:30:00,65.80,100.00
129+04407,2020-04-03 12:40:00,66.41,89.70
129+04407,2020-04-03 12:50:00,67.67,93.90
129+04407,2020-04-03 13:00:00,68.63,90.40
129+04407,2020-04-03 13:10:00,68.28,100.00
129+04407,2020-04-03 13:20:00,68.06,100.00
129+04407,2020-04-03 13:30:00,69.90,99.10
129+04407,2020-04-03 13:40:00,65.83,100.00
129+04407,2020-04-03 13:50:00,68.32,91.80
129+04407,2020-04-03 14:00:00,69.62,94.20
129+04407,2020-04-03 14:10:00,69.68,100.00
129+04407,2020-04-03 14:20:00,70.69,86.40
129+04407,2020-04-03 14:30:00,68.89,100.00
129+04407,2020-04-03 14:40:00,66.38,100.00
129+04407,2020-04-03 14:50:00,65.99,100.00
129+04407,2020-04-03 15:00:00,67.56,100.00
129+04407,2020-04-03 15:10:00,66.40,100.00
129+04407,2020-04-03 15:20:00,67.88,100.00
129+04407,2020-04-03 15:30:00,74.76,34.30
129+04407,2020-04-03 15:40:00,72.19,78.70
129+04407,2020-04-03 15:50:00,70.38,99.80
129+04407,2020-04-03 16:00:00,69.14,99.10
129+04407,2020-04-03 16:10:00,68.51,96.90
129+04407,2020-04-03 16:20:00,69.48,99.40
129+04407,2020-04-03 16:30:00,68.48,99.60
129+04407,2020-04-03 16:40:00,67.69,100.00
129+04407,2020-04-03 16:50:00,69.07,99.20
129+04407,2020-04-03 17:00:00,68.75,94.30
129+04407,2020-04-03 17:10:00,68.79,100.00
129+04407,2020-04-03 17:20:00,69.26,85.70
129+04407,2020-04-03 17:30:00,71.84,78.20
129+04407,2020-04-03 17:40:00,67.29,100.00
129+04407,2020-04-03 17:50:00,65.98,100.00
129+04407,2020-04-03 18:00:00,70.64,79.60
129+04407,2020-04-03 18:10:00,70.78,95.90
129+04407,2020-04-03 18:20:00,68.36,100.00
129+04407,2020-04-03 18:30:00,74.27,68.90
129+04407,2020-04-03 18:40:00,69.44,99.10
129+04407,2020-04-03 18:50:00,68.06,100.00
129+04407,2020-04-03 19:00:00,69.69,100.00
129+04407,2020-04-03 19:10:00,64.45,88.70
129+04407,2020-04-03 19:20:00,59.93,43.70
129+04407,2020-04-03 19:30:00,62.14,91.20
129+04407,2020-04-03 19:40:00,63.99,100.00
129+04407,2020-04-03 19:50:00,64.00,100.00
129+04407,2020-04-03 20:00:00,,
129+04407,2020-04-03 20:10:00,55.17,59.75
129+04407,2020-04-03 20:20:00,58.74,75.90
129+04407,2020-04-03 20:30:00,67.86,100.00
129+04407,2020-04-03 20:40:00,66.75,100.00
129+04407,2020-04-03 20:50:00,62.74,100.00
129+04407,2020-04-03 21:00:00,56.78,70.00
129+04407,2020-04-03 21:10:00,65.29,100.00
129+04407,2020-04-03 21:20:00,63.98,100.00
129+04407,2020-04-03 21:30:00,,
129+04407,2020-04-03 21:40:00,,
129+04407,2020-04-03 21:50:00,,
129+04407,2020-04-03 22:00:00,,
129+04407,2020-04-03 22:10:00,,
129+04407,2020-04-03 22:20:00,,
129+04407,2020-04-03 22:30:00,,
129+04407,2020-04-03 22:40:00,,
129+04407,2020-04-03 22:50:00,76.24,87.00
129+04407,2020-04-03 23:00:00,75.62,97.67
129+04407,2020-04-03 23:10:00,68.00,60.00
129+04407,2020-04-03 23:20:00,64.86,42.00
129+04407,2020-04-03 23:30:00,62.74,50.50
129+04407,2020-04-03 23:40:00,65.00,93.25
129+04407,2020-04-03 23:50:00,,
129+04408,2020-04-03 00:00:00,54.00,88.00
129+04408,2020-04-03 00:10:00,58.00,100.00
129+04408,2020-04-03 00:20:00,65.00,88.50
129+04408,2020-04-03 00:30:00,65.00,92.50
129+04408,2020-04-03 00:40:00,,
129+04408,2020-04-03 00:50:00,,
129+04408,2020-04-03 01:00:00,,
129+04408,2020-04-03 01:10:00,,
129+04408,2020-04-03 01:20:00,,
129+04408,2020-04-03 01:30:00,,
129+04408,2020-04-03 01:40:00,,
129+04408,2020-04-03 01:50:00,,
129+04408,2020-04-03 02:00:00,,
129+04408,2020-04-03 02:10:00,,
129+04408,2020-04-03 02:20:00,,
129+04408,2020-04-03 02:30:00,46.05,92.29
129+04408,2020-04-03 02:40:00,55.28,62.20
129+04408,2020-04-03 02:50:00,53.00,97.75
129+04408,2020-04-03 03:00:00,64.39,34.13
129+04408,2020-04-03 03:10:00,66.00,37.20
129+04408,2020-04-03 03:20:00,,
129+04408,2020-04-03 03:30:00,,
129+04408,2020-04-03 03:40:00,,
129+04408,2020-04-03 03:50:00,,
129+04408,2020-04-03 04:00:00,,
129+04408,2020-04-03 04:10:00,,
129+04408,2020-04-03 04:20:00,,
129+04408,2020-04-03 04:30:00,,
129+04408,2020-04-03 04:40:00,,
129+04408,2020-04-03 04:50:00,,
129+04408,2020-04-03 05:00:00,54.00,100.00
129+04408,2020-04-03 05:10:00,54.00,100.00
129+04408,2020-04-03 05:20:00,,
129+04408,2020-04-03 05:30:00,52.41,88.00
129+04408,2020-04-03 05:40:00,50.00,92.57
129+04408,2020-04-03 05:50:00,56.00,90.00
129+04408,2020-04-03 06:00:00,60.71,57.00
129+04408,2020-04-03 06:10:00,62.96,78.30
129+04408,2020-04-03 06:20:00,60.50,93.30
129+04408,2020-04-03 06:30:00,61.06,100.00
129+04408,2020-04-03 06:40:00,54.18,66.30
129+04408,2020-04-03 06:50:00,56.35,100.00
129+04408,2020-04-03 07:00:00,71.55,18.89
129+04408,2020-04-03 07:10:00,60.88,80.40
129+04408,2020-04-03 07:20:00,58.33,93.40
129+04408,2020-04-03 07:30:00,56.93,100.00
129+04408,2020-04-03 07:40:00,59.00,100.00
129+04408,2020-04-03 07:50:00,56.69,100.00
129+04408,2020-04-03 08:00:00,55.59,100.00
129+04408,2020-04-03 08:10:00,55.96,100.00
129+04408,2020-04-03 08:20:00,61.57,100.00
129+04408,2020-04-03 08:30:00,59.50,100.00
129+04408,2020-04-03 08:40:00,63.19,71.30
129+04408,2020-04-03 08:50:00,62.12,80.00
129+04408,2020-04-03 09:00:00,57.04,88.50
129+04408,2020-04-03 09:10:00,56.76,100.00
129+04408,2020-04-03 09:20:00,57.53,100.00
129+04408,2020-04-03 09:30:00,58.99,100.00
129+04408,2020-04-03 09:40:00,57.39,100.00
129+04408,2020-04-03 09:50:00,61.07,95.10
129+04408,2020-04-03 10:00:00,59.97,100.00
129+04408,2020-04-03 10:10:00,58.60,100.00
129+04408,2020-04-03 10:20:00,54.99,100.00
129+04408,2020-04-03 10:30:00,64.54,77.50
129+04408,2020-04-03 10:40:00,60.18,100.00
129+04408,2020-04-03 10:50:00,60.63,89.40
129+04408,2020-04-03 11:00:00,58.79,93.30
129+04408,2020-04-03 11:10:00,61.62,91.60
129+04408,2020-04-03 11:20:00,59.58,100.00
129+04408,2020-04-03 11:30:00,63.68,88.80
129+04408,2020-04-03 11:40:00,63.29,82.30
129+04408,2020-04-03 11:50:00,57.29,100.00
129+04408,2020-04-03 12:00:00,58.59,100.00
129+04408,2020-04-03 12:10:00,57.80,100.00
129+04408,2020-04-03 12:20:00,57.59,100.00
129+04408,2020-04-03 12:30:00,58.88,100.00
129+04408,2020-04-03 12:40:00,62.38,90.40
129+04408,2020-04-03 12:50:00,58.93,93.80
129+04408,2020-04-03 13:00:00,62.53,82.60
129+04408,2020-04-03 13:10:00,58.39,100.00
129+04408,2020-04-03 13:20:00,58.88,100.00
129+04408,2020-04-03 13:30:00,65.29,90.90
129+04408,2020-04-03 13:40:00,55.46,100.00
129+04408,2020-04-03 13:50:00,58.89,100.00
129+04408,2020-04-03 14:00:00,62.51,100.00
129+04408,2020-04-03 14:10:00,61.15,100.00
129+04408,2020-04-03 14:20:00,65.95,63.60
129+04408,2020-04-03 14:30:00,63.59,100.00
129+04408,2020-04-03 14:40:00,59.99,100.00
129+04408,2020-04-03 14:50:00,59.36,100.00
129+04408,2020-04-03 15:00:00,61.33,100.00
129+04408,2020-04-03 15:10:00,60.62,100.00
129+04408,2020-04-03 15:20:00,62.93,93.70
129+04408,2020-04-03 15:30:00,62.71,95.70
129+04408,2020-04-03 15:40:00,62.32,100.00
129+04408,2020-04-03 15:50:00,63.24,100.00
129+04408,2020-04-03 16:00:00,63.75,92.00
129+04408,2020-04-03 16:10:00,61.84,100.00
129+04408,2020-04-03 16:20:00,64.49,100.00
129+04408,2020-04-03 16:30:00,60.28,100.00
129+04408,2020-04-03 16:40:00,60.03,100.00
129+04408,2020-04-03 16:50:00,59.85,100.00
129+04408,2020-04-03 17:00:00,63.32,100.00
129+04408,2020-04-03 17:10:00,61.85,100.00
129+04408,2020-04-03 17:20:00,64.03,82.60
129+04408,2020-04-03 17:30:00,63.29,100.00
129+04408,2020-04-03 17:40:00,59.63,100.00
129+04408,2020-04-03 17:50:00,58.58,100.00
129+04408,2020-04-03 18:00:00,63.97,90.70
129+04408,2020-04-03 18:10:00,64.33,83.10
129+04408,2020-04-03 18:20:00,64.89,100.00
129+04408,2020-04-03 18:30:00,67.98,88.80
129+04408,2020-04-03 18:40:00,63.90,100.00
129+04408,2020-04-03 18:50:00,59.15,100.00
129+04408,2020-04-03 19:00:00,59.51,100.00
129+04408,2020-04-03 19:10:00,57.88,100.00
129+04408,2020-04-03 19:20:00,52.75,57.10
129+04408,2020-04-03 19:30:00,56.05,94.00
129+04408,2020-04-03 19:40:00,57.99,100.00
129+04408,2020-04-03 19:50:00,59.64,100.00
129+04408,2020-04-03 20:00:00,,
129+04408,2020-04-03 20:10:00,46.00,44.67
129+04408,2020-04-03 20:20:00,52.69,72.90
129+04408,2020-04-03 20:30:00,60.48,80.50
129+04408,2020-04-03 20:40:00,63.76,83.30
129+04408,2020-04-03 20:50:00,58.81,100.00
129+04408,2020-04-03 21:00:00,54.55,92.89
129+04408,2020-04-03 21:10:00,54.69,96.10
129+04408,2020-04-03 21:20:00,55.37,100.00
129+04408,2020-04-03 21:30:00,,
129+04408,2020-04-03 21:40:00,,
129+04408,2020-04-03 21:50:00,52.00,100.00
129+04408,2020-04-03 22:00:00,52.00,100.00
129+04408,2020-04-03 22:10:00,,
129+04408,2020-04-03 22:20:00,,
129+04408,2020-04-03 22:30:00,,
129+04408,2020-04-03 22:40:00,,
129+04408,2020-04-03 22:50:00,77.00,74.67
129+04408,2020-04-03 23:00:00,51.63,35.67
129+04408,2020-04-03 23:10:00,53.84,82.10
129+04408,2020-04-03 23:20:00,60.68,97.40
129+04408,2020-04-03 23:30:00,56.87,93.70
129+04408,2020-04-03 23:40:00,58.89,98.78
129+04408,2020-04-03 23:50:00,,
129+04403,2020-04-03 00:00:00,61.60,99.60
129+04403,2020-04-03 00:10:00,62.00,98.00
129+04403,2020-04-03 00:20:00,67.00,93.30
129+04403,2020-04-03 00:30:00,67.00,94.00
129+04403,2020-04-03 00:40:00,,
129+04403,2020-04-03 00:50:00,,
129+04403,2020-04-03 01:00:00,,
129+04403,2020-04-03 01:10:00,,
129+04403,2020-04-03 01:20:00,,
129+04403,2020-04-03 01:30:00,,
129+04403,2020-04-03 01:40:00,,
129+04403,2020-04-03 01:50:00,,
129+04403,2020-04-03 02:00:00,,
129+04403,2020-04-03 02:10:00,,
129+04403,2020-04-03 02:20:00,52.70,73.00
129+04403,2020-04-03 02:30:00,53.24,86.80
129+04403,2020-04-03 02:40:00,59.88,94.80
129+04403,2020-04-03 02:50:00,61.14,95.00
129+04403,2020-04-03 03:00:00,64.00,82.30
129+04403,2020-04-03 03:10:00,64.00,87.00
129+04403,2020-04-03 03:20:00,,
129+04403,2020-04-03 03:30:00,,
129+04403,2020-04-03 03:40:00,,
129+04403,2020-04-03 03:50:00,,
129+04403,2020-04-03 04:00:00,,
129+04403,2020-04-03 04:10:00,,
129+04403,2020-04-03 04:20:00,,
129+04403,2020-04-03 04:30:00,,
129+04403,2020-04-03 04:40:00,,
129+04403,2020-04-03 04:50:00,,
129+04403,2020-04-03 05:00:00,,
129+04403,2020-04-03 05:10:00,,
129+04403,2020-04-03 05:20:00,,
129+04403,2020-04-03 05:30:00,57.70,99.78
129+04403,2020-04-03 05:40:00,57.65,96.33
129+04403,2020-04-03 05:50:00,,
129+04403,2020-04-03 06:00:00,62.58,83.88
129+04403,2020-04-03 06:10:00,62.95,75.50
129+04403,2020-04-03 06:20:00,64.80,100.00
129+04403,2020-04-03 06:30:00,62.89,100.00
129+04403,2020-04-03 06:40:00,52.52,47.90
129+04403,2020-04-03 06:50:00,66.89,100.00
129+04403,2020-04-03 07:00:00,67.09,100.00
129+04403,2020-04-03 07:10:00,58.84,78.90
129+04403,2020-04-03 07:20:00,65.09,100.00
129+04403,2020-04-03 07:30:00,71.49,77.60
129+04403,2020-04-03 07:40:00,66.57,77.00
129+04403,2020-04-03 07:50:00,62.90,82.00
129+04403,2020-04-03 08:00:00,61.65,79.50
129+04403,2020-04-03 08:10:00,63.79,95.80
129+04403,2020-04-03 08:20:00,62.60,100.00
129+04403,2020-04-03 08:30:00,62.81,88.60
129+04403,2020-04-03 08:40:00,69.76,93.80
129+04403,2020-04-03 08:50:00,70.98,55.90
129+04403,2020-04-03 09:00:00,58.47,58.70
129+04403,2020-04-03 09:10:00,64.07,100.00
129+04403,2020-04-03 09:20:00,57.33,54.60
129+04403,2020-04-03 09:30:00,61.14,95.90
129+04403,2020-04-03 09:40:00,61.34,89.60
129+04403,2020-04-03 09:50:00,64.77,100.00
129+04403,2020-04-03 10:00:00,64.98,100.00
129+04403,2020-04-03 10:10:00,60.30,100.00
129+04403,2020-04-03 10:20:00,60.47,42.30
129+04403,2020-04-03 10:30:00,67.06,75.80
129+04403,2020-04-03 10:40:00,68.28,81.60
129+04403,2020-04-03 10:50:00,69.91,50.90
129+04403,2020-04-03 11:00:00,56.41,57.80
129+04403,2020-04-03 11:10:00,66.76,93.40
129+04403,2020-04-03 11:20:00,65.27,100.00
129+04403,2020-04-03 11:30:00,67.38,78.20
129+04403,2020-04-03 11:40:00,74.28,50.40
129+04403,2020-04-03 11:50:00,66.79,91.20
129+04403,2020-04-03 12:00:00,63.59,100.00
129+04403,2020-04-03 12:10:00,65.58,100.00
129+04403,2020-04-03 12:20:00,65.38,100.00
129+04403,2020-04-03 12:30:00,66.92,86.70
129+04403,2020-04-03 12:40:00,66.74,100.00
129+04403,2020-04-03 12:50:00,66.87,100.00
129+04403,2020-04-03 13:00:00,68.30,83.40
129+04403,2020-04-03 13:10:00,69.01,68.00
129+04403,2020-04-03 13:20:00,64.12,92.30
129+04403,2020-04-03 13:30:00,64.37,100.00
129+04403,2020-04-03 13:40:00,60.49,68.30
129+04403,2020-04-03 13:50:00,64.77,52.50
129+04403,2020-04-03 14:00:00,69.18,65.90
129+04403,2020-04-03 14:10:00,65.89,100.00
129+04403,2020-04-03 14:20:00,67.00,100.00
129+04403,2020-04-03 14:30:00,68.55,89.60
129+04403,2020-04-03 14:40:00,66.00,100.00
129+04403,2020-04-03 14:50:00,73.24,77.70
129+04403,2020-04-03 15:00:00,69.62,86.00
129+04403,2020-04-03 15:10:00,66.90,100.00
129+04403,2020-04-03 15:20:00,69.00,100.00
129+04403,2020-04-03 15:30:00,71.17,93.10
129+04403,2020-04-03 15:40:00,71.43,89.00
129+04403,2020-04-03 15:50:00,75.96,47.30
129+04403,2020-04-03 16:00:00,75.30,97.50
129+04403,2020-04-03 16:10:00,67.91,100.00
129+04403,2020-04-03 16:20:00,69.58,99.80
129+04403,2020-04-03 16:30:00,70.23,96.60
129+04403,2020-04-03 16:40:00,65.57,74.40
129+04403,2020-04-03 16:50:00,69.39,100.00
129+04403,2020-04-03 17:00:00,66.79,100.00
129+04403,2020-04-03 17:10:00,67.47,100.00
129+04403,2020-04-03 17:20:00,72.59,87.90
129+04403,2020-04-03 17:30:00,71.49,100.00
129+04403,2020-04-03 17:40:00,66.27,93.30
129+04403,2020-04-03 17:50:00,69.57,100.00
129+04403,2020-04-03 18:00:00,69.61,84.50
129+04403,2020-04-03 18:10:00,68.59,100.00
129+04403,2020-04-03 18:20:00,66.00,100.00
129+04403,2020-04-03 18:30:00,72.02,93.40
129+04403,2020-04-03 18:40:00,67.70,100.00
129+04403,2020-04-03 18:50:00,64.79,100.00
129+04403,2020-04-03 19:00:00,66.38,100.00
129+04403,2020-04-03 19:10:00,64.00,100.00
129+04403,2020-04-03 19:20:00,65.17,100.00
129+04403,2020-04-03 19:30:00,62.10,79.60
129+04403,2020-04-03 19:40:00,59.36,44.30
129+04403,2020-04-03 19:50:00,54.10,47.30
129+04403,2020-04-03 20:00:00,57.05,94.40
129+04403,2020-04-03 20:10:00,53.07,87.60
129+04403,2020-04-03 20:20:00,58.45,99.90
129+04403,2020-04-03 20:30:00,63.41,96.80
129+04403,2020-04-03 20:40:00,63.83,99.10
129+04403,2020-04-03 20:50:00,61.11,99.80
129+04403,2020-04-03 21:00:00,57.25,92.60
129+04403,2020-04-03 21:10:00,66.90,100.00
129+04403,2020-04-03 21:20:00,57.97,68.50
129+04403,2020-04-03 21:30:00,72.51,27.40
129+04403,2020-04-03 21:40:00,83.00,16.00
129+04403,2020-04-03 21:50:00,,
129+04403,2020-04-03 22:00:00,60.58,100.00
129+04403,2020-04-03 22:10:00,61.67,99.90
129+04403,2020-04-03 22:20:00,69.00,96.00
129+04403,2020-04-03 22:30:00,,
129+04403,2020-04-03 22:40:00,53.90,90.10
129+04403,2020-04-03 22:50:00,76.46,19.30
129+04403,2020-04-03 23:00:00,75.00,42.00
129+04403,2020-04-03 23:10:00,67.72,95.90
129+04403,2020-04-03 23:20:00,66.10,90.40
129+04403,2020-04-03 23:30:00,60.74,67.90
129+04403,2020-04-03 23:40:00,62.00,83.00
129+04403,2020-04-03 23:50:00,,
129+04404,2020-04-03 00:00:00,63.00,95.67
129+04404,2020-04-03 00:10:00,63.00,93.67
129+04404,2020-04-03 00:20:00,69.00,86.63
129+04404,2020-04-03 00:30:00,69.00,92.50
129+04404,2020-04-03 00:40:00,,
129+04404,2020-04-03 00:50:00,,
129+04404,2020-04-03 01:00:00,,
129+04404,2020-04-03 01:10:00,,
129+04404,2020-04-03 01:20:00,,
129+04404,2020-04-03 01:30:00,,
129+04404,2020-04-03 01:40:00,,
129+04404,2020-04-03 01:50:00,,
129+04404,2020-04-03 02:00:00,,
129+04404,2020-04-03 02:10:00,,
129+04404,2020-04-03 02:20:00,27.34,89.78
129+04404,2020-04-03 02:30:00,56.57,26.80
129+04404,2020-04-03 02:40:00,61.98,61.20
129+04404,2020-04-03 02:50:00,61.00,77.00
129+04404,2020-04-03 03:00:00,65.00,73.40
129+04404,2020-04-03 03:10:00,65.00,82.00
129+04404,2020-04-03 03:20:00,,
129+04404,2020-04-03 03:30:00,,
129+04404,2020-04-03 03:40:00,,
129+04404,2020-04-03 03:50:00,,
129+04404,2020-04-03 04:00:00,,
129+04404,2020-04-03 04:10:00,,
129+04404,2020-04-03 04:20:00,,
129+04404,2020-04-03 04:30:00,,
129+04404,2020-04-03 04:40:00,,
129+04404,2020-04-03 04:50:00,,
129+04404,2020-04-03 05:00:00,60.00,100.00
129+04404,2020-04-03 05:10:00,60.00,100.00
129+04404,2020-04-03 05:20:00,,
129+04404,2020-04-03 05:30:00,61.00,99.89
129+04404,2020-04-03 05:40:00,61.00,100.00
129+04404,2020-04-03 05:50:00,,
129+04404,2020-04-03 06:00:00,72.56,47.50
129+04404,2020-04-03 06:10:00,68.94,82.80
129+04404,2020-04-03 06:20:00,66.79,98.50
129+04404,2020-04-03 06:30:00,65.00,100.00
129+04404,2020-04-03 06:40:00,66.07,100.00
129+04404,2020-04-03 06:50:00,67.75,100.00
129+04404,2020-04-03 07:00:00,68.44,100.00
129+04404,2020-04-03 07:10:00,59.57,61.00
129+04404,2020-04-03 07:20:00,65.09,82.70
129+04404,2020-04-03 07:30:00,70.38,54.20
129+04404,2020-04-03 07:40:00,63.42,80.30
129+04404,2020-04-03 07:50:00,66.12,100.00
129+04404,2020-04-03 08:00:00,65.27,94.20
129+04404,2020-04-03 08:10:00,63.16,83.00
129+04404,2020-04-03 08:20:00,64.15,100.00
129+04404,2020-04-03 08:30:00,64.52,100.00
129+04404,2020-04-03 08:40:00,72.15,56.50
129+04404,2020-04-03 08:50:00,72.94,56.70
129+04404,2020-04-03 09:00:00,64.14,91.30
129+04404,2020-04-03 09:10:00,64.37,100.00
129+04404,2020-04-03 09:20:00,59.82,64.80
129+04404,2020-04-03 09:30:00,64.55,100.00
129+04404,2020-04-03 09:40:00,61.43,79.40
129+04404,2020-04-03 09:50:00,67.16,100.00
129+04404,2020-04-03 10:00:00,67.38,100.00
129+04404,2020-04-03 10:10:00,61.97,100.00
129+04404,2020-04-03 10:20:00,62.41,90.60
129+04404,2020-04-03 10:30:00,68.79,100.00
129+04404,2020-04-03 10:40:00,64.55,100.00
129+04404,2020-04-03 10:50:00,68.85,76.60
129+04404,2020-04-03 11:00:00,59.93,100.00
129+04404,2020-04-03 11:10:00,67.19,100.00
129+04404,2020-04-03 11:20:00,65.48,100.00
129+04404,2020-04-03 11:30:00,68.07,88.20
129+04404,2020-04-03 11:40:00,73.32,36.00
129+04404,2020-04-03 11:50:00,65.01,96.30
129+04404,2020-04-03 12:00:00,65.17,99.60
129+04404,2020-04-03 12:10:00,65.87,95.40
129+04404,2020-04-03 12:20:00,67.08,93.60
129+04404,2020-04-03 12:30:00,66.26,100.00
129+04404,2020-04-03 12:40:00,68.71,100.00
129+04404,2020-04-03 12:50:00,64.19,100.00
129+04404,2020-04-03 13:00:00,67.76,100.00
129+04404,2020-04-03 13:10:00,65.77,100.00
129+04404,2020-04-03 13:20:00,67.79,100.00
129+04404,2020-04-03 13:30:00,66.38,100.00
129+04404,2020-04-03 13:40:00,63.57,100.00
129+04404,2020-04-03 13:50:00,68.33,70.00
129+04404,2020-04-03 14:00:00,70.23,73.70
129+04404,2020-04-03 14:10:00,66.59,100.00
129+04404,2020-04-03 14:20:00,67.32,100.00
129+04404,2020-04-03 14:30:00,66.01,100.00
129+04404,2020-04-03 14:40:00,65.70,93.00
129+04404,2020-04-03 14:50:00,66.90,100.00
129+04404,2020-04-03 15:00:00,71.36,66.20
129+04404,2020-04-03 15:10:00,65.00,100.00
129+04404,2020-04-03 15:20:00,67.24,100.00
129+04404,2020-04-03 15:30:00,65.42,31.10
129+04404,2020-04-03 15:40:00,74.15,60.00
129+04404,2020-04-03 15:50:00,76.28,54.50
129+04404,2020-04-03 16:00:00,67.97,100.00
129+04404,2020-04-03 16:10:00,70.51,97.80
129+04404,2020-04-03 16:20:00,71.72,97.80
129+04404,2020-04-03 16:30:00,72.16,99.20
129+04404,2020-04-03 16:40:00,68.13,97.40
129+04404,2020-04-03 16:50:00,69.00,100.00
129+04404,2020-04-03 17:00:00,66.73,100.00
129+04404,2020-04-03 17:10:00,68.35,100.00
129+04404,2020-04-03 17:20:00,72.86,61.60
129+04404,2020-04-03 17:30:00,73.59,71.00
129+04404,2020-04-03 17:40:00,67.57,76.50
129+04404,2020-04-03 17:50:00,71.10,95.40
129+04404,2020-04-03 18:00:00,71.90,92.10
129+04404,2020-04-03 18:10:00,72.33,91.00
129+04404,2020-04-03 18:20:00,65.50,67.90
129+04404,2020-04-03 18:30:00,72.56,85.40
129+04404,2020-04-03 18:40:00,69.95,98.00
129+04404,2020-04-03 18:50:00,71.00,100.00
129+04404,2020-04-03 19:00:00,69.99,100.00
129+04404,2020-04-03 19:10:00,63.79,100.00
129+04404,2020-04-03 19:20:00,61.18,81.25
129+04404,2020-04-03 19:30:00,61.00,54.70
129+04404,2020-04-03 19:40:00,56.72,57.33
129+04404,2020-04-03 19:50:00,54.26,38.00
129+04404,2020-04-03 20:00:00,67.00,100.00
129+04404,2020-04-03 20:10:00,58.52,92.38
129+04404,2020-04-03 20:20:00,62.54,99.40
129+04404,2020-04-03 20:30:00,69.57,100.00
129+04404,2020-04-03 20:40:00,69.38,78.10
129+04404,2020-04-03 20:50:00,63.55,100.00
129+04404,2020-04-03 21:00:00,62.11,100.00
129+04404,2020-04-03 21:10:00,67.00,100.00
129+04404,2020-04-03 21:20:00,68.47,98.25
129+04404,2020-04-03 21:30:00,78.90,45.40
129+04404,2020-04-03 21:40:00,79.00,54.00
129+04404,2020-04-03 21:50:00,,
129+04404,2020-04-03 22:00:00,60.88,100.00
129+04404,2020-04-03 22:10:00,67.98,98.70
129+04404,2020-04-03 22:20:00,75.00,83.50
129+04404,2020-04-03 22:30:00,,
129+04404,2020-04-03 22:40:00,75.00,94.00
129+04404,2020-04-03 22:50:00,75.00,82.60
129+04404,2020-04-03 23:00:00,75.00,92.00
129+04404,2020-04-03 23:10:00,67.22,72.00
129+04404,2020-04-03 23:20:00,61.82,39.70
129+04404,2020-04-03 23:30:00,60.38,71.90
129+04404,2020-04-03 23:40:00,61.00,94.33
129+04404,2020-04-03 23:50:00,,
129+04405,2020-04-03 00:00:00,58.24,56.67
129+04405,2020-04-03 00:10:00,60.00,76.25
129+04405,2020-04-03 00:20:00,67.00,97.88
129+04405,2020-04-03 00:30:00,67.00,95.67
129+04405,2020-04-03 00:40:00,,
129+04405,2020-04-03 00:50:00,,
129+04405,2020-04-03 01:00:00,,
129+04405,2020-04-03 01:10:00,,
129+04405,2020-04-03 01:20:00,,
129+04405,2020-04-03 01:30:00,,
129+04405,2020-04-03 01:40:00,,
129+04405,2020-04-03 01:50:00,,
129+04405,2020-04-03 02:00:00,,
129+04405,2020-04-03 02:10:00,,
129+04405,2020-04-03 02:20:00,57.00,
129+04405,2020-04-03 02:30:00,54.29,85.90
129+04405,2020-04-03 02:40:00,60.00,89.10
129+04405,2020-04-03 02:50:00,60.16,96.67
129+04405,2020-04-03 03:00:00,68.00,74.44
129+04405,2020-04-03 03:10:00,68.00,81.67
129+04405,2020-04-03 03:20:00,,
129+04405,2020-04-03 03:30:00,,
129+04405,2020-04-03 03:40:00,,
129+04405,2020-04-03 03:50:00,,
129+04405,2020-04-03 04:00:00,,
129+04405,2020-04-03 04:10:00,,
129+04405,2020-04-03 04:20:00,,
129+04405,2020-04-03 04:30:00,,
129+04405,2020-04-03 04:40:00,,
129+04405,2020-04-03 04:50:00,,
129+04405,2020-04-03 05:00:00,56.00,100.00
129+04405,2020-04-03 05:10:00,57.53,98.80
129+04405,2020-04-03 05:20:00,,
129+04405,2020-04-03 05:30:00,57.12,99.88
129+04405,2020-04-03 05:40:00,57.20,100.00
129+04405,2020-04-03 05:50:00,57.60,100.00
129+04405,2020-04-03 06:00:00,67.79,50.40
129+04405,2020-04-03 06:10:00,68.34,64.90
129+04405,2020-04-03 06:20:00,62.52,100.00
129+04405,2020-04-03 06:30:00,62.65,100.00
129+04405,2020-04-03 06:40:00,58.06,69.30
129+04405,2020-04-03 06:50:00,68.90,94.20
129+04405,2020-04-03 07:00:00,71.25,76.80
129+04405,2020-04-03 07:10:00,60.03,64.90
129+04405,2020-04-03 07:20:00,66.20,92.20
129+04405,2020-04-03 07:30:00,70.48,100.00
129+04405,2020-04-03 07:40:00,64.14,100.00
129+04405,2020-04-03 07:50:00,64.64,100.00
129+04405,2020-04-03 08:00:00,64.24,100.00
129+04405,2020-04-03 08:10:00,62.12,100.00
129+04405,2020-04-03 08:20:00,61.99,100.00
129+04405,2020-04-03 08:30:00,63.55,100.00
129+04405,2020-04-03 08:40:00,69.28,73.50
129+04405,2020-04-03 08:50:00,64.94,80.70
129+04405,2020-04-03 09:00:00,65.78,77.40
129+04405,2020-04-03 09:10:00,63.00,100.00
129+04405,2020-04-03 09:20:00,61.03,100.00
129+04405,2020-04-03 09:30:00,64.71,96.10
129+04405,2020-04-03 09:40:00,60.15,92.90
129+04405,2020-04-03 09:50:00,64.48,100.00
129+04405,2020-04-03 10:00:00,64.06,100.00
129+04405,2020-04-03 10:10:00,59.78,100.00
129+04405,2020-04-03 10:20:00,61.91,100.00
129+04405,2020-04-03 10:30:00,65.79,100.00
129+04405,2020-04-03 10:40:00,61.84,100.00
129+04405,2020-04-03 10:50:00,69.69,44.50
129+04405,2020-04-03 11:00:00,64.68,83.20
129+04405,2020-04-03 11:10:00,66.54,93.10
129+04405,2020-04-03 11:20:00,63.64,100.00
129+04405,2020-04-03 11:30:00,66.76,88.10
129+04405,2020-04-03 11:40:00,73.74,47.90
129+04405,2020-04-03 11:50:00,64.51,100.00
129+04405,2020-04-03 12:00:00,63.79,100.00
129+04405,2020-04-03 12:10:00,63.76,100.00
129+04405,2020-04-03 12:20:00,66.35,92.60
129+04405,2020-04-03 12:30:00,69.40,78.00
129+04405,2020-04-03 12:40:00,71.78,50.20
129+04405,2020-04-03 12:50:00,66.07,100.00
129+04405,2020-04-03 13:00:00,65.08,100.00
129+04405,2020-04-03 13:10:00,66.03,94.70
129+04405,2020-04-03 13:20:00,65.26,100.00
129+04405,2020-04-03 13:30:00,67.49,100.00
129+04405,2020-04-03 13:40:00,64.06,100.00
129+04405,2020-04-03 13:50:00,67.72,72.90
129+04405,2020-04-03 14:00:00,69.72,72.70
129+04405,2020-04-03 14:10:00,66.79,100.00
129+04405,2020-04-03 14:20:00,66.25,100.00
129+04405,2020-04-03 14:30:00,62.68,100.00
129+04405,2020-04-03 14:40:00,64.01,100.00
129+04405,2020-04-03 14:50:00,63.86,100.00
129+04405,2020-04-03 15:00:00,68.35,90.20
129+04405,2020-04-03 15:10:00,66.86,100.00
129+04405,2020-04-03 15:20:00,68.08,81.50
129+04405,2020-04-03 15:30:00,69.01,87.80
129+04405,2020-04-03 15:40:00,70.31,86.80
129+04405,2020-04-03 15:50:00,71.49,96.50
129+04405,2020-04-03 16:00:00,65.52,100.00
129+04405,2020-04-03 16:10:00,67.22,98.10
129+04405,2020-04-03 16:20:00,68.96,100.00
129+04405,2020-04-03 16:30:00,69.37,98.90
129+04405,2020-04-03 16:40:00,68.61,95.80
129+04405,2020-04-03 16:50:00,62.97,100.00
129+04405,2020-04-03 17:00:00,65.99,100.00
129+04405,2020-04-03 17:10:00,68.97,100.00
129+04405,2020-04-03 17:20:00,70.98,79.70
129+04405,2020-04-03 17:30:00,71.19,77.80
129+04405,2020-04-03 17:40:00,70.20,94.30
129+04405,2020-04-03 17:50:00,68.16,100.00
129+04405,2020-04-03 18:00:00,69.81,96.50
129+04405,2020-04-03 18:10:00,70.26,100.00
129+04405,2020-04-03 18:20:00,66.96,94.90
129+04405,2020-04-03 18:30:00,72.01,74.80
129+04405,2020-04-03 18:40:00,66.87,100.00
129+04405,2020-04-03 18:50:00,68.00,100.00
129+04405,2020-04-03 19:00:00,67.80,100.00
129+04405,2020-04-03 19:10:00,62.50,100.00
129+04405,2020-04-03 19:20:00,60.30,86.40
129+04405,2020-04-03 19:30:00,60.00,68.90
129+04405,2020-04-03 19:40:00,62.11,97.25
129+04405,2020-04-03 19:50:00,62.00,100.00
129+04405,2020-04-03 20:00:00,63.00,100.00
129+04405,2020-04-03 20:10:00,55.48,83.67
129+04405,2020-04-03 20:20:00,57.60,85.70
129+04405,2020-04-03 20:30:00,66.85,100.00
129+04405,2020-04-03 20:40:00,67.79,86.10
129+04405,2020-04-03 20:50:00,62.30,100.00
129+04405,2020-04-03 21:00:00,56.76,89.83
129+04405,2020-04-03 21:10:00,65.00,100.00
129+04405,2020-04-03 21:20:00,65.50,100.00
129+04405,2020-04-03 21:30:00,78.00,55.80
129+04405,2020-04-03 21:40:00,76.99,62.00
129+04405,2020-04-03 21:50:00,,
129+04405,2020-04-03 22:00:00,60.98,100.00
129+04405,2020-04-03 22:10:00,65.73,96.20
129+04405,2020-04-03 22:20:00,72.95,87.50
129+04405,2020-04-03 22:30:00,,
129+04405,2020-04-03 22:40:00,77.00,88.00
129+04405,2020-04-03 22:50:00,77.00,67.10
129+04405,2020-04-03 23:00:00,77.00,83.00
129+04405,2020-04-03 23:10:00,66.00,60.00
129+04405,2020-04-03 23:20:00,62.52,42.70
129+04405,2020-04-03 23:30:00,62.34,74.90
129+04405,2020-04-03 23:40:00,65.00,99.43
129+04405,2020-04-03 23:50:00,,
129+04406,2020-04-03 00:00:00,58.00,74.14
129+04406,2020-04-03 00:10:00,58.00,83.38
129+04406,2020-04-03 00:20:00,68.00,90.38
129+04406,2020-04-03 00:30:00,68.00,90.00
129+04406,2020-04-03 00:40:00,,
129+04406,2020-04-03 00:50:00,,
129+04406,2020-04-03 01:00:00,,
129+04406,2020-04-03 01:10:00,,
129+04406,2020-04-03 01:20:00,,
129+04406,2020-04-03 01:30:00,,
129+04406,2020-04-03 01:40:00,,
129+04406,2020-04-03 01:50:00,,
129+04406,2020-04-03 02:00:00,,
129+04406,2020-04-03 02:10:00,,
129+04406,2020-04-03 02:20:00,,
129+04406,2020-04-03 02:30:00,52.86,94.25
129+04406,2020-04-03 02:40:00,58.00,90.40
129+04406,2020-04-03 02:50:00,58.00,98.50
129+04406,2020-04-03 03:00:00,61.00,96.22
129+04406,2020-04-03 03:10:00,61.00,97.33
129+04406,2020-04-03 03:20:00,,
129+04406,2020-04-03 03:30:00,,
129+04406,2020-04-03 03:40:00,,
129+04406,2020-04-03 03:50:00,,
129+04406,2020-04-03 04:00:00,,
129+04406,2020-04-03 04:10:00,,
129+04406,2020-04-03 04:20:00,,
129+04406,2020-04-03 04:30:00,,
129+04406,2020-04-03 04:40:00,,
129+04406,2020-04-03 04:50:00,,
129+04406,2020-04-03 05:00:00,55.00,100.00
129+04406,2020-04-03 05:10:00,55.00,100.00
129+04406,2020-04-03 05:20:00,,
129+04406,2020-04-03 05:30:00,56.00,100.00
129+04406,2020-04-03 05:40:00,56.00,100.00
129+04406,2020-04-03 05:50:00,57.00,99.33
129+04406,2020-04-03 06:00:00,65.22,54.40
129+04406,2020-04-03 06:10:00,68.25,64.30
129+04406,2020-04-03 06:20:00,68.32,88.40
129+04406,2020-04-03 06:30:00,63.13,100.00
129+04406,2020-04-03 06:40:00,55.52,58.70
129+04406,2020-04-03 06:50:00,65.84,90.10
129+04406,2020-04-03 07:00:00,70.43,83.70
129+04406,2020-04-03 07:10:00,63.91,85.30
129+04406,2020-04-03 07:20:00,65.26,100.00
129+04406,2020-04-03 07:30:00,61.50,100.00
129+04406,2020-04-03 07:40:00,64.97,100.00
129+04406,2020-04-03 07:50:00,65.19,100.00
129+04406,2020-04-03 08:00:00,63.29,100.00
129+04406,2020-04-03 08:10:00,62.75,100.00
129+04406,2020-04-03 08:20:00,63.17,100.00
129+04406,2020-04-03 08:30:00,63.58,100.00
129+04406,2020-04-03 08:40:00,66.69,92.90
129+04406,2020-04-03 08:50:00,65.09,88.20
129+04406,2020-04-03 09:00:00,61.51,100.00
129+04406,2020-04-03 09:10:00,62.67,100.00
129+04406,2020-04-03 09:20:00,61.20,100.00
129+04406,2020-04-03 09:30:00,62.93,100.00
129+04406,2020-04-03 09:40:00,59.82,100.00
129+04406,2020-04-03 09:50:00,63.29,100.00
129+04406,2020-04-03 10:00:00,62.50,100.00
129+04406,2020-04-03 10:10:00,59.47,100.00
129+04406,2020-04-03 10:20:00,60.51,100.00
129+04406,2020-04-03 10:30:00,66.39,100.00
129+04406,2020-04-03 10:40:00,62.79,100.00
129+04406,2020-04-03 10:50:00,67.05,65.00
129+04406,2020-04-03 11:00:00,63.40,93.80
129+04406,2020-04-03 11:10:00,64.75,96.10
129+04406,2020-04-03 11:20:00,62.66,100.00
129+04406,2020-04-03 11:30:00,63.19,92.40
129+04406,2020-04-03 11:40:00,69.66,51.90
129+04406,2020-04-03 11:50:00,63.88,96.10
129+04406,2020-04-03 12:00:00,62.19,100.00
129+04406,2020-04-03 12:10:00,63.49,92.10
129+04406,2020-04-03 12:20:00,64.44,98.40
129+04406,2020-04-03 12:30:00,63.00,100.00
129+04406,2020-04-03 12:40:00,68.91,53.60
129+04406,2020-04-03 12:50:00,66.10,100.00
129+04406,2020-04-03 13:00:00,64.83,100.00
129+04406,2020-04-03 13:10:00,63.59,100.00
129+04406,2020-04-03 13:20:00,65.13,100.00
129+04406,2020-04-03 13:30:00,66.39,100.00
129+04406,2020-04-03 13:40:00,63.36,100.00
129+04406,2020-04-03 13:50:00,67.23,69.00
129+04406,2020-04-03 14:00:00,70.27,68.00
129+04406,2020-04-03 14:10:00,66.10,100.00
129+04406,2020-04-03 14:20:00,67.68,100.00
129+04406,2020-04-03 14:30:00,62.81,74.20
129+04406,2020-04-03 14:40:00,65.92,98.10
129+04406,2020-04-03 14:50:00,65.37,100.00
129+04406,2020-04-03 15:00:00,66.57,100.00
129+04406,2020-04-03 15:10:00,66.66,100.00
129+04406,2020-04-03 15:20:00,68.02,89.10
129+04406,2020-04-03 15:30:00,72.28,59.90
129+04406,2020-04-03 15:40:00,70.98,73.70
129+04406,2020-04-03 15:50:00,67.74,100.00
129+04406,2020-04-03 16:00:00,65.52,99.70
129+04406,2020-04-03 16:10:00,66.41,99.70
129+04406,2020-04-03 16:20:00,66.85,100.00
129+04406,2020-04-03 16:30:00,65.07,100.00
129+04406,2020-04-03 16:40:00,67.79,100.00
129+04406,2020-04-03 16:50:00,65.88,100.00
129+04406,2020-04-03 17:00:00,67.89,100.00
129+04406,2020-04-03 17:10:00,67.99,100.00
129+04406,2020-04-03 17:20:00,68.82,88.00
129+04406,2020-04-03 17:30:00,69.49,92.00
129+04406,2020-04-03 17:40:00,66.35,90.60
129+04406,2020-04-03 17:50:00,63.08,100.00
129+04406,2020-04-03 18:00:00,67.57,83.70
129+04406,2020-04-03 18:10:00,65.87,100.00
129+04406,2020-04-03 18:20:00,64.90,93.90
129+04406,2020-04-03 18:30:00,71.42,58.20
129+04406,2020-04-03 18:40:00,68.57,96.70
129+04406,2020-04-03 18:50:00,67.80,100.00
129+04406,2020-04-03 19:00:00,65.89,100.00
129+04406,2020-04-03 19:10:00,60.68,86.50
129+04406,2020-04-03 19:20:00,57.47,40.00
129+04406,2020-04-03 19:30:00,59.59,91.90
129+04406,2020-04-03 19:40:00,61.72,100.00
129+04406,2020-04-03 19:50:00,63.00,100.00
129+04406,2020-04-03 20:00:00,59.00,100.00
129+04406,2020-04-03 20:10:00,53.65,83.00
129+04406,2020-04-03 20:20:00,58.12,92.70
129+04406,2020-04-03 20:30:00,65.36,90.50
129+04406,2020-04-03 20:40:00,65.81,74.50
129+04406,2020-04-03 20:50:00,57.46,100.00
129+04406,2020-04-03 21:00:00,51.78,95.00
129+04406,2020-04-03 21:10:00,65.00,100.00
129+04406,2020-04-03 21:20:00,63.19,100.00
129+04406,2020-04-03 21:30:00,71.00,69.70
129+04406,2020-04-03 21:40:00,71.00,74.50
129+04406,2020-04-03 21:50:00,,
129+04406,2020-04-03 22:00:00,58.00,100.00
129+04406,2020-04-03 22:10:00,63.34,98.20
129+04406,2020-04-03 22:20:00,64.50,99.50
129+04406,2020-04-03 22:30:00,,
129+04406,2020-04-03 22:40:00,66.00,99.00
129+04406,2020-04-03 22:50:00,77.00,55.00
129+04406,2020-04-03 23:00:00,77.00,73.50
129+04406,2020-04-03 23:10:00,63.47,48.00
129+04406,2020-04-03 23:20:00,60.97,49.80
129+04406,2020-04-03 23:30:00,59.99,72.20
129+04406,2020-04-03 23:40:00,63.00,99.43
129+04406,2020-04-03 23:50:00,,
129P04751,2020-04-03 00:00:00,50.47,7.86
129P04751,2020-04-03 00:10:00,37.00,83.00
129P04751,2020-04-03 00:20:00,37.00,100.00
129P04751,2020-04-03 00:30:00,44.00,88.13
129P04751,2020-04-03 00:40:00,44.00,95.50
129P04751,2020-04-03 00:50:00,,
129P04751,2020-04-03 01:00:00,,
129P04751,2020-04-03 01:10:00,,
129P04751,2020-04-03 01:20:00,,
129P04751,2020-04-03 01:30:00,,
129P04751,2020-04-03 01:40:00,,
129P04751,2020-04-03 01:50:00,,
129P04751,2020-04-03 02:00:00,,
129P04751,2020-04-03 02:10:00,,
129P04751,2020-04-03 02:20:00,,
129P04751,2020-04-03 02:30:00,,
129P04751,2020-04-03 02:40:00,,
129P04751,2020-04-03 02:50:00,,
129P04751,2020-04-03 03:00:00,,
129P04751,2020-04-03 03:10:00,24.00,100.00
129P04751,2020-04-03 03:20:00,28.72,80.80
129P04751,2020-04-03 03:30:00,41.00,74.00
129P04751,2020-04-03 03:40:00,,
129P04751,2020-04-03 03:50:00,,
129P04751,2020-04-03 04:00:00,,
129P04751,2020-04-03 04:10:00,,
129P04751,2020-04-03 04:20:00,,
129P04751,2020-04-03 04:30:00,32.00,
129P04751,2020-04-03 04:40:00,32.00,100.00
129P04751,2020-04-03 04:50:00,29.43,96.20
129P04751,2020-04-03 05:00:00,30.00,100.00
129P04751,2020-04-03 05:10:00,30.00,100.00
129P04751,2020-04-03 05:20:00,,
129P04751,2020-04-03 05:30:00,,
129P04751,2020-04-03 05:40:00,,
129P04751,2020-04-03 05:50:00,22.00,98.22
129P04751,2020-04-03 06:00:00,23.24,100.00
129P04751,2020-04-03 06:10:00,,
129P04751,2020-04-03 06:20:00,,
129P04751,2020-04-03 06:30:00,34.49,100.00
129P04751,2020-04-03 06:40:00,32.93,100.00
129P04751,2020-04-03 06:50:00,35.38,100.00
129P04751,2020-04-03 07:00:00,36.13,77.50
129P04751,2020-04-03 07:10:00,25.22,42.10
129P04751,2020-04-03 07:20:00,29.15,57.70
129P04751,2020-04-03 07:30:00,37.63,100.00
129P04751,2020-04-03 07:40:00,32.98,100.00
129P04751,2020-04-03 07:50:00,23.99,77.00
129P04751,2020-04-03 08:00:00,27.47,100.00
129P04751,2020-04-03 08:10:00,34.39,56.00
129P04751,2020-04-03 08:20:00,44.23,44.90
129P04751,2020-04-03 08:30:00,35.45,84.20
129P04751,2020-04-03 08:40:00,39.88,85.50
129P04751,2020-04-03 08:50:00,43.86,83.50
129P04751,2020-04-03 09:00:00,33.00,98.80
129P04751,2020-04-03 09:10:00,41.47,90.00
129P04751,2020-04-03 09:20:00,30.61,100.00
129P04751,2020-04-03 09:30:00,29.84,100.00
129P04751,2020-04-03 09:40:00,31.97,99.70
129P04751,2020-04-03 09:50:00,25.22,98.89
129P04751,2020-04-03 10:00:00,28.13,100.00
129P04751,2020-04-03 10:10:00,30.06,74.30
129P04751,2020-04-03 10:20:00,40.55,21.00
129P04751,2020-04-03 10:30:00,37.25,65.40
129P04751,2020-04-03 10:40:00,28.94,79.40
129P04751,2020-04-03 10:50:00,40.24,63.30
129P04751,2020-04-03 11:00:00,37.35,99.10
129P04751,2020-04-03 11:10:00,27.34,94.10
129P04751,2020-04-03 11:20:00,28.10,91.60
129P04751,2020-04-03 11:30:00,32.10,90.80
129P04751,2020-04-03 11:40:00,28.87,78.40
129P04751,2020-04-03 11:50:00,40.45,42.40
129P04751,2020-04-03 12:00:00,34.04,85.90
129P04751,2020-04-03 12:10:00,34.13,92.30
129P04751,2020-04-03 12:20:00,29.48,100.00
129P04751,2020-04-03 12:30:00,36.02,67.40
129P04751,2020-04-03 12:40:00,30.89,90.50
129P04751,2020-04-03 12:50:00,32.92,77.90
129P04751,2020-04-03 13:00:00,35.37,76.00
129P04751,2020-04-03 13:10:00,31.88,99.70
129P04751,2020-04-03 13:20:00,32.79,98.70
129P04751,2020-04-03 13:30:00,32.52,97.80
129P04751,2020-04-03 13:40:00,32.76,97.40
129P04751,2020-04-03 13:50:00,37.88,81.50
129P04751,2020-04-03 14:00:00,31.04,98.40
129P04751,2020-04-03 14:10:00,31.91,92.70
129P04751,2020-04-03 14:20:00,28.00,98.30
129P04751,2020-04-03 14:30:00,28.91,97.40
129P04751,2020-04-03 14:40:00,31.30,91.80
129P04751,2020-04-03 14:50:00,35.84,66.40
129P04751,2020-04-03 15:00:00,33.81,78.70
129P04751,2020-04-03 15:10:00,31.09,93.40
129P04751,2020-04-03 15:20:00,31.36,97.40
129P04751,2020-04-03 15:30:00,29.00,75.70
129P04751,2020-04-03 15:40:00,32.86,64.30
129P04751,2020-04-03 15:50:00,27.08,70.90
129P04751,2020-04-03 16:00:00,36.86,60.40
129P04751,2020-04-03 16:10:00,38.95,66.40
129P04751,2020-04-03 16:20:00,34.97,92.20
129P04751,2020-04-03 16:30:00,37.62,82.17
129P04751,2020-04-03 16:40:00,38.62,90.40
129P04751,2020-04-03 16:50:00,32.50,77.60
129P04751,2020-04-03 17:00:00,28.37,83.10
129P04751,2020-04-03 17:10:00,21.94,59.80
129P04751,2020-04-03 17:20:00,33.17,95.30
129P04751,2020-04-03 17:30:00,33.53,87.50
129P04751,2020-04-03 17:40:00,44.23,25.10
129P04751,2020-04-03 17:50:00,43.39,54.30
129P04751,2020-04-03 18:00:00,36.20,76.20
129P04751,2020-04-03 18:10:00,32.38,55.50
129P04751,2020-04-03 18:20:00,30.18,57.90
129P04751,2020-04-03 18:30:00,28.10,71.22
129P04751,2020-04-03 18:40:00,26.07,98.50
129P04751,2020-04-03 18:50:00,25.32,99.30
129P04751,2020-04-03 19:00:00,25.48,86.50
129P04751,2020-04-03 19:10:00,39.39,13.70
129P04751,2020-04-03 19:20:00,40.00,27.00
129P04751,2020-04-03 19:30:00,34.00,100.00
129P04751,2020-04-03 19:40:00,22.71,64.20
129P04751,2020-04-03 19:50:00,17.21,49.50
129P04751,2020-04-03 20:00:00,29.24,100.00
129P04751,2020-04-03 20:10:00,40.00,73.50
129P04751,2020-04-03 20:20:00,40.00,65.70
129P04751,2020-04-03 20:30:00,39.00,70.00
129P04751,2020-04-03 20:40:00,20.64,100.00
129P04751,2020-04-03 20:50:00,21.26,100.00
129P04751,2020-04-03 21:00:00,24.64,100.00
129P04751,2020-04-03 21:10:00,30.77,100.00
129P04751,2020-04-03 21:20:00,32.99,91.50
129P04751,2020-04-03 21:30:00,48.00,41.75
129P04751,2020-04-03 21:40:00,48.00,46.00
129P04751,2020-04-03 21:50:00,24.39,100.00
129P04751,2020-04-03 22:00:00,24.62,100.00
129P04751,2020-04-03 22:10:00,,
129P04751,2020-04-03 22:20:00,17.00,100.00
129P04751,2020-04-03 22:30:00,17.37,100.00
129P04751,2020-04-03 22:40:00,16.48,100.00
129P04751,2020-04-03 22:50:00,38.00,83.00
129P04751,2020-04-03 23:00:00,38.00,54.70
129P04751,2020-04-03 23:10:00,30.81,94.50
129P04751,2020-04-03 23:20:00,30.00,100.00
129P04751,2020-04-03 23:30:00,,
129P04751,2020-04-03 23:40:00,,
129P04751,2020-04-03 23:50:00,44.00,63.33
129+04480,2020-04-03 00:00:00,63.84,56.14
129+04480,2020-04-03 00:10:00,,
129+04480,2020-04-03 00:20:00,,
129+04480,2020-04-03 00:30:00,,
129+04480,2020-04-03 00:40:00,,
129+04480,2020-04-03 00:50:00,58.00,99.67
129+04480,2020-04-03 01:00:00,58.00,99.89
129+04480,2020-04-03 01:10:00,,
129+04480,2020-04-03 01:20:00,,
129+04480,2020-04-03 01:30:00,,
129+04480,2020-04-03 01:40:00,,
129+04480,2020-04-03 01:50:00,,
129+04480,2020-04-03 02:00:00,,
129+04480,2020-04-03 02:10:00,,
129+04480,2020-04-03 02:20:00,,
129+04480,2020-04-03 02:30:00,,
129+04480,2020-04-03 02:40:00,,
129+04480,2020-04-03 02:50:00,,
129+04480,2020-04-03 03:00:00,,
129+04480,2020-04-03 03:10:00,,
129+04480,2020-04-03 03:20:00,65.00,98.57
129+04480,2020-04-03 03:30:00,61.52,79.90
129+04480,2020-04-03 03:40:00,60.00,82.00
129+04480,2020-04-03 03:50:00,,
129+04480,2020-04-03 04:00:00,,
129+04480,2020-04-03 04:10:00,,
129+04480,2020-04-03 04:20:00,,
129+04480,2020-04-03 04:30:00,62.00,99.89
129+04480,2020-04-03 04:40:00,62.66,95.89
129+04480,2020-04-03 04:50:00,61.60,87.30
129+04480,2020-04-03 05:00:00,57.00,63.50
129+04480,2020-04-03 05:10:00,,
129+04480,2020-04-03 05:20:00,60.00,91.50
129+04480,2020-04-03 05:30:00,60.14,92.71
129+04480,2020-04-03 05:40:00,56.90,63.00
129+04480,2020-04-03 05:50:00,49.07,38.38
129+04480,2020-04-03 06:00:00,,
129+04480,2020-04-03 06:10:00,,
129+04480,2020-04-03 06:20:00,,
129+04480,2020-04-03 06:30:00,,
129+04480,2020-04-03 06:40:00,63.29,100.00
129+04480,2020-04-03 06:50:00,67.20,92.00
129+04480,2020-04-03 07:00:00,63.24,100.00
129+04480,2020-04-03 07:10:00,59.29,82.80
129+04480,2020-04-03 07:20:00,61.19,100.00
129+04480,2020-04-03 07:30:00,65.02,98.20
129+04480,2020-04-03 07:40:00,61.88,100.00
129+04480,2020-04-03 07:50:00,59.90,100.00
129+04480,2020-04-03 08:00:00,60.29,100.00
129+04480,2020-04-03 08:10:00,61.79,100.00
129+04480,2020-04-03 08:20:00,64.93,82.40
129+04480,2020-04-03 08:30:00,60.28,100.00
129+04480,2020-04-03 08:40:00,62.50,100.00
129+04480,2020-04-03 08:50:00,61.49,100.00
129+04480,2020-04-03 09:00:00,60.87,100.00
129+04480,2020-04-03 09:10:00,58.27,98.70
129+04480,2020-04-03 09:20:00,60.19,100.00
129+04480,2020-04-03 09:30:00,63.74,100.00
129+04480,2020-04-03 09:40:00,63.36,100.00
129+04480,2020-04-03 09:50:00,60.28,98.00
129+04480,2020-04-03 10:00:00,59.91,69.70
129+04480,2020-04-03 10:10:00,67.39,61.90
129+04480,2020-04-03 10:20:00,62.29,100.00
129+04480,2020-04-03 10:30:00,59.57,100.00
129+04480,2020-04-03 10:40:00,62.03,96.40
129+04480,2020-04-03 10:50:00,62.79,100.00
129+04480,2020-04-03 11:00:00,64.47,91.30
129+04480,2020-04-03 11:10:00,63.09,98.70
129+04480,2020-04-03 11:20:00,60.58,100.00
129+04480,2020-04-03 11:30:00,61.94,100.00
129+04480,2020-04-03 11:40:00,60.65,94.80
129+04480,2020-04-03 11:50:00,63.06,100.00
129+04480,2020-04-03 12:00:00,60.99,100.00
129+04480,2020-04-03 12:10:00,61.49,100.00
129+04480,2020-04-03 12:20:00,62.10,100.00
129+04480,2020-04-03 12:30:00,67.06,69.00
129+04480,2020-04-03 12:40:00,65.27,98.70
129+04480,2020-04-03 12:50:00,62.88,100.00
129+04480,2020-04-03 13:00:00,62.07,100.00
129+04480,2020-04-03 13:10:00,62.63,90.20
129+04480,2020-04-03 13:20:00,62.75,98.80
129+04480,2020-04-03 13:30:00,60.40,100.00
129+04480,2020-04-03 13:40:00,67.09,61.30
129+04480,2020-04-03 13:50:00,66.67,88.00
129+04480,2020-04-03 14:00:00,69.53,63.30
129+04480,2020-04-03 14:10:00,64.06,94.50
129+04480,2020-04-03 14:20:00,61.89,100.00
129+04480,2020-04-03 14:30:00,63.33,98.20
129+04480,2020-04-03 14:40:00,65.78,98.30
129+04480,2020-04-03 14:50:00,64.46,96.00
129+04480,2020-04-03 15:00:00,67.62,73.60
129+04480,2020-04-03 15:10:00,67.97,83.90
129+04480,2020-04-03 15:20:00,67.25,92.30
129+04480,2020-04-03 15:30:00,64.89,99.90
129+04480,2020-04-03 15:40:00,63.68,99.80
129+04480,2020-04-03 15:50:00,64.69,92.30
129+04480,2020-04-03 16:00:00,66.07,95.60
129+04480,2020-04-03 16:10:00,63.57,99.90
129+04480,2020-04-03 16:20:00,67.46,73.20
129+04480,2020-04-03 16:30:00,63.00,99.40
129+04480,2020-04-03 16:40:00,64.79,99.20
129+04480,2020-04-03 16:50:00,65.00,99.40
129+04480,2020-04-03 17:00:00,67.40,77.00
129+04480,2020-04-03 17:10:00,63.19,94.80
129+04480,2020-04-03 17:20:00,64.40,93.50
129+04480,2020-04-03 17:30:00,62.46,98.90
129+04480,2020-04-03 17:40:00,64.82,94.60
129+04480,2020-04-03 17:50:00,64.09,97.40
129+04480,2020-04-03 18:00:00,67.67,76.40
129+04480,2020-04-03 18:10:00,63.34,98.10
129+04480,2020-04-03 18:20:00,66.06,86.10
129+04480,2020-04-03 18:30:00,69.00,73.90
129+04480,2020-04-03 18:40:00,58.72,72.60
129+04480,2020-04-03 18:50:00,62.25,100.00
129+04480,2020-04-03 19:00:00,62.10,100.00
129+04480,2020-04-03 19:10:00,63.29,100.00
129+04480,2020-04-03 19:20:00,66.09,67.00
129+04480,2020-04-03 19:30:00,70.57,40.44
129+04480,2020-04-03 19:40:00,59.58,73.67
129+04480,2020-04-03 19:50:00,55.29,29.50
129+04480,2020-04-03 20:00:00,63.97,97.50
129+04480,2020-04-03 20:10:00,65.00,100.00
129+04480,2020-04-03 20:20:00,72.28,34.11
129+04480,2020-04-03 20:30:00,71.72,45.20
129+04480,2020-04-03 20:40:00,63.75,99.00
129+04480,2020-04-03 20:50:00,59.00,67.80
129+04480,2020-04-03 21:00:00,58.00,87.50
129+04480,2020-04-03 21:10:00,59.20,78.20
129+04480,2020-04-03 21:20:00,63.00,100.00
129+04480,2020-04-03 21:30:00,53.51,64.75
129+04480,2020-04-03 21:40:00,49.80,24.90
129+04480,2020-04-03 21:50:00,60.56,98.50
129+04480,2020-04-03 22:00:00,58.49,97.38
129+04480,2020-04-03 22:10:00,,
129+04480,2020-04-03 22:20:00,,
129+04480,2020-04-03 22:30:00,59.86,100.00
129+04480,2020-04-03 22:40:00,59.66,100.00
129+04480,2020-04-03 22:50:00,,
129+04480,2020-04-03 23:00:00,66.49,66.50
129+04480,2020-04-03 23:10:00,64.52,73.71
129+04480,2020-04-03 23:20:00,57.00,59.30
129+04480,2020-04-03 23:30:00,,
129+04480,2020-04-03 23:40:00,,
129+04480,2020-04-03 23:50:00,,
129P04750,2020-04-03 00:00:00,58.06,66.14
129P04750,2020-04-03 00:10:00,43.20,53.50
129P04750,2020-04-03 00:20:00,35.60,60.75
129P04750,2020-04-03 00:30:00,41.95,94.30
129P04750,2020-04-03 00:40:00,45.00,100.00
129P04750,2020-04-03 00:50:00,,
129P04750,2020-04-03 01:00:00,,
129P04750,2020-04-03 01:10:00,,
129P04750,2020-04-03 01:20:00,,
129P04750,2020-04-03 01:30:00,,
129P04750,2020-04-03 01:40:00,,
129P04750,2020-04-03 01:50:00,,
129P04750,2020-04-03 02:00:00,,
129P04750,2020-04-03 02:10:00,,
129P04750,2020-04-03 02:20:00,,
129P04750,2020-04-03 02:30:00,38.00,100.00
129P04750,2020-04-03 02:40:00,38.00,100.00
129P04750,2020-04-03 02:50:00,,
129P04750,2020-04-03 03:00:00,,
129P04750,2020-04-03 03:10:00,35.70,99.00
129P04750,2020-04-03 03:20:00,37.18,95.50
129P04750,2020-04-03 03:30:00,41.00,94.33
129P04750,2020-04-03 03:40:00,,
129P04750,2020-04-03 03:50:00,,
129P04750,2020-04-03 04:00:00,,
129P04750,2020-04-03 04:10:00,,
129P04750,2020-04-03 04:20:00,,
129P04750,2020-04-03 04:30:00,47.26,62.00
129P04750,2020-04-03 04:40:00,51.00,99.80
129P04750,2020-04-03 04:50:00,40.00,97.75
129P04750,2020-04-03 05:00:00,45.80,87.50
129P04750,2020-04-03 05:10:00,46.00,94.00
129P04750,2020-04-03 05:20:00,,
129P04750,2020-04-03 05:30:00,,
129P04750,2020-04-03 05:40:00,46.00,91.00
129P04750,2020-04-03 05:50:00,51.28,97.50
129P04750,2020-04-03 06:00:00,50.05,88.89
129P04750,2020-04-03 06:10:00,45.00,88.40
129P04750,2020-04-03 06:20:00,35.00,82.50
129P04750,2020-04-03 06:30:00,39.70,84.80
129P04750,2020-04-03 06:40:00,54.83,100.00
129P04750,2020-04-03 06:50:00,44.22,100.00
129P04750,2020-04-03 07:00:00,41.94,100.00
129P04750,2020-04-03 07:10:00,38.50,58.60
129P04750,2020-04-03 07:20:00,36.91,100.00
129P04750,2020-04-03 07:30:00,40.11,100.00
129P04750,2020-04-03 07:40:00,40.64,100.00
129P04750,2020-04-03 07:50:00,38.60,94.20
129P04750,2020-04-03 08:00:00,35.21,100.00
129P04750,2020-04-03 08:10:00,49.64,55.30
129P04750,2020-04-03 08:20:00,51.68,41.90
129P04750,2020-04-03 08:30:00,52.72,62.90
129P04750,2020-04-03 08:40:00,53.65,98.00
129P04750,2020-04-03 08:50:00,44.82,98.90
129P04750,2020-04-03 09:00:00,42.36,97.80
129P04750,2020-04-03 09:10:00,48.09,96.10
129P04750,2020-04-03 09:20:00,39.32,98.30
129P04750,2020-04-03 09:30:00,37.42,100.00
129P04750,2020-04-03 09:40:00,44.21,97.00
129P04750,2020-04-03 09:50:00,37.88,100.00
129P04750,2020-04-03 10:00:00,37.46,74.00
129P04750,2020-04-03 10:10:00,40.44,98.30
129P04750,2020-04-03 10:20:00,39.24,100.00
129P04750,2020-04-03 10:30:00,43.34,95.00
129P04750,2020-04-03 10:40:00,43.34,83.40
129P04750,2020-04-03 10:50:00,43.81,89.50
129P04750,2020-04-03 11:00:00,33.32,96.30
129P04750,2020-04-03 11:10:00,36.33,97.20
129P04750,2020-04-03 11:20:00,34.90,99.30
129P04750,2020-04-03 11:30:00,39.96,98.10
129P04750,2020-04-03 11:40:00,38.17,85.70
129P04750,2020-04-03 11:50:00,36.74,91.40
129P04750,2020-04-03 12:00:00,40.01,92.00
129P04750,2020-04-03 12:10:00,38.36,95.80
129P04750,2020-04-03 12:20:00,39.18,91.80
129P04750,2020-04-03 12:30:00,42.62,74.20
129P04750,2020-04-03 12:40:00,49.89,67.70
129P04750,2020-04-03 12:50:00,35.60,99.10
129P04750,2020-04-03 13:00:00,43.98,81.40
129P04750,2020-04-03 13:10:00,55.00,79.10
129P04750,2020-04-03 13:20:00,47.71,99.50
129P04750,2020-04-03 13:30:00,44.84,93.50
129P04750,2020-04-03 13:40:00,45.28,100.00
129P04750,2020-04-03 13:50:00,50.20,81.60
129P04750,2020-04-03 14:00:00,44.57,78.20
129P04750,2020-04-03 14:10:00,41.15,87.90
129P04750,2020-04-03 14:20:00,45.30,79.70
129P04750,2020-04-03 14:30:00,49.55,94.30
129P04750,2020-04-03 14:40:00,45.71,99.50
129P04750,2020-04-03 14:50:00,45.97,86.70
129P04750,2020-04-03 15:00:00,46.38,87.30
129P04750,2020-04-03 15:10:00,41.52,62.50
129P04750,2020-04-03 15:20:00,43.98,54.80
129P04750,2020-04-03 15:30:00,39.84,79.80
129P04750,2020-04-03 15:40:00,44.81,46.60
129P04750,2020-04-03 15:50:00,48.59,63.50
129P04750,2020-04-03 16:00:00,45.79,89.20
129P04750,2020-04-03 16:10:00,49.54,76.40
129P04750,2020-04-03 16:20:00,50.88,70.90
129P04750,2020-04-03 16:30:00,14.35,72.80
129P04750,2020-04-03 16:40:00,45.93,91.60
129P04750,2020-04-03 16:50:00,47.49,76.80
129P04750,2020-04-03 17:00:00,42.33,76.40
129P04750,2020-04-03 17:10:00,43.04,83.80
129P04750,2020-04-03 17:20:00,54.44,82.30
129P04750,2020-04-03 17:30:00,38.83,86.80
129P04750,2020-04-03 17:40:00,45.80,74.40
129P04750,2020-04-03 17:50:00,47.02,69.70
129P04750,2020-04-03 18:00:00,46.69,90.70
129P04750,2020-04-03 18:10:00,51.77,94.30
129P04750,2020-04-03 18:20:00,55.00,82.30
129P04750,2020-04-03 18:30:00,56.17,74.20
129P04750,2020-04-03 18:40:00,57.38,99.40
129P04750,2020-04-03 18:50:00,48.99,91.20
129P04750,2020-04-03 19:00:00,35.63,100.00
129P04750,2020-04-03 19:10:00,27.00,100.00
129P04750,2020-04-03 19:20:00,27.19,100.00
129P04750,2020-04-03 19:30:00,33.29,100.00
129P04750,2020-04-03 19:40:00,26.55,96.40
129P04750,2020-04-03 19:50:00,27.45,68.40
129P04750,2020-04-03 20:00:00,63.00,58.00
129P04750,2020-04-03 20:10:00,56.66,50.67
129P04750,2020-04-03 20:20:00,57.10,33.50
129P04750,2020-04-03 20:30:00,,
129P04750,2020-04-03 20:40:00,57.00,99.14
129P04750,2020-04-03 20:50:00,54.91,100.00
129P04750,2020-04-03 21:00:00,28.47,92.60
129P04750,2020-04-03 21:10:00,41.43,88.80
129P04750,2020-04-03 21:20:00,51.00,100.00
129P04750,2020-04-03 21:30:00,43.98,87.67
129P04750,2020-04-03 21:40:00,43.00,78.00
129P04750,2020-04-03 21:50:00,54.07,72.33
129P04750,2020-04-03 22:00:00,57.00,81.25
129P04750,2020-04-03 22:10:00,,
129P04750,2020-04-03 22:20:00,39.00,100.00
129P04750,2020-04-03 22:30:00,39.00,100.00
129P04750,2020-04-03 22:40:00,39.00,100.00
129P04750,2020-04-03 22:50:00,49.40,60.67
129P04750,2020-04-03 23:00:00,57.00,60.60
129P04750,2020-04-03 23:10:00,32.99,67.80
129P04750,2020-04-03 23:20:00,30.48,75.38
129P04750,2020-04-03 23:30:00,32.39,86.00
129P04750,2020-04-03 23:40:00,,
129P04750,2020-04-03 23:50:00,48.40,39.60
129+04481,2020-04-03 00:00:00,67.09,45.00
129+04481,2020-04-03 00:10:00,,
129+04481,2020-04-03 00:20:00,,
129+04481,2020-04-03 00:30:00,,
129+04481,2020-04-03 00:40:00,,
129+04481,2020-04-03 00:50:00,,
129+04481,2020-04-03 01:00:00,58.00,92.80
129+04481,2020-04-03 01:10:00,57.50,96.50
129+04481,2020-04-03 01:20:00,,
129+04481,2020-04-03 01:30:00,,
129+04481,2020-04-03 01:40:00,,
129+04481,2020-04-03 01:50:00,,
129+04481,2020-04-03 02:00:00,,
129+04481,2020-04-03 02:10:00,,
129+04481,2020-04-03 02:20:00,58.72,95.00
129+04481,2020-04-03 02:30:00,,
129+04481,2020-04-03 02:40:00,,
129+04481,2020-04-03 02:50:00,,
129+04481,2020-04-03 03:00:00,,
129+04481,2020-04-03 03:10:00,,
129+04481,2020-04-03 03:20:00,67.59,95.75
129+04481,2020-04-03 03:30:00,64.79,80.70
129+04481,2020-04-03 03:40:00,62.00,79.20
129+04481,2020-04-03 03:50:00,,
129+04481,2020-04-03 04:00:00,,
129+04481,2020-04-03 04:10:00,,
129+04481,2020-04-03 04:20:00,,
129+04481,2020-04-03 04:30:00,62.00,99.43
129+04481,2020-04-03 04:40:00,63.46,93.75
129+04481,2020-04-03 04:50:00,61.66,77.60
129+04481,2020-04-03 05:00:00,62.39,70.90
129+04481,2020-04-03 05:10:00,64.00,73.00
129+04481,2020-04-03 05:20:00,,
129+04481,2020-04-03 05:30:00,62.00,88.89
129+04481,2020-04-03 05:40:00,58.16,79.67
129+04481,2020-04-03 05:50:00,52.20,45.90
129+04481,2020-04-03 06:00:00,47.00,15.00
129+04481,2020-04-03 06:10:00,,
129+04481,2020-04-03 06:20:00,,
129+04481,2020-04-03 06:30:00,,
129+04481,2020-04-03 06:40:00,63.28,99.50
129+04481,2020-04-03 06:50:00,67.38,100.00
129+04481,2020-04-03 07:00:00,66.28,100.00
129+04481,2020-04-03 07:10:00,63.27,96.80
129+04481,2020-04-03 07:20:00,63.37,100.00
129+04481,2020-04-03 07:30:00,65.82,100.00
129+04481,2020-04-03 07:40:00,65.71,100.00
129+04481,2020-04-03 07:50:00,62.30,100.00
129+04481,2020-04-03 08:00:00,62.40,100.00
129+04481,2020-04-03 08:10:00,62.39,100.00
129+04481,2020-04-03 08:20:00,66.81,74.50
129+04481,2020-04-03 08:30:00,63.29,100.00
129+04481,2020-04-03 08:40:00,62.99,100.00
129+04481,2020-04-03 08:50:00,63.38,100.00
129+04481,2020-04-03 09:00:00,63.40,100.00
129+04481,2020-04-03 09:10:00,61.18,88.40
129+04481,2020-04-03 09:20:00,63.46,97.70
129+04481,2020-04-03 09:30:00,65.08,100.00
129+04481,2020-04-03 09:40:00,65.37,100.00
129+04481,2020-04-03 09:50:00,61.47,97.50
129+04481,2020-04-03 10:00:00,57.39,72.60
129+04481,2020-04-03 10:10:00,70.25,36.40
129+04481,2020-04-03 10:20:00,66.93,81.00
129+04481,2020-04-03 10:30:00,61.55,100.00
129+04481,2020-04-03 10:40:00,62.93,100.00
129+04481,2020-04-03 10:50:00,65.10,98.90
129+04481,2020-04-03 11:00:00,66.38,95.40
129+04481,2020-04-03 11:10:00,66.59,85.40
129+04481,2020-04-03 11:20:00,64.64,95.30
129+04481,2020-04-03 11:30:00,67.18,86.90
129+04481,2020-04-03 11:40:00,64.23,95.90
129+04481,2020-04-03 11:50:00,63.87,100.00
129+04481,2020-04-03 12:00:00,64.28,100.00
129+04481,2020-04-03 12:10:00,60.69,100.00
129+04481,2020-04-03 12:20:00,62.64,100.00
129+04481,2020-04-03 12:30:00,69.81,55.00
129+04481,2020-04-03 12:40:00,68.19,86.10
129+04481,2020-04-03 12:50:00,67.19,100.00
129+04481,2020-04-03 13:00:00,63.56,100.00
129+04481,2020-04-03 13:10:00,62.09,100.00
129+04481,2020-04-03 13:20:00,64.78,100.00
129+04481,2020-04-03 13:30:00,61.80,100.00
129+04481,2020-04-03 13:40:00,67.06,74.10
129+04481,2020-04-03 13:50:00,66.93,86.00
129+04481,2020-04-03 14:00:00,71.78,64.30
129+04481,2020-04-03 14:10:00,66.21,98.60
129+04481,2020-04-03 14:20:00,62.79,100.00
129+04481,2020-04-03 14:30:00,65.67,99.20
129+04481,2020-04-03 14:40:00,67.79,97.90
129+04481,2020-04-03 14:50:00,65.52,99.90
129+04481,2020-04-03 15:00:00,67.32,85.40
129+04481,2020-04-03 15:10:00,69.67,80.80
129+04481,2020-04-03 15:20:00,69.08,93.10
129+04481,2020-04-03 15:30:00,67.16,97.50
129+04481,2020-04-03 15:40:00,64.47,100.00
129+04481,2020-04-03 15:50:00,65.63,96.00
129+04481,2020-04-03 16:00:00,69.26,87.00
129+04481,2020-04-03 16:10:00,66.29,100.00
129+04481,2020-04-03 16:20:00,70.83,59.80
129+04481,2020-04-03 16:30:00,64.89,99.90
129+04481,2020-04-03 16:40:00,67.44,95.80
129+04481,2020-04-03 16:50:00,66.59,100.00
129+04481,2020-04-03 17:00:00,66.14,88.20
129+04481,2020-04-03 17:10:00,68.94,85.60
129+04481,2020-04-03 17:20:00,69.86,81.20
129+04481,2020-04-03 17:30:00,67.26,97.90
129+04481,2020-04-03 17:40:00,66.94,99.20
129+04481,2020-04-03 17:50:00,61.49,100.00
129+04481,2020-04-03 18:00:00,66.49,81.20
129+04481,2020-04-03 18:10:00,65.68,93.30
129+04481,2020-04-03 18:20:00,65.33,96.10
129+04481,2020-04-03 18:30:00,70.69,58.20
129+04481,2020-04-03 18:40:00,62.84,63.50
129+04481,2020-04-03 18:50:00,61.74,96.20
129+04481,2020-04-03 19:00:00,63.79,100.00
129+04481,2020-04-03 19:10:00,64.50,100.00
129+04481,2020-04-03 19:20:00,66.83,79.30
129+04481,2020-04-03 19:30:00,72.69,27.50
129+04481,2020-04-03 19:40:00,63.00,100.00
129+04481,2020-04-03 19:50:00,56.79,26.40
129+04481,2020-04-03 20:00:00,63.96,84.60
129+04481,2020-04-03 20:10:00,68.00,100.00
129+04481,2020-04-03 20:20:00,74.87,33.38
129+04481,2020-04-03 20:30:00,60.77,31.50
129+04481,2020-04-03 20:40:00,50.78,32.56
129+04481,2020-04-03 20:50:00,64.58,99.60
129+04481,2020-04-03 21:00:00,65.80,100.00
129+04481,2020-04-03 21:10:00,59.04,93.63
129+04481,2020-04-03 21:20:00,65.30,100.00
129+04481,2020-04-03 21:30:00,65.32,100.00
129+04481,2020-04-03 21:40:00,53.77,28.70
129+04481,2020-04-03 21:50:00,61.96,89.80
129+04481,2020-04-03 22:00:00,62.79,96.14
129+04481,2020-04-03 22:10:00,60.00,91.80
129+04481,2020-04-03 22:20:00,60.00,96.00
129+04481,2020-04-03 22:30:00,61.00,100.00
129+04481,2020-04-03 22:40:00,61.59,100.00
129+04481,2020-04-03 22:50:00,,
129+04481,2020-04-03 23:00:00,68.00,73.00
129+04481,2020-04-03 23:10:00,67.86,81.00
129+04481,2020-04-03 23:20:00,53.37,23.30
129+04481,2020-04-03 23:30:00,54.93,55.00
129+04481,2020-04-03 23:40:00,,
129+04481,2020-04-03 23:50:00,,
129+04641,2020-04-03 00:00:00,64.01,87.20
129+04641,2020-04-03 00:10:00,62.00,93.67
129+04641,2020-04-03 00:20:00,67.66,71.33
129+04641,2020-04-03 00:30:00,65.79,81.89
129+04641,2020-04-03 00:40:00,,
129+04641,2020-04-03 00:50:00,,
129+04641,2020-04-03 01:00:00,56.75,35.00
129+04641,2020-04-03 01:10:00,56.87,62.00
129+04641,2020-04-03 01:20:00,,
129+04641,2020-04-03 01:30:00,57.84,90.22
129+04641,2020-04-03 01:40:00,55.36,89.63
129+04641,2020-04-03 01:50:00,54.97,87.00
129+04641,2020-04-03 02:00:00,53.00,83.40
129+04641,2020-04-03 02:10:00,,
129+04641,2020-04-03 02:20:00,53.65,96.33
129+04641,2020-04-03 02:30:00,55.00,95.67
129+04641,2020-04-03 02:40:00,,
129+04641,2020-04-03 02:50:00,,
129+04641,2020-04-03 03:00:00,55.61,88.90
129+04641,2020-04-03 03:10:00,63.07,44.00
129+04641,2020-04-03 03:20:00,62.00,75.00
129+04641,2020-04-03 03:30:00,63.39,74.80
129+04641,2020-04-03 03:40:00,59.10,85.30
129+04641,2020-04-03 03:50:00,52.88,34.90
129+04641,2020-04-03 04:00:00,63.00,79.00
129+04641,2020-04-03 04:10:00,62.00,92.00
129+04641,2020-04-03 04:20:00,62.00,93.10
129+04641,2020-04-03 04:30:00,,
129+04641,2020-04-03 04:40:00,65.66,70.50
129+04641,2020-04-03 04:50:00,63.68,94.10
129+04641,2020-04-03 05:00:00,60.07,83.20
129+04641,2020-04-03 05:10:00,58.00,71.50
129+04641,2020-04-03 05:20:00,67.61,47.33
129+04641,2020-04-03 05:30:00,69.48,42.50
129+04641,2020-04-03 05:40:00,65.00,76.33
129+04641,2020-04-03 05:50:00,64.59,79.60
129+04641,2020-04-03 06:00:00,64.24,87.90
129+04641,2020-04-03 06:10:00,54.75,35.90
129+04641,2020-04-03 06:20:00,61.89,100.00
129+04641,2020-04-03 06:30:00,63.27,100.00
129+04641,2020-04-03 06:40:00,65.30,94.20
129+04641,2020-04-03 06:50:00,66.18,85.00
129+04641,2020-04-03 07:00:00,67.28,97.70
129+04641,2020-04-03 07:10:00,67.09,89.70
129+04641,2020-04-03 07:20:00,63.72,97.00
129+04641,2020-04-03 07:30:00,62.96,100.00
129+04641,2020-04-03 07:40:00,65.69,99.20
129+04641,2020-04-03 07:50:00,63.58,100.00
129+04641,2020-04-03 08:00:00,63.00,99.30
129+04641,2020-04-03 08:10:00,60.99,100.00
129+04641,2020-04-03 08:20:00,68.98,56.60
129+04641,2020-04-03 08:30:00,65.68,85.80
129+04641,2020-04-03 08:40:00,68.00,62.80
129+04641,2020-04-03 08:50:00,60.96,97.10
129+04641,2020-04-03 09:00:00,62.42,97.10
129+04641,2020-04-03 09:10:00,64.47,85.50
129+04641,2020-04-03 09:20:00,62.50,100.00
129+04641,2020-04-03 09:30:00,63.47,100.00
129+04641,2020-04-03 09:40:00,62.90,100.00
129+04641,2020-04-03 09:50:00,64.18,96.50
129+04641,2020-04-03 10:00:00,64.16,93.20
129+04641,2020-04-03 10:10:00,67.86,73.10
129+04641,2020-04-03 10:20:00,63.96,96.80
129+04641,2020-04-03 10:30:00,61.48,99.40
129+04641,2020-04-03 10:40:00,60.79,100.00
129+04641,2020-04-03 10:50:00,64.60,94.20
129+04641,2020-04-03 11:00:00,66.17,87.10
129+04641,2020-04-03 11:10:00,65.48,91.90
129+04641,2020-04-03 11:20:00,66.59,88.30
129+04641,2020-04-03 11:30:00,66.58,95.90
129+04641,2020-04-03 11:40:00,63.60,98.10
129+04641,2020-04-03 11:50:00,74.63,29.30
129+04641,2020-04-03 12:00:00,62.77,98.20
129+04641,2020-04-03 12:10:00,65.45,95.40
129+04641,2020-04-03 12:20:00,64.08,99.80
129+04641,2020-04-03 12:30:00,65.69,99.80
129+04641,2020-04-03 12:40:00,66.38,88.20
129+04641,2020-04-03 12:50:00,66.36,99.50
129+04641,2020-04-03 13:00:00,64.04,98.90
129+04641,2020-04-03 13:10:00,63.50,99.70
129+04641,2020-04-03 13:20:00,63.08,100.00
129+04641,2020-04-03 13:30:00,64.67,96.30
129+04641,2020-04-03 13:40:00,65.78,93.20
129+04641,2020-04-03 13:50:00,67.06,84.70
129+04641,2020-04-03 14:00:00,67.08,91.80
129+04641,2020-04-03 14:10:00,67.58,92.10
129+04641,2020-04-03 14:20:00,66.49,98.00
129+04641,2020-04-03 14:30:00,63.34,100.00
129+04641,2020-04-03 14:40:00,63.18,100.00
129+04641,2020-04-03 14:50:00,63.58,100.00
129+04641,2020-04-03 15:00:00,64.17,97.80
129+04641,2020-04-03 15:10:00,69.51,65.00
129+04641,2020-04-03 15:20:00,69.69,86.50
129+04641,2020-04-03 15:30:00,67.49,97.30
129+04641,2020-04-03 15:40:00,66.25,96.20
129+04641,2020-04-03 15:50:00,62.37,85.50
129+04641,2020-04-03 16:00:00,65.85,97.70
129+04641,2020-04-03 16:10:00,68.47,94.70
129+04641,2020-04-03 16:20:00,65.87,99.00
129+04641,2020-04-03 16:30:00,60.84,60.80
129+04641,2020-04-03 16:40:00,65.27,79.40
129+04641,2020-04-03 16:50:00,68.69,86.80
129+04641,2020-04-03 17:00:00,68.57,78.80
129+04641,2020-04-03 17:10:00,71.62,57.00
129+04641,2020-04-03 17:20:00,72.96,67.70
129+04641,2020-04-03 17:30:00,64.14,62.70
129+04641,2020-04-03 17:40:00,68.43,78.90
129+04641,2020-04-03 17:50:00,66.43,86.30
129+04641,2020-04-03 18:00:00,66.63,83.80
129+04641,2020-04-03 18:10:00,65.83,87.90
129+04641,2020-04-03 18:20:00,65.50,73.70
129+04641,2020-04-03 18:30:00,70.15,80.30
129+04641,2020-04-03 18:40:00,67.87,94.90
129+04641,2020-04-03 18:50:00,65.88,90.90
129+04641,2020-04-03 19:00:00,65.07,91.70
129+04641,2020-04-03 19:10:00,62.62,92.88
129+04641,2020-04-03 19:20:00,60.74,99.00
129+04641,2020-04-03 19:30:00,65.80,86.70
129+04641,2020-04-03 19:40:00,62.89,91.63
129+04641,2020-04-03 19:50:00,,
129+04641,2020-04-03 20:00:00,61.94,100.00
129+04641,2020-04-03 20:10:00,64.62,100.00
129+04641,2020-04-03 20:20:00,,
129+04641,2020-04-03 20:30:00,55.12,41.50
129+04641,2020-04-03 20:40:00,54.05,55.60
129+04641,2020-04-03 20:50:00,57.02,90.00
129+04641,2020-04-03 21:00:00,51.19,60.50
129+04641,2020-04-03 21:10:00,55.43,91.20
129+04641,2020-04-03 21:20:00,57.81,94.60
129+04641,2020-04-03 21:30:00,62.00,99.89
129+04641,2020-04-03 21:40:00,,
129+04641,2020-04-03 21:50:00,,
129+04641,2020-04-03 22:00:00,,
129+04641,2020-04-03 22:10:00,60.00,99.10
129+04641,2020-04-03 22:20:00,59.18,99.70
129+04641,2020-04-03 22:30:00,59.16,100.00
129+04641,2020-04-03 22:40:00,61.83,100.00
129+04641,2020-04-03 22:50:00,66.64,82.00
129+04641,2020-04-03 23:00:00,66.68,71.50
129+04641,2020-04-03 23:10:00,65.59,81.50
129+04641,2020-04-03 23:20:00,61.58,82.70
129+04641,2020-04-03 23:30:00,57.44,48.00
129+04641,2020-04-03 23:40:00,,
129+04641,2020-04-03 23:50:00,,
129P04638,2020-04-03 00:00:00,59.97,85.89
129P04638,2020-04-03 00:10:00,,
129P04638,2020-04-03 00:20:00,,
129P04638,2020-04-03 00:30:00,,
129P04638,2020-04-03 00:40:00,,
129P04638,2020-04-03 00:50:00,,
129P04638,2020-04-03 01:00:00,58.14,97.33
129P04638,2020-04-03 01:10:00,59.33,93.67
129P04638,2020-04-03 01:20:00,,
129P04638,2020-04-03 01:30:00,,
129P04638,2020-04-03 01:40:00,,
129P04638,2020-04-03 01:50:00,,
129P04638,2020-04-03 02:00:00,,
129P04638,2020-04-03 02:10:00,,
129P04638,2020-04-03 02:20:00,,
129P04638,2020-04-03 02:30:00,,
129P04638,2020-04-03 02:40:00,,
129P04638,2020-04-03 02:50:00,,
129P04638,2020-04-03 03:00:00,,
129P04638,2020-04-03 03:10:00,,
129P04638,2020-04-03 03:20:00,69.00,100.00
129P04638,2020-04-03 03:30:00,64.74,80.00
129P04638,2020-04-03 03:40:00,59.00,67.50
129P04638,2020-04-03 03:50:00,,
129P04638,2020-04-03 04:00:00,,
129P04638,2020-04-03 04:10:00,,
129P04638,2020-04-03 04:20:00,,
129P04638,2020-04-03 04:30:00,,
129P04638,2020-04-03 04:40:00,67.00,100.00
129P04638,2020-04-03 04:50:00,67.00,100.00
129P04638,2020-04-03 05:00:00,,
129P04638,2020-04-03 05:10:00,,
129P04638,2020-04-03 05:20:00,,
129P04638,2020-04-03 05:30:00,65.00,96.11
129P04638,2020-04-03 05:40:00,57.00,74.60
129P04638,2020-04-03 05:50:00,57.00,89.00
129P04638,2020-04-03 06:00:00,49.00,100.00
129P04638,2020-04-03 06:10:00,49.00,100.00
129P04638,2020-04-03 06:20:00,63.00,100.00
129P04638,2020-04-03 06:30:00,61.70,100.00
129P04638,2020-04-03 06:40:00,62.80,100.00
129P04638,2020-04-03 06:50:00,65.70,81.00
129P04638,2020-04-03 07:00:00,62.25,100.00
129P04638,2020-04-03 07:10:00,56.42,100.00
129P04638,2020-04-03 07:20:00,60.61,100.00
129P04638,2020-04-03 07:30:00,65.98,81.30
129P04638,2020-04-03 07:40:00,64.01,79.60
129P04638,2020-04-03 07:50:00,62.68,97.20
129P04638,2020-04-03 08:00:00,61.93,100.00
129P04638,2020-04-03 08:10:00,55.96,100.00
129P04638,2020-04-03 08:20:00,63.08,85.80
129P04638,2020-04-03 08:30:00,64.56,92.50
129P04638,2020-04-03 08:40:00,57.68,100.00
129P04638,2020-04-03 08:50:00,60.75,88.10
129P04638,2020-04-03 09:00:00,61.38,100.00
129P04638,2020-04-03 09:10:00,56.56,54.80
129P04638,2020-04-03 09:20:00,61.36,100.00
129P04638,2020-04-03 09:30:00,59.44,95.90
129P04638,2020-04-03 09:40:00,61.51,91.80
129P04638,2020-04-03 09:50:00,59.24,100.00
129P04638,2020-04-03 10:00:00,56.09,100.00
129P04638,2020-04-03 10:10:00,67.04,30.30
129P04638,2020-04-03 10:20:00,67.30,54.90
129P04638,2020-04-03 10:30:00,62.16,100.00
129P04638,2020-04-03 10:40:00,60.14,100.00
129P04638,2020-04-03 10:50:00,66.98,86.30
129P04638,2020-04-03 11:00:00,65.76,93.50
129P04638,2020-04-03 11:10:00,60.00,96.20
129P04638,2020-04-03 11:20:00,60.19,74.90
129P04638,2020-04-03 11:30:00,67.47,63.90
129P04638,2020-04-03 11:40:00,59.98,100.00
129P04638,2020-04-03 11:50:00,64.27,87.90
129P04638,2020-04-03 12:00:00,69.00,51.00
129P04638,2020-04-03 12:10:00,60.44,90.80
129P04638,2020-04-03 12:20:00,60.84,97.40
129P04638,2020-04-03 12:30:00,67.31,61.50
129P04638,2020-04-03 12:40:00,71.45,44.60
129P04638,2020-04-03 12:50:00,66.82,85.90
129P04638,2020-04-03 13:00:00,62.79,100.00
129P04638,2020-04-03 13:10:00,58.49,100.00
129P04638,2020-04-03 13:20:00,64.56,98.50
129P04638,2020-04-03 13:30:00,62.78,100.00
129P04638,2020-04-03 13:40:00,62.54,69.50
129P04638,2020-04-03 13:50:00,63.16,73.80
129P04638,2020-04-03 14:00:00,71.79,24.30
129P04638,2020-04-03 14:10:00,62.38,100.00
129P04638,2020-04-03 14:20:00,61.72,100.00
129P04638,2020-04-03 14:30:00,66.76,93.30
129P04638,2020-04-03 14:40:00,68.38,88.90
129P04638,2020-04-03 14:50:00,67.79,89.60
129P04638,2020-04-03 15:00:00,67.39,95.10
129P04638,2020-04-03 15:10:00,67.00,97.60
129P04638,2020-04-03 15:20:00,67.17,99.30
129P04638,2020-04-03 15:30:00,59.81,99.40
129P04638,2020-04-03 15:40:00,52.77,78.00
129P04638,2020-04-03 15:50:00,60.40,89.60
129P04638,2020-04-03 16:00:00,66.98,61.70
129P04638,2020-04-03 16:10:00,65.98,75.70
129P04638,2020-04-03 16:20:00,72.29,35.50
129P04638,2020-04-03 16:30:00,67.75,95.70
129P04638,2020-04-03 16:40:00,68.72,90.90
129P04638,2020-04-03 16:50:00,62.26,98.40
129P04638,2020-04-03 17:00:00,68.29,76.90
129P04638,2020-04-03 17:10:00,73.88,55.00
129P04638,2020-04-03 17:20:00,73.13,66.40
129P04638,2020-04-03 17:30:00,67.56,84.30
129P04638,2020-04-03 17:40:00,71.59,88.30
129P04638,2020-04-03 17:50:00,63.79,87.20
129P04638,2020-04-03 18:00:00,65.46,76.80
129P04638,2020-04-03 18:10:00,70.02,77.20
129P04638,2020-04-03 18:20:00,63.19,99.60
129P04638,2020-04-03 18:30:00,69.05,72.00
129P04638,2020-04-03 18:40:00,71.00,72.75
129P04638,2020-04-03 18:50:00,,
129P04638,2020-04-03 19:00:00,,
129P04638,2020-04-03 19:10:00,54.00,79.30
129P04638,2020-04-03 19:20:00,75.00,45.50
129P04638,2020-04-03 19:30:00,75.00,33.40
129P04638,2020-04-03 19:40:00,,
129P04638,2020-04-03 19:50:00,55.42,67.11
129P04638,2020-04-03 20:00:00,62.83,91.90
129P04638,2020-04-03 20:10:00,69.00,100.00
129P04638,2020-04-03 20:20:00,73.00,46.71
129P04638,2020-04-03 20:30:00,63.20,47.33
129P04638,2020-04-03 20:40:00,43.00,17.30
129P04638,2020-04-03 20:50:00,67.00,100.00
129P04638,2020-04-03 21:00:00,67.00,100.00
129P04638,2020-04-03 21:10:00,59.00,100.00
129P04638,2020-04-03 21:20:00,64.92,100.00
129P04638,2020-04-03 21:30:00,67.00,100.00
129P04638,2020-04-03 21:40:00,47.00,26.88
129P04638,2020-04-03 21:50:00,47.00,32.50
129P04638,2020-04-03 22:00:00,53.00,92.50
129P04638,2020-04-03 22:10:00,53.00,94.70
129P04638,2020-04-03 22:20:00,54.96,100.00
129P04638,2020-04-03 22:30:00,63.00,100.00
129P04638,2020-04-03 22:40:00,63.00,100.00
129P04638,2020-04-03 22:50:00,,
129P04638,2020-04-03 23:00:00,69.00,78.00
129P04638,2020-04-03 23:10:00,59.83,63.40
129P04638,2020-04-03 23:20:00,56.20,64.30
129P04638,2020-04-03 23:30:00,56.00,89.50
129P04638,2020-04-03 23:40:00,,
129P04638,2020-04-03 23:50:00,,
129+04642,2020-04-03 00:00:00,67.74,31.10
129+04642,2020-04-03 00:10:00,64.09,80.10
129+04642,2020-04-03 00:20:00,66.09,66.50
129+04642,2020-04-03 00:30:00,68.89,70.70
129+04642,2020-04-03 00:40:00,55.42,24.00
129+04642,2020-04-03 00:50:00,,
129+04642,2020-04-03 01:00:00,55.98,42.00
129+04642,2020-04-03 01:10:00,57.00,68.50
129+04642,2020-04-03 01:20:00,57.00,87.00
129+04642,2020-04-03 01:30:00,57.16,98.67
129+04642,2020-04-03 01:40:00,56.19,98.70
129+04642,2020-04-03 01:50:00,54.09,89.33
129+04642,2020-04-03 02:00:00,52.50,81.50
129+04642,2020-04-03 02:10:00,,
129+04642,2020-04-03 02:20:00,58.90,76.60
129+04642,2020-04-03 02:30:00,57.11,95.11
129+04642,2020-04-03 02:40:00,,
129+04642,2020-04-03 02:50:00,,
129+04642,2020-04-03 03:00:00,54.62,85.88
129+04642,2020-04-03 03:10:00,59.49,75.00
129+04642,2020-04-03 03:20:00,64.94,47.50
129+04642,2020-04-03 03:30:00,60.35,88.80
129+04642,2020-04-03 03:40:00,57.37,94.30
129+04642,2020-04-03 03:50:00,53.59,71.50
129+04642,2020-04-03 04:00:00,57.76,89.90
129+04642,2020-04-03 04:10:00,57.84,86.50
129+04642,2020-04-03 04:20:00,60.47,81.10
129+04642,2020-04-03 04:30:00,58.00,94.00
129+04642,2020-04-03 04:40:00,68.12,46.33
129+04642,2020-04-03 04:50:00,64.88,75.20
129+04642,2020-04-03 05:00:00,59.95,85.50
129+04642,2020-04-03 05:10:00,61.06,81.50
129+04642,2020-04-03 05:20:00,66.67,67.40
129+04642,2020-04-03 05:30:00,71.96,31.70
129+04642,2020-04-03 05:40:00,59.83,81.10
129+04642,2020-04-03 05:50:00,68.03,63.50
129+04642,2020-04-03 06:00:00,65.09,88.30
129+04642,2020-04-03 06:10:00,58.35,80.80
129+04642,2020-04-03 06:20:00,58.29,85.80
129+04642,2020-04-03 06:30:00,60.39,100.00
129+04642,2020-04-03 06:40:00,61.09,99.00
129+04642,2020-04-03 06:50:00,65.79,63.40
129+04642,2020-04-03 07:00:00,70.19,30.70
129+04642,2020-04-03 07:10:00,69.40,54.50
129+04642,2020-04-03 07:20:00,65.09,93.80
129+04642,2020-04-03 07:30:00,60.97,100.00
129+04642,2020-04-03 07:40:00,64.36,99.50
129+04642,2020-04-03 07:50:00,58.95,92.50
129+04642,2020-04-03 08:00:00,58.44,95.20
129+04642,2020-04-03 08:10:00,58.98,100.00
129+04642,2020-04-03 08:20:00,66.48,54.10
129+04642,2020-04-03 08:30:00,65.08,73.70
129+04642,2020-04-03 08:40:00,65.27,85.40
129+04642,2020-04-03 08:50:00,66.57,85.70
129+04642,2020-04-03 09:00:00,63.81,98.50
129+04642,2020-04-03 09:10:00,58.29,100.00
129+04642,2020-04-03 09:20:00,60.61,94.80
129+04642,2020-04-03 09:30:00,63.48,91.80
129+04642,2020-04-03 09:40:00,61.59,100.00
129+04642,2020-04-03 09:50:00,60.85,100.00
129+04642,2020-04-03 10:00:00,62.68,97.20
129+04642,2020-04-03 10:10:00,64.69,80.60
129+04642,2020-04-03 10:20:00,64.66,93.10
129+04642,2020-04-03 10:30:00,64.17,97.40
129+04642,2020-04-03 10:40:00,60.84,99.60
129+04642,2020-04-03 10:50:00,62.20,100.00
129+04642,2020-04-03 11:00:00,68.36,77.50
129+04642,2020-04-03 11:10:00,65.33,88.70
129+04642,2020-04-03 11:20:00,66.38,88.20
129+04642,2020-04-03 11:30:00,66.66,90.60
129+04642,2020-04-03 11:40:00,64.45,99.30
129+04642,2020-04-03 11:50:00,71.87,44.10
129+04642,2020-04-03 12:00:00,65.14,92.80
129+04642,2020-04-03 12:10:00,64.16,97.20
129+04642,2020-04-03 12:20:00,64.37,97.50
129+04642,2020-04-03 12:30:00,64.48,99.30
129+04642,2020-04-03 12:40:00,66.84,80.80
129+04642,2020-04-03 12:50:00,64.11,98.10
129+04642,2020-04-03 13:00:00,62.08,96.20
129+04642,2020-04-03 13:10:00,60.53,99.90
129+04642,2020-04-03 13:20:00,62.67,100.00
129+04642,2020-04-03 13:30:00,64.20,90.30
129+04642,2020-04-03 13:40:00,64.25,95.70
129+04642,2020-04-03 13:50:00,64.27,88.20
129+04642,2020-04-03 14:00:00,67.09,68.10
129+04642,2020-04-03 14:10:00,66.37,84.20
129+04642,2020-04-03 14:20:00,68.29,87.40
129+04642,2020-04-03 14:30:00,63.71,96.90
129+04642,2020-04-03 14:40:00,63.73,99.70
129+04642,2020-04-03 14:50:00,64.52,98.80
129+04642,2020-04-03 15:00:00,61.89,99.00
129+04642,2020-04-03 15:10:00,64.94,89.20
129+04642,2020-04-03 15:20:00,67.36,81.60
129+04642,2020-04-03 15:30:00,65.51,99.00
129+04642,2020-04-03 15:40:00,69.59,85.80
129+04642,2020-04-03 15:50:00,59.34,54.90
129+04642,2020-04-03 16:00:00,61.33,81.30
129+04642,2020-04-03 16:10:00,67.98,98.80
129+04642,2020-04-03 16:20:00,66.44,100.00
129+04642,2020-04-03 16:30:00,61.26,87.40
129+04642,2020-04-03 16:40:00,58.91,65.70
129+04642,2020-04-03 16:50:00,67.60,80.50
129+04642,2020-04-03 17:00:00,66.19,90.90
129+04642,2020-04-03 17:10:00,68.04,96.30
129+04642,2020-04-03 17:20:00,71.90,88.10
129+04642,2020-04-03 17:30:00,64.58,64.60
129+04642,2020-04-03 17:40:00,69.71,75.60
129+04642,2020-04-03 17:50:00,62.27,70.70
129+04642,2020-04-03 18:00:00,63.37,83.60
129+04642,2020-04-03 18:10:00,65.68,96.00
129+04642,2020-04-03 18:20:00,64.96,82.30
129+04642,2020-04-03 18:30:00,68.46,82.40
129+04642,2020-04-03 18:40:00,67.39,94.20
129+04642,2020-04-03 18:50:00,67.51,89.80
129+04642,2020-04-03 19:00:00,69.74,73.50
129+04642,2020-04-03 19:10:00,62.07,62.70
129+04642,2020-04-03 19:20:00,58.59,42.60
129+04642,2020-04-03 19:30:00,62.72,87.50
129+04642,2020-04-03 19:40:00,61.07,93.40
129+04642,2020-04-03 19:50:00,58.00,100.00
129+04642,2020-04-03 20:00:00,59.46,100.00
129+04642,2020-04-03 20:10:00,62.79,100.00
129+04642,2020-04-03 20:20:00,55.00,65.33
129+04642,2020-04-03 20:30:00,57.07,92.70
129+04642,2020-04-03 20:40:00,53.04,67.10
129+04642,2020-04-03 20:50:00,52.68,77.40
129+04642,2020-04-03 21:00:00,52.39,81.90
129+04642,2020-04-03 21:10:00,60.63,98.10
129+04642,2020-04-03 21:20:00,59.84,96.90
129+04642,2020-04-03 21:30:00,62.40,97.20
129+04642,2020-04-03 21:40:00,54.84,71.00
129+04642,2020-04-03 21:50:00,,
129+04642,2020-04-03 22:00:00,,
129+04642,2020-04-03 22:10:00,63.47,100.00
129+04642,2020-04-03 22:20:00,64.00,100.00
129+04642,2020-04-03 22:30:00,60.00,100.00
129+04642,2020-04-03 22:40:00,57.28,86.20
129+04642,2020-04-03 22:50:00,59.00,74.40
129+04642,2020-04-03 23:00:00,67.71,43.43
129+04642,2020-04-03 23:10:00,63.92,79.80
129+04642,2020-04-03 23:20:00,61.54,92.40
129+04642,2020-04-03 23:30:00,58.30,72.10
129+04642,2020-04-03 23:40:00,62.07,57.70
129+04642,2020-04-03 23:50:00,68.14,49.57
129+04400,2020-04-03 00:00:00,45.00,99.67
129+04400,2020-04-03 00:10:00,44.18,99.60
129+04400,2020-04-03 00:20:00,43.00,99.67
129+04400,2020-04-03 00:30:00,,
129+04400,2020-04-03 00:40:00,,
129+04400,2020-04-03 00:50:00,,
129+04400,2020-04-03 01:00:00,,
129+04400,2020-04-03 01:10:00,46.00,98.40
129+04400,2020-04-03 01:20:00,44.93,97.00
129+04400,2020-04-03 01:30:00,,
129+04400,2020-04-03 01:40:00,,
129+04400,2020-04-03 01:50:00,,
129+04400,2020-04-03 02:00:00,,
129+04400,2020-04-03 02:10:00,,
129+04400,2020-04-03 02:20:00,41.38,97.75
129+04400,2020-04-03 02:30:00,40.28,97.50
129+04400,2020-04-03 02:40:00,39.80,99.10
129+04400,2020-04-03 02:50:00,40.00,100.00
129+04400,2020-04-03 03:00:00,,
129+04400,2020-04-03 03:10:00,,
129+04400,2020-04-03 03:20:00,,
129+04400,2020-04-03 03:30:00,,
129+04400,2020-04-03 03:40:00,,
129+04400,2020-04-03 03:50:00,,
129+04400,2020-04-03 04:00:00,,
129+04400,2020-04-03 04:10:00,,
129+04400,2020-04-03 04:20:00,40.00,100.00
129+04400,2020-04-03 04:30:00,,
129+04400,2020-04-03 04:40:00,,
129+04400,2020-04-03 04:50:00,,
129+04400,2020-04-03 05:00:00,,
129+04400,2020-04-03 05:10:00,,
129+04400,2020-04-03 05:20:00,42.00,100.00
129+04400,2020-04-03 05:30:00,42.00,100.00
129+04400,2020-04-03 05:40:00,40.00,93.00
129+04400,2020-04-03 05:50:00,46.49,88.83
129+04400,2020-04-03 06:00:00,42.89,99.00
129+04400,2020-04-03 06:10:00,49.18,75.00
129+04400,2020-04-03 06:20:00,47.51,69.50
129+04400,2020-04-03 06:30:00,47.67,80.89
129+04400,2020-04-03 06:40:00,41.94,100.00
129+04400,2020-04-03 06:50:00,39.00,100.00
129+04400,2020-04-03 07:00:00,48.57,100.00
129+04400,2020-04-03 07:10:00,42.07,100.00
129+04400,2020-04-03 07:20:00,42.08,100.00
129+04400,2020-04-03 07:30:00,50.18,75.80
129+04400,2020-04-03 07:40:00,41.84,100.00
129+04400,2020-04-03 07:50:00,44.00,100.00
129+04400,2020-04-03 08:00:00,42.98,100.00
129+04400,2020-04-03 08:10:00,47.49,100.00
129+04400,2020-04-03 08:20:00,42.43,100.00
129+04400,2020-04-03 08:30:00,47.50,100.00
129+04400,2020-04-03 08:40:00,45.58,100.00
129+04400,2020-04-03 08:50:00,46.32,87.80
129+04400,2020-04-03 09:00:00,41.99,100.00
129+04400,2020-04-03 09:10:00,42.16,100.00
129+04400,2020-04-03 09:20:00,48.72,91.00
129+04400,2020-04-03 09:30:00,48.85,73.30
129+04400,2020-04-03 09:40:00,45.29,100.00
129+04400,2020-04-03 09:50:00,44.57,100.00
129+04400,2020-04-03 10:00:00,48.38,71.80
129+04400,2020-04-03 10:10:00,41.37,100.00
129+04400,2020-04-03 10:20:00,44.97,80.70
129+04400,2020-04-03 10:30:00,46.92,81.50
129+04400,2020-04-03 10:40:00,44.31,84.70
129+04400,2020-04-03 10:50:00,51.55,51.00
129+04400,2020-04-03 11:00:00,43.52,97.60
129+04400,2020-04-03 11:10:00,49.50,75.70
129+04400,2020-04-03 11:20:00,46.62,97.30
129+04400,2020-04-03 11:30:00,51.72,83.20
129+04400,2020-04-03 11:40:00,50.93,89.40
129+04400,2020-04-03 11:50:00,49.39,94.70
129+04400,2020-04-03 12:00:00,45.73,100.00
129+04400,2020-04-03 12:10:00,48.22,93.80
129+04400,2020-04-03 12:20:00,47.40,94.50
129+04400,2020-04-03 12:30:00,42.87,100.00
129+04400,2020-04-03 12:40:00,44.63,100.00
129+04400,2020-04-03 12:50:00,45.53,100.00
129+04400,2020-04-03 13:00:00,43.60,92.50
129+04400,2020-04-03 13:10:00,44.17,96.50
129+04400,2020-04-03 13:20:00,43.65,97.80
129+04400,2020-04-03 13:30:00,45.15,100.00
129+04400,2020-04-03 13:40:00,47.92,88.10
129+04400,2020-04-03 13:50:00,55.06,41.90
129+04400,2020-04-03 14:00:00,51.88,74.60
129+04400,2020-04-03 14:10:00,46.78,99.90
129+04400,2020-04-03 14:20:00,45.06,99.70
129+04400,2020-04-03 14:30:00,43.05,100.00
129+04400,2020-04-03 14:40:00,47.66,87.00
129+04400,2020-04-03 14:50:00,53.76,35.40
129+04400,2020-04-03 15:00:00,50.38,83.50
129+04400,2020-04-03 15:10:00,47.42,96.50
129+04400,2020-04-03 15:20:00,52.24,88.60
129+04400,2020-04-03 15:30:00,47.28,99.90
129+04400,2020-04-03 15:40:00,40.38,100.00
129+04400,2020-04-03 15:50:00,41.52,100.00
129+04400,2020-04-03 16:00:00,49.62,79.50
129+04400,2020-04-03 16:10:00,47.06,59.50
129+04400,2020-04-03 16:20:00,42.84,100.00
129+04400,2020-04-03 16:30:00,46.78,100.00
129+04400,2020-04-03 16:40:00,45.85,93.40
129+04400,2020-04-03 16:50:00,53.09,46.10
129+04400,2020-04-03 17:00:00,40.20,77.10
129+04400,2020-04-03 17:10:00,44.92,100.00
129+04400,2020-04-03 17:20:00,47.05,99.00
129+04400,2020-04-03 17:30:00,45.16,100.00
129+04400,2020-04-03 17:40:00,44.43,100.00
129+04400,2020-04-03 17:50:00,44.54,100.00
129+04400,2020-04-03 18:00:00,47.17,93.10
129+04400,2020-04-03 18:10:00,45.77,98.60
129+04400,2020-04-03 18:20:00,46.61,85.70
129+04400,2020-04-03 18:30:00,50.28,70.60
129+04400,2020-04-03 18:40:00,44.62,96.00
129+04400,2020-04-03 18:50:00,49.07,79.50
129+04400,2020-04-03 19:00:00,51.67,80.90
129+04400,2020-04-03 19:10:00,43.98,100.00
129+04400,2020-04-03 19:20:00,44.09,100.00
129+04400,2020-04-03 19:30:00,42.86,100.00
129+04400,2020-04-03 19:40:00,43.90,100.00
129+04400,2020-04-03 19:50:00,44.85,100.00
129+04400,2020-04-03 20:00:00,42.89,100.00
129+04400,2020-04-03 20:10:00,42.21,100.00
129+04400,2020-04-03 20:20:00,41.45,100.00
129+04400,2020-04-03 20:30:00,43.00,100.00
129+04400,2020-04-03 20:40:00,46.46,89.00
129+04400,2020-04-03 20:50:00,45.85,95.70
129+04400,2020-04-03 21:00:00,43.49,100.00
129+04400,2020-04-03 21:10:00,47.00,99.25
129+04400,2020-04-03 21:20:00,49.26,69.25
129+04400,2020-04-03 21:30:00,49.61,79.60
129+04400,2020-04-03 21:40:00,43.00,100.00
129+04400,2020-04-03 21:50:00,42.00,100.00
129+04400,2020-04-03 22:00:00,44.36,99.00
129+04400,2020-04-03 22:10:00,49.07,81.44
129+04400,2020-04-03 22:20:00,,
129+04400,2020-04-03 22:30:00,,
129+04400,2020-04-03 22:40:00,62.86,29.33
129+04400,2020-04-03 22:50:00,65.00,48.11
129+04400,2020-04-03 23:00:00,51.00,99.00
129+04400,2020-04-03 23:10:00,49.78,65.20
129+04400,2020-04-03 23:20:00,47.15,61.17
129+04400,2020-04-03 23:30:00,41.36,51.30
129+04400,2020-04-03 23:40:00,42.48,83.75
129+04400,2020-04-03 23:50:00,,
129+04643,2020-04-03 00:00:00,65.62,64.25
129+04643,2020-04-03 00:10:00,66.79,66.00
129+04643,2020-04-03 00:20:00,70.40,56.20
129+04643,2020-04-03 00:30:00,68.41,85.50
129+04643,2020-04-03 00:40:00,60.95,43.00
129+04643,2020-04-03 00:50:00,,
129+04643,2020-04-03 01:00:00,,
129+04643,2020-04-03 01:10:00,57.00,54.80
129+04643,2020-04-03 01:20:00,57.00,82.50
129+04643,2020-04-03 01:30:00,58.00,98.67
129+04643,2020-04-03 01:40:00,58.60,98.20
129+04643,2020-04-03 01:50:00,57.18,94.56
129+04643,2020-04-03 02:00:00,54.08,86.20
129+04643,2020-04-03 02:10:00,,
129+04643,2020-04-03 02:20:00,59.00,90.22
129+04643,2020-04-03 02:30:00,60.00,89.60
129+04643,2020-04-03 02:40:00,60.00,91.00
129+04643,2020-04-03 02:50:00,,
129+04643,2020-04-03 03:00:00,56.85,90.14
129+04643,2020-04-03 03:10:00,59.33,90.80
129+04643,2020-04-03 03:20:00,61.50,76.00
129+04643,2020-04-03 03:30:00,60.98,92.90
129+04643,2020-04-03 03:40:00,59.89,97.11
129+04643,2020-04-03 03:50:00,58.98,93.20
129+04643,2020-04-03 04:00:00,61.04,88.60
129+04643,2020-04-03 04:10:00,62.00,90.50
129+04643,2020-04-03 04:20:00,60.76,94.67
129+04643,2020-04-03 04:30:00,,
129+04643,2020-04-03 04:40:00,62.00,83.33
129+04643,2020-04-03 04:50:00,60.40,87.00
129+04643,2020-04-03 05:00:00,61.14,92.40
129+04643,2020-04-03 05:10:00,62.37,67.10
129+04643,2020-04-03 05:20:00,68.85,43.00
129+04643,2020-04-03 05:30:00,72.01,36.70
129+04643,2020-04-03 05:40:00,69.80,80.22
129+04643,2020-04-03 05:50:00,65.00,85.00
129+04643,2020-04-03 06:00:00,62.75,95.20
129+04643,2020-04-03 06:10:00,57.40,70.80
129+04643,2020-04-03 06:20:00,57.04,69.70
129+04643,2020-04-03 06:30:00,62.22,93.30
129+04643,2020-04-03 06:40:00,60.99,98.50
129+04643,2020-04-03 06:50:00,65.16,70.30
129+04643,2020-04-03 07:00:00,73.65,30.10
129+04643,2020-04-03 07:10:00,70.18,72.30
129+04643,2020-04-03 07:20:00,69.27,90.70
129+04643,2020-04-03 07:30:00,61.95,99.80
129+04643,2020-04-03 07:40:00,63.61,99.70
129+04643,2020-04-03 07:50:00,61.56,96.10
129+04643,2020-04-03 08:00:00,61.09,100.00
129+04643,2020-04-03 08:10:00,60.78,100.00
129+04643,2020-04-03 08:20:00,66.94,58.00
129+04643,2020-04-03 08:30:00,65.01,81.30
129+04643,2020-04-03 08:40:00,65.76,85.40
129+04643,2020-04-03 08:50:00,67.12,83.30
129+04643,2020-04-03 09:00:00,63.97,99.00
129+04643,2020-04-03 09:10:00,59.80,100.00
129+04643,2020-04-03 09:20:00,60.46,92.40
129+04643,2020-04-03 09:30:00,68.59,67.50
129+04643,2020-04-03 09:40:00,63.98,98.80
129+04643,2020-04-03 09:50:00,60.15,100.00
129+04643,2020-04-03 10:00:00,63.67,97.30
129+04643,2020-04-03 10:10:00,66.36,87.70
129+04643,2020-04-03 10:20:00,64.06,96.10
129+04643,2020-04-03 10:30:00,64.68,92.30
129+04643,2020-04-03 10:40:00,61.65,99.50
129+04643,2020-04-03 10:50:00,62.59,100.00
129+04643,2020-04-03 11:00:00,69.18,60.30
129+04643,2020-04-03 11:10:00,69.05,72.10
129+04643,2020-04-03 11:20:00,64.40,99.40
129+04643,2020-04-03 11:30:00,67.53,88.30
129+04643,2020-04-03 11:40:00,64.16,97.60
129+04643,2020-04-03 11:50:00,67.82,68.10
129+04643,2020-04-03 12:00:00,66.96,95.20
129+04643,2020-04-03 12:10:00,67.97,82.00
129+04643,2020-04-03 12:20:00,65.37,96.40
129+04643,2020-04-03 12:30:00,63.39,98.60
129+04643,2020-04-03 12:40:00,66.87,93.40
129+04643,2020-04-03 12:50:00,64.67,90.20
129+04643,2020-04-03 13:00:00,65.88,85.70
129+04643,2020-04-03 13:10:00,61.95,100.00
129+04643,2020-04-03 13:20:00,63.59,97.90
129+04643,2020-04-03 13:30:00,63.93,96.90
129+04643,2020-04-03 13:40:00,64.77,99.10
129+04643,2020-04-03 13:50:00,64.32,94.60
129+04643,2020-04-03 14:00:00,69.25,65.00
129+04643,2020-04-03 14:10:00,71.22,61.70
129+04643,2020-04-03 14:20:00,66.28,98.10
129+04643,2020-04-03 14:30:00,68.27,97.00
129+04643,2020-04-03 14:40:00,65.79,99.50
129+04643,2020-04-03 14:50:00,66.13,97.90
129+04643,2020-04-03 15:00:00,63.48,98.10
129+04643,2020-04-03 15:10:00,63.84,95.70
129+04643,2020-04-03 15:20:00,66.60,96.00
129+04643,2020-04-03 15:30:00,63.68,99.90
129+04643,2020-04-03 15:40:00,66.36,98.70
129+04643,2020-04-03 15:50:00,60.75,72.10
129+04643,2020-04-03 16:00:00,61.33,89.10
129+04643,2020-04-03 16:10:00,67.65,98.20
129+04643,2020-04-03 16:20:00,68.77,100.00
129+04643,2020-04-03 16:30:00,64.57,93.60
129+04643,2020-04-03 16:40:00,63.21,72.10
129+04643,2020-04-03 16:50:00,68.46,90.10
129+04643,2020-04-03 17:00:00,67.90,96.50
129+04643,2020-04-03 17:10:00,71.07,94.30
129+04643,2020-04-03 17:20:00,67.90,96.90
129+04643,2020-04-03 17:30:00,66.99,75.20
129+04643,2020-04-03 17:40:00,70.12,71.90
129+04643,2020-04-03 17:50:00,70.37,78.90
129+04643,2020-04-03 18:00:00,65.34,84.40
129+04643,2020-04-03 18:10:00,66.03,99.30
129+04643,2020-04-03 18:20:00,64.41,79.60
129+04643,2020-04-03 18:30:00,67.99,91.70
129+04643,2020-04-03 18:40:00,69.10,76.70
129+04643,2020-04-03 18:50:00,70.92,76.30
129+04643,2020-04-03 19:00:00,69.23,75.20
129+04643,2020-04-03 19:10:00,61.09,46.90
129+04643,2020-04-03 19:20:00,58.30,71.00
129+04643,2020-04-03 19:30:00,60.78,87.80
129+04643,2020-04-03 19:40:00,59.57,99.20
129+04643,2020-04-03 19:50:00,57.90,100.00
129+04643,2020-04-03 20:00:00,60.00,100.00
129+04643,2020-04-03 20:10:00,59.90,100.00
129+04643,2020-04-03 20:20:00,60.89,100.00
129+04643,2020-04-03 20:30:00,58.96,100.00
129+04643,2020-04-03 20:40:00,56.47,78.90
129+04643,2020-04-03 20:50:00,54.03,64.70
129+04643,2020-04-03 21:00:00,52.95,71.70
129+04643,2020-04-03 21:10:00,57.89,100.00
129+04643,2020-04-03 21:20:00,59.01,94.60
129+04643,2020-04-03 21:30:00,66.60,56.90
129+04643,2020-04-03 21:40:00,59.67,77.50
129+04643,2020-04-03 21:50:00,,
129+04643,2020-04-03 22:00:00,57.00,83.50
129+04643,2020-04-03 22:10:00,64.71,100.00
129+04643,2020-04-03 22:20:00,65.00,100.00
129+04643,2020-04-03 22:30:00,61.00,100.00
129+04643,2020-04-03 22:40:00,59.92,100.00
129+04643,2020-04-03 22:50:00,59.73,88.20
129+04643,2020-04-03 23:00:00,68.00,54.10
129+04643,2020-04-03 23:10:00,66.82,70.00
129+04643,2020-04-03 23:20:00,62.57,93.10
129+04643,2020-04-03 23:30:00,61.80,89.70
129+04643,2020-04-03 23:40:00,63.35,51.10
129+04643,2020-04-03 23:50:00,79.64,6.25
129+04401,2020-04-03 00:00:00,56.00,98.40
129+04401,2020-04-03 00:10:00,56.00,99.20
129+04401,2020-04-03 00:20:00,67.00,71.80
129+04401,2020-04-03 00:30:00,,
129+04401,2020-04-03 00:40:00,,
129+04401,2020-04-03 00:50:00,,
129+04401,2020-04-03 01:00:00,,
129+04401,2020-04-03 01:10:00,,
129+04401,2020-04-03 01:20:00,,
129+04401,2020-04-03 01:30:00,,
129+04401,2020-04-03 01:40:00,,
129+04401,2020-04-03 01:50:00,,
129+04401,2020-04-03 02:00:00,,
129+04401,2020-04-03 02:10:00,,
129+04401,2020-04-03 02:20:00,50.00,100.00
129+04401,2020-04-03 02:30:00,52.73,93.30
129+04401,2020-04-03 02:40:00,56.37,90.00
129+04401,2020-04-03 02:50:00,57.00,93.50
129+04401,2020-04-03 03:00:00,,
129+04401,2020-04-03 03:10:00,,
129+04401,2020-04-03 03:20:00,,
129+04401,2020-04-03 03:30:00,,
129+04401,2020-04-03 03:40:00,,
129+04401,2020-04-03 03:50:00,,
129+04401,2020-04-03 04:00:00,,
129+04401,2020-04-03 04:10:00,,
129+04401,2020-04-03 04:20:00,,
129+04401,2020-04-03 04:30:00,,
129+04401,2020-04-03 04:40:00,,
129+04401,2020-04-03 04:50:00,,
129+04401,2020-04-03 05:00:00,,
129+04401,2020-04-03 05:10:00,,
129+04401,2020-04-03 05:20:00,59.00,100.00
129+04401,2020-04-03 05:30:00,59.00,100.00
129+04401,2020-04-03 05:40:00,59.00,100.00
129+04401,2020-04-03 05:50:00,,
129+04401,2020-04-03 06:00:00,61.74,94.50
129+04401,2020-04-03 06:10:00,63.59,93.00
129+04401,2020-04-03 06:20:00,60.53,98.40
129+04401,2020-04-03 06:30:00,57.98,100.00
129+04401,2020-04-03 06:40:00,54.57,100.00
129+04401,2020-04-03 06:50:00,57.71,100.00
129+04401,2020-04-03 07:00:00,60.29,100.00
129+04401,2020-04-03 07:10:00,56.74,81.10
129+04401,2020-04-03 07:20:00,62.27,100.00
129+04401,2020-04-03 07:30:00,57.57,100.00
129+04401,2020-04-03 07:40:00,58.74,80.80
129+04401,2020-04-03 07:50:00,55.18,100.00
129+04401,2020-04-03 08:00:00,55.27,100.00
129+04401,2020-04-03 08:10:00,50.61,66.20
129+04401,2020-04-03 08:20:00,50.05,73.30
129+04401,2020-04-03 08:30:00,58.48,100.00
129+04401,2020-04-03 08:40:00,61.22,100.00
129+04401,2020-04-03 08:50:00,59.47,100.00
129+04401,2020-04-03 09:00:00,56.60,100.00
129+04401,2020-04-03 09:10:00,60.45,100.00
129+04401,2020-04-03 09:20:00,61.92,78.78
129+04401,2020-04-03 09:30:00,57.69,100.00
129+04401,2020-04-03 09:40:00,54.43,91.40
129+04401,2020-04-03 09:50:00,61.13,100.00
129+04401,2020-04-03 10:00:00,59.05,100.00
129+04401,2020-04-03 10:10:00,55.48,100.00
129+04401,2020-04-03 10:20:00,56.40,100.00
129+04401,2020-04-03 10:30:00,49.53,62.10
129+04401,2020-04-03 10:40:00,60.55,68.90
129+04401,2020-04-03 10:50:00,62.13,63.80
129+04401,2020-04-03 11:00:00,54.26,90.10
129+04401,2020-04-03 11:10:00,66.74,43.50
129+04401,2020-04-03 11:20:00,58.12,100.00
129+04401,2020-04-03 11:30:00,63.16,90.30
129+04401,2020-04-03 11:40:00,62.88,86.60
129+04401,2020-04-03 11:50:00,58.16,100.00
129+04401,2020-04-03 12:00:00,55.39,100.00
129+04401,2020-04-03 12:10:00,56.72,100.00
129+04401,2020-04-03 12:20:00,59.29,100.00
129+04401,2020-04-03 12:30:00,61.61,80.40
129+04401,2020-04-03 12:40:00,55.36,100.00
129+04401,2020-04-03 12:50:00,55.78,64.00
129+04401,2020-04-03 13:00:00,63.96,66.60
129+04401,2020-04-03 13:10:00,63.76,79.50
129+04401,2020-04-03 13:20:00,56.95,86.00
129+04401,2020-04-03 13:30:00,57.29,100.00
129+04401,2020-04-03 13:40:00,54.54,100.00
129+04401,2020-04-03 13:50:00,62.78,57.10
129+04401,2020-04-03 14:00:00,58.65,88.80
129+04401,2020-04-03 14:10:00,62.14,84.10
129+04401,2020-04-03 14:20:00,63.34,75.20
129+04401,2020-04-03 14:30:00,63.35,90.10
129+04401,2020-04-03 14:40:00,61.40,89.60
129+04401,2020-04-03 14:50:00,69.83,41.60
129+04401,2020-04-03 15:00:00,65.20,94.80
129+04401,2020-04-03 15:10:00,60.27,98.80
129+04401,2020-04-03 15:20:00,61.04,100.00
129+04401,2020-04-03 15:30:00,60.34,100.00
129+04401,2020-04-03 15:40:00,61.50,97.90
129+04401,2020-04-03 15:50:00,67.28,56.70
129+04401,2020-04-03 16:00:00,67.96,60.60
129+04401,2020-04-03 16:10:00,65.38,78.50
129+04401,2020-04-03 16:20:00,65.13,92.30
129+04401,2020-04-03 16:30:00,63.98,97.30
129+04401,2020-04-03 16:40:00,61.33,99.90
129+04401,2020-04-03 16:50:00,65.00,98.40
129+04401,2020-04-03 17:00:00,61.13,99.50
129+04401,2020-04-03 17:10:00,63.63,84.30
129+04401,2020-04-03 17:20:00,64.75,92.10
129+04401,2020-04-03 17:30:00,62.79,100.00
129+04401,2020-04-03 17:40:00,58.19,100.00
129+04401,2020-04-03 17:50:00,60.19,100.00
129+04401,2020-04-03 18:00:00,60.95,100.00
129+04401,2020-04-03 18:10:00,62.17,100.00
129+04401,2020-04-03 18:20:00,61.70,100.00
129+04401,2020-04-03 18:30:00,66.53,63.80
129+04401,2020-04-03 18:40:00,62.23,100.00
129+04401,2020-04-03 18:50:00,58.29,100.00
129+04401,2020-04-03 19:00:00,58.22,100.00
129+04401,2020-04-03 19:10:00,57.37,100.00
129+04401,2020-04-03 19:20:00,57.14,100.00
129+04401,2020-04-03 19:30:00,56.40,100.00
129+04401,2020-04-03 19:40:00,53.42,75.70
129+04401,2020-04-03 19:50:00,51.87,71.78
129+04401,2020-04-03 20:00:00,52.26,88.70
129+04401,2020-04-03 20:10:00,55.73,99.60
129+04401,2020-04-03 20:20:00,55.97,100.00
129+04401,2020-04-03 20:30:00,59.93,100.00
129+04401,2020-04-03 20:40:00,58.04,100.00
129+04401,2020-04-03 20:50:00,63.39,100.00
129+04401,2020-04-03 21:00:00,61.95,100.00
129+04401,2020-04-03 21:10:00,61.00,100.00
129+04401,2020-04-03 21:20:00,73.62,44.67
129+04401,2020-04-03 21:30:00,70.00,45.10
129+04401,2020-04-03 21:40:00,49.88,52.40
129+04401,2020-04-03 21:50:00,48.00,35.00
129+04401,2020-04-03 22:00:00,60.82,96.50
129+04401,2020-04-03 22:10:00,67.76,81.90
129+04401,2020-04-03 22:20:00,,
129+04401,2020-04-03 22:30:00,,
129+04401,2020-04-03 22:40:00,71.00,62.33
129+04401,2020-04-03 22:50:00,71.00,67.44
129+04401,2020-04-03 23:00:00,65.00,100.00
129+04401,2020-04-03 23:10:00,61.54,73.50
129+04401,2020-04-03 23:20:00,55.49,49.25
129+04401,2020-04-03 23:30:00,63.00,99.88
129+04401,2020-04-03 23:40:00,63.00,99.25
129+04401,2020-04-03 23:50:00,,
129+04644,2020-04-03 00:00:00,64.76,71.90
129+04644,2020-04-03 00:10:00,67.80,53.30
129+04644,2020-04-03 00:20:00,77.13,15.40
129+04644,2020-04-03 00:30:00,68.41,89.90
129+04644,2020-04-03 00:40:00,59.10,39.00
129+04644,2020-04-03 00:50:00,,
129+04644,2020-04-03 01:00:00,,
129+04644,2020-04-03 01:10:00,56.00,48.33
129+04644,2020-04-03 01:20:00,56.00,77.33
129+04644,2020-04-03 01:30:00,56.00,96.00
129+04644,2020-04-03 01:40:00,57.18,93.20
129+04644,2020-04-03 01:50:00,56.60,93.44
129+04644,2020-04-03 02:00:00,51.79,73.30
129+04644,2020-04-03 02:10:00,51.00,75.00
129+04644,2020-04-03 02:20:00,66.74,17.50
129+04644,2020-04-03 02:30:00,61.40,79.50
129+04644,2020-04-03 02:40:00,59.00,100.00
129+04644,2020-04-03 02:50:00,,
129+04644,2020-04-03 03:00:00,57.16,69.83
129+04644,2020-04-03 03:10:00,57.87,83.50
129+04644,2020-04-03 03:20:00,60.99,89.33
129+04644,2020-04-03 03:30:00,62.97,77.60
129+04644,2020-04-03 03:40:00,63.22,83.10
129+04644,2020-04-03 03:50:00,57.24,80.70
129+04644,2020-04-03 04:00:00,61.49,83.00
129+04644,2020-04-03 04:10:00,64.00,92.00
129+04644,2020-04-03 04:20:00,59.00,94.44
129+04644,2020-04-03 04:30:00,,
129+04644,2020-04-03 04:40:00,62.00,96.33
129+04644,2020-04-03 04:50:00,60.83,89.60
129+04644,2020-04-03 05:00:00,60.48,96.30
129+04644,2020-04-03 05:10:00,62.89,77.10
129+04644,2020-04-03 05:20:00,65.52,66.40
129+04644,2020-04-03 05:30:00,72.56,22.30
129+04644,2020-04-03 05:40:00,69.17,75.90
129+04644,2020-04-03 05:50:00,63.49,81.50
129+04644,2020-04-03 06:00:00,63.96,93.70
129+04644,2020-04-03 06:10:00,57.56,80.40
129+04644,2020-04-03 06:20:00,58.16,80.70
129+04644,2020-04-03 06:30:00,62.68,89.50
129+04644,2020-04-03 06:40:00,61.08,100.00
129+04644,2020-04-03 06:50:00,61.51,78.90
129+04644,2020-04-03 07:00:00,68.41,51.90
129+04644,2020-04-03 07:10:00,62.70,92.00
129+04644,2020-04-03 07:20:00,66.16,89.20
129+04644,2020-04-03 07:30:00,61.96,100.00
129+04644,2020-04-03 07:40:00,60.80,99.50
129+04644,2020-04-03 07:50:00,60.39,100.00
129+04644,2020-04-03 08:00:00,61.16,100.00
129+04644,2020-04-03 08:10:00,60.69,100.00
129+04644,2020-04-03 08:20:00,64.21,71.80
129+04644,2020-04-03 08:30:00,61.14,82.50
129+04644,2020-04-03 08:40:00,62.74,89.20
129+04644,2020-04-03 08:50:00,65.31,85.70
129+04644,2020-04-03 09:00:00,65.36,92.80
129+04644,2020-04-03 09:10:00,60.85,94.10
129+04644,2020-04-03 09:20:00,58.01,96.60
129+04644,2020-04-03 09:30:00,67.26,69.10
129+04644,2020-04-03 09:40:00,63.06,96.80
129+04644,2020-04-03 09:50:00,51.39,87.10
129+04644,2020-04-03 10:00:00,63.18,91.50
129+04644,2020-04-03 10:10:00,63.92,91.90
129+04644,2020-04-03 10:20:00,64.08,93.30
129+04644,2020-04-03 10:30:00,64.14,87.60
129+04644,2020-04-03 10:40:00,59.56,100.00
129+04644,2020-04-03 10:50:00,60.16,100.00
129+04644,2020-04-03 11:00:00,66.38,73.40
129+04644,2020-04-03 11:10:00,66.19,77.10
129+04644,2020-04-03 11:20:00,59.70,100.00
129+04644,2020-04-03 11:30:00,66.45,63.40
129+04644,2020-04-03 11:40:00,63.28,97.30
129+04644,2020-04-03 11:50:00,67.17,63.50
129+04644,2020-04-03 12:00:00,64.56,92.80
129+04644,2020-04-03 12:10:00,62.38,100.00
129+04644,2020-04-03 12:20:00,59.57,100.00
129+04644,2020-04-03 12:30:00,60.33,99.80
129+04644,2020-04-03 12:40:00,65.69,81.00
129+04644,2020-04-03 12:50:00,64.22,74.80
129+04644,2020-04-03 13:00:00,65.00,93.70
129+04644,2020-04-03 13:10:00,60.37,100.00
129+04644,2020-04-03 13:20:00,63.08,98.80
129+04644,2020-04-03 13:30:00,61.48,99.80
129+04644,2020-04-03 13:40:00,63.45,99.40
129+04644,2020-04-03 13:50:00,63.81,99.30
129+04644,2020-04-03 14:00:00,64.52,82.00
129+04644,2020-04-03 14:10:00,69.39,60.10
129+04644,2020-04-03 14:20:00,66.33,94.70
129+04644,2020-04-03 14:30:00,64.32,97.80
129+04644,2020-04-03 14:40:00,61.98,99.70
129+04644,2020-04-03 14:50:00,65.32,95.90
129+04644,2020-04-03 15:00:00,60.25,100.00
129+04644,2020-04-03 15:10:00,60.73,94.40
129+04644,2020-04-03 15:20:00,65.78,83.50
129+04644,2020-04-03 15:30:00,61.89,99.60
129+04644,2020-04-03 15:40:00,65.67,99.50
129+04644,2020-04-03 15:50:00,62.71,89.70
129+04644,2020-04-03 16:00:00,63.52,89.30
129+04644,2020-04-03 16:10:00,66.27,92.40
129+04644,2020-04-03 16:20:00,66.55,99.60
129+04644,2020-04-03 16:30:00,62.89,91.60
129+04644,2020-04-03 16:40:00,60.47,94.20
129+04644,2020-04-03 16:50:00,68.94,73.60
129+04644,2020-04-03 17:00:00,67.56,96.00
129+04644,2020-04-03 17:10:00,67.87,91.80
129+04644,2020-04-03 17:20:00,67.14,95.00
129+04644,2020-04-03 17:30:00,66.36,80.90
129+04644,2020-04-03 17:40:00,67.47,75.00
129+04644,2020-04-03 17:50:00,66.66,65.10
129+04644,2020-04-03 18:00:00,65.97,90.00
129+04644,2020-04-03 18:10:00,65.69,95.50
129+04644,2020-04-03 18:20:00,61.70,88.30
129+04644,2020-04-03 18:30:00,66.76,89.40
129+04644,2020-04-03 18:40:00,70.10,74.40
129+04644,2020-04-03 18:50:00,70.75,69.50
129+04644,2020-04-03 19:00:00,67.85,63.70
129+04644,2020-04-03 19:10:00,61.29,41.80
129+04644,2020-04-03 19:20:00,57.87,80.50
129+04644,2020-04-03 19:30:00,59.58,95.30
129+04644,2020-04-03 19:40:00,58.49,100.00
129+04644,2020-04-03 19:50:00,52.90,98.50
129+04644,2020-04-03 20:00:00,52.00,85.00
129+04644,2020-04-03 20:10:00,59.30,100.00
129+04644,2020-04-03 20:20:00,54.89,83.10
129+04644,2020-04-03 20:30:00,54.59,88.38
129+04644,2020-04-03 20:40:00,58.54,92.40
129+04644,2020-04-03 20:50:00,49.34,46.70
129+04644,2020-04-03 21:00:00,34.49,38.10
129+04644,2020-04-03 21:10:00,57.30,100.00
129+04644,2020-04-03 21:20:00,55.19,100.00
129+04644,2020-04-03 21:30:00,64.13,100.00
129+04644,2020-04-03 21:40:00,59.52,100.00
129+04644,2020-04-03 21:50:00,,
129+04644,2020-04-03 22:00:00,52.00,56.25
129+04644,2020-04-03 22:10:00,61.11,100.00
129+04644,2020-04-03 22:20:00,62.00,100.00
129+04644,2020-04-03 22:30:00,58.00,100.00
129+04644,2020-04-03 22:40:00,57.32,94.70
129+04644,2020-04-03 22:50:00,54.79,64.70
129+04644,2020-04-03 23:00:00,66.49,38.70
129+04644,2020-04-03 23:10:00,66.17,63.00
129+04644,2020-04-03 23:20:00,62.27,94.50
129+04644,2020-04-03 23:30:00,60.99,96.50
129+04644,2020-04-03 23:40:00,61.94,78.70
129+04644,2020-04-03 23:50:00,76.57,9.78
129P04756,2020-04-03 00:00:00,56.39,80.67
129P04756,2020-04-03 00:10:00,,
129P04756,2020-04-03 00:20:00,,
129P04756,2020-04-03 00:30:00,,
129P04756,2020-04-03 00:40:00,,
129P04756,2020-04-03 00:50:00,48.57,100.00
129P04756,2020-04-03 01:00:00,46.24,98.13
129P04756,2020-04-03 01:10:00,,
129P04756,2020-04-03 01:20:00,,
129P04756,2020-04-03 01:30:00,,
129P04756,2020-04-03 01:40:00,,
129P04756,2020-04-03 01:50:00,,
129P04756,2020-04-03 02:00:00,,
129P04756,2020-04-03 02:10:00,,
129P04756,2020-04-03 02:20:00,,
129P04756,2020-04-03 02:30:00,,
129P04756,2020-04-03 02:40:00,,
129P04756,2020-04-03 02:50:00,,
129P04756,2020-04-03 03:00:00,,
129P04756,2020-04-03 03:10:00,,
129P04756,2020-04-03 03:20:00,51.00,100.00
129P04756,2020-04-03 03:30:00,43.79,85.70
129P04756,2020-04-03 03:40:00,,
129P04756,2020-04-03 03:50:00,,
129P04756,2020-04-03 04:00:00,,
129P04756,2020-04-03 04:10:00,,
129P04756,2020-04-03 04:20:00,61.00,
129P04756,2020-04-03 04:30:00,61.00,99.10
129P04756,2020-04-03 04:40:00,59.24,100.00
129P04756,2020-04-03 04:50:00,59.00,100.00
129P04756,2020-04-03 05:00:00,,
129P04756,2020-04-03 05:10:00,,
129P04756,2020-04-03 05:20:00,40.00,46.33
129P04756,2020-04-03 05:30:00,40.40,75.43
129P04756,2020-04-03 05:40:00,54.21,36.50
129P04756,2020-04-03 05:50:00,42.45,49.00
129P04756,2020-04-03 06:00:00,35.00,56.00
129P04756,2020-04-03 06:10:00,,
129P04756,2020-04-03 06:20:00,,
129P04756,2020-04-03 06:30:00,,
129P04756,2020-04-03 06:40:00,45.17,100.00
129P04756,2020-04-03 06:50:00,54.49,53.20
129P04756,2020-04-03 07:00:00,53.00,94.00
129P04756,2020-04-03 07:10:00,43.58,100.00
129P04756,2020-04-03 07:20:00,47.18,100.00
129P04756,2020-04-03 07:30:00,57.47,80.50
129P04756,2020-04-03 07:40:00,46.51,100.00
129P04756,2020-04-03 07:50:00,43.19,100.00
129P04756,2020-04-03 08:00:00,37.95,100.00
129P04756,2020-04-03 08:10:00,33.84,78.11
129P04756,2020-04-03 08:20:00,33.14,93.89
129P04756,2020-04-03 08:30:00,36.44,94.70
129P04756,2020-04-03 08:40:00,42.73,100.00
129P04756,2020-04-03 08:50:00,48.44,75.00
129P04756,2020-04-03 09:00:00,49.39,100.00
129P04756,2020-04-03 09:10:00,42.16,100.00
129P04756,2020-04-03 09:20:00,34.98,100.00
129P04756,2020-04-03 09:30:00,35.29,100.00
129P04756,2020-04-03 09:40:00,40.25,100.00
129P04756,2020-04-03 09:50:00,41.63,100.00
129P04756,2020-04-03 10:00:00,41.87,100.00
129P04756,2020-04-03 10:10:00,44.90,100.00
129P04756,2020-04-03 10:20:00,38.20,94.50
129P04756,2020-04-03 10:30:00,28.88,100.00
129P04756,2020-04-03 10:40:00,41.79,64.80
129P04756,2020-04-03 10:50:00,43.95,72.40
129P04756,2020-04-03 11:00:00,54.36,65.00
129P04756,2020-04-03 11:10:00,20.35,100.00
129P04756,2020-04-03 11:20:00,30.63,58.00
129P04756,2020-04-03 11:30:00,45.59,93.80
129P04756,2020-04-03 11:40:00,45.71,100.00
129P04756,2020-04-03 11:50:00,46.41,100.00
129P04756,2020-04-03 12:00:00,47.64,88.30
129P04756,2020-04-03 12:10:00,42.79,92.20
129P04756,2020-04-03 12:20:00,36.82,100.00
129P04756,2020-04-03 12:30:00,44.59,63.40
129P04756,2020-04-03 12:40:00,39.55,99.60
129P04756,2020-04-03 12:50:00,49.30,74.30
129P04756,2020-04-03 13:00:00,52.26,74.50
129P04756,2020-04-03 13:10:00,44.00,96.60
129P04756,2020-04-03 13:20:00,43.78,96.30
129P04756,2020-04-03 13:30:00,31.64,100.00
129P04756,2020-04-03 13:40:00,55.26,61.90
129P04756,2020-04-03 13:50:00,51.14,92.80
129P04756,2020-04-03 14:00:00,47.68,89.10
129P04756,2020-04-03 14:10:00,40.89,98.60
129P04756,2020-04-03 14:20:00,47.11,100.00
129P04756,2020-04-03 14:30:00,26.26,100.00
129P04756,2020-04-03 14:40:00,36.92,100.00
129P04756,2020-04-03 14:50:00,46.26,87.30
129P04756,2020-04-03 15:00:00,35.63,92.00
129P04756,2020-04-03 15:10:00,38.17,81.00
129P04756,2020-04-03 15:20:00,20.79,50.22
129P04756,2020-04-03 15:30:00,52.08,76.90
129P04756,2020-04-03 15:40:00,50.87,84.50
129P04756,2020-04-03 15:50:00,50.86,81.70
129P04756,2020-04-03 16:00:00,48.18,82.10
129P04756,2020-04-03 16:10:00,53.94,86.40
129P04756,2020-04-03 16:20:00,58.47,87.50
129P04756,2020-04-03 16:30:00,59.55,62.90
129P04756,2020-04-03 16:40:00,55.14,85.40
129P04756,2020-04-03 16:50:00,34.06,99.80
129P04756,2020-04-03 17:00:00,56.57,84.00
129P04756,2020-04-03 17:10:00,51.55,91.50
129P04756,2020-04-03 17:20:00,54.67,89.70
129P04756,2020-04-03 17:30:00,50.73,96.40
129P04756,2020-04-03 17:40:00,42.99,81.40
129P04756,2020-04-03 17:50:00,56.05,72.00
129P04756,2020-04-03 18:00:00,57.22,29.30
129P04756,2020-04-03 18:10:00,44.78,80.00
129P04756,2020-04-03 18:20:00,50.93,81.70
129P04756,2020-04-03 18:30:00,44.74,95.70
129P04756,2020-04-03 18:40:00,49.18,71.50
129P04756,2020-04-03 18:50:00,59.97,35.11
129P04756,2020-04-03 19:00:00,53.94,86.70
129P04756,2020-04-03 19:10:00,52.75,96.40
129P04756,2020-04-03 19:20:00,58.71,82.50
129P04756,2020-04-03 19:30:00,55.48,95.60
129P04756,2020-04-03 19:40:00,50.28,99.30
129P04756,2020-04-03 19:50:00,53.29,98.00
129P04756,2020-04-03 20:00:00,33.15,100.00
129P04756,2020-04-03 20:10:00,,
129P04756,2020-04-03 20:20:00,61.96,20.29
129P04756,2020-04-03 20:30:00,51.11,65.83
129P04756,2020-04-03 20:40:00,50.00,100.00
129P04756,2020-04-03 20:50:00,46.51,100.00
129P04756,2020-04-03 21:00:00,44.53,100.00
129P04756,2020-04-03 21:10:00,48.63,83.50
129P04756,2020-04-03 21:20:00,58.55,45.89
129P04756,2020-04-03 21:30:00,37.25,100.00
129P04756,2020-04-03 21:40:00,39.43,100.00
129P04756,2020-04-03 21:50:00,14.61,71.33
129P04756,2020-04-03 22:00:00,52.00,100.00
129P04756,2020-04-03 22:10:00,47.67,100.00
129P04756,2020-04-03 22:20:00,,
129P04756,2020-04-03 22:30:00,43.21,100.00
129P04756,2020-04-03 22:40:00,39.00,100.00
129P04756,2020-04-03 22:50:00,,
129P04756,2020-04-03 23:00:00,65.00,35.88
129P04756,2020-04-03 23:10:00,56.52,72.88
129P04756,2020-04-03 23:20:00,50.00,97.63
129P04756,2020-04-03 23:30:00,,
129P04756,2020-04-03 23:40:00,,
129P04756,2020-04-03 23:50:00,69.00,38.00
129+04402,2020-04-03 00:00:00,56.00,96.00
129+04402,2020-04-03 00:10:00,56.00,97.20
129+04402,2020-04-03 00:20:00,65.00,73.50
129+04402,2020-04-03 00:30:00,,
129+04402,2020-04-03 00:40:00,,
129+04402,2020-04-03 00:50:00,,
129+04402,2020-04-03 01:00:00,,
129+04402,2020-04-03 01:10:00,,
129+04402,2020-04-03 01:20:00,,
129+04402,2020-04-03 01:30:00,,
129+04402,2020-04-03 01:40:00,,
129+04402,2020-04-03 01:50:00,,
129+04402,2020-04-03 02:00:00,,
129+04402,2020-04-03 02:10:00,,
129+04402,2020-04-03 02:20:00,49.00,100.00
129+04402,2020-04-03 02:30:00,53.05,85.70
129+04402,2020-04-03 02:40:00,53.58,98.50
129+04402,2020-04-03 02:50:00,53.00,100.00
129+04402,2020-04-03 03:00:00,,
129+04402,2020-04-03 03:10:00,,
129+04402,2020-04-03 03:20:00,,
129+04402,2020-04-03 03:30:00,,
129+04402,2020-04-03 03:40:00,,
129+04402,2020-04-03 03:50:00,,
129+04402,2020-04-03 04:00:00,,
129+04402,2020-04-03 04:10:00,,
129+04402,2020-04-03 04:20:00,,
129+04402,2020-04-03 04:30:00,,
129+04402,2020-04-03 04:40:00,,
129+04402,2020-04-03 04:50:00,,
129+04402,2020-04-03 05:00:00,,
129+04402,2020-04-03 05:10:00,,
129+04402,2020-04-03 05:20:00,57.00,100.00
129+04402,2020-04-03 05:30:00,47.00,88.80
129+04402,2020-04-03 05:40:00,47.00,97.00
129+04402,2020-04-03 05:50:00,,
129+04402,2020-04-03 06:00:00,54.75,53.30
129+04402,2020-04-03 06:10:00,61.22,55.80
129+04402,2020-04-03 06:20:00,60.75,92.70
129+04402,2020-04-03 06:30:00,56.98,100.00
129+04402,2020-04-03 06:40:00,49.82,92.60
129+04402,2020-04-03 06:50:00,65.30,100.00
129+04402,2020-04-03 07:00:00,64.79,100.00
129+04402,2020-04-03 07:10:00,54.53,100.00
129+04402,2020-04-03 07:20:00,63.39,100.00
129+04402,2020-04-03 07:30:00,62.34,100.00
129+04402,2020-04-03 07:40:00,60.88,100.00
129+04402,2020-04-03 07:50:00,58.34,100.00
129+04402,2020-04-03 08:00:00,59.72,100.00
129+04402,2020-04-03 08:10:00,55.99,64.80
129+04402,2020-04-03 08:20:00,55.63,82.70
129+04402,2020-04-03 08:30:00,60.76,100.00
129+04402,2020-04-03 08:40:00,63.87,100.00
129+04402,2020-04-03 08:50:00,65.47,100.00
129+04402,2020-04-03 09:00:00,55.46,100.00
129+04402,2020-04-03 09:10:00,60.95,100.00
129+04402,2020-04-03 09:20:00,46.56,85.10
129+04402,2020-04-03 09:30:00,60.20,100.00
129+04402,2020-04-03 09:40:00,57.64,94.50
129+04402,2020-04-03 09:50:00,62.71,77.90
129+04402,2020-04-03 10:00:00,62.15,100.00
129+04402,2020-04-03 10:10:00,57.40,100.00
129+04402,2020-04-03 10:20:00,57.90,100.00
129+04402,2020-04-03 10:30:00,60.21,74.70
129+04402,2020-04-03 10:40:00,64.12,76.00
129+04402,2020-04-03 10:50:00,62.09,56.10
129+04402,2020-04-03 11:00:00,46.16,66.90
129+04402,2020-04-03 11:10:00,60.84,91.30
129+04402,2020-04-03 11:20:00,61.13,100.00
129+04402,2020-04-03 11:30:00,65.44,69.10
129+04402,2020-04-03 11:40:00,66.92,56.20
129+04402,2020-04-03 11:50:00,61.92,98.90
129+04402,2020-04-03 12:00:00,58.00,100.00
129+04402,2020-04-03 12:10:00,57.89,100.00
129+04402,2020-04-03 12:20:00,60.54,100.00
129+04402,2020-04-03 12:30:00,64.05,81.00
129+04402,2020-04-03 12:40:00,56.33,84.30
129+04402,2020-04-03 12:50:00,61.61,24.80
129+04402,2020-04-03 13:00:00,67.48,62.70
129+04402,2020-04-03 13:10:00,66.59,78.90
129+04402,2020-04-03 13:20:00,60.10,88.40
129+04402,2020-04-03 13:30:00,61.43,100.00
129+04402,2020-04-03 13:40:00,55.11,76.20
129+04402,2020-04-03 13:50:00,62.15,59.50
129+04402,2020-04-03 14:00:00,63.49,71.10
129+04402,2020-04-03 14:10:00,64.70,93.50
129+04402,2020-04-03 14:20:00,65.50,84.50
129+04402,2020-04-03 14:30:00,66.26,87.00
129+04402,2020-04-03 14:40:00,62.90,94.80
129+04402,2020-04-03 14:50:00,70.47,47.10
129+04402,2020-04-03 15:00:00,68.09,86.70
129+04402,2020-04-03 15:10:00,65.38,97.20
129+04402,2020-04-03 15:20:00,66.76,98.60
129+04402,2020-04-03 15:30:00,65.58,99.90
129+04402,2020-04-03 15:40:00,67.83,89.90
129+04402,2020-04-03 15:50:00,72.76,58.90
129+04402,2020-04-03 16:00:00,67.30,86.70
129+04402,2020-04-03 16:10:00,67.41,97.10
129+04402,2020-04-03 16:20:00,60.45,99.20
129+04402,2020-04-03 16:30:00,65.12,99.90
129+04402,2020-04-03 16:40:00,63.44,100.00
129+04402,2020-04-03 16:50:00,67.00,100.00
129+04402,2020-04-03 17:00:00,64.96,99.20
129+04402,2020-04-03 17:10:00,67.16,85.30
129+04402,2020-04-03 17:20:00,65.39,100.00
129+04402,2020-04-03 17:30:00,65.00,100.00
129+04402,2020-04-03 17:40:00,59.68,100.00
129+04402,2020-04-03 17:50:00,63.38,100.00
129+04402,2020-04-03 18:00:00,63.31,100.00
129+04402,2020-04-03 18:10:00,65.00,100.00
129+04402,2020-04-03 18:20:00,64.92,100.00
129+04402,2020-04-03 18:30:00,66.96,96.60
129+04402,2020-04-03 18:40:00,56.32,97.00
129+04402,2020-04-03 18:50:00,62.08,91.00
129+04402,2020-04-03 19:00:00,62.66,100.00
129+04402,2020-04-03 19:10:00,62.59,99.90
129+04402,2020-04-03 19:20:00,55.07,95.40
129+04402,2020-04-03 19:30:00,58.92,91.50
129+04402,2020-04-03 19:40:00,52.05,52.90
129+04402,2020-04-03 19:50:00,49.10,62.60
129+04402,2020-04-03 20:00:00,48.19,69.70
129+04402,2020-04-03 20:10:00,50.40,95.25
129+04402,2020-04-03 20:20:00,55.23,97.90
129+04402,2020-04-03 20:30:00,54.14,100.00
129+04402,2020-04-03 20:40:00,55.23,100.00
129+04402,2020-04-03 20:50:00,57.87,100.00
129+04402,2020-04-03 21:00:00,59.45,99.60
129+04402,2020-04-03 21:10:00,62.00,100.00
129+04402,2020-04-03 21:20:00,75.00,51.00
129+04402,2020-04-03 21:30:00,71.01,26.30
129+04402,2020-04-03 21:40:00,46.00,19.60
129+04402,2020-04-03 21:50:00,46.00,38.00
129+04402,2020-04-03 22:00:00,60.02,96.50
129+04402,2020-04-03 22:10:00,67.76,83.40
129+04402,2020-04-03 22:20:00,,
129+04402,2020-04-03 22:30:00,,
129+04402,2020-04-03 22:40:00,71.00,59.67
129+04402,2020-04-03 22:50:00,71.00,65.33
129+04402,2020-04-03 23:00:00,66.00,100.00
129+04402,2020-04-03 23:10:00,59.79,58.70
129+04402,2020-04-03 23:20:00,54.25,45.00
129+04402,2020-04-03 23:30:00,60.33,99.63
129+04402,2020-04-03 23:40:00,61.00,99.50
129+04402,2020-04-03 23:50:00,,
129P04479,2020-04-03 00:00:00,57.91,70.83
129P04479,2020-04-03 00:10:00,,
129P04479,2020-04-03 00:20:00,,
129P04479,2020-04-03 00:30:00,,
129P04479,2020-04-03 00:40:00,,
129P04479,2020-04-03 00:50:00,55.00,100.00
129P04479,2020-04-03 01:00:00,56.62,96.75
129P04479,2020-04-03 01:10:00,,
129P04479,2020-04-03 01:20:00,,
129P04479,2020-04-03 01:30:00,,
129P04479,2020-04-03 01:40:00,,
129P04479,2020-04-03 01:50:00,,
129P04479,2020-04-03 02:00:00,,
129P04479,2020-04-03 02:10:00,,
129P04479,2020-04-03 02:20:00,,
129P04479,2020-04-03 02:30:00,,
129P04479,2020-04-03 02:40:00,,
129P04479,2020-04-03 02:50:00,,
129P04479,2020-04-03 03:00:00,,
129P04479,2020-04-03 03:10:00,,
129P04479,2020-04-03 03:20:00,60.00,100.00
129P04479,2020-04-03 03:30:00,55.56,83.50
129P04479,2020-04-03 03:40:00,,
129P04479,2020-04-03 03:50:00,,
129P04479,2020-04-03 04:00:00,,
129P04479,2020-04-03 04:10:00,,
129P04479,2020-04-03 04:20:00,,
129P04479,2020-04-03 04:30:00,62.00,100.00
129P04479,2020-04-03 04:40:00,59.36,95.38
129P04479,2020-04-03 04:50:00,59.00,97.50
129P04479,2020-04-03 05:00:00,,
129P04479,2020-04-03 05:10:00,,
129P04479,2020-04-03 05:20:00,55.00,76.33
129P04479,2020-04-03 05:30:00,55.00,91.83
129P04479,2020-04-03 05:40:00,75.00,31.89
129P04479,2020-04-03 05:50:00,75.00,64.50
129P04479,2020-04-03 06:00:00,,
129P04479,2020-04-03 06:10:00,,
129P04479,2020-04-03 06:20:00,,
129P04479,2020-04-03 06:30:00,,
129P04479,2020-04-03 06:40:00,58.00,100.00
129P04479,2020-04-03 06:50:00,62.69,90.80
129P04479,2020-04-03 07:00:00,59.45,100.00
129P04479,2020-04-03 07:10:00,55.00,100.00
129P04479,2020-04-03 07:20:00,56.76,100.00
129P04479,2020-04-03 07:30:00,63.14,63.40
129P04479,2020-04-03 07:40:00,57.03,95.70
129P04479,2020-04-03 07:50:00,55.00,100.00
129P04479,2020-04-03 08:00:00,52.09,80.80
129P04479,2020-04-03 08:10:00,49.54,65.00
129P04479,2020-04-03 08:20:00,60.03,75.50
129P04479,2020-04-03 08:30:00,54.75,100.00
129P04479,2020-04-03 08:40:00,54.68,100.00
129P04479,2020-04-03 08:50:00,56.02,100.00
129P04479,2020-04-03 09:00:00,56.18,100.00
129P04479,2020-04-03 09:10:00,53.97,100.00
129P04479,2020-04-03 09:20:00,53.49,100.00
129P04479,2020-04-03 09:30:00,56.42,100.00
129P04479,2020-04-03 09:40:00,57.10,100.00
129P04479,2020-04-03 09:50:00,52.53,100.00
129P04479,2020-04-03 10:00:00,48.89,100.00
129P04479,2020-04-03 10:10:00,54.99,100.00
129P04479,2020-04-03 10:20:00,54.56,100.00
129P04479,2020-04-03 10:30:00,52.49,100.00
129P04479,2020-04-03 10:40:00,55.76,82.60
129P04479,2020-04-03 10:50:00,57.76,81.40
129P04479,2020-04-03 11:00:00,57.68,88.10
129P04479,2020-04-03 11:10:00,53.39,97.70
129P04479,2020-04-03 11:20:00,55.29,89.40
129P04479,2020-04-03 11:30:00,54.91,95.00
129P04479,2020-04-03 11:40:00,54.96,90.40
129P04479,2020-04-03 11:50:00,52.15,100.00
129P04479,2020-04-03 12:00:00,54.08,100.00
129P04479,2020-04-03 12:10:00,55.98,100.00
129P04479,2020-04-03 12:20:00,55.00,100.00
129P04479,2020-04-03 12:30:00,57.57,90.40
129P04479,2020-04-03 12:40:00,57.44,90.90
129P04479,2020-04-03 12:50:00,58.90,89.10
129P04479,2020-04-03 13:00:00,57.27,98.90
129P04479,2020-04-03 13:10:00,58.97,94.40
129P04479,2020-04-03 13:20:00,56.37,92.60
129P04479,2020-04-03 13:30:00,52.60,100.00
129P04479,2020-04-03 13:40:00,60.18,83.10
129P04479,2020-04-03 13:50:00,61.07,79.90
129P04479,2020-04-03 14:00:00,59.83,84.10
129P04479,2020-04-03 14:10:00,56.38,100.00
129P04479,2020-04-03 14:20:00,57.18,100.00
129P04479,2020-04-03 14:30:00,55.39,100.00
129P04479,2020-04-03 14:40:00,55.89,100.00
129P04479,2020-04-03 14:50:00,56.88,96.60
129P04479,2020-04-03 15:00:00,62.26,54.20
129P04479,2020-04-03 15:10:00,59.45,78.30
129P04479,2020-04-03 15:20:00,57.76,96.70
129P04479,2020-04-03 15:30:00,58.87,96.90
129P04479,2020-04-03 15:40:00,55.78,96.30
129P04479,2020-04-03 15:50:00,59.22,77.10
129P04479,2020-04-03 16:00:00,59.14,92.90
129P04479,2020-04-03 16:10:00,55.72,100.00
129P04479,2020-04-03 16:20:00,59.33,89.90
129P04479,2020-04-03 16:30:00,63.59,69.10
129P04479,2020-04-03 16:40:00,58.74,89.80
129P04479,2020-04-03 16:50:00,54.41,100.00
129P04479,2020-04-03 17:00:00,59.85,91.60
129P04479,2020-04-03 17:10:00,53.54,99.80
129P04479,2020-04-03 17:20:00,54.78,97.00
129P04479,2020-04-03 17:30:00,56.36,97.10
129P04479,2020-04-03 17:40:00,55.46,92.00
129P04479,2020-04-03 17:50:00,57.53,86.40
129P04479,2020-04-03 18:00:00,58.86,81.90
129P04479,2020-04-03 18:10:00,54.77,99.90
129P04479,2020-04-03 18:20:00,61.50,47.30
129P04479,2020-04-03 18:30:00,67.00,38.50
129P04479,2020-04-03 18:40:00,67.00,76.50
129P04479,2020-04-03 18:50:00,64.85,70.67
129P04479,2020-04-03 19:00:00,55.00,100.00
129P04479,2020-04-03 19:10:00,57.55,99.80
129P04479,2020-04-03 19:20:00,57.97,100.00
129P04479,2020-04-03 19:30:00,59.00,100.00
129P04479,2020-04-03 19:40:00,53.00,100.00
129P04479,2020-04-03 19:50:00,48.00,93.60
129P04479,2020-04-03 20:00:00,57.66,100.00
129P04479,2020-04-03 20:10:00,,
129P04479,2020-04-03 20:20:00,71.00,20.56
129P04479,2020-04-03 20:30:00,71.00,35.50
129P04479,2020-04-03 20:40:00,60.00,100.00
129P04479,2020-04-03 20:50:00,60.00,100.00
129P04479,2020-04-03 21:00:00,,
129P04479,2020-04-03 21:10:00,57.97,100.00
129P04479,2020-04-03 21:20:00,60.00,100.00
129P04479,2020-04-03 21:30:00,48.00,42.33
129P04479,2020-04-03 21:40:00,47.00,23.30
129P04479,2020-04-03 21:50:00,50.80,87.11
129P04479,2020-04-03 22:00:00,52.00,100.00
129P04479,2020-04-03 22:10:00,,
129P04479,2020-04-03 22:20:00,,
129P04479,2020-04-03 22:30:00,57.00,100.00
129P04479,2020-04-03 22:40:00,,
129P04479,2020-04-03 22:50:00,,
129P04479,2020-04-03 23:00:00,65.00,62.50
129P04479,2020-04-03 23:10:00,61.31,81.29
129P04479,2020-04-03 23:20:00,57.00,90.67
129P04479,2020-04-03 23:30:00,,
129P04479,2020-04-03 23:40:00,,
129P04479,2020-04-03 23:50:00,,
129+04640,2020-04-03 00:00:00,67.69,57.40
129+04640,2020-04-03 00:10:00,66.00,83.67
129+04640,2020-04-03 00:20:00,70.00,69.67
129+04640,2020-04-03 00:30:00,68.89,82.17
129+04640,2020-04-03 00:40:00,,
129+04640,2020-04-03 00:50:00,,
129+04640,2020-04-03 01:00:00,58.14,36.14
129+04640,2020-04-03 01:10:00,58.00,59.75
129+04640,2020-04-03 01:20:00,58.00,95.00
129+04640,2020-04-03 01:30:00,56.47,89.80
129+04640,2020-04-03 01:40:00,56.35,92.38
129+04640,2020-04-03 01:50:00,57.50,97.90
129+04640,2020-04-03 02:00:00,58.00,99.00
129+04640,2020-04-03 02:10:00,,
129+04640,2020-04-03 02:20:00,,
129+04640,2020-04-03 02:30:00,,
129+04640,2020-04-03 02:40:00,,
129+04640,2020-04-03 02:50:00,57.00,100.00
129+04640,2020-04-03 03:00:00,57.86,94.10
129+04640,2020-04-03 03:10:00,61.57,79.20
129+04640,2020-04-03 03:20:00,63.00,72.00
129+04640,2020-04-03 03:30:00,63.39,83.30
129+04640,2020-04-03 03:40:00,58.35,85.30
129+04640,2020-04-03 03:50:00,56.59,75.38
129+04640,2020-04-03 04:00:00,58.00,93.75
129+04640,2020-04-03 04:10:00,61.93,84.29
129+04640,2020-04-03 04:20:00,58.14,97.86
129+04640,2020-04-03 04:30:00,58.00,99.00
129+04640,2020-04-03 04:40:00,60.98,78.50
129+04640,2020-04-03 04:50:00,61.76,70.40
129+04640,2020-04-03 05:00:00,58.25,89.38
129+04640,2020-04-03 05:10:00,,
129+04640,2020-04-03 05:20:00,70.38,26.20
129+04640,2020-04-03 05:30:00,63.92,71.80
129+04640,2020-04-03 05:40:00,57.87,39.50
129+04640,2020-04-03 05:50:00,72.66,64.60
129+04640,2020-04-03 06:00:00,60.47,91.00
129+04640,2020-04-03 06:10:00,61.69,70.40
129+04640,2020-04-03 06:20:00,67.33,92.20
129+04640,2020-04-03 06:30:00,63.39,100.00
129+04640,2020-04-03 06:40:00,62.89,100.00
129+04640,2020-04-03 06:50:00,66.56,79.40
129+04640,2020-04-03 07:00:00,67.65,88.00
129+04640,2020-04-03 07:10:00,67.05,84.20
129+04640,2020-04-03 07:20:00,61.78,100.00
129+04640,2020-04-03 07:30:00,63.47,99.10
129+04640,2020-04-03 07:40:00,63.67,99.60
129+04640,2020-04-03 07:50:00,62.30,100.00
129+04640,2020-04-03 08:00:00,63.35,99.20
129+04640,2020-04-03 08:10:00,65.38,91.90
129+04640,2020-04-03 08:20:00,66.27,90.10
129+04640,2020-04-03 08:30:00,62.59,93.30
129+04640,2020-04-03 08:40:00,62.24,94.40
129+04640,2020-04-03 08:50:00,62.48,100.00
129+04640,2020-04-03 09:00:00,66.41,69.00
129+04640,2020-04-03 09:10:00,61.01,66.80
129+04640,2020-04-03 09:20:00,60.49,100.00
129+04640,2020-04-03 09:30:00,62.79,100.00
129+04640,2020-04-03 09:40:00,62.49,100.00
129+04640,2020-04-03 09:50:00,64.64,85.60
129+04640,2020-04-03 10:00:00,66.38,80.50
129+04640,2020-04-03 10:10:00,67.19,83.30
129+04640,2020-04-03 10:20:00,65.08,85.90
129+04640,2020-04-03 10:30:00,63.20,97.20
129+04640,2020-04-03 10:40:00,60.68,100.00
129+04640,2020-04-03 10:50:00,64.34,93.90
129+04640,2020-04-03 11:00:00,64.78,97.70
129+04640,2020-04-03 11:10:00,63.56,93.80
129+04640,2020-04-03 11:20:00,63.67,93.40
129+04640,2020-04-03 11:30:00,67.38,90.70
129+04640,2020-04-03 11:40:00,63.77,85.10
129+04640,2020-04-03 11:50:00,70.07,51.70
129+04640,2020-04-03 12:00:00,62.78,98.60
129+04640,2020-04-03 12:10:00,61.87,100.00
129+04640,2020-04-03 12:20:00,62.50,100.00
129+04640,2020-04-03 12:30:00,65.89,95.80
129+04640,2020-04-03 12:40:00,65.46,85.30
129+04640,2020-04-03 12:50:00,67.09,90.80
129+04640,2020-04-03 13:00:00,63.10,100.00
129+04640,2020-04-03 13:10:00,64.77,99.00
129+04640,2020-04-03 13:20:00,64.52,90.90
129+04640,2020-04-03 13:30:00,63.54,98.80
129+04640,2020-04-03 13:40:00,64.82,88.70
129+04640,2020-04-03 13:50:00,66.19,83.60
129+04640,2020-04-03 14:00:00,71.09,52.80
129+04640,2020-04-03 14:10:00,67.57,93.30
129+04640,2020-04-03 14:20:00,66.89,98.10
129+04640,2020-04-03 14:30:00,65.88,99.30
129+04640,2020-04-03 14:40:00,68.50,94.90
129+04640,2020-04-03 14:50:00,66.39,98.30
129+04640,2020-04-03 15:00:00,65.08,100.00
129+04640,2020-04-03 15:10:00,68.38,94.50
129+04640,2020-04-03 15:20:00,67.29,98.00
129+04640,2020-04-03 15:30:00,67.59,99.30
129+04640,2020-04-03 15:40:00,67.58,96.80
129+04640,2020-04-03 15:50:00,66.28,94.20
129+04640,2020-04-03 16:00:00,67.59,98.30
129+04640,2020-04-03 16:10:00,67.39,99.60
129+04640,2020-04-03 16:20:00,65.96,99.40
129+04640,2020-04-03 16:30:00,66.17,93.20
129+04640,2020-04-03 16:40:00,68.23,75.80
129+04640,2020-04-03 16:50:00,67.78,91.00
129+04640,2020-04-03 17:00:00,69.87,81.20
129+04640,2020-04-03 17:10:00,73.61,56.30
129+04640,2020-04-03 17:20:00,70.98,86.90
129+04640,2020-04-03 17:30:00,68.99,91.60
129+04640,2020-04-03 17:40:00,69.51,77.90
129+04640,2020-04-03 17:50:00,66.39,68.90
129+04640,2020-04-03 18:00:00,69.08,93.00
129+04640,2020-04-03 18:10:00,67.77,98.40
129+04640,2020-04-03 18:20:00,70.21,77.60
129+04640,2020-04-03 18:30:00,71.45,76.90
129+04640,2020-04-03 18:40:00,67.46,85.30
129+04640,2020-04-03 18:50:00,67.19,88.30
129+04640,2020-04-03 19:00:00,65.76,90.30
129+04640,2020-04-03 19:10:00,60.59,89.20
129+04640,2020-04-03 19:20:00,60.66,97.90
129+04640,2020-04-03 19:30:00,69.79,63.80
129+04640,2020-04-03 19:40:00,64.74,83.75
129+04640,2020-04-03 19:50:00,57.33,65.67
129+04640,2020-04-03 20:00:00,60.79,82.00
129+04640,2020-04-03 20:10:00,65.39,100.00
129+04640,2020-04-03 20:20:00,69.59,54.40
129+04640,2020-04-03 20:30:00,66.63,64.10
129+04640,2020-04-03 20:40:00,55.81,60.60
129+04640,2020-04-03 20:50:00,56.92,65.90
129+04640,2020-04-03 21:00:00,58.59,93.10
129+04640,2020-04-03 21:10:00,57.81,90.43
129+04640,2020-04-03 21:20:00,63.17,96.30
129+04640,2020-04-03 21:30:00,66.00,100.00
129+04640,2020-04-03 21:40:00,50.73,29.83
129+04640,2020-04-03 21:50:00,49.97,33.14
129+04640,2020-04-03 22:00:00,54.65,82.67
129+04640,2020-04-03 22:10:00,53.26,83.10
129+04640,2020-04-03 22:20:00,58.91,97.71
129+04640,2020-04-03 22:30:00,62.87,100.00
129+04640,2020-04-03 22:40:00,62.00,100.00
129+04640,2020-04-03 22:50:00,65.77,100.00
129+04640,2020-04-03 23:00:00,67.17,61.33
129+04640,2020-04-03 23:10:00,66.87,79.10
129+04640,2020-04-03 23:20:00,62.99,91.10
129+04640,2020-04-03 23:30:00,57.38,53.30
129+04640,2020-04-03 23:40:00,51.00,17.75
129+04640,2020-04-03 23:50:00,,
129P04752,2020-04-03 00:00:00,34.00,67.75
129P04752,2020-04-03 00:10:00,,
129P04752,2020-04-03 00:20:00,,
129P04752,2020-04-03 00:30:00,39.25,81.13
129P04752,2020-04-03 00:40:00,39.00,92.50
129P04752,2020-04-03 00:50:00,,
129P04752,2020-04-03 01:00:00,,
129P04752,2020-04-03 01:10:00,,
129P04752,2020-04-03 01:20:00,,
129P04752,2020-04-03 01:30:00,,
129P04752,2020-04-03 01:40:00,,
129P04752,2020-04-03 01:50:00,,
129P04752,2020-04-03 02:00:00,,
129P04752,2020-04-03 02:10:00,,
129P04752,2020-04-03 02:20:00,,
129P04752,2020-04-03 02:30:00,,
129P04752,2020-04-03 02:40:00,,
129P04752,2020-04-03 02:50:00,,
129P04752,2020-04-03 03:00:00,,
129P04752,2020-04-03 03:10:00,,
129P04752,2020-04-03 03:20:00,,
129P04752,2020-04-03 03:30:00,,
129P04752,2020-04-03 03:40:00,,
129P04752,2020-04-03 03:50:00,,
129P04752,2020-04-03 04:00:00,,
129P04752,2020-04-03 04:10:00,,
129P04752,2020-04-03 04:20:00,,
129P04752,2020-04-03 04:30:00,,
129P04752,2020-04-03 04:40:00,,
129P04752,2020-04-03 04:50:00,,
129P04752,2020-04-03 05:00:00,,
129P04752,2020-04-03 05:10:00,,
129P04752,2020-04-03 05:20:00,,
129P04752,2020-04-03 05:30:00,,
129P04752,2020-04-03 05:40:00,,
129P04752,2020-04-03 05:50:00,,
129P04752,2020-04-03 06:00:00,27.00,100.00
129P04752,2020-04-03 06:10:00,,
129P04752,2020-04-03 06:20:00,,
129P04752,2020-04-03 06:30:00,23.66,100.00
129P04752,2020-04-03 06:40:00,24.92,99.40
129P04752,2020-04-03 06:50:00,37.47,95.10
129P04752,2020-04-03 07:00:00,25.04,100.00
129P04752,2020-04-03 07:10:00,27.39,98.67
129P04752,2020-04-03 07:20:00,31.22,100.00
129P04752,2020-04-03 07:30:00,29.71,97.75
129P04752,2020-04-03 07:40:00,28.87,98.50
129P04752,2020-04-03 07:50:00,32.78,98.40
129P04752,2020-04-03 08:00:00,29.00,98.30
129P04752,2020-04-03 08:10:00,27.86,99.44
129P04752,2020-04-03 08:20:00,30.32,93.40
129P04752,2020-04-03 08:30:00,31.51,94.50
129P04752,2020-04-03 08:40:00,24.58,99.00
129P04752,2020-04-03 08:50:00,19.33,100.00
129P04752,2020-04-03 09:00:00,18.17,100.00
129P04752,2020-04-03 09:10:00,23.19,100.00
129P04752,2020-04-03 09:20:00,28.31,67.67
129P04752,2020-04-03 09:30:00,31.88,82.50
129P04752,2020-04-03 09:40:00,31.13,83.20
129P04752,2020-04-03 09:50:00,25.00,90.60
129P04752,2020-04-03 10:00:00,25.17,83.50
129P04752,2020-04-03 10:10:00,23.43,96.78
129P04752,2020-04-03 10:20:00,23.32,96.33
129P04752,2020-04-03 10:30:00,24.16,98.80
129P04752,2020-04-03 10:40:00,,
129P04752,2020-04-03 10:50:00,34.94,37.33
129P04752,2020-04-03 11:00:00,28.57,80.20
129P04752,2020-04-03 11:10:00,24.59,98.30
129P04752,2020-04-03 11:20:00,27.53,93.00
129P04752,2020-04-03 11:30:00,28.79,88.80
129P04752,2020-04-03 11:40:00,35.33,79.70
129P04752,2020-04-03 11:50:00,30.14,97.80
129P04752,2020-04-03 12:00:00,25.12,100.00
129P04752,2020-04-03 12:10:00,25.63,100.00
129P04752,2020-04-03 12:20:00,28.14,100.00
129P04752,2020-04-03 12:30:00,27.77,100.00
129P04752,2020-04-03 12:40:00,,
129P04752,2020-04-03 12:50:00,,
129P04752,2020-04-03 13:00:00,,
129P04752,2020-04-03 13:10:00,24.00,98.44
129P04752,2020-04-03 13:20:00,29.99,41.10
129P04752,2020-04-03 13:30:00,29.66,51.00
129P04752,2020-04-03 13:40:00,24.71,77.57
129P04752,2020-04-03 13:50:00,22.67,98.10
129P04752,2020-04-03 14:00:00,22.00,98.00
129P04752,2020-04-03 14:10:00,27.00,75.67
129P04752,2020-04-03 14:20:00,28.00,60.40
129P04752,2020-04-03 14:30:00,27.76,70.50
129P04752,2020-04-03 14:40:00,23.58,98.25
129P04752,2020-04-03 14:50:00,25.10,99.50
129P04752,2020-04-03 15:00:00,25.92,89.11
129P04752,2020-04-03 15:10:00,24.77,75.30
129P04752,2020-04-03 15:20:00,19.66,90.60
129P04752,2020-04-03 15:30:00,17.00,100.00
129P04752,2020-04-03 15:40:00,,
129P04752,2020-04-03 15:50:00,35.00,81.00
129P04752,2020-04-03 16:00:00,36.79,37.30
129P04752,2020-04-03 16:10:00,24.74,91.63
129P04752,2020-04-03 16:20:00,25.47,98.38
129P04752,2020-04-03 16:30:00,,
129P04752,2020-04-03 16:40:00,,
129P04752,2020-04-03 16:50:00,22.00,76.50
129P04752,2020-04-03 17:00:00,33.48,41.70
129P04752,2020-04-03 17:10:00,20.66,94.80
129P04752,2020-04-03 17:20:00,19.00,99.00
129P04752,2020-04-03 17:30:00,21.43,96.63
129P04752,2020-04-03 17:40:00,25.00,96.60
129P04752,2020-04-03 17:50:00,24.37,73.13
129P04752,2020-04-03 18:00:00,22.77,74.50
129P04752,2020-04-03 18:10:00,23.00,93.00
129P04752,2020-04-03 18:20:00,32.03,66.10
129P04752,2020-04-03 18:30:00,26.37,96.70
129P04752,2020-04-03 18:40:00,24.31,85.00
129P04752,2020-04-03 18:50:00,23.00,82.00
129P04752,2020-04-03 19:00:00,29.00,97.17
129P04752,2020-04-03 19:10:00,28.24,95.43
129P04752,2020-04-03 19:20:00,,
129P04752,2020-04-03 19:30:00,22.96,93.63
129P04752,2020-04-03 19:40:00,27.29,75.00
129P04752,2020-04-03 19:50:00,28.08,71.78
129P04752,2020-04-03 20:00:00,,
129P04752,2020-04-03 20:10:00,,
129P04752,2020-04-03 20:20:00,,
129P04752,2020-04-03 20:30:00,,
129P04752,2020-04-03 20:40:00,39.00,36.40
129P04752,2020-04-03 20:50:00,39.00,53.71
129P04752,2020-04-03 21:00:00,,
129P04752,2020-04-03 21:10:00,35.00,83.00
129P04752,2020-04-03 21:20:00,35.47,82.33
129P04752,2020-04-03 21:30:00,,
129P04752,2020-04-03 21:40:00,,
129P04752,2020-04-03 21:50:00,28.00,91.00
129P04752,2020-04-03 22:00:00,28.89,90.89
129P04752,2020-04-03 22:10:00,,
129P04752,2020-04-03 22:20:00,,
129P04752,2020-04-03 22:30:00,,
129P04752,2020-04-03 22:40:00,,
129P04752,2020-04-03 22:50:00,,
129P04752,2020-04-03 23:00:00,,
129P04752,2020-04-03 23:10:00,,
129P04752,2020-04-03 23:20:00,,
129P04752,2020-04-03 23:30:00,,
129P04752,2020-04-03 23:40:00,,
129P04752,2020-04-03 23:50:00,,
129+04638,2020-04-03 00:00:00,61.97,85.89
129+04638,2020-04-03 00:10:00,,
129+04638,2020-04-03 00:20:00,,
129+04638,2020-04-03 00:30:00,,
129+04638,2020-04-03 00:40:00,,
129+04638,2020-04-03 00:50:00,,
129+04638,2020-04-03 01:00:00,56.79,97.33
129+04638,2020-04-03 01:10:00,57.97,93.67
129+04638,2020-04-03 01:20:00,,
129+04638,2020-04-03 01:30:00,,
129+04638,2020-04-03 01:40:00,,
129+04638,2020-04-03 01:50:00,,
129+04638,2020-04-03 02:00:00,,
129+04638,2020-04-03 02:10:00,,
129+04638,2020-04-03 02:20:00,,
129+04638,2020-04-03 02:30:00,,
129+04638,2020-04-03 02:40:00,,
129+04638,2020-04-03 02:50:00,,
129+04638,2020-04-03 03:00:00,,
129+04638,2020-04-03 03:10:00,,
129+04638,2020-04-03 03:20:00,69.00,100.00
129+04638,2020-04-03 03:30:00,64.50,80.00
129+04638,2020-04-03 03:40:00,59.00,67.50
129+04638,2020-04-03 03:50:00,,
129+04638,2020-04-03 04:00:00,,
129+04638,2020-04-03 04:10:00,,
129+04638,2020-04-03 04:20:00,,
129+04638,2020-04-03 04:30:00,,
129+04638,2020-04-03 04:40:00,67.00,100.00
129+04638,2020-04-03 04:50:00,67.00,100.00
129+04638,2020-04-03 05:00:00,,
129+04638,2020-04-03 05:10:00,,
129+04638,2020-04-03 05:20:00,,
129+04638,2020-04-03 05:30:00,65.00,96.11
129+04638,2020-04-03 05:40:00,57.00,74.60
129+04638,2020-04-03 05:50:00,57.00,89.00
129+04638,2020-04-03 06:00:00,48.00,100.00
129+04638,2020-04-03 06:10:00,48.00,100.00
129+04638,2020-04-03 06:20:00,63.00,100.00
129+04638,2020-04-03 06:30:00,61.70,100.00
129+04638,2020-04-03 06:40:00,62.80,100.00
129+04638,2020-04-03 06:50:00,65.86,81.00
129+04638,2020-04-03 07:00:00,62.35,100.00
129+04638,2020-04-03 07:10:00,56.83,100.00
129+04638,2020-04-03 07:20:00,60.66,100.00
129+04638,2020-04-03 07:30:00,65.98,81.30
129+04638,2020-04-03 07:40:00,64.35,79.60
129+04638,2020-04-03 07:50:00,63.17,97.20
129+04638,2020-04-03 08:00:00,62.16,100.00
129+04638,2020-04-03 08:10:00,56.63,100.00
129+04638,2020-04-03 08:20:00,61.36,85.80
129+04638,2020-04-03 08:30:00,60.50,92.50
129+04638,2020-04-03 08:40:00,59.08,100.00
129+04638,2020-04-03 08:50:00,62.05,88.10
129+04638,2020-04-03 09:00:00,61.92,100.00
129+04638,2020-04-03 09:10:00,53.74,54.80
129+04638,2020-04-03 09:20:00,62.74,100.00
129+04638,2020-04-03 09:30:00,59.04,95.90
129+04638,2020-04-03 09:40:00,61.91,91.80
129+04638,2020-04-03 09:50:00,58.92,100.00
129+04638,2020-04-03 10:00:00,55.39,100.00
129+04638,2020-04-03 10:10:00,67.18,30.30
129+04638,2020-04-03 10:20:00,67.30,54.90
129+04638,2020-04-03 10:30:00,61.07,100.00
129+04638,2020-04-03 10:40:00,59.54,100.00
129+04638,2020-04-03 10:50:00,66.31,86.30
129+04638,2020-04-03 11:00:00,65.04,93.50
129+04638,2020-04-03 11:10:00,59.14,96.20
129+04638,2020-04-03 11:20:00,59.74,74.90
129+04638,2020-04-03 11:30:00,67.11,63.90
129+04638,2020-04-03 11:40:00,59.49,100.00
129+04638,2020-04-03 11:50:00,63.38,87.90
129+04638,2020-04-03 12:00:00,69.00,51.00
129+04638,2020-04-03 12:10:00,60.00,90.80
129+04638,2020-04-03 12:20:00,60.22,97.40
129+04638,2020-04-03 12:30:00,68.19,61.50
129+04638,2020-04-03 12:40:00,71.45,44.60
129+04638,2020-04-03 12:50:00,66.00,85.90
129+04638,2020-04-03 13:00:00,61.86,100.00
129+04638,2020-04-03 13:10:00,58.07,100.00
129+04638,2020-04-03 13:20:00,63.71,98.50
129+04638,2020-04-03 13:30:00,60.68,100.00
129+04638,2020-04-03 13:40:00,62.42,69.50
129+04638,2020-04-03 13:50:00,63.08,73.80
129+04638,2020-04-03 14:00:00,73.00,24.30
129+04638,2020-04-03 14:10:00,62.04,100.00
129+04638,2020-04-03 14:20:00,61.50,100.00
129+04638,2020-04-03 14:30:00,66.66,93.30
129+04638,2020-04-03 14:40:00,68.28,88.90
129+04638,2020-04-03 14:50:00,67.58,89.60
129+04638,2020-04-03 15:00:00,67.29,95.10
129+04638,2020-04-03 15:10:00,66.20,97.60
129+04638,2020-04-03 15:20:00,66.78,99.30
129+04638,2020-04-03 15:30:00,60.26,99.40
129+04638,2020-04-03 15:40:00,56.26,78.00
129+04638,2020-04-03 15:50:00,62.52,89.60
129+04638,2020-04-03 16:00:00,66.77,61.70
129+04638,2020-04-03 16:10:00,65.98,75.70
129+04638,2020-04-03 16:20:00,71.72,35.50
129+04638,2020-04-03 16:30:00,67.26,95.70
129+04638,2020-04-03 16:40:00,68.33,90.90
129+04638,2020-04-03 16:50:00,61.67,98.40
129+04638,2020-04-03 17:00:00,68.69,76.90
129+04638,2020-04-03 17:10:00,74.23,55.00
129+04638,2020-04-03 17:20:00,71.92,66.40
129+04638,2020-04-03 17:30:00,66.52,84.30
129+04638,2020-04-03 17:40:00,70.17,88.30
129+04638,2020-04-03 17:50:00,61.53,87.20
129+04638,2020-04-03 18:00:00,65.43,76.80
129+04638,2020-04-03 18:10:00,68.65,77.20
129+04638,2020-04-03 18:20:00,63.09,99.60
129+04638,2020-04-03 18:30:00,68.80,72.00
129+04638,2020-04-03 18:40:00,71.00,72.75
129+04638,2020-04-03 18:50:00,,
129+04638,2020-04-03 19:00:00,,
129+04638,2020-04-03 19:10:00,54.00,79.30
129+04638,2020-04-03 19:20:00,75.00,45.50
129+04638,2020-04-03 19:30:00,75.00,33.40
129+04638,2020-04-03 19:40:00,,
129+04638,2020-04-03 19:50:00,54.87,67.11
129+04638,2020-04-03 20:00:00,61.55,91.90
129+04638,2020-04-03 20:10:00,68.00,100.00
129+04638,2020-04-03 20:20:00,73.00,46.71
129+04638,2020-04-03 20:30:00,63.20,47.33
129+04638,2020-04-03 20:40:00,43.00,17.30
129+04638,2020-04-03 20:50:00,66.00,100.00
129+04638,2020-04-03 21:00:00,66.00,100.00
129+04638,2020-04-03 21:10:00,58.00,100.00
129+04638,2020-04-03 21:20:00,64.51,100.00
129+04638,2020-04-03 21:30:00,66.00,100.00
129+04638,2020-04-03 21:40:00,47.00,26.88
129+04638,2020-04-03 21:50:00,47.00,32.50
129+04638,2020-04-03 22:00:00,53.00,92.50
129+04638,2020-04-03 22:10:00,53.00,94.70
129+04638,2020-04-03 22:20:00,54.96,100.00
129+04638,2020-04-03 22:30:00,62.00,100.00
129+04638,2020-04-03 22:40:00,62.00,100.00
129+04638,2020-04-03 22:50:00,,
129+04638,2020-04-03 23:00:00,68.00,78.00
129+04638,2020-04-03 23:10:00,60.89,63.40
129+04638,2020-04-03 23:20:00,55.80,64.30
129+04638,2020-04-03 23:30:00,56.00,89.50
129+04638,2020-04-03 23:40:00,,
129+04638,2020-04-03 23:50:00,,
129+04639,2020-04-03 00:00:00,59.96,41.50
129+04639,2020-04-03 00:10:00,58.16,81.67
129+04639,2020-04-03 00:20:00,48.00,67.13
129+04639,2020-04-03 00:30:00,48.00,68.75
129+04639,2020-04-03 00:40:00,,
129+04639,2020-04-03 00:50:00,,
129+04639,2020-04-03 01:00:00,52.00,93.22
129+04639,2020-04-03 01:10:00,52.00,97.00
129+04639,2020-04-03 01:20:00,,
129+04639,2020-04-03 01:30:00,45.00,77.75
129+04639,2020-04-03 01:40:00,42.04,67.86
129+04639,2020-04-03 01:50:00,38.17,52.10
129+04639,2020-04-03 02:00:00,,
129+04639,2020-04-03 02:10:00,,
129+04639,2020-04-03 02:20:00,,
129+04639,2020-04-03 02:30:00,,
129+04639,2020-04-03 02:40:00,,
129+04639,2020-04-03 02:50:00,36.62,83.60
129+04639,2020-04-03 03:00:00,44.53,58.70
129+04639,2020-04-03 03:10:00,50.00,56.00
129+04639,2020-04-03 03:20:00,69.00,5.00
129+04639,2020-04-03 03:30:00,61.35,53.11
129+04639,2020-04-03 03:40:00,42.41,67.80
129+04639,2020-04-03 03:50:00,45.63,82.56
129+04639,2020-04-03 04:00:00,47.00,90.00
129+04639,2020-04-03 04:10:00,46.98,93.70
129+04639,2020-04-03 04:20:00,45.00,99.25
129+04639,2020-04-03 04:30:00,47.00,99.50
129+04639,2020-04-03 04:40:00,48.36,75.50
129+04639,2020-04-03 04:50:00,51.01,64.70
129+04639,2020-04-03 05:00:00,45.00,81.57
129+04639,2020-04-03 05:10:00,,
129+04639,2020-04-03 05:20:00,42.91,56.50
129+04639,2020-04-03 05:30:00,46.86,86.50
129+04639,2020-04-03 05:40:00,45.00,82.44
129+04639,2020-04-03 05:50:00,53.00,53.30
129+04639,2020-04-03 06:00:00,49.41,51.40
129+04639,2020-04-03 06:10:00,52.41,96.40
129+04639,2020-04-03 06:20:00,48.87,92.60
129+04639,2020-04-03 06:30:00,48.91,93.30
129+04639,2020-04-03 06:40:00,45.54,74.80
129+04639,2020-04-03 06:50:00,54.64,100.00
129+04639,2020-04-03 07:00:00,55.86,82.30
129+04639,2020-04-03 07:10:00,51.54,96.30
129+04639,2020-04-03 07:20:00,51.25,89.30
129+04639,2020-04-03 07:30:00,57.61,100.00
129+04639,2020-04-03 07:40:00,56.15,100.00
129+04639,2020-04-03 07:50:00,54.76,100.00
129+04639,2020-04-03 08:00:00,53.45,100.00
129+04639,2020-04-03 08:10:00,51.25,100.00
129+04639,2020-04-03 08:20:00,49.68,100.00
129+04639,2020-04-03 08:30:00,54.42,68.00
129+04639,2020-04-03 08:40:00,51.05,100.00
129+04639,2020-04-03 08:50:00,51.06,100.00
129+04639,2020-04-03 09:00:00,55.43,100.00
129+04639,2020-04-03 09:10:00,52.21,100.00
129+04639,2020-04-03 09:20:00,51.90,100.00
129+04639,2020-04-03 09:30:00,51.07,100.00
129+04639,2020-04-03 09:40:00,52.27,100.00
129+04639,2020-04-03 09:50:00,51.18,100.00
129+04639,2020-04-03 10:00:00,56.03,100.00
129+04639,2020-04-03 10:10:00,64.43,20.00
129+04639,2020-04-03 10:20:00,58.34,63.90
129+04639,2020-04-03 10:30:00,53.84,100.00
129+04639,2020-04-03 10:40:00,54.06,100.00
129+04639,2020-04-03 10:50:00,57.89,86.00
129+04639,2020-04-03 11:00:00,56.76,87.20
129+04639,2020-04-03 11:10:00,52.01,87.50
129+04639,2020-04-03 11:20:00,51.57,88.10
129+04639,2020-04-03 11:30:00,62.18,66.20
129+04639,2020-04-03 11:40:00,51.67,100.00
129+04639,2020-04-03 11:50:00,57.16,85.30
129+04639,2020-04-03 12:00:00,57.11,75.20
129+04639,2020-04-03 12:10:00,52.20,100.00
129+04639,2020-04-03 12:20:00,50.46,100.00
129+04639,2020-04-03 12:30:00,60.04,68.40
129+04639,2020-04-03 12:40:00,49.59,100.00
129+04639,2020-04-03 12:50:00,55.92,68.40
129+04639,2020-04-03 13:00:00,51.89,100.00
129+04639,2020-04-03 13:10:00,50.97,100.00
129+04639,2020-04-03 13:20:00,59.03,57.10
129+04639,2020-04-03 13:30:00,57.59,70.10
129+04639,2020-04-03 13:40:00,57.91,63.50
129+04639,2020-04-03 13:50:00,57.66,81.70
129+04639,2020-04-03 14:00:00,60.26,92.50
129+04639,2020-04-03 14:10:00,57.65,95.50
129+04639,2020-04-03 14:20:00,54.19,100.00
129+04639,2020-04-03 14:30:00,59.10,63.00
129+04639,2020-04-03 14:40:00,62.72,56.90
129+04639,2020-04-03 14:50:00,55.87,99.40
129+04639,2020-04-03 15:00:00,59.28,91.40
129+04639,2020-04-03 15:10:00,62.51,86.30
129+04639,2020-04-03 15:20:00,57.35,84.50
129+04639,2020-04-03 15:30:00,53.16,100.00
129+04639,2020-04-03 15:40:00,54.83,100.00
129+04639,2020-04-03 15:50:00,52.76,91.40
129+04639,2020-04-03 16:00:00,64.60,46.90
129+04639,2020-04-03 16:10:00,58.63,100.00
129+04639,2020-04-03 16:20:00,59.38,87.10
129+04639,2020-04-03 16:30:00,63.68,71.00
129+04639,2020-04-03 16:40:00,64.83,65.50
129+04639,2020-04-03 16:50:00,57.89,93.30
129+04639,2020-04-03 17:00:00,64.06,80.20
129+04639,2020-04-03 17:10:00,73.33,33.00
129+04639,2020-04-03 17:20:00,67.83,62.40
129+04639,2020-04-03 17:30:00,55.05,87.20
129+04639,2020-04-03 17:40:00,67.09,93.10
129+04639,2020-04-03 17:50:00,56.85,69.30
129+04639,2020-04-03 18:00:00,56.67,92.10
129+04639,2020-04-03 18:10:00,59.23,95.50
129+04639,2020-04-03 18:20:00,57.25,97.00
129+04639,2020-04-03 18:30:00,65.38,35.90
129+04639,2020-04-03 18:40:00,56.96,91.40
129+04639,2020-04-03 18:50:00,46.12,100.00
129+04639,2020-04-03 19:00:00,51.79,100.00
129+04639,2020-04-03 19:10:00,46.30,86.30
129+04639,2020-04-03 19:20:00,57.86,90.80
129+04639,2020-04-03 19:30:00,58.00,100.00
129+04639,2020-04-03 19:40:00,44.00,59.50
129+04639,2020-04-03 19:50:00,47.96,82.67
129+04639,2020-04-03 20:00:00,50.93,100.00
129+04639,2020-04-03 20:10:00,56.86,100.00
129+04639,2020-04-03 20:20:00,73.00,16.14
129+04639,2020-04-03 20:30:00,59.84,27.60
129+04639,2020-04-03 20:40:00,35.00,25.80
129+04639,2020-04-03 20:50:00,49.43,86.70
129+04639,2020-04-03 21:00:00,46.98,90.70
129+04639,2020-04-03 21:10:00,48.65,96.22
129+04639,2020-04-03 21:20:00,56.63,100.00
129+04639,2020-04-03 21:30:00,58.00,100.00
129+04639,2020-04-03 21:40:00,38.71,41.00
129+04639,2020-04-03 21:50:00,36.80,27.60
129+04639,2020-04-03 22:00:00,45.00,94.00
129+04639,2020-04-03 22:10:00,45.00,95.90
129+04639,2020-04-03 22:20:00,48.96,100.00
129+04639,2020-04-03 22:30:00,53.38,100.00
129+04639,2020-04-03 22:40:00,51.29,98.83
129+04639,2020-04-03 22:50:00,41.00,51.78
129+04639,2020-04-03 23:00:00,67.40,31.00
129+04639,2020-04-03 23:10:00,50.72,69.00
129+04639,2020-04-03 23:20:00,46.79,90.30
129+04639,2020-04-03 23:30:00,45.58,92.80
129+04639,2020-04-03 23:40:00,45.00,87.67
129+04639,2020-04-03 23:50:00,,
129+04755,2020-04-03 00:00:00,62.97,84.80
129+04755,2020-04-03 00:10:00,,
129+04755,2020-04-03 00:20:00,,
129+04755,2020-04-03 00:30:00,,
129+04755,2020-04-03 00:40:00,,
129+04755,2020-04-03 00:50:00,57.54,96.00
129+04755,2020-04-03 01:00:00,57.71,100.00
129+04755,2020-04-03 01:10:00,,
129+04755,2020-04-03 01:20:00,,
129+04755,2020-04-03 01:30:00,,
129+04755,2020-04-03 01:40:00,,
129+04755,2020-04-03 01:50:00,,
129+04755,2020-04-03 02:00:00,,
129+04755,2020-04-03 02:10:00,,
129+04755,2020-04-03 02:20:00,,
129+04755,2020-04-03 02:30:00,,
129+04755,2020-04-03 02:40:00,,
129+04755,2020-04-03 02:50:00,,
129+04755,2020-04-03 03:00:00,,
129+04755,2020-04-03 03:10:00,,
129+04755,2020-04-03 03:20:00,56.59,97.78
129+04755,2020-04-03 03:30:00,53.00,90.80
129+04755,2020-04-03 03:40:00,,
129+04755,2020-04-03 03:50:00,,
129+04755,2020-04-03 04:00:00,,
129+04755,2020-04-03 04:10:00,,
129+04755,2020-04-03 04:20:00,59.48,76.50
129+04755,2020-04-03 04:30:00,61.90,99.00
129+04755,2020-04-03 04:40:00,61.79,97.70
129+04755,2020-04-03 04:50:00,61.22,97.75
129+04755,2020-04-03 05:00:00,,
129+04755,2020-04-03 05:10:00,,
129+04755,2020-04-03 05:20:00,,
129+04755,2020-04-03 05:30:00,58.00,
129+04755,2020-04-03 05:40:00,58.00,100.00
129+04755,2020-04-03 05:50:00,52.41,70.33
129+04755,2020-04-03 06:00:00,50.69,93.22
129+04755,2020-04-03 06:10:00,,
129+04755,2020-04-03 06:20:00,,
129+04755,2020-04-03 06:30:00,,
129+04755,2020-04-03 06:40:00,62.53,83.60
129+04755,2020-04-03 06:50:00,67.19,51.30
129+04755,2020-04-03 07:00:00,58.90,75.20
129+04755,2020-04-03 07:10:00,53.19,57.30
129+04755,2020-04-03 07:20:00,56.83,100.00
129+04755,2020-04-03 07:30:00,62.95,96.00
129+04755,2020-04-03 07:40:00,55.73,100.00
129+04755,2020-04-03 07:50:00,55.00,100.00
129+04755,2020-04-03 08:00:00,58.64,100.00
129+04755,2020-04-03 08:10:00,57.39,100.00
129+04755,2020-04-03 08:20:00,62.40,100.00
129+04755,2020-04-03 08:30:00,62.88,100.00
129+04755,2020-04-03 08:40:00,57.78,100.00
129+04755,2020-04-03 08:50:00,57.44,100.00
129+04755,2020-04-03 09:00:00,56.80,100.00
129+04755,2020-04-03 09:10:00,57.10,100.00
129+04755,2020-04-03 09:20:00,55.57,100.00
129+04755,2020-04-03 09:30:00,56.88,100.00
129+04755,2020-04-03 09:40:00,56.08,100.00
129+04755,2020-04-03 09:50:00,55.97,100.00
129+04755,2020-04-03 10:00:00,56.48,100.00
129+04755,2020-04-03 10:10:00,59.41,96.90
129+04755,2020-04-03 10:20:00,57.33,100.00
129+04755,2020-04-03 10:30:00,54.70,100.00
129+04755,2020-04-03 10:40:00,61.49,85.20
129+04755,2020-04-03 10:50:00,56.21,100.00
129+04755,2020-04-03 11:00:00,62.37,63.20
129+04755,2020-04-03 11:10:00,58.52,94.60
129+04755,2020-04-03 11:20:00,58.80,98.80
129+04755,2020-04-03 11:30:00,56.65,100.00
129+04755,2020-04-03 11:40:00,55.94,100.00
129+04755,2020-04-03 11:50:00,61.28,88.40
129+04755,2020-04-03 12:00:00,55.53,100.00
129+04755,2020-04-03 12:10:00,57.48,100.00
129+04755,2020-04-03 12:20:00,56.79,100.00
129+04755,2020-04-03 12:30:00,62.56,54.80
129+04755,2020-04-03 12:40:00,63.10,67.00
129+04755,2020-04-03 12:50:00,61.69,93.80
129+04755,2020-04-03 13:00:00,56.43,100.00
129+04755,2020-04-03 13:10:00,64.41,73.10
129+04755,2020-04-03 13:20:00,59.49,94.90
129+04755,2020-04-03 13:30:00,59.13,91.30
129+04755,2020-04-03 13:40:00,65.46,86.30
129+04755,2020-04-03 13:50:00,66.18,88.10
129+04755,2020-04-03 14:00:00,62.92,88.50
129+04755,2020-04-03 14:10:00,56.29,100.00
129+04755,2020-04-03 14:20:00,59.58,100.00
129+04755,2020-04-03 14:30:00,62.04,91.40
129+04755,2020-04-03 14:40:00,61.89,97.80
129+04755,2020-04-03 14:50:00,61.55,92.10
129+04755,2020-04-03 15:00:00,58.82,99.10
129+04755,2020-04-03 15:10:00,64.18,87.40
129+04755,2020-04-03 15:20:00,65.36,78.80
129+04755,2020-04-03 15:30:00,63.78,92.10
129+04755,2020-04-03 15:40:00,62.36,96.60
129+04755,2020-04-03 15:50:00,64.28,96.60
129+04755,2020-04-03 16:00:00,63.29,99.10
129+04755,2020-04-03 16:10:00,63.90,93.40
129+04755,2020-04-03 16:20:00,63.64,93.90
129+04755,2020-04-03 16:30:00,64.16,88.60
129+04755,2020-04-03 16:40:00,64.77,95.50
129+04755,2020-04-03 16:50:00,63.97,98.80
129+04755,2020-04-03 17:00:00,66.39,97.10
129+04755,2020-04-03 17:10:00,64.07,98.60
129+04755,2020-04-03 17:20:00,64.56,97.90
129+04755,2020-04-03 17:30:00,62.79,92.40
129+04755,2020-04-03 17:40:00,59.95,96.70
129+04755,2020-04-03 17:50:00,64.07,98.50
129+04755,2020-04-03 18:00:00,65.36,85.70
129+04755,2020-04-03 18:10:00,56.70,100.00
129+04755,2020-04-03 18:20:00,64.10,78.20
129+04755,2020-04-03 18:30:00,60.34,100.00
129+04755,2020-04-03 18:40:00,51.59,85.10
129+04755,2020-04-03 18:50:00,53.30,100.00
129+04755,2020-04-03 19:00:00,61.50,95.60
129+04755,2020-04-03 19:10:00,59.09,100.00
129+04755,2020-04-03 19:20:00,64.90,39.30
129+04755,2020-04-03 19:30:00,64.86,64.40
129+04755,2020-04-03 19:40:00,59.15,86.50
129+04755,2020-04-03 19:50:00,53.70,29.80
129+04755,2020-04-03 20:00:00,53.28,47.71
129+04755,2020-04-03 20:10:00,,
129+04755,2020-04-03 20:20:00,64.10,82.10
129+04755,2020-04-03 20:30:00,58.68,100.00
129+04755,2020-04-03 20:40:00,62.00,100.00
129+04755,2020-04-03 20:50:00,59.00,100.00
129+04755,2020-04-03 21:00:00,58.47,100.00
129+04755,2020-04-03 21:10:00,59.58,79.00
129+04755,2020-04-03 21:20:00,65.00,68.75
129+04755,2020-04-03 21:30:00,51.49,55.60
129+04755,2020-04-03 21:40:00,46.90,15.70
129+04755,2020-04-03 21:50:00,50.54,70.00
129+04755,2020-04-03 22:00:00,63.46,75.10
129+04755,2020-04-03 22:10:00,65.00,49.00
129+04755,2020-04-03 22:20:00,,
129+04755,2020-04-03 22:30:00,55.96,99.56
129+04755,2020-04-03 22:40:00,57.37,100.00
129+04755,2020-04-03 22:50:00,58.00,100.00
129+04755,2020-04-03 23:00:00,68.90,31.40
129+04755,2020-04-03 23:10:00,63.48,75.00
129+04755,2020-04-03 23:20:00,60.00,97.63
129+04755,2020-04-03 23:30:00,,
129+04755,2020-04-03 23:40:00,,
129+04755,2020-04-03 23:50:00,69.00,48.00
129+04756,2020-04-03 00:00:00,60.44,74.50
129+04756,2020-04-03 00:10:00,,
129+04756,2020-04-03 00:20:00,,
129+04756,2020-04-03 00:30:00,,
129+04756,2020-04-03 00:40:00,,
129+04756,2020-04-03 00:50:00,56.20,98.80
129+04756,2020-04-03 01:00:00,56.85,99.57
129+04756,2020-04-03 01:10:00,,
129+04756,2020-04-03 01:20:00,,
129+04756,2020-04-03 01:30:00,,
129+04756,2020-04-03 01:40:00,,
129+04756,2020-04-03 01:50:00,,
129+04756,2020-04-03 02:00:00,,
129+04756,2020-04-03 02:10:00,,
129+04756,2020-04-03 02:20:00,,
129+04756,2020-04-03 02:30:00,,
129+04756,2020-04-03 02:40:00,,
129+04756,2020-04-03 02:50:00,,
129+04756,2020-04-03 03:00:00,,
129+04756,2020-04-03 03:10:00,,
129+04756,2020-04-03 03:20:00,58.00,99.38
129+04756,2020-04-03 03:30:00,52.64,90.00
129+04756,2020-04-03 03:40:00,,
129+04756,2020-04-03 03:50:00,,
129+04756,2020-04-03 04:00:00,,
129+04756,2020-04-03 04:10:00,,
129+04756,2020-04-03 04:20:00,61.00,92.00
129+04756,2020-04-03 04:30:00,61.00,99.90
129+04756,2020-04-03 04:40:00,62.69,98.40
129+04756,2020-04-03 04:50:00,63.00,98.75
129+04756,2020-04-03 05:00:00,,
129+04756,2020-04-03 05:10:00,,
129+04756,2020-04-03 05:20:00,,
129+04756,2020-04-03 05:30:00,55.00,
129+04756,2020-04-03 05:40:00,55.00,100.00
129+04756,2020-04-03 05:50:00,52.88,89.80
129+04756,2020-04-03 06:00:00,50.11,91.00
129+04756,2020-04-03 06:10:00,,
129+04756,2020-04-03 06:20:00,,
129+04756,2020-04-03 06:30:00,,
129+04756,2020-04-03 06:40:00,53.85,96.60
129+04756,2020-04-03 06:50:00,62.40,64.50
129+04756,2020-04-03 07:00:00,56.43,94.80
129+04756,2020-04-03 07:10:00,51.30,91.10
129+04756,2020-04-03 07:20:00,54.27,100.00
129+04756,2020-04-03 07:30:00,62.38,85.80
129+04756,2020-04-03 07:40:00,55.12,100.00
129+04756,2020-04-03 07:50:00,55.10,100.00
129+04756,2020-04-03 08:00:00,52.81,100.00
129+04756,2020-04-03 08:10:00,50.51,100.00
129+04756,2020-04-03 08:20:00,55.34,100.00
129+04756,2020-04-03 08:30:00,57.92,100.00
129+04756,2020-04-03 08:40:00,52.28,100.00
129+04756,2020-04-03 08:50:00,53.11,100.00
129+04756,2020-04-03 09:00:00,53.87,100.00
129+04756,2020-04-03 09:10:00,53.10,100.00
129+04756,2020-04-03 09:20:00,51.30,100.00
129+04756,2020-04-03 09:30:00,51.76,100.00
129+04756,2020-04-03 09:40:00,53.07,100.00
129+04756,2020-04-03 09:50:00,51.13,100.00
129+04756,2020-04-03 10:00:00,50.20,100.00
129+04756,2020-04-03 10:10:00,53.87,99.40
129+04756,2020-04-03 10:20:00,51.26,100.00
129+04756,2020-04-03 10:30:00,47.45,100.00
129+04756,2020-04-03 10:40:00,54.12,81.30
129+04756,2020-04-03 10:50:00,55.77,85.20
129+04756,2020-04-03 11:00:00,61.89,41.00
129+04756,2020-04-03 11:10:00,51.23,99.00
129+04756,2020-04-03 11:20:00,51.46,96.60
129+04756,2020-04-03 11:30:00,53.71,98.10
129+04756,2020-04-03 11:40:00,52.75,100.00
129+04756,2020-04-03 11:50:00,56.54,88.90
129+04756,2020-04-03 12:00:00,51.66,100.00
129+04756,2020-04-03 12:10:00,54.93,93.30
129+04756,2020-04-03 12:20:00,55.57,94.40
129+04756,2020-04-03 12:30:00,58.50,72.20
129+04756,2020-04-03 12:40:00,59.64,78.70
129+04756,2020-04-03 12:50:00,58.38,95.20
129+04756,2020-04-03 13:00:00,56.10,96.30
129+04756,2020-04-03 13:10:00,58.63,86.60
129+04756,2020-04-03 13:20:00,53.75,98.10
129+04756,2020-04-03 13:30:00,49.54,98.20
129+04756,2020-04-03 13:40:00,61.24,76.00
129+04756,2020-04-03 13:50:00,58.48,90.00
129+04756,2020-04-03 14:00:00,54.21,97.60
129+04756,2020-04-03 14:10:00,50.57,100.00
129+04756,2020-04-03 14:20:00,57.88,89.60
129+04756,2020-04-03 14:30:00,52.84,96.60
129+04756,2020-04-03 14:40:00,55.02,95.20
129+04756,2020-04-03 14:50:00,55.78,83.60
129+04756,2020-04-03 15:00:00,47.09,99.10
129+04756,2020-04-03 15:10:00,53.52,81.10
129+04756,2020-04-03 15:20:00,54.27,83.20
129+04756,2020-04-03 15:30:00,60.49,59.20
129+04756,2020-04-03 15:40:00,58.77,79.30
129+04756,2020-04-03 15:50:00,62.86,61.50
129+04756,2020-04-03 16:00:00,57.87,88.20
129+04756,2020-04-03 16:10:00,60.83,89.70
129+04756,2020-04-03 16:20:00,62.96,91.10
129+04756,2020-04-03 16:30:00,63.62,87.70
129+04756,2020-04-03 16:40:00,57.90,78.70
129+04756,2020-04-03 16:50:00,40.73,70.50
129+04756,2020-04-03 17:00:00,60.65,95.20
129+04756,2020-04-03 17:10:00,59.36,98.00
129+04756,2020-04-03 17:20:00,59.95,92.00
129+04756,2020-04-03 17:30:00,54.80,88.90
129+04756,2020-04-03 17:40:00,49.05,62.40
129+04756,2020-04-03 17:50:00,61.02,62.40
129+04756,2020-04-03 18:00:00,61.89,63.60
129+04756,2020-04-03 18:10:00,51.37,84.10
129+04756,2020-04-03 18:20:00,59.54,79.50
129+04756,2020-04-03 18:30:00,57.53,89.30
129+04756,2020-04-03 18:40:00,52.15,82.60
129+04756,2020-04-03 18:50:00,61.82,76.56
129+04756,2020-04-03 19:00:00,57.01,97.40
129+04756,2020-04-03 19:10:00,57.39,99.60
129+04756,2020-04-03 19:20:00,61.07,77.20
129+04756,2020-04-03 19:30:00,56.49,89.70
129+04756,2020-04-03 19:40:00,51.98,97.20
129+04756,2020-04-03 19:50:00,54.49,85.60
129+04756,2020-04-03 20:00:00,51.58,89.14
129+04756,2020-04-03 20:10:00,,
129+04756,2020-04-03 20:20:00,64.41,60.33
129+04756,2020-04-03 20:30:00,57.47,91.33
129+04756,2020-04-03 20:40:00,63.00,85.00
129+04756,2020-04-03 20:50:00,58.87,92.30
129+04756,2020-04-03 21:00:00,54.71,100.00
129+04756,2020-04-03 21:10:00,57.72,78.50
129+04756,2020-04-03 21:20:00,62.77,71.56
129+04756,2020-04-03 21:30:00,46.20,51.40
129+04756,2020-04-03 21:40:00,46.59,33.10
129+04756,2020-04-03 21:50:00,48.08,71.40
129+04756,2020-04-03 22:00:00,60.54,75.80
129+04756,2020-04-03 22:10:00,63.00,42.00
129+04756,2020-04-03 22:20:00,,
129+04756,2020-04-03 22:30:00,52.25,100.00
129+04756,2020-04-03 22:40:00,59.13,100.00
129+04756,2020-04-03 22:50:00,62.00,100.00
129+04756,2020-04-03 23:00:00,68.77,35.22
129+04756,2020-04-03 23:10:00,62.00,68.63
129+04756,2020-04-03 23:20:00,57.00,91.63
129+04756,2020-04-03 23:30:00,,
129+04756,2020-04-03 23:40:00,,
129+04756,2020-04-03 23:50:00,69.00,52.00
