tmc,seq_num,from_meas,to_meas,distance,route_id,seg_begin,seg_end,lanes,spd_limit,shape_Length,firstnm
129P04436,0,0.003182692,0.47264694,0.469464248,SR24 NB,,,2,55,,RT-81/Exit 1
129+04437,1,0.47264694,1.508254571,1.035607631,SR24 NB,,,2,55,,Brayton Ave/Eastern Ave/Exit 2
129P04437,2,1.508254571,1.692259048,0.184004477,SR24 NB,,,2,55,,Brayton Ave/Eastern Ave/Exit 2
129+04438,3,1.692259048,1.842419097,0.150160049,SR24 NB,,,2,50,,I-195/Exit 3
129P04438,4,1.842419097,1.921082797,0.0786637,SR24 NB,,,2,40,,I-195/Exit 3
129P13885,5,1.921082797,2.095647736,0.17456494,SR24 NB,,,1,30,,Exit 3
129-04215,6,2.095647736,2.579520683,0.483872947,SR24 NB,,,1,40,,RT-24/Exit 8B
129P13797,7,2.579520683,2.975508919,0.395988236,SR24 NB,,,1,55,,Exit 8B
129P04463,8,2.975508919,3.041681169,0.06617225,SR24 NB,,,2,60,,I-195/Exit 41
129+04464,9,3.041681169,5.183236378,2.141555208,SR24 NB,,,2,65,,US-6/President Ave/Exit 5
129P04464,10,5.183236378,5.563677546,0.380441169,SR24 NB,,,2,65,,US-6/President Ave/Exit 5
129+04465,11,5.563677546,6.843754231,1.280076684,SR24 NB,,,2,65,,Highland Ave/Exit 6
129P04465,12,6.843754231,7.389201208,0.545446977,SR24 NB,,,2,65,,Highland Ave/Exit 6
129+04466,13,7.389201208,7.51460207,0.125400862,SR24 NB,,,2,65,,RT-79/Exit 7
129P04466,14,7.51460207,7.543924092,0.029322023,SR24 NB,,,2,65,,RT-79/Exit 7
129P04467,15,7.543924092,7.651518152,0.107594059,SR24 NB,,,2,60,,RT-79
129+04468,16,7.651518152,7.76973257,0.118214418,SR24 NB,,,2,55,,Industrial Park Rd/Airport Rd/Exit 8
129P04468,17,7.76973257,7.845369926,0.075637356,SR24 NB,,,2,55,,Industrial Park Rd/Airport Rd/Exit 8
129+04469,18,7.845369926,10.75489556,2.90952563,SR24 NB,,,2,65,,RT-79/S Main St
129P04469,19,10.75489556,10.82747669,0.072581138,SR24 NB,,,2,65,,RT-79/S Main St
129P04439,20,10.82747669,10.99136219,0.163885499,SR24 NB,,,2,65,,RT-79
129+04440,21,10.99136219,12.22773247,1.236370272,SR24 NB,,,2,65,,Main St/Exit 10
129P04440,22,12.22773247,12.31929973,0.091567266,SR24 NB,,,2,65,,Main St/Exit 10
129+04441,23,12.31929973,15.1178256,2.798525873,SR24 NB,,,2,65,,Padelford St/Exit 11
129P04441,24,15.1178256,15.27397361,0.15614801,SR24 NB,,,2,65,,Padelford St/Exit 11
129+04442,25,15.27397361,16.77787081,1.503897195,SR24 NB,Padelford St/Exit 11,MA-140/Exit 12,2,65,2418.743234,RT-140/Exit 12
129P04442,26,16.77787081,17.15538025,0.377509445,SR24 NB,MA-140/Exit 12,MA-140/Exit 12,2,65,607.1841392,RT-140/Exit 12
129+04443,27,17.15538025,19.21198972,2.056609461,SR24 NB,MA-140/Exit 12,US-44/Exit 13,2,65,3307.189763,US-44/Exit 13
129P04443,28,19.21198972,19.6741215,0.462131786,SR24 NB,US-44/Exit 13,US-44/Exit 13,2,65,743.2347893,US-44/Exit 13
129+04444,29,19.6741215,22.06460645,2.39048495,SR24 NB,US-44/Exit 13,I-495/Exit 14,3,65,3844.806124,I-495/Exit 14
129P04444,30,22.06460645,22.86531414,0.800707692,SR24 NB,I-495/Exit 14,I-495/Exit 14,3,65,1288.868374,I-495/Exit 14
129+04445,31,22.86531414,23.63999131,0.774677172,SR24 NB,I-495/Exit 14,MA-104/Exit 15,3,65,1245.245039,RT-104/Exit 15
129P04445,32,23.63999131,23.88037486,0.240383541,SR24 NB,MA-104/Exit 15,MA-104/Exit 15,3,65,387.0289094,RT-104/Exit 15
129+04446,33,23.88037486,27.20144081,3.321065957,SR24 NB,MA-104/Exit 15,MA-106/Exit 16,3,65,5341.790982,RT-106/Exit 16
129P04446,34,27.20144081,27.69485198,0.493411168,SR24 NB,MA-106/Exit 16,MA-106/Exit 16,3,65,793.6623752,RT-106/Exit 16
129+04447,35,27.69485198,30.62962631,2.934774334,SR24 NB,MA-106/Exit 16,MA-123/Exit 17,3,65,4719.824517,RT-123/Exit 17
129P04447,36,30.62962631,31.08613103,0.456504711,SR24 NB,MA-123/Exit 17,MA-123/Exit 17,3,65,734.029243,RT-123/Exit 17
129+04448,37,31.08613103,32.87803781,1.79190679,SR24 NB,MA-123/Exit 17,MA-27/Exit 18,3,65,2881.786904,RT-27/Exit 18
129P04448,38,32.87803781,33.32731799,0.449280176,SR24 NB,MA-27/Exit 18,MA-27/Exit 18,3,65,722.625188,RT-27/Exit 18
129+04449,39,33.32731799,35.05043873,1.723120742,SR24 NB,MA-27/Exit 18,Harrison Blvd/Exit 19,3,65,2771.665504,Harrison Blvd/Exit 19
129P04449,40,35.05043873,35.5376333,0.48719457,SR24 NB,Harrison Blvd/Exit 19,Harrison Blvd/Exit 19,3,65,783.617177,Harrison Blvd/Exit 19
129+04450,41,35.5376333,37.3129715,1.775338198,SR24 NB,Harrison Blvd/Exit 19,MA-139/Exit 20,3,65,2855.238679,RT-139/Exit 20
129P04450,42,37.3129715,37.84888179,0.535910284,SR24 NB,MA-139/Exit 20,MA-139/Exit 20,3,65,861.9200107,RT-139/Exit 20
129+04451,43,37.84888179,40.33277243,2.483890646,SR24 NB,MA-139/Exit 20,I-93/Exit 21,3,65,3994.759324,I-93/Exit 21
129P04451,44,40.33277243,40.41913662,0.08636419,SR24 NB,I-93/Exit 21,I-93/Exit 21,3,60,138.8811769,I-93/Exit 21
