tmc,tstamp,speed,cvalue
129P04454,2020-11-30 00:00:00,62.52,100.00
129P04454,2020-11-30 00:10:00,62.10,95.00
129P04454,2020-11-30 00:20:00,58.41,97.00
129P04454,2020-11-30 00:30:00,56.00,91.00
129P04454,2020-11-30 00:40:00,55.00,90.00
129P04454,2020-11-30 00:50:00,55.00,90.00
129P04454,2020-11-30 01:00:00,52.56,98.00
129P04454,2020-11-30 01:10:00,52.00,100.00
129P04454,2020-11-30 01:20:00,52.20,98.00
129P04454,2020-11-30 01:30:00,52.70,87.00
129P04454,2020-11-30 01:40:00,51.20,80.00
129P04454,2020-11-30 01:50:00,51.00,80.00
129P04454,2020-11-30 02:00:00,51.00,80.00
129P04454,2020-11-30 02:10:00,51.00,80.00
129P04454,2020-11-30 02:20:00,,
129P04454,2020-11-30 02:30:00,,
129P04454,2020-11-30 02:40:00,58.14,100.00
129P04454,2020-11-30 02:50:00,59.93,96.00
129P04454,2020-11-30 03:00:00,62.10,100.00
129P04454,2020-11-30 03:10:00,63.59,91.00
129P04454,2020-11-30 03:20:00,62.20,90.00
129P04454,2020-11-30 03:30:00,62.00,90.00
129P04454,2020-11-30 03:40:00,,
129P04454,2020-11-30 03:50:00,65.00,100.00
129P04454,2020-11-30 04:00:00,63.98,92.00
129P04454,2020-11-30 04:10:00,63.19,95.00
129P04454,2020-11-30 04:20:00,63.55,100.00
129P04454,2020-11-30 04:30:00,61.69,100.00
129P04454,2020-11-30 04:40:00,60.43,100.00
129P04454,2020-11-30 04:50:00,63.22,100.00
129P04454,2020-11-30 05:00:00,67.38,100.00
129P04454,2020-11-30 05:10:00,58.13,100.00
129P04454,2020-11-30 05:20:00,58.29,100.00
129P04454,2020-11-30 05:30:00,64.61,100.00
129P04454,2020-11-30 05:40:00,64.93,100.00
129P04454,2020-11-30 05:50:00,61.09,100.00
129P04454,2020-11-30 06:00:00,67.56,100.00
129P04454,2020-11-30 06:10:00,65.89,100.00
129P04454,2020-11-30 06:20:00,62.54,100.00
129P04454,2020-11-30 06:30:00,54.17,100.00
129P04454,2020-11-30 06:40:00,60.77,100.00
129P04454,2020-11-30 06:50:00,63.16,100.00
129P04454,2020-11-30 07:00:00,57.36,100.00
129P04454,2020-11-30 07:10:00,64.41,100.00
129P04454,2020-11-30 07:20:00,65.84,100.00
129P04454,2020-11-30 07:30:00,60.65,100.00
129P04454,2020-11-30 07:40:00,63.61,100.00
129P04454,2020-11-30 07:50:00,63.46,100.00
129P04454,2020-11-30 08:00:00,59.55,100.00
129P04454,2020-11-30 08:10:00,60.79,100.00
129P04454,2020-11-30 08:20:00,61.06,100.00
129P04454,2020-11-30 08:30:00,64.39,100.00
129P04454,2020-11-30 08:40:00,61.07,100.00
129P04454,2020-11-30 08:50:00,63.64,100.00
129P04454,2020-11-30 09:00:00,62.16,100.00
129P04454,2020-11-30 09:10:00,63.10,100.00
129P04454,2020-11-30 09:20:00,64.33,100.00
129P04454,2020-11-30 09:30:00,60.10,100.00
129P04454,2020-11-30 09:40:00,58.55,100.00
129P04454,2020-11-30 09:50:00,62.32,100.00
129P04454,2020-11-30 10:00:00,60.05,100.00
129P04454,2020-11-30 10:10:00,60.34,100.00
129P04454,2020-11-30 10:20:00,60.03,100.00
129P04454,2020-11-30 10:30:00,61.98,100.00
129P04454,2020-11-30 10:40:00,60.29,100.00
129P04454,2020-11-30 10:50:00,59.14,100.00
129P04454,2020-11-30 11:00:00,61.78,100.00
129P04454,2020-11-30 11:10:00,63.36,100.00
129P04454,2020-11-30 11:20:00,63.86,100.00
129P04454,2020-11-30 11:30:00,59.26,100.00
129P04454,2020-11-30 11:40:00,62.90,100.00
129P04454,2020-11-30 11:50:00,64.75,100.00
129P04454,2020-11-30 12:00:00,65.65,100.00
129P04454,2020-11-30 12:10:00,61.79,100.00
129P04454,2020-11-30 12:20:00,61.35,100.00
129P04454,2020-11-30 12:30:00,66.18,100.00
129P04454,2020-11-30 12:40:00,63.97,100.00
129P04454,2020-11-30 12:50:00,63.46,100.00
129P04454,2020-11-30 13:00:00,59.50,100.00
129P04454,2020-11-30 13:10:00,62.39,100.00
129P04454,2020-11-30 13:20:00,60.81,100.00
129P04454,2020-11-30 13:30:00,57.14,100.00
129P04454,2020-11-30 13:40:00,64.49,100.00
129P04454,2020-11-30 13:50:00,63.15,100.00
129P04454,2020-11-30 14:00:00,61.07,100.00
129P04454,2020-11-30 14:10:00,56.84,100.00
129P04454,2020-11-30 14:20:00,55.86,100.00
129P04454,2020-11-30 14:30:00,60.07,100.00
129P04454,2020-11-30 14:40:00,59.88,100.00
129P04454,2020-11-30 14:50:00,60.36,100.00
129P04454,2020-11-30 15:00:00,61.70,100.00
129P04454,2020-11-30 15:10:00,58.38,100.00
129P04454,2020-11-30 15:20:00,58.57,100.00
129P04454,2020-11-30 15:30:00,59.93,100.00
129P04454,2020-11-30 15:40:00,59.53,100.00
129P04454,2020-11-30 15:50:00,60.92,100.00
129P04454,2020-11-30 16:00:00,57.30,100.00
129P04454,2020-11-30 16:10:00,58.46,100.00
129P04454,2020-11-30 16:20:00,59.03,100.00
129P04454,2020-11-30 16:30:00,57.29,100.00
129P04454,2020-11-30 16:40:00,53.79,100.00
129P04454,2020-11-30 16:50:00,53.22,100.00
129P04454,2020-11-30 17:00:00,51.67,100.00
129P04454,2020-11-30 17:10:00,50.58,100.00
129P04454,2020-11-30 17:20:00,54.17,100.00
129P04454,2020-11-30 17:30:00,48.65,100.00
129P04454,2020-11-30 17:40:00,47.00,96.00
129P04454,2020-11-30 17:50:00,55.04,100.00
129P04454,2020-11-30 18:00:00,54.99,100.00
129P04454,2020-11-30 18:10:00,56.00,100.00
129P04454,2020-11-30 18:20:00,55.62,100.00
129P04454,2020-11-30 18:30:00,52.60,100.00
129P04454,2020-11-30 18:40:00,55.35,100.00
129P04454,2020-11-30 18:50:00,53.98,100.00
129P04454,2020-11-30 19:00:00,58.56,100.00
129P04454,2020-11-30 19:10:00,59.62,100.00
129P04454,2020-11-30 19:20:00,56.84,100.00
129P04454,2020-11-30 19:30:00,57.60,100.00
129P04454,2020-11-30 19:40:00,58.15,100.00
129P04454,2020-11-30 19:50:00,56.79,100.00
129P04454,2020-11-30 20:00:00,54.17,100.00
129P04454,2020-11-30 20:10:00,55.29,100.00
129P04454,2020-11-30 20:20:00,56.77,100.00
129P04454,2020-11-30 20:30:00,61.15,100.00
129P04454,2020-11-30 20:40:00,57.92,100.00
129P04454,2020-11-30 20:50:00,54.90,100.00
129P04454,2020-11-30 21:00:00,56.43,100.00
129P04454,2020-11-30 21:10:00,61.08,100.00
129P04454,2020-11-30 21:20:00,64.69,100.00
129P04454,2020-11-30 21:30:00,62.97,100.00
129P04454,2020-11-30 21:40:00,61.39,100.00
129P04454,2020-11-30 21:50:00,60.70,100.00
129P04454,2020-11-30 22:00:00,62.69,100.00
129P04454,2020-11-30 22:10:00,58.00,100.00
129P04454,2020-11-30 22:20:00,61.16,100.00
129P04454,2020-11-30 22:30:00,67.20,100.00
129P04454,2020-11-30 22:40:00,67.00,100.00
129P04454,2020-11-30 22:50:00,60.10,100.00
129P04454,2020-11-30 23:00:00,61.30,100.00
129P04454,2020-11-30 23:10:00,60.36,100.00
129P04454,2020-11-30 23:20:00,57.29,100.00
129P04454,2020-11-30 23:30:00,56.88,100.00
129P04454,2020-11-30 23:40:00,61.27,100.00
129P04454,2020-11-30 23:50:00,62.80,100.00
129P04453,2020-11-30 00:00:00,54.26,98.80
129P04453,2020-11-30 00:10:00,53.00,100.00
129P04453,2020-11-30 00:20:00,53.97,100.00
129P04453,2020-11-30 00:30:00,,
129P04453,2020-11-30 00:40:00,,
129P04453,2020-11-30 00:50:00,52.22,90.00
129P04453,2020-11-30 01:00:00,52.10,94.40
129P04453,2020-11-30 01:10:00,51.90,94.00
129P04453,2020-11-30 01:20:00,51.30,92.80
129P04453,2020-11-30 01:30:00,52.00,90.00
129P04453,2020-11-30 01:40:00,,
129P04453,2020-11-30 01:50:00,,
129P04453,2020-11-30 02:00:00,,
129P04453,2020-11-30 02:10:00,,
129P04453,2020-11-30 02:20:00,,
129P04453,2020-11-30 02:30:00,,
129P04453,2020-11-30 02:40:00,,
129P04453,2020-11-30 02:50:00,,
129P04453,2020-11-30 03:00:00,,
129P04453,2020-11-30 03:10:00,,
129P04453,2020-11-30 03:20:00,,
129P04453,2020-11-30 03:30:00,52.00,92.00
129P04453,2020-11-30 03:40:00,,
129P04453,2020-11-30 03:50:00,,
129P04453,2020-11-30 04:00:00,,
129P04453,2020-11-30 04:10:00,51.00,100.00
129P04453,2020-11-30 04:20:00,50.88,100.00
129P04453,2020-11-30 04:30:00,52.40,99.00
129P04453,2020-11-30 04:40:00,53.70,94.60
129P04453,2020-11-30 04:50:00,57.89,100.00
129P04453,2020-11-30 05:00:00,63.13,100.00
129P04453,2020-11-30 05:10:00,60.27,100.00
129P04453,2020-11-30 05:20:00,56.25,100.00
129P04453,2020-11-30 05:30:00,58.20,100.00
129P04453,2020-11-30 05:40:00,64.90,100.00
129P04453,2020-11-30 05:50:00,60.17,100.00
129P04453,2020-11-30 06:00:00,59.93,100.00
129P04453,2020-11-30 06:10:00,61.94,100.00
129P04453,2020-11-30 06:20:00,56.33,100.00
129P04453,2020-11-30 06:30:00,52.58,100.00
129P04453,2020-11-30 06:40:00,53.35,100.00
129P04453,2020-11-30 06:50:00,58.28,100.00
129P04453,2020-11-30 07:00:00,57.45,100.00
129P04453,2020-11-30 07:10:00,61.43,100.00
129P04453,2020-11-30 07:20:00,57.20,100.00
129P04453,2020-11-30 07:30:00,62.55,100.00
129P04453,2020-11-30 07:40:00,57.15,100.00
129P04453,2020-11-30 07:50:00,53.36,100.00
129P04453,2020-11-30 08:00:00,51.84,100.00
129P04453,2020-11-30 08:10:00,57.26,100.00
129P04453,2020-11-30 08:20:00,56.99,100.00
129P04453,2020-11-30 08:30:00,54.97,100.00
129P04453,2020-11-30 08:40:00,53.96,100.00
129P04453,2020-11-30 08:50:00,57.78,100.00
129P04453,2020-11-30 09:00:00,55.27,100.00
129P04453,2020-11-30 09:10:00,54.08,100.00
129P04453,2020-11-30 09:20:00,59.38,100.00
129P04453,2020-11-30 09:30:00,56.63,100.00
129P04453,2020-11-30 09:40:00,57.32,100.00
129P04453,2020-11-30 09:50:00,57.72,100.00
129P04453,2020-11-30 10:00:00,56.12,100.00
129P04453,2020-11-30 10:10:00,54.77,100.00
129P04453,2020-11-30 10:20:00,60.38,100.00
129P04453,2020-11-30 10:30:00,56.02,100.00
129P04453,2020-11-30 10:40:00,55.74,100.00
129P04453,2020-11-30 10:50:00,57.39,100.00
129P04453,2020-11-30 11:00:00,55.48,100.00
129P04453,2020-11-30 11:10:00,57.30,100.00
129P04453,2020-11-30 11:20:00,55.69,100.00
129P04453,2020-11-30 11:30:00,52.00,100.00
129P04453,2020-11-30 11:40:00,51.25,100.00
129P04453,2020-11-30 11:50:00,56.47,100.00
129P04453,2020-11-30 12:00:00,61.68,100.00
129P04453,2020-11-30 12:10:00,57.58,100.00
129P04453,2020-11-30 12:20:00,54.56,100.00
129P04453,2020-11-30 12:30:00,56.46,100.00
129P04453,2020-11-30 12:40:00,55.15,100.00
129P04453,2020-11-30 12:50:00,54.01,100.00
129P04453,2020-11-30 13:00:00,52.19,100.00
129P04453,2020-11-30 13:10:00,51.28,100.00
129P04453,2020-11-30 13:20:00,49.86,100.00
129P04453,2020-11-30 13:30:00,51.77,100.00
129P04453,2020-11-30 13:40:00,52.59,100.00
129P04453,2020-11-30 13:50:00,53.68,100.00
129P04453,2020-11-30 14:00:00,59.97,100.00
129P04453,2020-11-30 14:10:00,53.64,100.00
129P04453,2020-11-30 14:20:00,50.76,100.00
129P04453,2020-11-30 14:30:00,58.86,100.00
129P04453,2020-11-30 14:40:00,57.29,100.00
129P04453,2020-11-30 14:50:00,57.60,100.00
129P04453,2020-11-30 15:00:00,58.41,100.00
129P04453,2020-11-30 15:10:00,53.27,100.00
129P04453,2020-11-30 15:20:00,52.09,100.00
129P04453,2020-11-30 15:30:00,49.47,100.00
129P04453,2020-11-30 15:40:00,56.52,100.00
129P04453,2020-11-30 15:50:00,55.16,100.00
129P04453,2020-11-30 16:00:00,58.88,100.00
129P04453,2020-11-30 16:10:00,56.50,100.00
129P04453,2020-11-30 16:20:00,54.84,100.00
129P04453,2020-11-30 16:30:00,53.66,100.00
129P04453,2020-11-30 16:40:00,52.72,100.00
129P04453,2020-11-30 16:50:00,47.39,100.00
129P04453,2020-11-30 17:00:00,46.38,100.00
129P04453,2020-11-30 17:10:00,46.87,99.60
129P04453,2020-11-30 17:20:00,46.86,100.00
129P04453,2020-11-30 17:30:00,45.43,100.00
129P04453,2020-11-30 17:40:00,41.77,98.00
129P04453,2020-11-30 17:50:00,48.57,99.60
129P04453,2020-11-30 18:00:00,49.80,99.20
129P04453,2020-11-30 18:10:00,47.78,99.20
129P04453,2020-11-30 18:20:00,51.14,99.20
129P04453,2020-11-30 18:30:00,53.04,100.00
129P04453,2020-11-30 18:40:00,50.63,100.00
129P04453,2020-11-30 18:50:00,48.00,98.40
129P04453,2020-11-30 19:00:00,53.54,99.60
129P04453,2020-11-30 19:10:00,54.80,100.00
129P04453,2020-11-30 19:20:00,54.67,100.00
129P04453,2020-11-30 19:30:00,53.55,100.00
129P04453,2020-11-30 19:40:00,53.79,100.00
129P04453,2020-11-30 19:50:00,54.29,100.00
129P04453,2020-11-30 20:00:00,51.26,100.00
129P04453,2020-11-30 20:10:00,50.57,100.00
129P04453,2020-11-30 20:20:00,52.78,100.00
129P04453,2020-11-30 20:30:00,58.38,100.00
129P04453,2020-11-30 20:40:00,59.19,100.00
129P04453,2020-11-30 20:50:00,53.70,100.00
129P04453,2020-11-30 21:00:00,44.14,96.40
129P04453,2020-11-30 21:10:00,44.80,99.20
129P04453,2020-11-30 21:20:00,45.20,100.00
129P04453,2020-11-30 21:30:00,46.39,100.00
129P04453,2020-11-30 21:40:00,44.88,98.80
129P04453,2020-11-30 21:50:00,46.55,100.00
129P04453,2020-11-30 22:00:00,56.36,100.00
129P04453,2020-11-30 22:10:00,53.92,100.00
129P04453,2020-11-30 22:20:00,55.56,100.00
129P04453,2020-11-30 22:30:00,63.70,95.60
129P04453,2020-11-30 22:40:00,63.00,94.00
129P04453,2020-11-30 22:50:00,56.96,96.00
129P04453,2020-11-30 23:00:00,54.21,90.10
129P04453,2020-11-30 23:10:00,47.69,55.40
129P04453,2020-11-30 23:20:00,47.29,57.00
129P04453,2020-11-30 23:30:00,46.84,74.20
129P04453,2020-11-30 23:40:00,57.34,97.60
129P04453,2020-11-30 23:50:00,60.99,92.80
129P04452,2020-11-30 00:00:00,25.00,
129P04452,2020-11-30 00:10:00,25.00,
129P04452,2020-11-30 00:20:00,25.49,
129P04452,2020-11-30 00:30:00,26.00,
129P04452,2020-11-30 00:40:00,28.00,
129P04452,2020-11-30 00:50:00,28.49,
129P04452,2020-11-30 01:00:00,29.00,
129P04452,2020-11-30 01:10:00,29.00,
129P04452,2020-11-30 01:20:00,29.00,
129P04452,2020-11-30 01:30:00,,
129P04452,2020-11-30 01:40:00,,
129P04452,2020-11-30 01:50:00,,
129P04452,2020-11-30 02:00:00,,
129P04452,2020-11-30 02:10:00,,
129P04452,2020-11-30 02:20:00,,
129P04452,2020-11-30 02:30:00,,
129P04452,2020-11-30 02:40:00,,
129P04452,2020-11-30 02:50:00,,
129P04452,2020-11-30 03:00:00,,
129P04452,2020-11-30 03:10:00,,
129P04452,2020-11-30 03:20:00,,
129P04452,2020-11-30 03:30:00,,
129P04452,2020-11-30 03:40:00,,
129P04452,2020-11-30 03:50:00,27.00,100.00
129P04452,2020-11-30 04:00:00,27.00,95.00
129P04452,2020-11-30 04:10:00,34.00,90.00
129P04452,2020-11-30 04:20:00,34.00,90.00
129P04452,2020-11-30 04:30:00,34.00,90.00
129P04452,2020-11-30 04:40:00,,
129P04452,2020-11-30 04:50:00,,
129P04452,2020-11-30 05:00:00,27.27,100.00
129P04452,2020-11-30 05:10:00,28.46,100.00
129P04452,2020-11-30 05:20:00,33.58,100.00
129P04452,2020-11-30 05:30:00,38.24,100.00
129P04452,2020-11-30 05:40:00,25.82,97.00
129P04452,2020-11-30 05:50:00,26.59,100.00
129P04452,2020-11-30 06:00:00,33.57,100.00
129P04452,2020-11-30 06:10:00,34.16,100.00
129P04452,2020-11-30 06:20:00,31.71,100.00
129P04452,2020-11-30 06:30:00,31.03,100.00
129P04452,2020-11-30 06:40:00,34.03,98.00
129P04452,2020-11-30 06:50:00,38.97,100.00
129P04452,2020-11-30 07:00:00,27.83,100.00
129P04452,2020-11-30 07:10:00,28.62,100.00
129P04452,2020-11-30 07:20:00,22.40,100.00
129P04452,2020-11-30 07:30:00,27.85,100.00
129P04452,2020-11-30 07:40:00,26.40,100.00
129P04452,2020-11-30 07:50:00,25.77,100.00
129P04452,2020-11-30 08:00:00,24.42,100.00
129P04452,2020-11-30 08:10:00,27.62,100.00
129P04452,2020-11-30 08:20:00,24.50,100.00
129P04452,2020-11-30 08:30:00,27.19,100.00
129P04452,2020-11-30 08:40:00,22.57,100.00
129P04452,2020-11-30 08:50:00,22.83,100.00
129P04452,2020-11-30 09:00:00,26.14,100.00
129P04452,2020-11-30 09:10:00,26.37,100.00
129P04452,2020-11-30 09:20:00,32.55,96.00
129P04452,2020-11-30 09:30:00,26.60,98.00
129P04452,2020-11-30 09:40:00,19.83,100.00
129P04452,2020-11-30 09:50:00,19.39,100.00
129P04452,2020-11-30 10:00:00,20.75,99.00
129P04452,2020-11-30 10:10:00,28.78,99.00
129P04452,2020-11-30 10:20:00,33.13,100.00
129P04452,2020-11-30 10:30:00,31.10,100.00
129P04452,2020-11-30 10:40:00,24.93,100.00
129P04452,2020-11-30 10:50:00,23.56,100.00
129P04452,2020-11-30 11:00:00,29.55,100.00
129P04452,2020-11-30 11:10:00,30.62,100.00
129P04452,2020-11-30 11:20:00,26.19,100.00
129P04452,2020-11-30 11:30:00,24.66,100.00
129P04452,2020-11-30 11:40:00,22.54,98.00
129P04452,2020-11-30 11:50:00,24.13,99.00
129P04452,2020-11-30 12:00:00,24.39,100.00
129P04452,2020-11-30 12:10:00,20.62,100.00
129P04452,2020-11-30 12:20:00,21.84,100.00
129P04452,2020-11-30 12:30:00,22.77,100.00
129P04452,2020-11-30 12:40:00,22.37,100.00
129P04452,2020-11-30 12:50:00,22.76,100.00
129P04452,2020-11-30 13:00:00,15.56,100.00
129P04452,2020-11-30 13:10:00,16.79,100.00
129P04452,2020-11-30 13:20:00,17.91,100.00
129P04452,2020-11-30 13:30:00,23.82,100.00
129P04452,2020-11-30 13:40:00,29.19,100.00
129P04452,2020-11-30 13:50:00,27.52,100.00
129P04452,2020-11-30 14:00:00,30.75,100.00
129P04452,2020-11-30 14:10:00,27.03,100.00
129P04452,2020-11-30 14:20:00,30.00,100.00
129P04452,2020-11-30 14:30:00,28.12,100.00
129P04452,2020-11-30 14:40:00,22.20,100.00
129P04452,2020-11-30 14:50:00,29.29,100.00
129P04452,2020-11-30 15:00:00,29.88,100.00
129P04452,2020-11-30 15:10:00,32.71,100.00
129P04452,2020-11-30 15:20:00,29.78,100.00
129P04452,2020-11-30 15:30:00,24.52,100.00
129P04452,2020-11-30 15:40:00,19.34,100.00
129P04452,2020-11-30 15:50:00,28.93,100.00
129P04452,2020-11-30 16:00:00,30.58,100.00
129P04452,2020-11-30 16:10:00,24.98,100.00
129P04452,2020-11-30 16:20:00,26.86,100.00
129P04452,2020-11-30 16:30:00,29.90,100.00
129P04452,2020-11-30 16:40:00,33.11,100.00
129P04452,2020-11-30 16:50:00,26.20,100.00
129P04452,2020-11-30 17:00:00,18.24,100.00
129P04452,2020-11-30 17:10:00,20.34,100.00
129P04452,2020-11-30 17:20:00,24.39,100.00
129P04452,2020-11-30 17:30:00,21.94,100.00
129P04452,2020-11-30 17:40:00,24.21,100.00
129P04452,2020-11-30 17:50:00,22.69,100.00
129P04452,2020-11-30 18:00:00,26.69,100.00
129P04452,2020-11-30 18:10:00,33.77,100.00
129P04452,2020-11-30 18:20:00,34.26,100.00
129P04452,2020-11-30 18:30:00,30.91,98.00
129P04452,2020-11-30 18:40:00,17.87,90.00
129P04452,2020-11-30 18:50:00,21.10,90.00
129P04452,2020-11-30 19:00:00,20.40,90.00
129P04452,2020-11-30 19:10:00,19.17,98.00
129P04452,2020-11-30 19:20:00,20.59,100.00
129P04452,2020-11-30 19:30:00,24.08,100.00
129P04452,2020-11-30 19:40:00,22.84,100.00
129P04452,2020-11-30 19:50:00,23.17,100.00
129P04452,2020-11-30 20:00:00,22.27,96.00
129P04452,2020-11-30 20:10:00,21.49,80.00
129P04452,2020-11-30 20:20:00,18.18,87.00
129P04452,2020-11-30 20:30:00,16.49,90.00
129P04452,2020-11-30 20:40:00,25.05,90.00
129P04452,2020-11-30 20:50:00,36.06,90.00
129P04452,2020-11-30 21:00:00,37.19,90.00
129P04452,2020-11-30 21:10:00,35.75,97.00
129P04452,2020-11-30 21:20:00,37.90,90.00
129P04452,2020-11-30 21:30:00,43.93,90.00
129P04452,2020-11-30 21:40:00,41.18,80.00
129P04452,2020-11-30 21:50:00,38.58,80.00
129P04452,2020-11-30 22:00:00,38.00,80.00
129P04452,2020-11-30 22:10:00,42.00,
129P04452,2020-11-30 22:20:00,39.07,100.00
129P04452,2020-11-30 22:30:00,24.00,93.00
129P04452,2020-11-30 22:40:00,24.00,90.00
129P04452,2020-11-30 22:50:00,24.00,90.00
129P04452,2020-11-30 23:00:00,23.53,90.00
129P04452,2020-11-30 23:10:00,20.00,
129P04452,2020-11-30 23:20:00,20.00,
129P04452,2020-11-30 23:30:00,27.17,83.33
129P04452,2020-11-30 23:40:00,29.00,90.00
129P04452,2020-11-30 23:50:00,29.00,89.00
129+04460,2020-11-30 00:00:00,67.97,90.00
129+04460,2020-11-30 00:10:00,66.00,90.00
129+04460,2020-11-30 00:20:00,66.00,90.00
129+04460,2020-11-30 00:30:00,,
129+04460,2020-11-30 00:40:00,65.00,100.00
129+04460,2020-11-30 00:50:00,65.00,97.60
129+04460,2020-11-30 01:00:00,67.65,98.80
129+04460,2020-11-30 01:10:00,70.00,97.60
129+04460,2020-11-30 01:20:00,68.69,96.00
129+04460,2020-11-30 01:30:00,65.58,90.00
129+04460,2020-11-30 01:40:00,64.00,90.00
129+04460,2020-11-30 01:50:00,64.00,90.00
129+04460,2020-11-30 02:00:00,59.80,97.40
129+04460,2020-11-30 02:10:00,59.00,90.00
129+04460,2020-11-30 02:20:00,62.53,93.00
129+04460,2020-11-30 02:30:00,62.10,99.40
129+04460,2020-11-30 02:40:00,63.89,100.00
129+04460,2020-11-30 02:50:00,63.49,97.40
129+04460,2020-11-30 03:00:00,64.39,90.00
129+04460,2020-11-30 03:10:00,68.18,96.20
129+04460,2020-11-30 03:20:00,71.00,92.80
129+04460,2020-11-30 03:30:00,70.80,90.00
129+04460,2020-11-30 03:40:00,66.39,93.60
129+04460,2020-11-30 03:50:00,66.45,100.00
129+04460,2020-11-30 04:00:00,69.00,100.00
129+04460,2020-11-30 04:10:00,68.47,100.00
129+04460,2020-11-30 04:20:00,70.00,100.00
129+04460,2020-11-30 04:30:00,70.88,100.00
129+04460,2020-11-30 04:40:00,71.10,100.00
129+04460,2020-11-30 04:50:00,69.69,100.00
129+04460,2020-11-30 05:00:00,72.80,100.00
129+04460,2020-11-30 05:10:00,70.89,100.00
129+04460,2020-11-30 05:20:00,72.49,100.00
129+04460,2020-11-30 05:30:00,70.85,100.00
129+04460,2020-11-30 05:40:00,71.87,100.00
129+04460,2020-11-30 05:50:00,69.28,100.00
129+04460,2020-11-30 06:00:00,70.99,100.00
129+04460,2020-11-30 06:10:00,72.59,100.00
129+04460,2020-11-30 06:20:00,69.37,100.00
129+04460,2020-11-30 06:30:00,70.70,100.00
129+04460,2020-11-30 06:40:00,69.29,100.00
129+04460,2020-11-30 06:50:00,71.79,100.00
129+04460,2020-11-30 07:00:00,69.59,100.00
129+04460,2020-11-30 07:10:00,69.19,100.00
129+04460,2020-11-30 07:20:00,67.16,100.00
129+04460,2020-11-30 07:30:00,68.09,100.00
129+04460,2020-11-30 07:40:00,70.28,100.00
129+04460,2020-11-30 07:50:00,70.90,100.00
129+04460,2020-11-30 08:00:00,68.97,100.00
129+04460,2020-11-30 08:10:00,69.79,100.00
129+04460,2020-11-30 08:20:00,68.59,100.00
129+04460,2020-11-30 08:30:00,71.10,100.00
129+04460,2020-11-30 08:40:00,71.39,100.00
129+04460,2020-11-30 08:50:00,70.39,100.00
129+04460,2020-11-30 09:00:00,68.68,100.00
129+04460,2020-11-30 09:10:00,70.49,100.00
129+04460,2020-11-30 09:20:00,70.00,100.00
129+04460,2020-11-30 09:30:00,67.58,100.00
129+04460,2020-11-30 09:40:00,69.49,100.00
129+04460,2020-11-30 09:50:00,69.29,100.00
129+04460,2020-11-30 10:00:00,69.29,100.00
129+04460,2020-11-30 10:10:00,67.80,100.00
129+04460,2020-11-30 10:20:00,69.29,100.00
129+04460,2020-11-30 10:30:00,69.10,100.00
129+04460,2020-11-30 10:40:00,68.29,100.00
129+04460,2020-11-30 10:50:00,69.84,100.00
129+04460,2020-11-30 11:00:00,70.38,100.00
129+04460,2020-11-30 11:10:00,68.59,100.00
129+04460,2020-11-30 11:20:00,66.89,100.00
129+04460,2020-11-30 11:30:00,67.88,100.00
129+04460,2020-11-30 11:40:00,69.49,100.00
129+04460,2020-11-30 11:50:00,70.29,100.00
129+04460,2020-11-30 12:00:00,73.27,100.00
129+04460,2020-11-30 12:10:00,70.50,100.00
129+04460,2020-11-30 12:20:00,69.10,100.00
129+04460,2020-11-30 12:30:00,67.09,100.00
129+04460,2020-11-30 12:40:00,67.46,100.00
129+04460,2020-11-30 12:50:00,70.39,100.00
129+04460,2020-11-30 13:00:00,68.79,100.00
129+04460,2020-11-30 13:10:00,69.29,100.00
129+04460,2020-11-30 13:20:00,68.47,100.00
129+04460,2020-11-30 13:30:00,67.90,100.00
129+04460,2020-11-30 13:40:00,68.20,100.00
129+04460,2020-11-30 13:50:00,67.59,100.00
129+04460,2020-11-30 14:00:00,67.46,100.00
129+04460,2020-11-30 14:10:00,66.16,100.00
129+04460,2020-11-30 14:20:00,68.05,100.00
129+04460,2020-11-30 14:30:00,67.59,100.00
129+04460,2020-11-30 14:40:00,70.29,100.00
129+04460,2020-11-30 14:50:00,70.19,100.00
129+04460,2020-11-30 15:00:00,65.68,100.00
129+04460,2020-11-30 15:10:00,67.88,100.00
129+04460,2020-11-30 15:20:00,65.80,100.00
129+04460,2020-11-30 15:30:00,61.61,100.00
129+04460,2020-11-30 15:40:00,64.23,100.00
129+04460,2020-11-30 15:50:00,67.39,100.00
129+04460,2020-11-30 16:00:00,67.89,100.00
129+04460,2020-11-30 16:10:00,68.60,100.00
129+04460,2020-11-30 16:20:00,64.54,100.00
129+04460,2020-11-30 16:30:00,66.48,100.00
129+04460,2020-11-30 16:40:00,67.90,100.00
129+04460,2020-11-30 16:50:00,67.49,100.00
129+04460,2020-11-30 17:00:00,67.80,100.00
129+04460,2020-11-30 17:10:00,60.49,100.00
129+04460,2020-11-30 17:20:00,63.37,100.00
129+04460,2020-11-30 17:30:00,64.06,100.00
129+04460,2020-11-30 17:40:00,55.86,91.40
129+04460,2020-11-30 17:50:00,55.17,92.20
129+04460,2020-11-30 18:00:00,61.79,100.00
129+04460,2020-11-30 18:10:00,61.90,99.20
129+04460,2020-11-30 18:20:00,60.90,98.00
129+04460,2020-11-30 18:30:00,62.33,100.00
129+04460,2020-11-30 18:40:00,63.74,100.00
129+04460,2020-11-30 18:50:00,60.55,96.40
129+04460,2020-11-30 19:00:00,52.18,92.20
129+04460,2020-11-30 19:10:00,66.69,100.00
129+04460,2020-11-30 19:20:00,70.40,100.00
129+04460,2020-11-30 19:30:00,71.00,100.00
129+04460,2020-11-30 19:40:00,71.58,100.00
129+04460,2020-11-30 19:50:00,65.36,97.60
129+04460,2020-11-30 20:00:00,59.83,98.80
129+04460,2020-11-30 20:10:00,57.50,97.60
129+04460,2020-11-30 20:20:00,58.98,100.00
129+04460,2020-11-30 20:30:00,62.02,95.80
129+04460,2020-11-30 20:40:00,65.99,96.40
129+04460,2020-11-30 20:50:00,67.32,100.00
129+04460,2020-11-30 21:00:00,67.35,100.00
129+04460,2020-11-30 21:10:00,68.55,100.00
129+04460,2020-11-30 21:20:00,69.09,94.40
129+04460,2020-11-30 21:30:00,67.00,100.00
129+04460,2020-11-30 21:40:00,68.88,100.00
129+04460,2020-11-30 21:50:00,70.90,100.00
129+04460,2020-11-30 22:00:00,71.00,100.00
129+04460,2020-11-30 22:10:00,69.57,100.00
129+04460,2020-11-30 22:20:00,66.19,100.00
129+04460,2020-11-30 22:30:00,65.66,100.00
129+04460,2020-11-30 22:40:00,62.90,100.00
129+04460,2020-11-30 22:50:00,61.60,98.40
129+04460,2020-11-30 23:00:00,65.46,99.60
129+04460,2020-11-30 23:10:00,66.00,100.00
129+04460,2020-11-30 23:20:00,65.69,100.00
129+04460,2020-11-30 23:30:00,61.39,100.00
129+04460,2020-11-30 23:40:00,60.00,94.40
129+04460,2020-11-30 23:50:00,60.60,90.00
129P04462,2020-11-30 00:00:00,,
129P04462,2020-11-30 00:10:00,,
129P04462,2020-11-30 00:20:00,,
129P04462,2020-11-30 00:30:00,,
129P04462,2020-11-30 00:40:00,,
129P04462,2020-11-30 00:50:00,,
129P04462,2020-11-30 01:00:00,,
129P04462,2020-11-30 01:10:00,65.00,90.00
129P04462,2020-11-30 01:20:00,65.00,90.00
129P04462,2020-11-30 01:30:00,64.10,90.00
129P04462,2020-11-30 01:40:00,61.59,90.00
129P04462,2020-11-30 01:50:00,61.00,90.00
129P04462,2020-11-30 02:00:00,57.76,98.00
129P04462,2020-11-30 02:10:00,57.00,95.00
129P04462,2020-11-30 02:20:00,56.40,94.00
129P04462,2020-11-30 02:30:00,55.66,98.00
129P04462,2020-11-30 02:40:00,58.45,100.00
129P04462,2020-11-30 02:50:00,56.00,100.00
129P04462,2020-11-30 03:00:00,55.50,95.00
129P04462,2020-11-30 03:10:00,53.59,90.00
129P04462,2020-11-30 03:20:00,71.00,99.00
129P04462,2020-11-30 03:30:00,70.70,90.00
129P04462,2020-11-30 03:40:00,67.77,90.00
129P04462,2020-11-30 03:50:00,63.02,90.00
129P04462,2020-11-30 04:00:00,53.83,95.00
129P04462,2020-11-30 04:10:00,51.85,100.00
129P04462,2020-11-30 04:20:00,57.91,100.00
129P04462,2020-11-30 04:30:00,62.07,100.00
129P04462,2020-11-30 04:40:00,59.40,100.00
129P04462,2020-11-30 04:50:00,62.08,100.00
129P04462,2020-11-30 05:00:00,62.50,100.00
129P04462,2020-11-30 05:10:00,62.33,100.00
129P04462,2020-11-30 05:20:00,57.94,100.00
129P04462,2020-11-30 05:30:00,59.95,100.00
129P04462,2020-11-30 05:40:00,51.46,100.00
129P04462,2020-11-30 05:50:00,56.46,100.00
129P04462,2020-11-30 06:00:00,56.86,100.00
129P04462,2020-11-30 06:10:00,59.20,100.00
129P04462,2020-11-30 06:20:00,60.86,100.00
129P04462,2020-11-30 06:30:00,57.65,100.00
129P04462,2020-11-30 06:40:00,58.38,100.00
129P04462,2020-11-30 06:50:00,57.53,100.00
129P04462,2020-11-30 07:00:00,60.27,100.00
129P04462,2020-11-30 07:10:00,57.49,100.00
129P04462,2020-11-30 07:20:00,60.91,100.00
129P04462,2020-11-30 07:30:00,57.46,100.00
129P04462,2020-11-30 07:40:00,62.05,100.00
129P04462,2020-11-30 07:50:00,61.67,100.00
129P04462,2020-11-30 08:00:00,60.77,100.00
129P04462,2020-11-30 08:10:00,58.82,100.00
129P04462,2020-11-30 08:20:00,59.81,100.00
129P04462,2020-11-30 08:30:00,59.68,100.00
129P04462,2020-11-30 08:40:00,62.39,100.00
129P04462,2020-11-30 08:50:00,64.35,100.00
129P04462,2020-11-30 09:00:00,59.30,100.00
129P04462,2020-11-30 09:10:00,61.99,100.00
129P04462,2020-11-30 09:20:00,60.30,100.00
129P04462,2020-11-30 09:30:00,61.86,100.00
129P04462,2020-11-30 09:40:00,55.35,100.00
129P04462,2020-11-30 09:50:00,62.11,100.00
129P04462,2020-11-30 10:00:00,60.66,100.00
129P04462,2020-11-30 10:10:00,55.15,100.00
129P04462,2020-11-30 10:20:00,59.94,100.00
129P04462,2020-11-30 10:30:00,57.37,100.00
129P04462,2020-11-30 10:40:00,60.98,100.00
129P04462,2020-11-30 10:50:00,62.24,100.00
129P04462,2020-11-30 11:00:00,66.49,100.00
129P04462,2020-11-30 11:10:00,60.98,100.00
129P04462,2020-11-30 11:20:00,55.61,100.00
129P04462,2020-11-30 11:30:00,57.51,100.00
129P04462,2020-11-30 11:40:00,61.65,100.00
129P04462,2020-11-30 11:50:00,56.88,100.00
129P04462,2020-11-30 12:00:00,56.99,100.00
129P04462,2020-11-30 12:10:00,56.18,100.00
129P04462,2020-11-30 12:20:00,60.18,100.00
129P04462,2020-11-30 12:30:00,61.36,100.00
129P04462,2020-11-30 12:40:00,56.87,100.00
129P04462,2020-11-30 12:50:00,58.17,100.00
129P04462,2020-11-30 13:00:00,57.71,100.00
129P04462,2020-11-30 13:10:00,63.11,100.00
129P04462,2020-11-30 13:20:00,58.98,100.00
129P04462,2020-11-30 13:30:00,53.94,100.00
129P04462,2020-11-30 13:40:00,58.16,100.00
129P04462,2020-11-30 13:50:00,61.70,100.00
129P04462,2020-11-30 14:00:00,62.06,100.00
129P04462,2020-11-30 14:10:00,57.44,100.00
129P04462,2020-11-30 14:20:00,51.54,100.00
129P04462,2020-11-30 14:30:00,58.64,100.00
129P04462,2020-11-30 14:40:00,55.07,100.00
129P04462,2020-11-30 14:50:00,57.96,100.00
129P04462,2020-11-30 15:00:00,55.03,100.00
129P04462,2020-11-30 15:10:00,56.07,100.00
129P04462,2020-11-30 15:20:00,56.87,100.00
129P04462,2020-11-30 15:30:00,55.14,100.00
129P04462,2020-11-30 15:40:00,57.34,100.00
129P04462,2020-11-30 15:50:00,56.87,100.00
129P04462,2020-11-30 16:00:00,54.18,100.00
129P04462,2020-11-30 16:10:00,62.40,100.00
129P04462,2020-11-30 16:20:00,58.33,100.00
129P04462,2020-11-30 16:30:00,52.76,100.00
129P04462,2020-11-30 16:40:00,57.31,100.00
129P04462,2020-11-30 16:50:00,57.08,100.00
129P04462,2020-11-30 17:00:00,58.82,100.00
129P04462,2020-11-30 17:10:00,59.26,100.00
129P04462,2020-11-30 17:20:00,58.44,100.00
129P04462,2020-11-30 17:30:00,61.80,100.00
129P04462,2020-11-30 17:40:00,53.50,100.00
129P04462,2020-11-30 17:50:00,50.09,100.00
129P04462,2020-11-30 18:00:00,48.28,100.00
129P04462,2020-11-30 18:10:00,51.16,100.00
129P04462,2020-11-30 18:20:00,55.39,100.00
129P04462,2020-11-30 18:30:00,59.37,100.00
129P04462,2020-11-30 18:40:00,58.60,100.00
129P04462,2020-11-30 18:50:00,62.88,100.00
129P04462,2020-11-30 19:00:00,59.90,100.00
129P04462,2020-11-30 19:10:00,57.34,100.00
129P04462,2020-11-30 19:20:00,58.06,100.00
129P04462,2020-11-30 19:30:00,59.69,100.00
129P04462,2020-11-30 19:40:00,60.96,100.00
129P04462,2020-11-30 19:50:00,68.18,100.00
129P04462,2020-11-30 20:00:00,64.58,100.00
129P04462,2020-11-30 20:10:00,59.90,100.00
129P04462,2020-11-30 20:20:00,53.39,100.00
129P04462,2020-11-30 20:30:00,51.80,100.00
129P04462,2020-11-30 20:40:00,52.70,100.00
129P04462,2020-11-30 20:50:00,56.99,99.00
129P04462,2020-11-30 21:00:00,59.03,98.00
129P04462,2020-11-30 21:10:00,58.36,100.00
129P04462,2020-11-30 21:20:00,60.60,100.00
129P04462,2020-11-30 21:30:00,62.06,100.00
129P04462,2020-11-30 21:40:00,61.80,100.00
129P04462,2020-11-30 21:50:00,64.27,100.00
129P04462,2020-11-30 22:00:00,61.96,100.00
129P04462,2020-11-30 22:10:00,59.72,100.00
129P04462,2020-11-30 22:20:00,56.46,100.00
129P04462,2020-11-30 22:30:00,57.09,100.00
129P04462,2020-11-30 22:40:00,63.33,100.00
129P04462,2020-11-30 22:50:00,65.79,100.00
129P04462,2020-11-30 23:00:00,66.79,100.00
129P04462,2020-11-30 23:10:00,66.30,100.00
129P04462,2020-11-30 23:20:00,63.77,100.00
129P04462,2020-11-30 23:30:00,59.77,96.00
129P04462,2020-11-30 23:40:00,52.58,90.00
129P04462,2020-11-30 23:50:00,52.00,90.00
129P04461,2020-11-30 00:00:00,,
129P04461,2020-11-30 00:10:00,,
129P04461,2020-11-30 00:20:00,,
129P04461,2020-11-30 00:30:00,,
129P04461,2020-11-30 00:40:00,,
129P04461,2020-11-30 00:50:00,,
129P04461,2020-11-30 01:00:00,69.00,100.00
129P04461,2020-11-30 01:10:00,67.79,100.00
129P04461,2020-11-30 01:20:00,67.00,100.00
129P04461,2020-11-30 01:30:00,65.69,95.00
129P04461,2020-11-30 01:40:00,63.49,90.00
129P04461,2020-11-30 01:50:00,63.00,90.00
129P04461,2020-11-30 02:00:00,61.00,100.00
129P04461,2020-11-30 02:10:00,60.20,92.00
129P04461,2020-11-30 02:20:00,62.83,97.00
129P04461,2020-11-30 02:30:00,64.16,98.00
129P04461,2020-11-30 02:40:00,63.98,100.00
129P04461,2020-11-30 02:50:00,63.00,100.00
129P04461,2020-11-30 03:00:00,64.59,92.00
129P04461,2020-11-30 03:10:00,65.11,92.00
129P04461,2020-11-30 03:20:00,72.00,97.00
129P04461,2020-11-30 03:30:00,71.20,90.00
129P04461,2020-11-30 03:40:00,67.30,94.00
129P04461,2020-11-30 03:50:00,63.44,97.00
129P04461,2020-11-30 04:00:00,65.00,100.00
129P04461,2020-11-30 04:10:00,67.00,100.00
129P04461,2020-11-30 04:20:00,71.00,100.00
129P04461,2020-11-30 04:30:00,71.39,100.00
129P04461,2020-11-30 04:40:00,70.29,100.00
129P04461,2020-11-30 04:50:00,71.09,100.00
129P04461,2020-11-30 05:00:00,73.75,100.00
129P04461,2020-11-30 05:10:00,73.36,100.00
129P04461,2020-11-30 05:20:00,74.27,100.00
129P04461,2020-11-30 05:30:00,72.59,100.00
129P04461,2020-11-30 05:40:00,71.14,100.00
129P04461,2020-11-30 05:50:00,70.88,100.00
129P04461,2020-11-30 06:00:00,70.29,100.00
129P04461,2020-11-30 06:10:00,73.78,100.00
129P04461,2020-11-30 06:20:00,70.18,100.00
129P04461,2020-11-30 06:30:00,68.67,100.00
129P04461,2020-11-30 06:40:00,69.69,100.00
129P04461,2020-11-30 06:50:00,70.77,100.00
129P04461,2020-11-30 07:00:00,70.26,100.00
129P04461,2020-11-30 07:10:00,68.09,100.00
129P04461,2020-11-30 07:20:00,67.29,100.00
129P04461,2020-11-30 07:30:00,68.35,100.00
129P04461,2020-11-30 07:40:00,70.79,100.00
129P04461,2020-11-30 07:50:00,70.10,100.00
129P04461,2020-11-30 08:00:00,72.39,100.00
129P04461,2020-11-30 08:10:00,70.60,100.00
129P04461,2020-11-30 08:20:00,68.79,100.00
129P04461,2020-11-30 08:30:00,68.49,100.00
129P04461,2020-11-30 08:40:00,69.39,100.00
129P04461,2020-11-30 08:50:00,71.08,100.00
129P04461,2020-11-30 09:00:00,69.59,100.00
129P04461,2020-11-30 09:10:00,70.88,100.00
129P04461,2020-11-30 09:20:00,70.70,100.00
129P04461,2020-11-30 09:30:00,70.09,100.00
129P04461,2020-11-30 09:40:00,69.00,100.00
129P04461,2020-11-30 09:50:00,69.69,100.00
129P04461,2020-11-30 10:00:00,68.59,100.00
129P04461,2020-11-30 10:10:00,67.48,100.00
129P04461,2020-11-30 10:20:00,69.38,100.00
129P04461,2020-11-30 10:30:00,68.10,100.00
129P04461,2020-11-30 10:40:00,67.90,100.00
129P04461,2020-11-30 10:50:00,68.39,100.00
129P04461,2020-11-30 11:00:00,68.98,100.00
129P04461,2020-11-30 11:10:00,70.79,100.00
129P04461,2020-11-30 11:20:00,69.56,100.00
129P04461,2020-11-30 11:30:00,69.39,100.00
129P04461,2020-11-30 11:40:00,69.39,100.00
129P04461,2020-11-30 11:50:00,71.28,100.00
129P04461,2020-11-30 12:00:00,72.56,100.00
129P04461,2020-11-30 12:10:00,71.19,100.00
129P04461,2020-11-30 12:20:00,70.10,100.00
129P04461,2020-11-30 12:30:00,69.68,100.00
129P04461,2020-11-30 12:40:00,66.89,100.00
129P04461,2020-11-30 12:50:00,69.38,100.00
129P04461,2020-11-30 13:00:00,69.58,100.00
129P04461,2020-11-30 13:10:00,67.95,100.00
129P04461,2020-11-30 13:20:00,68.45,100.00
129P04461,2020-11-30 13:30:00,71.79,100.00
129P04461,2020-11-30 13:40:00,68.39,100.00
129P04461,2020-11-30 13:50:00,69.89,100.00
129P04461,2020-11-30 14:00:00,70.48,100.00
129P04461,2020-11-30 14:10:00,67.99,100.00
129P04461,2020-11-30 14:20:00,65.99,100.00
129P04461,2020-11-30 14:30:00,67.16,100.00
129P04461,2020-11-30 14:40:00,69.53,100.00
129P04461,2020-11-30 14:50:00,69.97,100.00
129P04461,2020-11-30 15:00:00,68.79,100.00
129P04461,2020-11-30 15:10:00,67.19,100.00
129P04461,2020-11-30 15:20:00,66.44,100.00
129P04461,2020-11-30 15:30:00,65.77,100.00
129P04461,2020-11-30 15:40:00,65.94,100.00
129P04461,2020-11-30 15:50:00,67.58,100.00
129P04461,2020-11-30 16:00:00,67.78,100.00
129P04461,2020-11-30 16:10:00,68.40,100.00
129P04461,2020-11-30 16:20:00,67.79,100.00
129P04461,2020-11-30 16:30:00,67.29,100.00
129P04461,2020-11-30 16:40:00,68.08,100.00
129P04461,2020-11-30 16:50:00,67.46,100.00
129P04461,2020-11-30 17:00:00,64.09,100.00
129P04461,2020-11-30 17:10:00,67.29,100.00
129P04461,2020-11-30 17:20:00,68.59,100.00
129P04461,2020-11-30 17:30:00,68.59,100.00
129P04461,2020-11-30 17:40:00,65.00,100.00
129P04461,2020-11-30 17:50:00,54.77,92.00
129P04461,2020-11-30 18:00:00,55.91,97.00
129P04461,2020-11-30 18:10:00,64.07,100.00
129P04461,2020-11-30 18:20:00,66.10,100.00
129P04461,2020-11-30 18:30:00,63.44,100.00
129P04461,2020-11-30 18:40:00,62.20,100.00
129P04461,2020-11-30 18:50:00,64.84,100.00
129P04461,2020-11-30 19:00:00,62.81,99.00
129P04461,2020-11-30 19:10:00,60.02,94.00
129P04461,2020-11-30 19:20:00,68.60,100.00
129P04461,2020-11-30 19:30:00,69.80,100.00
129P04461,2020-11-30 19:40:00,69.98,100.00
129P04461,2020-11-30 19:50:00,70.39,100.00
129P04461,2020-11-30 20:00:00,68.15,100.00
129P04461,2020-11-30 20:10:00,64.54,100.00
129P04461,2020-11-30 20:20:00,66.09,100.00
129P04461,2020-11-30 20:30:00,64.99,100.00
129P04461,2020-11-30 20:40:00,64.00,100.00
129P04461,2020-11-30 20:50:00,65.17,100.00
129P04461,2020-11-30 21:00:00,64.62,100.00
129P04461,2020-11-30 21:10:00,64.75,100.00
129P04461,2020-11-30 21:20:00,70.10,100.00
129P04461,2020-11-30 21:30:00,67.64,100.00
129P04461,2020-11-30 21:40:00,66.77,100.00
129P04461,2020-11-30 21:50:00,70.39,100.00
129P04461,2020-11-30 22:00:00,68.99,100.00
129P04461,2020-11-30 22:10:00,68.20,100.00
129P04461,2020-11-30 22:20:00,65.38,100.00
129P04461,2020-11-30 22:30:00,65.00,100.00
129P04461,2020-11-30 22:40:00,60.68,100.00
129P04461,2020-11-30 22:50:00,58.88,100.00
129P04461,2020-11-30 23:00:00,61.46,94.00
129P04461,2020-11-30 23:10:00,66.10,100.00
129P04461,2020-11-30 23:20:00,66.00,100.00
129P04461,2020-11-30 23:30:00,63.69,93.00
129P04461,2020-11-30 23:40:00,63.00,90.00
129P04461,2020-11-30 23:50:00,59.41,90.00
129P04460,2020-11-30 00:00:00,61.39,90.00
129P04460,2020-11-30 00:10:00,61.00,90.00
129P04460,2020-11-30 00:20:00,61.00,90.00
129P04460,2020-11-30 00:30:00,,
129P04460,2020-11-30 00:40:00,63.00,90.00
129P04460,2020-11-30 00:50:00,63.00,90.00
129P04460,2020-11-30 01:00:00,67.55,97.00
129P04460,2020-11-30 01:10:00,70.10,100.00
129P04460,2020-11-30 01:20:00,69.80,100.00
129P04460,2020-11-30 01:30:00,66.48,91.00
129P04460,2020-11-30 01:40:00,65.00,90.00
129P04460,2020-11-30 01:50:00,65.00,90.00
129P04460,2020-11-30 02:00:00,61.70,98.00
129P04460,2020-11-30 02:10:00,61.00,90.00
129P04460,2020-11-30 02:20:00,64.58,97.00
129P04460,2020-11-30 02:30:00,62.99,99.00
129P04460,2020-11-30 02:40:00,64.08,100.00
129P04460,2020-11-30 02:50:00,63.29,99.00
129P04460,2020-11-30 03:00:00,64.18,90.00
129P04460,2020-11-30 03:10:00,67.63,95.00
129P04460,2020-11-30 03:20:00,72.49,94.00
129P04460,2020-11-30 03:30:00,71.00,90.00
129P04460,2020-11-30 03:40:00,69.49,90.00
129P04460,2020-11-30 03:50:00,66.75,99.00
129P04460,2020-11-30 04:00:00,67.59,100.00
129P04460,2020-11-30 04:10:00,62.72,100.00
129P04460,2020-11-30 04:20:00,64.00,100.00
129P04460,2020-11-30 04:30:00,65.90,100.00
129P04460,2020-11-30 04:40:00,69.34,100.00
129P04460,2020-11-30 04:50:00,68.98,100.00
129P04460,2020-11-30 05:00:00,71.97,100.00
129P04460,2020-11-30 05:10:00,71.38,100.00
129P04460,2020-11-30 05:20:00,72.87,100.00
129P04460,2020-11-30 05:30:00,72.25,100.00
129P04460,2020-11-30 05:40:00,72.47,100.00
129P04460,2020-11-30 05:50:00,69.97,100.00
129P04460,2020-11-30 06:00:00,70.90,100.00
129P04460,2020-11-30 06:10:00,74.39,100.00
129P04460,2020-11-30 06:20:00,70.88,100.00
129P04460,2020-11-30 06:30:00,70.78,100.00
129P04460,2020-11-30 06:40:00,69.49,100.00
129P04460,2020-11-30 06:50:00,72.36,100.00
129P04460,2020-11-30 07:00:00,70.58,100.00
129P04460,2020-11-30 07:10:00,71.38,100.00
129P04460,2020-11-30 07:20:00,68.08,100.00
129P04460,2020-11-30 07:30:00,68.09,100.00
129P04460,2020-11-30 07:40:00,68.18,100.00
129P04460,2020-11-30 07:50:00,68.97,100.00
129P04460,2020-11-30 08:00:00,69.48,100.00
129P04460,2020-11-30 08:10:00,71.35,100.00
129P04460,2020-11-30 08:20:00,67.99,100.00
129P04460,2020-11-30 08:30:00,69.59,100.00
129P04460,2020-11-30 08:40:00,70.79,100.00
129P04460,2020-11-30 08:50:00,69.98,100.00
129P04460,2020-11-30 09:00:00,70.80,100.00
129P04460,2020-11-30 09:10:00,70.79,100.00
129P04460,2020-11-30 09:20:00,71.20,100.00
129P04460,2020-11-30 09:30:00,69.78,100.00
129P04460,2020-11-30 09:40:00,69.39,100.00
129P04460,2020-11-30 09:50:00,68.90,100.00
129P04460,2020-11-30 10:00:00,68.90,100.00
129P04460,2020-11-30 10:10:00,68.19,100.00
129P04460,2020-11-30 10:20:00,70.57,100.00
129P04460,2020-11-30 10:30:00,67.99,100.00
129P04460,2020-11-30 10:40:00,67.20,100.00
129P04460,2020-11-30 10:50:00,71.04,100.00
129P04460,2020-11-30 11:00:00,72.08,100.00
129P04460,2020-11-30 11:10:00,70.68,100.00
129P04460,2020-11-30 11:20:00,68.19,100.00
129P04460,2020-11-30 11:30:00,67.79,100.00
129P04460,2020-11-30 11:40:00,69.29,100.00
129P04460,2020-11-30 11:50:00,70.90,100.00
129P04460,2020-11-30 12:00:00,72.38,100.00
129P04460,2020-11-30 12:10:00,70.59,100.00
129P04460,2020-11-30 12:20:00,69.00,100.00
129P04460,2020-11-30 12:30:00,67.28,100.00
129P04460,2020-11-30 12:40:00,66.56,100.00
129P04460,2020-11-30 12:50:00,70.79,100.00
129P04460,2020-11-30 13:00:00,70.39,100.00
129P04460,2020-11-30 13:10:00,69.59,100.00
129P04460,2020-11-30 13:20:00,69.59,100.00
129P04460,2020-11-30 13:30:00,69.79,100.00
129P04460,2020-11-30 13:40:00,67.99,100.00
129P04460,2020-11-30 13:50:00,68.56,100.00
129P04460,2020-11-30 14:00:00,69.25,100.00
129P04460,2020-11-30 14:10:00,67.17,100.00
129P04460,2020-11-30 14:20:00,66.49,100.00
129P04460,2020-11-30 14:30:00,67.28,100.00
129P04460,2020-11-30 14:40:00,70.36,100.00
129P04460,2020-11-30 14:50:00,70.35,100.00
129P04460,2020-11-30 15:00:00,67.09,100.00
129P04460,2020-11-30 15:10:00,67.72,100.00
129P04460,2020-11-30 15:20:00,64.86,100.00
129P04460,2020-11-30 15:30:00,64.84,100.00
129P04460,2020-11-30 15:40:00,67.33,100.00
129P04460,2020-11-30 15:50:00,68.74,100.00
129P04460,2020-11-30 16:00:00,69.59,100.00
129P04460,2020-11-30 16:10:00,68.08,100.00
129P04460,2020-11-30 16:20:00,67.88,100.00
129P04460,2020-11-30 16:30:00,68.69,100.00
129P04460,2020-11-30 16:40:00,67.69,100.00
129P04460,2020-11-30 16:50:00,67.10,100.00
129P04460,2020-11-30 17:00:00,68.79,100.00
129P04460,2020-11-30 17:10:00,66.76,100.00
129P04460,2020-11-30 17:20:00,67.59,100.00
129P04460,2020-11-30 17:30:00,67.50,100.00
129P04460,2020-11-30 17:40:00,60.64,95.00
129P04460,2020-11-30 17:50:00,55.23,90.00
129P04460,2020-11-30 18:00:00,61.45,100.00
129P04460,2020-11-30 18:10:00,61.40,100.00
129P04460,2020-11-30 18:20:00,61.87,100.00
129P04460,2020-11-30 18:30:00,64.16,100.00
129P04460,2020-11-30 18:40:00,65.00,100.00
129P04460,2020-11-30 18:50:00,63.31,100.00
129P04460,2020-11-30 19:00:00,51.42,92.00
129P04460,2020-11-30 19:10:00,65.99,99.00
129P04460,2020-11-30 19:20:00,71.59,100.00
129P04460,2020-11-30 19:30:00,73.00,100.00
129P04460,2020-11-30 19:40:00,71.96,100.00
129P04460,2020-11-30 19:50:00,61.99,100.00
129P04460,2020-11-30 20:00:00,64.63,100.00
129P04460,2020-11-30 20:10:00,61.68,100.00
129P04460,2020-11-30 20:20:00,64.18,100.00
129P04460,2020-11-30 20:30:00,63.59,97.00
129P04460,2020-11-30 20:40:00,65.39,95.00
129P04460,2020-11-30 20:50:00,67.18,100.00
129P04460,2020-11-30 21:00:00,68.02,100.00
129P04460,2020-11-30 21:10:00,69.52,100.00
129P04460,2020-11-30 21:20:00,70.79,96.00
129P04460,2020-11-30 21:30:00,68.30,100.00
129P04460,2020-11-30 21:40:00,68.27,100.00
129P04460,2020-11-30 21:50:00,72.59,100.00
129P04460,2020-11-30 22:00:00,73.00,100.00
129P04460,2020-11-30 22:10:00,70.06,100.00
129P04460,2020-11-30 22:20:00,65.60,100.00
129P04460,2020-11-30 22:30:00,65.48,100.00
129P04460,2020-11-30 22:40:00,63.00,100.00
129P04460,2020-11-30 22:50:00,63.00,96.00
129P04460,2020-11-30 23:00:00,66.55,98.00
129P04460,2020-11-30 23:10:00,66.20,100.00
129P04460,2020-11-30 23:20:00,65.80,100.00
129P04460,2020-11-30 23:30:00,64.69,92.00
129P04460,2020-11-30 23:40:00,65.00,90.00
129P04460,2020-11-30 23:50:00,,
129+04454,2020-11-30 00:00:00,56.23,100.00
129+04454,2020-11-30 00:10:00,55.30,100.00
129+04454,2020-11-30 00:20:00,57.20,96.00
129+04454,2020-11-30 00:30:00,55.80,90.00
129+04454,2020-11-30 00:40:00,54.70,90.00
129+04454,2020-11-30 00:50:00,53.10,90.00
129+04454,2020-11-30 01:00:00,51.29,99.00
129+04454,2020-11-30 01:10:00,51.00,100.00
129+04454,2020-11-30 01:20:00,50.99,97.00
129+04454,2020-11-30 01:30:00,50.73,92.00
129+04454,2020-11-30 01:40:00,47.80,90.00
129+04454,2020-11-30 01:50:00,47.00,90.00
129+04454,2020-11-30 02:00:00,47.00,90.00
129+04454,2020-11-30 02:10:00,47.00,90.00
129+04454,2020-11-30 02:20:00,,
129+04454,2020-11-30 02:30:00,,
129+04454,2020-11-30 02:40:00,58.00,100.00
129+04454,2020-11-30 02:50:00,59.76,97.00
129+04454,2020-11-30 03:00:00,61.00,100.00
129+04454,2020-11-30 03:10:00,61.20,90.00
129+04454,2020-11-30 03:20:00,59.10,90.00
129+04454,2020-11-30 03:30:00,59.59,90.00
129+04454,2020-11-30 03:40:00,61.00,
129+04454,2020-11-30 03:50:00,63.90,100.00
129+04454,2020-11-30 04:00:00,65.30,91.00
129+04454,2020-11-30 04:10:00,59.58,95.00
129+04454,2020-11-30 04:20:00,55.00,100.00
129+04454,2020-11-30 04:30:00,54.10,100.00
129+04454,2020-11-30 04:40:00,54.99,99.00
129+04454,2020-11-30 04:50:00,59.83,100.00
129+04454,2020-11-30 05:00:00,65.87,100.00
129+04454,2020-11-30 05:10:00,53.69,100.00
129+04454,2020-11-30 05:20:00,52.16,100.00
129+04454,2020-11-30 05:30:00,61.14,100.00
129+04454,2020-11-30 05:40:00,61.47,100.00
129+04454,2020-11-30 05:50:00,56.37,100.00
129+04454,2020-11-30 06:00:00,63.06,100.00
129+04454,2020-11-30 06:10:00,61.68,100.00
129+04454,2020-11-30 06:20:00,57.39,100.00
129+04454,2020-11-30 06:30:00,49.94,100.00
129+04454,2020-11-30 06:40:00,56.41,100.00
129+04454,2020-11-30 06:50:00,59.85,100.00
129+04454,2020-11-30 07:00:00,55.43,100.00
129+04454,2020-11-30 07:10:00,60.27,100.00
129+04454,2020-11-30 07:20:00,63.42,100.00
129+04454,2020-11-30 07:30:00,60.03,100.00
129+04454,2020-11-30 07:40:00,58.26,100.00
129+04454,2020-11-30 07:50:00,59.45,100.00
129+04454,2020-11-30 08:00:00,54.72,100.00
129+04454,2020-11-30 08:10:00,59.62,100.00
129+04454,2020-11-30 08:20:00,56.60,100.00
129+04454,2020-11-30 08:30:00,57.31,100.00
129+04454,2020-11-30 08:40:00,56.27,100.00
129+04454,2020-11-30 08:50:00,58.44,100.00
129+04454,2020-11-30 09:00:00,56.60,100.00
129+04454,2020-11-30 09:10:00,55.78,100.00
129+04454,2020-11-30 09:20:00,58.25,100.00
129+04454,2020-11-30 09:30:00,57.23,100.00
129+04454,2020-11-30 09:40:00,55.23,100.00
129+04454,2020-11-30 09:50:00,58.05,100.00
129+04454,2020-11-30 10:00:00,56.57,100.00
129+04454,2020-11-30 10:10:00,55.17,100.00
129+04454,2020-11-30 10:20:00,57.50,100.00
129+04454,2020-11-30 10:30:00,52.70,100.00
129+04454,2020-11-30 10:40:00,55.26,100.00
129+04454,2020-11-30 10:50:00,57.58,100.00
129+04454,2020-11-30 11:00:00,51.57,100.00
129+04454,2020-11-30 11:10:00,57.36,100.00
129+04454,2020-11-30 11:20:00,56.10,100.00
129+04454,2020-11-30 11:30:00,53.36,100.00
129+04454,2020-11-30 11:40:00,55.91,100.00
129+04454,2020-11-30 11:50:00,58.71,100.00
129+04454,2020-11-30 12:00:00,60.17,100.00
129+04454,2020-11-30 12:10:00,57.38,100.00
129+04454,2020-11-30 12:20:00,52.59,100.00
129+04454,2020-11-30 12:30:00,58.19,100.00
129+04454,2020-11-30 12:40:00,59.96,100.00
129+04454,2020-11-30 12:50:00,57.89,100.00
129+04454,2020-11-30 13:00:00,53.42,100.00
129+04454,2020-11-30 13:10:00,57.47,100.00
129+04454,2020-11-30 13:20:00,51.73,100.00
129+04454,2020-11-30 13:30:00,50.17,100.00
129+04454,2020-11-30 13:40:00,59.47,100.00
129+04454,2020-11-30 13:50:00,55.43,100.00
129+04454,2020-11-30 14:00:00,55.48,100.00
129+04454,2020-11-30 14:10:00,51.33,100.00
129+04454,2020-11-30 14:20:00,51.99,100.00
129+04454,2020-11-30 14:30:00,58.15,100.00
129+04454,2020-11-30 14:40:00,54.79,100.00
129+04454,2020-11-30 14:50:00,54.40,100.00
129+04454,2020-11-30 15:00:00,59.93,100.00
129+04454,2020-11-30 15:10:00,51.71,100.00
129+04454,2020-11-30 15:20:00,52.42,100.00
129+04454,2020-11-30 15:30:00,51.60,100.00
129+04454,2020-11-30 15:40:00,56.15,100.00
129+04454,2020-11-30 15:50:00,57.73,100.00
129+04454,2020-11-30 16:00:00,54.26,100.00
129+04454,2020-11-30 16:10:00,54.30,100.00
129+04454,2020-11-30 16:20:00,55.15,100.00
129+04454,2020-11-30 16:30:00,55.98,100.00
129+04454,2020-11-30 16:40:00,47.27,100.00
129+04454,2020-11-30 16:50:00,46.16,100.00
129+04454,2020-11-30 17:00:00,45.36,100.00
129+04454,2020-11-30 17:10:00,42.71,97.00
129+04454,2020-11-30 17:20:00,46.34,100.00
129+04454,2020-11-30 17:30:00,43.64,100.00
129+04454,2020-11-30 17:40:00,40.84,94.00
129+04454,2020-11-30 17:50:00,51.00,100.00
129+04454,2020-11-30 18:00:00,52.78,100.00
129+04454,2020-11-30 18:10:00,50.00,100.00
129+04454,2020-11-30 18:20:00,50.00,100.00
129+04454,2020-11-30 18:30:00,47.49,100.00
129+04454,2020-11-30 18:40:00,47.65,100.00
129+04454,2020-11-30 18:50:00,42.00,96.00
129+04454,2020-11-30 19:00:00,51.10,99.00
129+04454,2020-11-30 19:10:00,52.89,100.00
129+04454,2020-11-30 19:20:00,49.75,100.00
129+04454,2020-11-30 19:30:00,54.43,100.00
129+04454,2020-11-30 19:40:00,55.59,100.00
129+04454,2020-11-30 19:50:00,57.49,100.00
129+04454,2020-11-30 20:00:00,54.44,100.00
129+04454,2020-11-30 20:10:00,56.18,100.00
129+04454,2020-11-30 20:20:00,53.06,100.00
129+04454,2020-11-30 20:30:00,58.72,100.00
129+04454,2020-11-30 20:40:00,54.65,100.00
129+04454,2020-11-30 20:50:00,53.50,100.00
129+04454,2020-11-30 21:00:00,53.07,100.00
129+04454,2020-11-30 21:10:00,51.66,100.00
129+04454,2020-11-30 21:20:00,55.59,100.00
129+04454,2020-11-30 21:30:00,57.67,100.00
129+04454,2020-11-30 21:40:00,58.02,100.00
129+04454,2020-11-30 21:50:00,54.66,100.00
129+04454,2020-11-30 22:00:00,59.37,100.00
129+04454,2020-11-30 22:10:00,55.70,100.00
129+04454,2020-11-30 22:20:00,59.91,100.00
129+04454,2020-11-30 22:30:00,66.00,100.00
129+04454,2020-11-30 22:40:00,65.10,100.00
129+04454,2020-11-30 22:50:00,57.12,100.00
129+04454,2020-11-30 23:00:00,57.00,100.00
129+04454,2020-11-30 23:10:00,55.47,100.00
129+04454,2020-11-30 23:20:00,52.50,100.00
129+04454,2020-11-30 23:30:00,53.89,100.00
129+04454,2020-11-30 23:40:00,61.14,97.00
129+04454,2020-11-30 23:50:00,63.00,93.00
129+04455,2020-11-30 00:00:00,65.70,100.00
129+04455,2020-11-30 00:10:00,63.98,100.00
129+04455,2020-11-30 00:20:00,59.73,100.00
129+04455,2020-11-30 00:30:00,57.10,91.00
129+04455,2020-11-30 00:40:00,56.80,92.00
129+04455,2020-11-30 00:50:00,54.68,90.00
129+04455,2020-11-30 01:00:00,56.98,98.00
129+04455,2020-11-30 01:10:00,57.10,100.00
129+04455,2020-11-30 01:20:00,57.50,92.00
129+04455,2020-11-30 01:30:00,59.37,93.00
129+04455,2020-11-30 01:40:00,59.30,90.00
129+04455,2020-11-30 01:50:00,59.00,90.00
129+04455,2020-11-30 02:00:00,59.00,90.00
129+04455,2020-11-30 02:10:00,59.00,90.00
129+04455,2020-11-30 02:20:00,,
129+04455,2020-11-30 02:30:00,66.00,100.00
129+04455,2020-11-30 02:40:00,66.00,91.00
129+04455,2020-11-30 02:50:00,66.57,95.00
129+04455,2020-11-30 03:00:00,68.89,94.00
129+04455,2020-11-30 03:10:00,70.70,100.00
129+04455,2020-11-30 03:20:00,69.69,93.00
129+04455,2020-11-30 03:30:00,64.42,96.00
129+04455,2020-11-30 03:40:00,62.00,90.00
129+04455,2020-11-30 03:50:00,64.86,96.00
129+04455,2020-11-30 04:00:00,65.86,97.00
129+04455,2020-11-30 04:10:00,64.17,100.00
129+04455,2020-11-30 04:20:00,66.89,100.00
129+04455,2020-11-30 04:30:00,66.19,100.00
129+04455,2020-11-30 04:40:00,66.68,100.00
129+04455,2020-11-30 04:50:00,67.55,100.00
129+04455,2020-11-30 05:00:00,69.49,100.00
129+04455,2020-11-30 05:10:00,68.57,100.00
129+04455,2020-11-30 05:20:00,69.48,100.00
129+04455,2020-11-30 05:30:00,69.88,100.00
129+04455,2020-11-30 05:40:00,66.19,100.00
129+04455,2020-11-30 05:50:00,64.18,100.00
129+04455,2020-11-30 06:00:00,69.23,100.00
129+04455,2020-11-30 06:10:00,67.78,100.00
129+04455,2020-11-30 06:20:00,67.28,100.00
129+04455,2020-11-30 06:30:00,63.49,100.00
129+04455,2020-11-30 06:40:00,65.78,100.00
129+04455,2020-11-30 06:50:00,66.35,100.00
129+04455,2020-11-30 07:00:00,62.01,100.00
129+04455,2020-11-30 07:10:00,65.93,100.00
129+04455,2020-11-30 07:20:00,67.37,100.00
129+04455,2020-11-30 07:30:00,66.76,100.00
129+04455,2020-11-30 07:40:00,68.39,100.00
129+04455,2020-11-30 07:50:00,64.54,100.00
129+04455,2020-11-30 08:00:00,66.25,100.00
129+04455,2020-11-30 08:10:00,68.40,100.00
129+04455,2020-11-30 08:20:00,68.38,100.00
129+04455,2020-11-30 08:30:00,67.03,100.00
129+04455,2020-11-30 08:40:00,65.03,100.00
129+04455,2020-11-30 08:50:00,66.86,100.00
129+04455,2020-11-30 09:00:00,67.37,100.00
129+04455,2020-11-30 09:10:00,65.89,100.00
129+04455,2020-11-30 09:20:00,67.02,100.00
129+04455,2020-11-30 09:30:00,62.87,100.00
129+04455,2020-11-30 09:40:00,65.49,100.00
129+04455,2020-11-30 09:50:00,66.27,100.00
129+04455,2020-11-30 10:00:00,62.64,100.00
129+04455,2020-11-30 10:10:00,63.39,100.00
129+04455,2020-11-30 10:20:00,64.18,100.00
129+04455,2020-11-30 10:30:00,66.79,100.00
129+04455,2020-11-30 10:40:00,67.57,100.00
129+04455,2020-11-30 10:50:00,63.68,100.00
129+04455,2020-11-30 11:00:00,64.70,100.00
129+04455,2020-11-30 11:10:00,66.16,100.00
129+04455,2020-11-30 11:20:00,65.16,100.00
129+04455,2020-11-30 11:30:00,64.87,100.00
129+04455,2020-11-30 11:40:00,67.28,100.00
129+04455,2020-11-30 11:50:00,66.43,100.00
129+04455,2020-11-30 12:00:00,67.36,100.00
129+04455,2020-11-30 12:10:00,66.86,100.00
129+04455,2020-11-30 12:20:00,67.08,100.00
129+04455,2020-11-30 12:30:00,68.17,100.00
129+04455,2020-11-30 12:40:00,66.46,100.00
129+04455,2020-11-30 12:50:00,65.29,100.00
129+04455,2020-11-30 13:00:00,64.36,100.00
129+04455,2020-11-30 13:10:00,65.68,100.00
129+04455,2020-11-30 13:20:00,66.79,100.00
129+04455,2020-11-30 13:30:00,63.88,100.00
129+04455,2020-11-30 13:40:00,66.48,100.00
129+04455,2020-11-30 13:50:00,65.14,100.00
129+04455,2020-11-30 14:00:00,65.39,100.00
129+04455,2020-11-30 14:10:00,64.23,100.00
129+04455,2020-11-30 14:20:00,62.64,100.00
129+04455,2020-11-30 14:30:00,63.98,100.00
129+04455,2020-11-30 14:40:00,65.36,100.00
129+04455,2020-11-30 14:50:00,64.46,100.00
129+04455,2020-11-30 15:00:00,63.94,100.00
129+04455,2020-11-30 15:10:00,63.96,100.00
129+04455,2020-11-30 15:20:00,63.18,100.00
129+04455,2020-11-30 15:30:00,63.68,100.00
129+04455,2020-11-30 15:40:00,64.57,100.00
129+04455,2020-11-30 15:50:00,62.87,100.00
129+04455,2020-11-30 16:00:00,62.28,100.00
129+04455,2020-11-30 16:10:00,64.47,100.00
129+04455,2020-11-30 16:20:00,62.18,100.00
129+04455,2020-11-30 16:30:00,62.99,100.00
129+04455,2020-11-30 16:40:00,58.49,100.00
129+04455,2020-11-30 16:50:00,57.09,100.00
129+04455,2020-11-30 17:00:00,56.55,100.00
129+04455,2020-11-30 17:10:00,56.88,100.00
129+04455,2020-11-30 17:20:00,58.12,100.00
129+04455,2020-11-30 17:30:00,55.67,100.00
129+04455,2020-11-30 17:40:00,51.68,100.00
129+04455,2020-11-30 17:50:00,58.69,100.00
129+04455,2020-11-30 18:00:00,60.18,100.00
129+04455,2020-11-30 18:10:00,62.19,100.00
129+04455,2020-11-30 18:20:00,62.69,100.00
129+04455,2020-11-30 18:30:00,58.40,100.00
129+04455,2020-11-30 18:40:00,59.17,100.00
129+04455,2020-11-30 18:50:00,60.00,100.00
129+04455,2020-11-30 19:00:00,64.29,100.00
129+04455,2020-11-30 19:10:00,64.37,100.00
129+04455,2020-11-30 19:20:00,62.88,100.00
129+04455,2020-11-30 19:30:00,56.77,100.00
129+04455,2020-11-30 19:40:00,59.29,100.00
129+04455,2020-11-30 19:50:00,57.88,100.00
129+04455,2020-11-30 20:00:00,56.48,100.00
129+04455,2020-11-30 20:10:00,58.16,100.00
129+04455,2020-11-30 20:20:00,58.79,100.00
129+04455,2020-11-30 20:30:00,60.66,100.00
129+04455,2020-11-30 20:40:00,63.58,100.00
129+04455,2020-11-30 20:50:00,65.10,100.00
129+04455,2020-11-30 21:00:00,63.00,100.00
129+04455,2020-11-30 21:10:00,63.29,100.00
129+04455,2020-11-30 21:20:00,65.90,100.00
129+04455,2020-11-30 21:30:00,66.00,100.00
129+04455,2020-11-30 21:40:00,66.30,100.00
129+04455,2020-11-30 21:50:00,65.00,100.00
129+04455,2020-11-30 22:00:00,64.48,100.00
129+04455,2020-11-30 22:10:00,60.10,100.00
129+04455,2020-11-30 22:20:00,63.23,100.00
129+04455,2020-11-30 22:30:00,66.00,100.00
129+04455,2020-11-30 22:40:00,66.00,100.00
129+04455,2020-11-30 22:50:00,63.71,100.00
129+04455,2020-11-30 23:00:00,65.50,100.00
129+04455,2020-11-30 23:10:00,64.48,100.00
129+04455,2020-11-30 23:20:00,61.18,100.00
129+04455,2020-11-30 23:30:00,60.20,100.00
129+04455,2020-11-30 23:40:00,64.24,100.00
129+04455,2020-11-30 23:50:00,64.72,100.00
129+04456,2020-11-30 00:00:00,66.39,100.00
129+04456,2020-11-30 00:10:00,64.39,96.00
129+04456,2020-11-30 00:20:00,64.09,98.00
129+04456,2020-11-30 00:30:00,64.09,91.00
129+04456,2020-11-30 00:40:00,62.70,90.00
129+04456,2020-11-30 00:50:00,62.50,90.00
129+04456,2020-11-30 01:00:00,62.60,94.00
129+04456,2020-11-30 01:10:00,63.00,100.00
129+04456,2020-11-30 01:20:00,63.40,94.00
129+04456,2020-11-30 01:30:00,61.76,94.00
129+04456,2020-11-30 01:40:00,60.00,91.00
129+04456,2020-11-30 01:50:00,59.40,90.00
129+04456,2020-11-30 02:00:00,62.69,90.00
129+04456,2020-11-30 02:10:00,63.00,90.00
129+04456,2020-11-30 02:20:00,59.00,100.00
129+04456,2020-11-30 02:30:00,59.10,91.00
129+04456,2020-11-30 02:40:00,60.00,90.00
129+04456,2020-11-30 02:50:00,64.30,94.00
129+04456,2020-11-30 03:00:00,70.00,94.00
129+04456,2020-11-30 03:10:00,69.50,90.00
129+04456,2020-11-30 03:20:00,66.28,90.00
129+04456,2020-11-30 03:30:00,62.88,95.00
129+04456,2020-11-30 03:40:00,62.50,96.00
129+04456,2020-11-30 03:50:00,64.47,100.00
129+04456,2020-11-30 04:00:00,67.90,100.00
129+04456,2020-11-30 04:10:00,67.37,96.00
129+04456,2020-11-30 04:20:00,66.89,100.00
129+04456,2020-11-30 04:30:00,68.35,100.00
129+04456,2020-11-30 04:40:00,70.20,100.00
129+04456,2020-11-30 04:50:00,70.69,100.00
129+04456,2020-11-30 05:00:00,70.69,100.00
129+04456,2020-11-30 05:10:00,72.39,100.00
129+04456,2020-11-30 05:20:00,73.20,100.00
129+04456,2020-11-30 05:30:00,73.50,100.00
129+04456,2020-11-30 05:40:00,70.46,100.00
129+04456,2020-11-30 05:50:00,66.38,100.00
129+04456,2020-11-30 06:00:00,70.94,100.00
129+04456,2020-11-30 06:10:00,69.86,100.00
129+04456,2020-11-30 06:20:00,69.22,100.00
129+04456,2020-11-30 06:30:00,67.19,100.00
129+04456,2020-11-30 06:40:00,68.99,100.00
129+04456,2020-11-30 06:50:00,71.06,100.00
129+04456,2020-11-30 07:00:00,63.25,100.00
129+04456,2020-11-30 07:10:00,64.79,100.00
129+04456,2020-11-30 07:20:00,68.79,100.00
129+04456,2020-11-30 07:30:00,70.19,100.00
129+04456,2020-11-30 07:40:00,71.00,100.00
129+04456,2020-11-30 07:50:00,67.84,100.00
129+04456,2020-11-30 08:00:00,67.58,100.00
129+04456,2020-11-30 08:10:00,70.80,100.00
129+04456,2020-11-30 08:20:00,69.17,100.00
129+04456,2020-11-30 08:30:00,68.47,100.00
129+04456,2020-11-30 08:40:00,65.89,100.00
129+04456,2020-11-30 08:50:00,68.85,100.00
129+04456,2020-11-30 09:00:00,68.18,100.00
129+04456,2020-11-30 09:10:00,67.90,100.00
129+04456,2020-11-30 09:20:00,70.77,100.00
129+04456,2020-11-30 09:30:00,69.78,100.00
129+04456,2020-11-30 09:40:00,67.89,100.00
129+04456,2020-11-30 09:50:00,68.59,100.00
129+04456,2020-11-30 10:00:00,65.46,100.00
129+04456,2020-11-30 10:10:00,68.86,100.00
129+04456,2020-11-30 10:20:00,66.74,100.00
129+04456,2020-11-30 10:30:00,67.18,100.00
129+04456,2020-11-30 10:40:00,69.41,100.00
129+04456,2020-11-30 10:50:00,65.39,100.00
129+04456,2020-11-30 11:00:00,69.58,100.00
129+04456,2020-11-30 11:10:00,68.70,100.00
129+04456,2020-11-30 11:20:00,66.28,100.00
129+04456,2020-11-30 11:30:00,66.08,100.00
129+04456,2020-11-30 11:40:00,69.33,100.00
129+04456,2020-11-30 11:50:00,68.77,100.00
129+04456,2020-11-30 12:00:00,66.38,100.00
129+04456,2020-11-30 12:10:00,67.35,100.00
129+04456,2020-11-30 12:20:00,68.47,100.00
129+04456,2020-11-30 12:30:00,67.58,100.00
129+04456,2020-11-30 12:40:00,68.79,100.00
129+04456,2020-11-30 12:50:00,65.18,100.00
129+04456,2020-11-30 13:00:00,62.83,100.00
129+04456,2020-11-30 13:10:00,68.89,100.00
129+04456,2020-11-30 13:20:00,69.88,100.00
129+04456,2020-11-30 13:30:00,63.95,100.00
129+04456,2020-11-30 13:40:00,64.41,100.00
129+04456,2020-11-30 13:50:00,67.17,100.00
129+04456,2020-11-30 14:00:00,66.39,100.00
129+04456,2020-11-30 14:10:00,65.43,100.00
129+04456,2020-11-30 14:20:00,63.47,100.00
129+04456,2020-11-30 14:30:00,64.48,100.00
129+04456,2020-11-30 14:40:00,68.26,100.00
129+04456,2020-11-30 14:50:00,67.30,100.00
129+04456,2020-11-30 15:00:00,64.43,100.00
129+04456,2020-11-30 15:10:00,65.47,100.00
129+04456,2020-11-30 15:20:00,67.28,100.00
129+04456,2020-11-30 15:30:00,63.19,100.00
129+04456,2020-11-30 15:40:00,65.68,100.00
129+04456,2020-11-30 15:50:00,65.24,100.00
129+04456,2020-11-30 16:00:00,66.68,100.00
129+04456,2020-11-30 16:10:00,65.08,100.00
129+04456,2020-11-30 16:20:00,65.02,100.00
129+04456,2020-11-30 16:30:00,65.38,100.00
129+04456,2020-11-30 16:40:00,64.49,100.00
129+04456,2020-11-30 16:50:00,61.47,100.00
129+04456,2020-11-30 17:00:00,62.49,100.00
129+04456,2020-11-30 17:10:00,60.43,100.00
129+04456,2020-11-30 17:20:00,58.92,100.00
129+04456,2020-11-30 17:30:00,60.84,100.00
129+04456,2020-11-30 17:40:00,56.97,95.00
129+04456,2020-11-30 17:50:00,59.05,100.00
129+04456,2020-11-30 18:00:00,60.60,100.00
129+04456,2020-11-30 18:10:00,62.88,100.00
129+04456,2020-11-30 18:20:00,63.57,100.00
129+04456,2020-11-30 18:30:00,63.86,100.00
129+04456,2020-11-30 18:40:00,61.65,100.00
129+04456,2020-11-30 18:50:00,60.59,100.00
129+04456,2020-11-30 19:00:00,64.18,100.00
129+04456,2020-11-30 19:10:00,68.88,100.00
129+04456,2020-11-30 19:20:00,66.96,100.00
129+04456,2020-11-30 19:30:00,61.95,100.00
129+04456,2020-11-30 19:40:00,61.33,100.00
129+04456,2020-11-30 19:50:00,61.24,100.00
129+04456,2020-11-30 20:00:00,58.29,100.00
129+04456,2020-11-30 20:10:00,59.04,100.00
129+04456,2020-11-30 20:20:00,62.50,100.00
129+04456,2020-11-30 20:30:00,63.85,100.00
129+04456,2020-11-30 20:40:00,65.69,100.00
129+04456,2020-11-30 20:50:00,67.90,100.00
129+04456,2020-11-30 21:00:00,67.09,100.00
129+04456,2020-11-30 21:10:00,62.53,100.00
129+04456,2020-11-30 21:20:00,62.17,100.00
129+04456,2020-11-30 21:30:00,65.50,100.00
129+04456,2020-11-30 21:40:00,67.28,100.00
129+04456,2020-11-30 21:50:00,68.00,100.00
129+04456,2020-11-30 22:00:00,69.19,100.00
129+04456,2020-11-30 22:10:00,60.32,100.00
129+04456,2020-11-30 22:20:00,59.00,98.00
129+04456,2020-11-30 22:30:00,61.59,100.00
129+04456,2020-11-30 22:40:00,62.17,100.00
129+04456,2020-11-30 22:50:00,66.20,100.00
129+04456,2020-11-30 23:00:00,69.29,100.00
129+04456,2020-11-30 23:10:00,67.80,100.00
129+04456,2020-11-30 23:20:00,63.95,100.00
129+04456,2020-11-30 23:30:00,61.90,100.00
129+04456,2020-11-30 23:40:00,64.87,100.00
129+04456,2020-11-30 23:50:00,65.59,100.00
129P04459,2020-11-30 00:00:00,67.38,90.00
129P04459,2020-11-30 00:10:00,66.00,90.00
129P04459,2020-11-30 00:20:00,66.00,90.00
129P04459,2020-11-30 00:30:00,,
129P04459,2020-11-30 00:40:00,71.00,99.67
129P04459,2020-11-30 00:50:00,71.00,94.40
129P04459,2020-11-30 01:00:00,65.76,98.40
129P04459,2020-11-30 01:10:00,67.39,100.00
129P04459,2020-11-30 01:20:00,67.29,99.20
129P04459,2020-11-30 01:30:00,67.49,90.00
129P04459,2020-11-30 01:40:00,67.00,90.00
129P04459,2020-11-30 01:50:00,67.00,90.00
129P04459,2020-11-30 02:00:00,,
129P04459,2020-11-30 02:10:00,,
129P04459,2020-11-30 02:20:00,60.00,100.00
129P04459,2020-11-30 02:30:00,60.58,98.20
129P04459,2020-11-30 02:40:00,63.00,100.00
129P04459,2020-11-30 02:50:00,63.59,97.00
129P04459,2020-11-30 03:00:00,64.18,90.00
129P04459,2020-11-30 03:10:00,68.49,97.00
129P04459,2020-11-30 03:20:00,71.00,92.00
129P04459,2020-11-30 03:30:00,70.60,90.00
129P04459,2020-11-30 03:40:00,61.88,96.80
129P04459,2020-11-30 03:50:00,66.08,100.00
129P04459,2020-11-30 04:00:00,69.00,100.00
129P04459,2020-11-30 04:10:00,70.23,100.00
129P04459,2020-11-30 04:20:00,71.39,100.00
129P04459,2020-11-30 04:30:00,70.99,100.00
129P04459,2020-11-30 04:40:00,70.60,100.00
129P04459,2020-11-30 04:50:00,70.99,100.00
129P04459,2020-11-30 05:00:00,72.59,100.00
129P04459,2020-11-30 05:10:00,71.08,100.00
129P04459,2020-11-30 05:20:00,71.99,100.00
129P04459,2020-11-30 05:30:00,71.27,100.00
129P04459,2020-11-30 05:40:00,72.12,100.00
129P04459,2020-11-30 05:50:00,68.94,100.00
129P04459,2020-11-30 06:00:00,70.97,100.00
129P04459,2020-11-30 06:10:00,72.96,100.00
129P04459,2020-11-30 06:20:00,70.18,100.00
129P04459,2020-11-30 06:30:00,69.29,100.00
129P04459,2020-11-30 06:40:00,69.00,100.00
129P04459,2020-11-30 06:50:00,70.78,100.00
129P04459,2020-11-30 07:00:00,67.98,100.00
129P04459,2020-11-30 07:10:00,70.08,100.00
129P04459,2020-11-30 07:20:00,65.90,100.00
129P04459,2020-11-30 07:30:00,65.14,100.00
129P04459,2020-11-30 07:40:00,70.91,100.00
129P04459,2020-11-30 07:50:00,70.89,100.00
129P04459,2020-11-30 08:00:00,68.08,100.00
129P04459,2020-11-30 08:10:00,68.08,100.00
129P04459,2020-11-30 08:20:00,67.87,100.00
129P04459,2020-11-30 08:30:00,71.30,100.00
129P04459,2020-11-30 08:40:00,71.94,100.00
129P04459,2020-11-30 08:50:00,71.07,100.00
129P04459,2020-11-30 09:00:00,70.97,100.00
129P04459,2020-11-30 09:10:00,71.39,100.00
129P04459,2020-11-30 09:20:00,70.10,100.00
129P04459,2020-11-30 09:30:00,66.67,100.00
129P04459,2020-11-30 09:40:00,68.00,100.00
129P04459,2020-11-30 09:50:00,69.49,100.00
129P04459,2020-11-30 10:00:00,68.99,100.00
129P04459,2020-11-30 10:10:00,68.80,100.00
129P04459,2020-11-30 10:20:00,67.48,100.00
129P04459,2020-11-30 10:30:00,68.90,100.00
129P04459,2020-11-30 10:40:00,67.29,100.00
129P04459,2020-11-30 10:50:00,70.73,100.00
129P04459,2020-11-30 11:00:00,69.37,100.00
129P04459,2020-11-30 11:10:00,66.88,100.00
129P04459,2020-11-30 11:20:00,65.28,100.00
129P04459,2020-11-30 11:30:00,66.68,100.00
129P04459,2020-11-30 11:40:00,67.75,100.00
129P04459,2020-11-30 11:50:00,71.00,100.00
129P04459,2020-11-30 12:00:00,73.58,100.00
129P04459,2020-11-30 12:10:00,70.64,100.00
129P04459,2020-11-30 12:20:00,69.09,100.00
129P04459,2020-11-30 12:30:00,67.99,100.00
129P04459,2020-11-30 12:40:00,67.38,100.00
129P04459,2020-11-30 12:50:00,69.02,100.00
129P04459,2020-11-30 13:00:00,66.59,100.00
129P04459,2020-11-30 13:10:00,66.77,100.00
129P04459,2020-11-30 13:20:00,66.96,100.00
129P04459,2020-11-30 13:30:00,66.00,100.00
129P04459,2020-11-30 13:40:00,66.88,100.00
129P04459,2020-11-30 13:50:00,67.78,100.00
129P04459,2020-11-30 14:00:00,66.81,100.00
129P04459,2020-11-30 14:10:00,65.33,100.00
129P04459,2020-11-30 14:20:00,66.63,100.00
129P04459,2020-11-30 14:30:00,66.48,100.00
129P04459,2020-11-30 14:40:00,69.70,100.00
129P04459,2020-11-30 14:50:00,69.00,100.00
129P04459,2020-11-30 15:00:00,66.38,100.00
129P04459,2020-11-30 15:10:00,65.37,100.00
129P04459,2020-11-30 15:20:00,60.67,100.00
129P04459,2020-11-30 15:30:00,60.62,100.00
129P04459,2020-11-30 15:40:00,61.71,100.00
129P04459,2020-11-30 15:50:00,66.60,100.00
129P04459,2020-11-30 16:00:00,66.49,100.00
129P04459,2020-11-30 16:10:00,68.09,100.00
129P04459,2020-11-30 16:20:00,63.55,100.00
129P04459,2020-11-30 16:30:00,64.79,100.00
129P04459,2020-11-30 16:40:00,63.88,100.00
129P04459,2020-11-30 16:50:00,63.87,100.00
129P04459,2020-11-30 17:00:00,63.89,100.00
129P04459,2020-11-30 17:10:00,60.72,100.00
129P04459,2020-11-30 17:20:00,66.64,100.00
129P04459,2020-11-30 17:30:00,62.76,100.00
129P04459,2020-11-30 17:40:00,54.17,91.00
129P04459,2020-11-30 17:50:00,56.67,93.80
129P04459,2020-11-30 18:00:00,61.38,100.00
129P04459,2020-11-30 18:10:00,62.48,100.00
129P04459,2020-11-30 18:20:00,62.79,100.00
129P04459,2020-11-30 18:30:00,60.68,100.00
129P04459,2020-11-30 18:40:00,60.45,100.00
129P04459,2020-11-30 18:50:00,56.56,99.20
129P04459,2020-11-30 19:00:00,53.98,94.20
129P04459,2020-11-30 19:10:00,63.51,99.20
129P04459,2020-11-30 19:20:00,68.67,100.00
129P04459,2020-11-30 19:30:00,68.10,100.00
129P04459,2020-11-30 19:40:00,69.62,100.00
129P04459,2020-11-30 19:50:00,62.08,100.00
129P04459,2020-11-30 20:00:00,63.07,100.00
129P04459,2020-11-30 20:10:00,59.39,99.20
129P04459,2020-11-30 20:20:00,56.40,98.40
129P04459,2020-11-30 20:30:00,58.19,91.00
129P04459,2020-11-30 20:40:00,65.03,97.20
129P04459,2020-11-30 20:50:00,68.82,100.00
129P04459,2020-11-30 21:00:00,68.15,100.00
129P04459,2020-11-30 21:10:00,65.19,100.00
129P04459,2020-11-30 21:20:00,66.32,93.20
129P04459,2020-11-30 21:30:00,67.10,100.00
129P04459,2020-11-30 21:40:00,68.66,100.00
129P04459,2020-11-30 21:50:00,67.19,100.00
129P04459,2020-11-30 22:00:00,69.10,100.00
129P04459,2020-11-30 22:10:00,68.78,100.00
129P04459,2020-11-30 22:20:00,66.89,100.00
129P04459,2020-11-30 22:30:00,66.38,100.00
129P04459,2020-11-30 22:40:00,65.00,100.00
129P04459,2020-11-30 22:50:00,65.00,91.50
129P04459,2020-11-30 23:00:00,66.88,100.00
129P04459,2020-11-30 23:10:00,65.98,100.00
129P04459,2020-11-30 23:20:00,65.67,100.00
129P04459,2020-11-30 23:30:00,61.39,100.00
129P04459,2020-11-30 23:40:00,59.38,93.20
129P04459,2020-11-30 23:50:00,57.90,90.00
129+04457,2020-11-30 00:00:00,65.79,100.00
129+04457,2020-11-30 00:10:00,63.99,93.00
129+04457,2020-11-30 00:20:00,64.67,95.00
129+04457,2020-11-30 00:30:00,66.00,93.00
129+04457,2020-11-30 00:40:00,61.94,98.00
129+04457,2020-11-30 00:50:00,60.70,93.00
129+04457,2020-11-30 01:00:00,61.69,92.00
129+04457,2020-11-30 01:10:00,67.70,98.00
129+04457,2020-11-30 01:20:00,66.00,100.00
129+04457,2020-11-30 01:30:00,64.59,92.00
129+04457,2020-11-30 01:40:00,58.50,93.00
129+04457,2020-11-30 01:50:00,58.00,90.00
129+04457,2020-11-30 02:00:00,58.80,90.00
129+04457,2020-11-30 02:10:00,59.00,90.00
129+04457,2020-11-30 02:20:00,60.00,100.00
129+04457,2020-11-30 02:30:00,60.90,93.00
129+04457,2020-11-30 02:40:00,61.00,90.00
129+04457,2020-11-30 02:50:00,62.45,92.00
129+04457,2020-11-30 03:00:00,69.00,95.00
129+04457,2020-11-30 03:10:00,68.29,90.00
129+04457,2020-11-30 03:20:00,66.50,90.00
129+04457,2020-11-30 03:30:00,66.00,90.00
129+04457,2020-11-30 03:40:00,64.39,98.00
129+04457,2020-11-30 03:50:00,63.40,100.00
129+04457,2020-11-30 04:00:00,63.00,100.00
129+04457,2020-11-30 04:10:00,65.69,99.00
129+04457,2020-11-30 04:20:00,67.90,100.00
129+04457,2020-11-30 04:30:00,68.19,100.00
129+04457,2020-11-30 04:40:00,69.00,100.00
129+04457,2020-11-30 04:50:00,70.18,100.00
129+04457,2020-11-30 05:00:00,70.37,100.00
129+04457,2020-11-30 05:10:00,70.69,100.00
129+04457,2020-11-30 05:20:00,68.29,100.00
129+04457,2020-11-30 05:30:00,70.35,100.00
129+04457,2020-11-30 05:40:00,72.56,100.00
129+04457,2020-11-30 05:50:00,68.35,100.00
129+04457,2020-11-30 06:00:00,69.70,100.00
129+04457,2020-11-30 06:10:00,69.97,100.00
129+04457,2020-11-30 06:20:00,69.39,100.00
129+04457,2020-11-30 06:30:00,68.08,100.00
129+04457,2020-11-30 06:40:00,69.08,100.00
129+04457,2020-11-30 06:50:00,70.08,100.00
129+04457,2020-11-30 07:00:00,68.87,100.00
129+04457,2020-11-30 07:10:00,69.14,100.00
129+04457,2020-11-30 07:20:00,68.77,100.00
129+04457,2020-11-30 07:30:00,68.21,100.00
129+04457,2020-11-30 07:40:00,70.90,100.00
129+04457,2020-11-30 07:50:00,67.62,100.00
129+04457,2020-11-30 08:00:00,66.53,100.00
129+04457,2020-11-30 08:10:00,68.39,100.00
129+04457,2020-11-30 08:20:00,65.17,100.00
129+04457,2020-11-30 08:30:00,69.26,100.00
129+04457,2020-11-30 08:40:00,66.59,100.00
129+04457,2020-11-30 08:50:00,70.34,100.00
129+04457,2020-11-30 09:00:00,71.06,100.00
129+04457,2020-11-30 09:10:00,68.29,100.00
129+04457,2020-11-30 09:20:00,70.79,100.00
129+04457,2020-11-30 09:30:00,66.46,100.00
129+04457,2020-11-30 09:40:00,65.73,100.00
129+04457,2020-11-30 09:50:00,67.24,100.00
129+04457,2020-11-30 10:00:00,68.32,100.00
129+04457,2020-11-30 10:10:00,67.97,100.00
129+04457,2020-11-30 10:20:00,64.40,100.00
129+04457,2020-11-30 10:30:00,61.38,100.00
129+04457,2020-11-30 10:40:00,65.98,100.00
129+04457,2020-11-30 10:50:00,69.24,100.00
129+04457,2020-11-30 11:00:00,67.57,100.00
129+04457,2020-11-30 11:10:00,67.25,100.00
129+04457,2020-11-30 11:20:00,66.18,100.00
129+04457,2020-11-30 11:30:00,65.39,100.00
129+04457,2020-11-30 11:40:00,68.02,100.00
129+04457,2020-11-30 11:50:00,69.66,100.00
129+04457,2020-11-30 12:00:00,69.67,100.00
129+04457,2020-11-30 12:10:00,67.08,100.00
129+04457,2020-11-30 12:20:00,68.57,100.00
129+04457,2020-11-30 12:30:00,66.97,100.00
129+04457,2020-11-30 12:40:00,68.18,100.00
129+04457,2020-11-30 12:50:00,65.00,100.00
129+04457,2020-11-30 13:00:00,65.34,100.00
129+04457,2020-11-30 13:10:00,68.89,100.00
129+04457,2020-11-30 13:20:00,71.96,100.00
129+04457,2020-11-30 13:30:00,64.15,100.00
129+04457,2020-11-30 13:40:00,65.18,100.00
129+04457,2020-11-30 13:50:00,69.44,100.00
129+04457,2020-11-30 14:00:00,66.48,100.00
129+04457,2020-11-30 14:10:00,66.60,100.00
129+04457,2020-11-30 14:20:00,63.38,100.00
129+04457,2020-11-30 14:30:00,62.23,100.00
129+04457,2020-11-30 14:40:00,69.78,100.00
129+04457,2020-11-30 14:50:00,65.87,100.00
129+04457,2020-11-30 15:00:00,66.52,100.00
129+04457,2020-11-30 15:10:00,62.35,100.00
129+04457,2020-11-30 15:20:00,65.57,100.00
129+04457,2020-11-30 15:30:00,62.79,100.00
129+04457,2020-11-30 15:40:00,66.09,100.00
129+04457,2020-11-30 15:50:00,66.30,100.00
129+04457,2020-11-30 16:00:00,67.68,100.00
129+04457,2020-11-30 16:10:00,66.77,100.00
129+04457,2020-11-30 16:20:00,65.16,100.00
129+04457,2020-11-30 16:30:00,64.20,100.00
129+04457,2020-11-30 16:40:00,66.00,100.00
129+04457,2020-11-30 16:50:00,63.24,100.00
129+04457,2020-11-30 17:00:00,62.89,100.00
129+04457,2020-11-30 17:10:00,61.07,100.00
129+04457,2020-11-30 17:20:00,62.30,100.00
129+04457,2020-11-30 17:30:00,57.54,100.00
129+04457,2020-11-30 17:40:00,53.67,93.00
129+04457,2020-11-30 17:50:00,56.69,96.00
129+04457,2020-11-30 18:00:00,58.00,100.00
129+04457,2020-11-30 18:10:00,59.97,100.00
129+04457,2020-11-30 18:20:00,63.27,100.00
129+04457,2020-11-30 18:30:00,62.18,100.00
129+04457,2020-11-30 18:40:00,60.20,100.00
129+04457,2020-11-30 18:50:00,57.70,100.00
129+04457,2020-11-30 19:00:00,61.28,100.00
129+04457,2020-11-30 19:10:00,70.93,100.00
129+04457,2020-11-30 19:20:00,70.59,100.00
129+04457,2020-11-30 19:30:00,64.91,100.00
129+04457,2020-11-30 19:40:00,58.67,100.00
129+04457,2020-11-30 19:50:00,58.38,100.00
129+04457,2020-11-30 20:00:00,58.00,100.00
129+04457,2020-11-30 20:10:00,53.46,100.00
129+04457,2020-11-30 20:20:00,52.10,100.00
129+04457,2020-11-30 20:30:00,56.59,94.00
129+04457,2020-11-30 20:40:00,65.70,100.00
129+04457,2020-11-30 20:50:00,62.19,100.00
129+04457,2020-11-30 21:00:00,60.76,100.00
129+04457,2020-11-30 21:10:00,58.99,96.00
129+04457,2020-11-30 21:20:00,63.21,100.00
129+04457,2020-11-30 21:30:00,64.80,100.00
129+04457,2020-11-30 21:40:00,66.54,100.00
129+04457,2020-11-30 21:50:00,67.69,100.00
129+04457,2020-11-30 22:00:00,66.60,100.00
129+04457,2020-11-30 22:10:00,62.76,100.00
129+04457,2020-11-30 22:20:00,58.88,100.00
129+04457,2020-11-30 22:30:00,63.39,100.00
129+04457,2020-11-30 22:40:00,64.79,90.00
129+04457,2020-11-30 22:50:00,64.59,99.00
129+04457,2020-11-30 23:00:00,66.00,100.00
129+04457,2020-11-30 23:10:00,65.48,100.00
129+04457,2020-11-30 23:20:00,61.76,100.00
129+04457,2020-11-30 23:30:00,59.49,100.00
129+04457,2020-11-30 23:40:00,58.80,100.00
129+04457,2020-11-30 23:50:00,62.19,100.00
129P04458,2020-11-30 00:00:00,68.59,90.00
129P04458,2020-11-30 00:10:00,68.00,90.00
129P04458,2020-11-30 00:20:00,,
129P04458,2020-11-30 00:30:00,,
129P04458,2020-11-30 00:40:00,58.54,98.57
129P04458,2020-11-30 00:50:00,59.14,95.00
129P04458,2020-11-30 01:00:00,62.29,100.00
129P04458,2020-11-30 01:10:00,66.80,100.00
129P04458,2020-11-30 01:20:00,66.10,97.00
129P04458,2020-11-30 01:30:00,64.60,90.00
129P04458,2020-11-30 01:40:00,64.00,90.00
129P04458,2020-11-30 01:50:00,64.00,90.00
129P04458,2020-11-30 02:00:00,62.00,90.00
129P04458,2020-11-30 02:10:00,62.00,90.00
129P04458,2020-11-30 02:20:00,61.60,94.00
129P04458,2020-11-30 02:30:00,61.78,97.00
129P04458,2020-11-30 02:40:00,63.00,100.00
129P04458,2020-11-30 02:50:00,63.00,94.00
129P04458,2020-11-30 03:00:00,63.10,90.00
129P04458,2020-11-30 03:10:00,70.99,99.00
129P04458,2020-11-30 03:20:00,71.20,90.00
129P04458,2020-11-30 03:30:00,69.62,92.00
129P04458,2020-11-30 03:40:00,63.68,98.00
129P04458,2020-11-30 03:50:00,65.00,100.00
129P04458,2020-11-30 04:00:00,63.79,100.00
129P04458,2020-11-30 04:10:00,66.54,100.00
129P04458,2020-11-30 04:20:00,69.26,100.00
129P04458,2020-11-30 04:30:00,68.75,100.00
129P04458,2020-11-30 04:40:00,70.40,100.00
129P04458,2020-11-30 04:50:00,70.25,100.00
129P04458,2020-11-30 05:00:00,71.79,100.00
129P04458,2020-11-30 05:10:00,71.20,100.00
129P04458,2020-11-30 05:20:00,74.19,100.00
129P04458,2020-11-30 05:30:00,73.66,100.00
129P04458,2020-11-30 05:40:00,71.73,100.00
129P04458,2020-11-30 05:50:00,70.60,100.00
129P04458,2020-11-30 06:00:00,71.38,100.00
129P04458,2020-11-30 06:10:00,70.96,100.00
129P04458,2020-11-30 06:20:00,68.88,100.00
129P04458,2020-11-30 06:30:00,71.43,100.00
129P04458,2020-11-30 06:40:00,70.03,100.00
129P04458,2020-11-30 06:50:00,70.77,100.00
129P04458,2020-11-30 07:00:00,69.79,100.00
129P04458,2020-11-30 07:10:00,69.39,100.00
129P04458,2020-11-30 07:20:00,67.45,100.00
129P04458,2020-11-30 07:30:00,68.55,100.00
129P04458,2020-11-30 07:40:00,72.19,100.00
129P04458,2020-11-30 07:50:00,70.68,100.00
129P04458,2020-11-30 08:00:00,68.56,100.00
129P04458,2020-11-30 08:10:00,68.69,100.00
129P04458,2020-11-30 08:20:00,69.04,100.00
129P04458,2020-11-30 08:30:00,73.09,100.00
129P04458,2020-11-30 08:40:00,71.25,100.00
129P04458,2020-11-30 08:50:00,70.18,100.00
129P04458,2020-11-30 09:00:00,70.30,100.00
129P04458,2020-11-30 09:10:00,71.40,100.00
129P04458,2020-11-30 09:20:00,70.69,100.00
129P04458,2020-11-30 09:30:00,68.47,100.00
129P04458,2020-11-30 09:40:00,69.89,100.00
129P04458,2020-11-30 09:50:00,71.58,100.00
129P04458,2020-11-30 10:00:00,70.45,100.00
129P04458,2020-11-30 10:10:00,68.30,100.00
129P04458,2020-11-30 10:20:00,68.70,100.00
129P04458,2020-11-30 10:30:00,66.49,100.00
129P04458,2020-11-30 10:40:00,68.96,100.00
129P04458,2020-11-30 10:50:00,69.39,100.00
129P04458,2020-11-30 11:00:00,67.89,100.00
129P04458,2020-11-30 11:10:00,65.68,100.00
129P04458,2020-11-30 11:20:00,65.97,100.00
129P04458,2020-11-30 11:30:00,67.88,100.00
129P04458,2020-11-30 11:40:00,67.48,100.00
129P04458,2020-11-30 11:50:00,69.36,100.00
129P04458,2020-11-30 12:00:00,71.19,100.00
129P04458,2020-11-30 12:10:00,69.78,100.00
129P04458,2020-11-30 12:20:00,69.39,100.00
129P04458,2020-11-30 12:30:00,67.28,100.00
129P04458,2020-11-30 12:40:00,68.43,100.00
129P04458,2020-11-30 12:50:00,67.35,100.00
129P04458,2020-11-30 13:00:00,66.93,100.00
129P04458,2020-11-30 13:10:00,65.85,100.00
129P04458,2020-11-30 13:20:00,69.80,100.00
129P04458,2020-11-30 13:30:00,67.19,100.00
129P04458,2020-11-30 13:40:00,67.39,100.00
129P04458,2020-11-30 13:50:00,71.29,100.00
129P04458,2020-11-30 14:00:00,67.55,100.00
129P04458,2020-11-30 14:10:00,68.05,100.00
129P04458,2020-11-30 14:20:00,66.89,100.00
129P04458,2020-11-30 14:30:00,67.93,100.00
129P04458,2020-11-30 14:40:00,72.06,100.00
129P04458,2020-11-30 14:50:00,72.59,100.00
129P04458,2020-11-30 15:00:00,69.54,100.00
129P04458,2020-11-30 15:10:00,67.54,100.00
129P04458,2020-11-30 15:20:00,67.64,100.00
129P04458,2020-11-30 15:30:00,65.79,100.00
129P04458,2020-11-30 15:40:00,70.27,100.00
129P04458,2020-11-30 15:50:00,68.47,100.00
129P04458,2020-11-30 16:00:00,70.24,100.00
129P04458,2020-11-30 16:10:00,70.25,100.00
129P04458,2020-11-30 16:20:00,66.86,100.00
129P04458,2020-11-30 16:30:00,66.67,100.00
129P04458,2020-11-30 16:40:00,69.49,100.00
129P04458,2020-11-30 16:50:00,66.26,100.00
129P04458,2020-11-30 17:00:00,66.88,100.00
129P04458,2020-11-30 17:10:00,65.70,100.00
129P04458,2020-11-30 17:20:00,66.79,100.00
129P04458,2020-11-30 17:30:00,65.07,100.00
129P04458,2020-11-30 17:40:00,63.00,100.00
129P04458,2020-11-30 17:50:00,65.27,100.00
129P04458,2020-11-30 18:00:00,65.80,100.00
129P04458,2020-11-30 18:10:00,66.09,100.00
129P04458,2020-11-30 18:20:00,64.66,100.00
129P04458,2020-11-30 18:30:00,63.07,100.00
129P04458,2020-11-30 18:40:00,62.20,100.00
129P04458,2020-11-30 18:50:00,59.29,100.00
129P04458,2020-11-30 19:00:00,57.59,97.00
129P04458,2020-11-30 19:10:00,69.32,100.00
129P04458,2020-11-30 19:20:00,72.39,100.00
129P04458,2020-11-30 19:30:00,68.62,100.00
129P04458,2020-11-30 19:40:00,66.80,100.00
129P04458,2020-11-30 19:50:00,64.55,100.00
129P04458,2020-11-30 20:00:00,61.43,100.00
129P04458,2020-11-30 20:10:00,61.94,100.00
129P04458,2020-11-30 20:20:00,63.59,100.00
129P04458,2020-11-30 20:30:00,64.90,100.00
129P04458,2020-11-30 20:40:00,65.10,99.00
129P04458,2020-11-30 20:50:00,65.00,100.00
129P04458,2020-11-30 21:00:00,64.90,98.00
129P04458,2020-11-30 21:10:00,64.79,90.00
129P04458,2020-11-30 21:20:00,67.04,95.00
129P04458,2020-11-30 21:30:00,67.59,100.00
129P04458,2020-11-30 21:40:00,69.59,100.00
129P04458,2020-11-30 21:50:00,71.00,100.00
129P04458,2020-11-30 22:00:00,71.30,100.00
129P04458,2020-11-30 22:10:00,65.45,100.00
129P04458,2020-11-30 22:20:00,64.01,100.00
129P04458,2020-11-30 22:30:00,67.29,100.00
129P04458,2020-11-30 22:40:00,67.90,100.00
129P04458,2020-11-30 22:50:00,67.79,94.00
129P04458,2020-11-30 23:00:00,67.00,100.00
129P04458,2020-11-30 23:10:00,64.87,100.00
129P04458,2020-11-30 23:20:00,65.66,100.00
129P04458,2020-11-30 23:30:00,66.29,100.00
129P04458,2020-11-30 23:40:00,66.70,96.00
129P04458,2020-11-30 23:50:00,64.28,94.00
129+04461,2020-11-30 00:00:00,67.09,86.00
129+04461,2020-11-30 00:10:00,66.00,89.60
129+04461,2020-11-30 00:20:00,66.00,90.00
129+04461,2020-11-30 00:30:00,,
129+04461,2020-11-30 00:40:00,,
129+04461,2020-11-30 00:50:00,,
129+04461,2020-11-30 01:00:00,68.00,100.00
129+04461,2020-11-30 01:10:00,67.30,100.00
129+04461,2020-11-30 01:20:00,66.40,100.00
129+04461,2020-11-30 01:30:00,65.10,92.70
129+04461,2020-11-30 01:40:00,64.80,90.00
129+04461,2020-11-30 01:50:00,65.00,90.00
129+04461,2020-11-30 02:00:00,60.00,99.57
129+04461,2020-11-30 02:10:00,60.00,90.40
129+04461,2020-11-30 02:20:00,63.74,97.30
129+04461,2020-11-30 02:30:00,63.58,97.60
129+04461,2020-11-30 02:40:00,63.98,100.00
129+04461,2020-11-30 02:50:00,63.60,99.70
129+04461,2020-11-30 03:00:00,64.69,90.40
129+04461,2020-11-30 03:10:00,65.43,93.30
129+04461,2020-11-30 03:20:00,71.00,95.40
129+04461,2020-11-30 03:30:00,70.80,90.00
129+04461,2020-11-30 03:40:00,65.41,94.60
129+04461,2020-11-30 03:50:00,64.08,98.30
129+04461,2020-11-30 04:00:00,66.00,100.00
129+04461,2020-11-30 04:10:00,67.77,100.00
129+04461,2020-11-30 04:20:00,68.30,100.00
129+04461,2020-11-30 04:30:00,68.99,100.00
129+04461,2020-11-30 04:40:00,69.47,100.00
129+04461,2020-11-30 04:50:00,68.75,100.00
129+04461,2020-11-30 05:00:00,71.67,100.00
129+04461,2020-11-30 05:10:00,72.16,100.00
129+04461,2020-11-30 05:20:00,73.18,100.00
129+04461,2020-11-30 05:30:00,72.28,100.00
129+04461,2020-11-30 05:40:00,70.57,100.00
129+04461,2020-11-30 05:50:00,70.49,100.00
129+04461,2020-11-30 06:00:00,71.09,100.00
129+04461,2020-11-30 06:10:00,73.28,100.00
129+04461,2020-11-30 06:20:00,69.99,100.00
129+04461,2020-11-30 06:30:00,69.49,100.00
129+04461,2020-11-30 06:40:00,68.90,100.00
129+04461,2020-11-30 06:50:00,71.27,100.00
129+04461,2020-11-30 07:00:00,69.85,100.00
129+04461,2020-11-30 07:10:00,69.09,100.00
129+04461,2020-11-30 07:20:00,68.59,100.00
129+04461,2020-11-30 07:30:00,68.67,100.00
129+04461,2020-11-30 07:40:00,68.89,100.00
129+04461,2020-11-30 07:50:00,68.45,100.00
129+04461,2020-11-30 08:00:00,71.00,100.00
129+04461,2020-11-30 08:10:00,71.18,100.00
129+04461,2020-11-30 08:20:00,69.39,100.00
129+04461,2020-11-30 08:30:00,69.69,100.00
129+04461,2020-11-30 08:40:00,71.19,100.00
129+04461,2020-11-30 08:50:00,70.69,100.00
129+04461,2020-11-30 09:00:00,70.40,100.00
129+04461,2020-11-30 09:10:00,70.60,100.00
129+04461,2020-11-30 09:20:00,71.79,100.00
129+04461,2020-11-30 09:30:00,70.18,100.00
129+04461,2020-11-30 09:40:00,69.39,100.00
129+04461,2020-11-30 09:50:00,68.69,100.00
129+04461,2020-11-30 10:00:00,68.30,100.00
129+04461,2020-11-30 10:10:00,68.10,100.00
129+04461,2020-11-30 10:20:00,70.40,100.00
129+04461,2020-11-30 10:30:00,68.19,100.00
129+04461,2020-11-30 10:40:00,67.39,100.00
129+04461,2020-11-30 10:50:00,68.76,100.00
129+04461,2020-11-30 11:00:00,70.10,100.00
129+04461,2020-11-30 11:10:00,70.50,100.00
129+04461,2020-11-30 11:20:00,68.27,100.00
129+04461,2020-11-30 11:30:00,68.78,100.00
129+04461,2020-11-30 11:40:00,68.69,100.00
129+04461,2020-11-30 11:50:00,70.60,100.00
129+04461,2020-11-30 12:00:00,72.28,100.00
129+04461,2020-11-30 12:10:00,70.80,100.00
129+04461,2020-11-30 12:20:00,70.00,100.00
129+04461,2020-11-30 12:30:00,69.68,100.00
129+04461,2020-11-30 12:40:00,67.79,100.00
129+04461,2020-11-30 12:50:00,67.38,100.00
129+04461,2020-11-30 13:00:00,69.29,100.00
129+04461,2020-11-30 13:10:00,68.26,100.00
129+04461,2020-11-30 13:20:00,69.04,100.00
129+04461,2020-11-30 13:30:00,71.08,100.00
129+04461,2020-11-30 13:40:00,68.66,100.00
129+04461,2020-11-30 13:50:00,69.18,100.00
129+04461,2020-11-30 14:00:00,70.48,100.00
129+04461,2020-11-30 14:10:00,66.88,100.00
129+04461,2020-11-30 14:20:00,65.94,100.00
129+04461,2020-11-30 14:30:00,67.00,100.00
129+04461,2020-11-30 14:40:00,68.95,100.00
129+04461,2020-11-30 14:50:00,68.67,100.00
129+04461,2020-11-30 15:00:00,68.88,100.00
129+04461,2020-11-30 15:10:00,66.26,100.00
129+04461,2020-11-30 15:20:00,66.09,100.00
129+04461,2020-11-30 15:30:00,64.72,100.00
129+04461,2020-11-30 15:40:00,64.62,100.00
129+04461,2020-11-30 15:50:00,68.36,100.00
129+04461,2020-11-30 16:00:00,69.19,100.00
129+04461,2020-11-30 16:10:00,68.28,100.00
129+04461,2020-11-30 16:20:00,66.99,100.00
129+04461,2020-11-30 16:30:00,66.90,100.00
129+04461,2020-11-30 16:40:00,67.08,100.00
129+04461,2020-11-30 16:50:00,66.80,100.00
129+04461,2020-11-30 17:00:00,67.59,100.00
129+04461,2020-11-30 17:10:00,67.60,100.00
129+04461,2020-11-30 17:20:00,67.99,100.00
129+04461,2020-11-30 17:30:00,68.00,100.00
129+04461,2020-11-30 17:40:00,62.42,96.80
129+04461,2020-11-30 17:50:00,56.88,91.20
129+04461,2020-11-30 18:00:00,60.61,98.90
129+04461,2020-11-30 18:10:00,61.67,99.70
129+04461,2020-11-30 18:20:00,63.59,100.00
129+04461,2020-11-30 18:30:00,62.59,100.00
129+04461,2020-11-30 18:40:00,65.00,100.00
129+04461,2020-11-30 18:50:00,64.09,99.70
129+04461,2020-11-30 19:00:00,58.80,95.30
129+04461,2020-11-30 19:10:00,63.07,97.90
129+04461,2020-11-30 19:20:00,68.29,100.00
129+04461,2020-11-30 19:30:00,70.00,100.00
129+04461,2020-11-30 19:40:00,70.40,100.00
129+04461,2020-11-30 19:50:00,57.25,94.70
129+04461,2020-11-30 20:00:00,60.62,97.00
129+04461,2020-11-30 20:10:00,61.17,100.00
129+04461,2020-11-30 20:20:00,65.69,100.00
129+04461,2020-11-30 20:30:00,64.49,99.10
129+04461,2020-11-30 20:40:00,65.78,93.20
129+04461,2020-11-30 20:50:00,63.95,100.00
129+04461,2020-11-30 21:00:00,67.38,100.00
129+04461,2020-11-30 21:10:00,68.37,100.00
129+04461,2020-11-30 21:20:00,70.00,100.00
129+04461,2020-11-30 21:30:00,67.85,100.00
129+04461,2020-11-30 21:40:00,66.86,100.00
129+04461,2020-11-30 21:50:00,70.00,100.00
129+04461,2020-11-30 22:00:00,70.00,100.00
129+04461,2020-11-30 22:10:00,67.98,100.00
129+04461,2020-11-30 22:20:00,65.00,100.00
129+04461,2020-11-30 22:30:00,64.39,100.00
129+04461,2020-11-30 22:40:00,64.10,100.00
129+04461,2020-11-30 22:50:00,63.70,98.10
129+04461,2020-11-30 23:00:00,65.07,95.90
129+04461,2020-11-30 23:10:00,66.00,100.00
129+04461,2020-11-30 23:20:00,65.60,100.00
129+04461,2020-11-30 23:30:00,64.90,93.70
129+04461,2020-11-30 23:40:00,65.00,90.00
129+04461,2020-11-30 23:50:00,65.00,90.00
129P05584,2020-11-30 00:00:00,38.00,60.00
129P05584,2020-11-30 00:10:00,37.49,60.00
129P05584,2020-11-30 00:20:00,37.00,60.00
129P05584,2020-11-30 00:30:00,37.74,60.00
129P05584,2020-11-30 00:40:00,41.49,
129P05584,2020-11-30 00:50:00,42.00,
129P05584,2020-11-30 01:00:00,,
129P05584,2020-11-30 01:10:00,,
129P05584,2020-11-30 01:20:00,,
129P05584,2020-11-30 01:30:00,,
129P05584,2020-11-30 01:40:00,,
129P05584,2020-11-30 01:50:00,,
129P05584,2020-11-30 02:00:00,47.00,100.00
129P05584,2020-11-30 02:10:00,47.00,95.00
129P05584,2020-11-30 02:20:00,48.60,90.90
129P05584,2020-11-30 02:30:00,48.07,93.00
129P05584,2020-11-30 02:40:00,47.30,93.00
129P05584,2020-11-30 02:50:00,46.10,93.00
129P05584,2020-11-30 03:00:00,46.00,93.00
129P05584,2020-11-30 03:10:00,,
129P05584,2020-11-30 03:20:00,,
129P05584,2020-11-30 03:30:00,,
129P05584,2020-11-30 03:40:00,,
129P05584,2020-11-30 03:50:00,,
129P05584,2020-11-30 04:00:00,,
129P05584,2020-11-30 04:10:00,,
129P05584,2020-11-30 04:20:00,,
129P05584,2020-11-30 04:30:00,,
129P05584,2020-11-30 04:40:00,,
129P05584,2020-11-30 04:50:00,,
129P05584,2020-11-30 05:00:00,36.24,60.00
129P05584,2020-11-30 05:10:00,39.00,60.00
129P05584,2020-11-30 05:20:00,39.00,60.00
129P05584,2020-11-30 05:30:00,36.44,60.00
129P05584,2020-11-30 05:40:00,38.60,80.00
129P05584,2020-11-30 05:50:00,39.48,100.00
129P05584,2020-11-30 06:00:00,38.59,100.00
129P05584,2020-11-30 06:10:00,37.08,100.00
129P05584,2020-11-30 06:20:00,36.47,100.00
129P05584,2020-11-30 06:30:00,37.46,100.00
129P05584,2020-11-30 06:40:00,37.85,100.00
129P05584,2020-11-30 06:50:00,41.31,99.10
129P05584,2020-11-30 07:00:00,37.13,100.00
129P05584,2020-11-30 07:10:00,36.56,100.00
129P05584,2020-11-30 07:20:00,36.34,100.00
129P05584,2020-11-30 07:30:00,27.03,100.00
129P05584,2020-11-30 07:40:00,29.79,100.00
129P05584,2020-11-30 07:50:00,27.10,100.00
129P05584,2020-11-30 08:00:00,27.87,100.00
129P05584,2020-11-30 08:10:00,31.56,100.00
129P05584,2020-11-30 08:20:00,30.39,100.00
129P05584,2020-11-30 08:30:00,33.63,100.00
129P05584,2020-11-30 08:40:00,34.57,100.00
129P05584,2020-11-30 08:50:00,33.84,100.00
129P05584,2020-11-30 09:00:00,31.51,100.00
129P05584,2020-11-30 09:10:00,40.17,100.00
129P05584,2020-11-30 09:20:00,36.71,100.00
129P05584,2020-11-30 09:30:00,33.37,100.00
129P05584,2020-11-30 09:40:00,37.07,100.00
129P05584,2020-11-30 09:50:00,35.68,100.00
129P05584,2020-11-30 10:00:00,29.32,100.00
129P05584,2020-11-30 10:10:00,29.29,100.00
129P05584,2020-11-30 10:20:00,34.69,100.00
129P05584,2020-11-30 10:30:00,39.05,100.00
129P05584,2020-11-30 10:40:00,40.70,100.00
129P05584,2020-11-30 10:50:00,31.37,100.00
129P05584,2020-11-30 11:00:00,39.11,100.00
129P05584,2020-11-30 11:10:00,38.00,99.40
129P05584,2020-11-30 11:20:00,34.49,98.50
129P05584,2020-11-30 11:30:00,34.92,100.00
129P05584,2020-11-30 11:40:00,38.79,100.00
129P05584,2020-11-30 11:50:00,38.12,100.00
129P05584,2020-11-30 12:00:00,33.48,100.00
129P05584,2020-11-30 12:10:00,29.00,100.00
129P05584,2020-11-30 12:20:00,31.17,100.00
129P05584,2020-11-30 12:30:00,35.40,100.00
129P05584,2020-11-30 12:40:00,34.53,100.00
129P05584,2020-11-30 12:50:00,32.42,100.00
129P05584,2020-11-30 13:00:00,34.91,100.00
129P05584,2020-11-30 13:10:00,38.83,100.00
129P05584,2020-11-30 13:20:00,32.95,100.00
129P05584,2020-11-30 13:30:00,30.73,100.00
129P05584,2020-11-30 13:40:00,34.71,100.00
129P05584,2020-11-30 13:50:00,34.19,100.00
129P05584,2020-11-30 14:00:00,23.59,100.00
129P05584,2020-11-30 14:10:00,26.68,100.00
129P05584,2020-11-30 14:20:00,29.38,100.00
129P05584,2020-11-30 14:30:00,28.49,100.00
129P05584,2020-11-30 14:40:00,28.61,100.00
129P05584,2020-11-30 14:50:00,30.84,100.00
129P05584,2020-11-30 15:00:00,22.79,100.00
129P05584,2020-11-30 15:10:00,25.49,100.00
129P05584,2020-11-30 15:20:00,28.24,100.00
129P05584,2020-11-30 15:30:00,32.55,100.00
129P05584,2020-11-30 15:40:00,29.95,100.00
129P05584,2020-11-30 15:50:00,27.68,100.00
129P05584,2020-11-30 16:00:00,26.63,100.00
129P05584,2020-11-30 16:10:00,26.49,100.00
129P05584,2020-11-30 16:20:00,29.30,100.00
129P05584,2020-11-30 16:30:00,28.58,100.00
129P05584,2020-11-30 16:40:00,27.36,100.00
129P05584,2020-11-30 16:50:00,27.00,100.00
129P05584,2020-11-30 17:00:00,25.03,100.00
129P05584,2020-11-30 17:10:00,33.56,100.00
129P05584,2020-11-30 17:20:00,25.94,100.00
129P05584,2020-11-30 17:30:00,24.00,100.00
129P05584,2020-11-30 17:40:00,29.17,100.00
129P05584,2020-11-30 17:50:00,28.17,100.00
129P05584,2020-11-30 18:00:00,29.85,100.00
129P05584,2020-11-30 18:10:00,28.41,100.00
129P05584,2020-11-30 18:20:00,28.39,100.00
129P05584,2020-11-30 18:30:00,27.77,100.00
129P05584,2020-11-30 18:40:00,25.28,100.00
129P05584,2020-11-30 18:50:00,26.90,100.00
129P05584,2020-11-30 19:00:00,24.16,100.00
129P05584,2020-11-30 19:10:00,29.09,100.00
129P05584,2020-11-30 19:20:00,34.91,100.00
129P05584,2020-11-30 19:30:00,37.99,100.00
129P05584,2020-11-30 19:40:00,38.31,100.00
129P05584,2020-11-30 19:50:00,42.86,98.20
129P05584,2020-11-30 20:00:00,42.99,97.60
129P05584,2020-11-30 20:10:00,36.88,91.40
129P05584,2020-11-30 20:20:00,32.00,94.40
129P05584,2020-11-30 20:30:00,32.00,98.60
129P05584,2020-11-30 20:40:00,32.56,93.70
129P05584,2020-11-30 20:50:00,35.00,100.00
129P05584,2020-11-30 21:00:00,35.69,62.10
129P05584,2020-11-30 21:10:00,36.76,72.90
129P05584,2020-11-30 21:20:00,42.00,100.00
129P05584,2020-11-30 21:30:00,42.02,100.00
129P05584,2020-11-30 21:40:00,37.23,100.00
129P05584,2020-11-30 21:50:00,43.45,97.60
129P05584,2020-11-30 22:00:00,45.25,99.40
129P05584,2020-11-30 22:10:00,40.00,100.00
129P05584,2020-11-30 22:20:00,36.20,100.00
129P05584,2020-11-30 22:30:00,33.56,100.00
129P05584,2020-11-30 22:40:00,40.07,93.70
129P05584,2020-11-30 22:50:00,41.40,91.80
129P05584,2020-11-30 23:00:00,37.57,93.00
129P05584,2020-11-30 23:10:00,41.11,100.00
129P05584,2020-11-30 23:20:00,36.37,100.00
129P05584,2020-11-30 23:30:00,35.59,100.00
129P05584,2020-11-30 23:40:00,34.80,95.50
129P05584,2020-11-30 23:50:00,35.00,93.00
129P04457,2020-11-30 00:00:00,63.79,100.00
129P04457,2020-11-30 00:10:00,63.00,93.00
129P04457,2020-11-30 00:20:00,63.69,95.00
129P04457,2020-11-30 00:30:00,63.00,93.00
129P04457,2020-11-30 00:40:00,61.39,98.00
129P04457,2020-11-30 00:50:00,61.09,93.00
129P04457,2020-11-30 01:00:00,62.94,92.00
129P04457,2020-11-30 01:10:00,67.00,98.00
129P04457,2020-11-30 01:20:00,65.60,100.00
129P04457,2020-11-30 01:30:00,63.39,92.00
129P04457,2020-11-30 01:40:00,58.60,93.00
129P04457,2020-11-30 01:50:00,58.00,90.00
129P04457,2020-11-30 02:00:00,58.80,90.00
129P04457,2020-11-30 02:10:00,59.00,90.00
129P04457,2020-11-30 02:20:00,60.00,100.00
129P04457,2020-11-30 02:30:00,60.90,93.00
129P04457,2020-11-30 02:40:00,61.00,90.00
129P04457,2020-11-30 02:50:00,63.07,92.00
129P04457,2020-11-30 03:00:00,69.00,95.00
129P04457,2020-11-30 03:10:00,68.90,90.00
129P04457,2020-11-30 03:20:00,67.50,90.00
129P04457,2020-11-30 03:30:00,67.00,90.00
129P04457,2020-11-30 03:40:00,63.76,98.00
129P04457,2020-11-30 03:50:00,63.00,100.00
129P04457,2020-11-30 04:00:00,63.00,100.00
129P04457,2020-11-30 04:10:00,65.98,99.00
129P04457,2020-11-30 04:20:00,67.10,100.00
129P04457,2020-11-30 04:30:00,68.19,100.00
129P04457,2020-11-30 04:40:00,69.00,100.00
129P04457,2020-11-30 04:50:00,69.97,100.00
129P04457,2020-11-30 05:00:00,70.36,100.00
129P04457,2020-11-30 05:10:00,70.89,100.00
129P04457,2020-11-30 05:20:00,70.90,100.00
129P04457,2020-11-30 05:30:00,71.08,100.00
129P04457,2020-11-30 05:40:00,72.26,100.00
129P04457,2020-11-30 05:50:00,67.85,100.00
129P04457,2020-11-30 06:00:00,68.86,100.00
129P04457,2020-11-30 06:10:00,70.07,100.00
129P04457,2020-11-30 06:20:00,69.77,100.00
129P04457,2020-11-30 06:30:00,67.49,100.00
129P04457,2020-11-30 06:40:00,68.30,100.00
129P04457,2020-11-30 06:50:00,70.45,100.00
129P04457,2020-11-30 07:00:00,68.17,100.00
129P04457,2020-11-30 07:10:00,69.26,100.00
129P04457,2020-11-30 07:20:00,68.55,100.00
129P04457,2020-11-30 07:30:00,69.25,100.00
129P04457,2020-11-30 07:40:00,70.90,100.00
129P04457,2020-11-30 07:50:00,68.74,100.00
129P04457,2020-11-30 08:00:00,66.36,100.00
129P04457,2020-11-30 08:10:00,68.18,100.00
129P04457,2020-11-30 08:20:00,63.95,100.00
129P04457,2020-11-30 08:30:00,68.68,100.00
129P04457,2020-11-30 08:40:00,66.27,100.00
129P04457,2020-11-30 08:50:00,71.15,100.00
129P04457,2020-11-30 09:00:00,70.98,100.00
129P04457,2020-11-30 09:10:00,67.69,100.00
129P04457,2020-11-30 09:20:00,69.57,100.00
129P04457,2020-11-30 09:30:00,65.68,100.00
129P04457,2020-11-30 09:40:00,67.16,100.00
129P04457,2020-11-30 09:50:00,68.88,100.00
129P04457,2020-11-30 10:00:00,67.70,100.00
129P04457,2020-11-30 10:10:00,66.18,100.00
129P04457,2020-11-30 10:20:00,66.85,100.00
129P04457,2020-11-30 10:30:00,62.77,100.00
129P04457,2020-11-30 10:40:00,67.91,100.00
129P04457,2020-11-30 10:50:00,69.23,100.00
129P04457,2020-11-30 11:00:00,69.39,100.00
129P04457,2020-11-30 11:10:00,67.17,100.00
129P04457,2020-11-30 11:20:00,65.17,100.00
129P04457,2020-11-30 11:30:00,65.00,100.00
129P04457,2020-11-30 11:40:00,67.51,100.00
129P04457,2020-11-30 11:50:00,68.84,100.00
129P04457,2020-11-30 12:00:00,68.47,100.00
129P04457,2020-11-30 12:10:00,68.38,100.00
129P04457,2020-11-30 12:20:00,68.38,100.00
129P04457,2020-11-30 12:30:00,66.97,100.00
129P04457,2020-11-30 12:40:00,67.66,100.00
129P04457,2020-11-30 12:50:00,65.01,100.00
129P04457,2020-11-30 13:00:00,65.63,100.00
129P04457,2020-11-30 13:10:00,69.19,100.00
129P04457,2020-11-30 13:20:00,71.56,100.00
129P04457,2020-11-30 13:30:00,63.75,100.00
129P04457,2020-11-30 13:40:00,64.68,100.00
129P04457,2020-11-30 13:50:00,67.38,100.00
129P04457,2020-11-30 14:00:00,65.76,100.00
129P04457,2020-11-30 14:10:00,66.06,100.00
129P04457,2020-11-30 14:20:00,63.68,100.00
129P04457,2020-11-30 14:30:00,60.81,100.00
129P04457,2020-11-30 14:40:00,70.29,100.00
129P04457,2020-11-30 14:50:00,65.58,100.00
129P04457,2020-11-30 15:00:00,66.13,100.00
129P04457,2020-11-30 15:10:00,62.35,100.00
129P04457,2020-11-30 15:20:00,66.07,100.00
129P04457,2020-11-30 15:30:00,61.53,100.00
129P04457,2020-11-30 15:40:00,66.28,100.00
129P04457,2020-11-30 15:50:00,66.35,100.00
129P04457,2020-11-30 16:00:00,67.16,100.00
129P04457,2020-11-30 16:10:00,66.17,100.00
129P04457,2020-11-30 16:20:00,63.27,100.00
129P04457,2020-11-30 16:30:00,64.70,100.00
129P04457,2020-11-30 16:40:00,67.49,100.00
129P04457,2020-11-30 16:50:00,64.04,100.00
129P04457,2020-11-30 17:00:00,63.10,100.00
129P04457,2020-11-30 17:10:00,59.00,100.00
129P04457,2020-11-30 17:20:00,59.97,100.00
129P04457,2020-11-30 17:30:00,58.54,100.00
129P04457,2020-11-30 17:40:00,53.64,93.00
129P04457,2020-11-30 17:50:00,56.23,96.00
129P04457,2020-11-30 18:00:00,56.90,100.00
129P04457,2020-11-30 18:10:00,59.44,100.00
129P04457,2020-11-30 18:20:00,63.69,100.00
129P04457,2020-11-30 18:30:00,62.37,100.00
129P04457,2020-11-30 18:40:00,60.20,100.00
129P04457,2020-11-30 18:50:00,56.70,100.00
129P04457,2020-11-30 19:00:00,60.17,100.00
129P04457,2020-11-30 19:10:00,69.85,100.00
129P04457,2020-11-30 19:20:00,68.80,100.00
129P04457,2020-11-30 19:30:00,63.51,100.00
129P04457,2020-11-30 19:40:00,60.16,100.00
129P04457,2020-11-30 19:50:00,59.08,100.00
129P04457,2020-11-30 20:00:00,56.59,100.00
129P04457,2020-11-30 20:10:00,53.99,100.00
129P04457,2020-11-30 20:20:00,50.57,100.00
129P04457,2020-11-30 20:30:00,56.66,94.00
129P04457,2020-11-30 20:40:00,65.59,100.00
129P04457,2020-11-30 20:50:00,66.30,100.00
129P04457,2020-11-30 21:00:00,66.49,100.00
129P04457,2020-11-30 21:10:00,65.71,96.00
129P04457,2020-11-30 21:20:00,61.52,100.00
129P04457,2020-11-30 21:30:00,65.30,100.00
129P04457,2020-11-30 21:40:00,67.07,100.00
129P04457,2020-11-30 21:50:00,67.79,100.00
129P04457,2020-11-30 22:00:00,67.40,100.00
129P04457,2020-11-30 22:10:00,62.86,100.00
129P04457,2020-11-30 22:20:00,57.68,100.00
129P04457,2020-11-30 22:30:00,63.04,100.00
129P04457,2020-11-30 22:40:00,65.20,90.00
129P04457,2020-11-30 22:50:00,65.00,99.00
129P04457,2020-11-30 23:00:00,66.80,100.00
129P04457,2020-11-30 23:10:00,66.27,100.00
129P04457,2020-11-30 23:20:00,62.79,100.00
129P04457,2020-11-30 23:30:00,61.40,100.00
129P04457,2020-11-30 23:40:00,59.96,100.00
129P04457,2020-11-30 23:50:00,63.00,100.00
129+05584,2020-11-30 00:00:00,36.59,90.00
129+05584,2020-11-30 00:10:00,37.00,90.00
129+05584,2020-11-30 00:20:00,37.69,90.00
129+05584,2020-11-30 00:30:00,38.00,
129+05584,2020-11-30 00:40:00,38.00,
129+05584,2020-11-30 00:50:00,38.00,
129+05584,2020-11-30 01:00:00,41.53,100.00
129+05584,2020-11-30 01:10:00,54.58,96.00
129+05584,2020-11-30 01:20:00,62.00,90.00
129+05584,2020-11-30 01:30:00,62.00,87.00
129+05584,2020-11-30 01:40:00,60.29,80.00
129+05584,2020-11-30 01:50:00,60.00,80.00
129+05584,2020-11-30 02:00:00,47.90,92.50
129+05584,2020-11-30 02:10:00,53.00,84.00
129+05584,2020-11-30 02:20:00,53.78,88.00
129+05584,2020-11-30 02:30:00,45.81,100.00
129+05584,2020-11-30 02:40:00,45.15,100.00
129+05584,2020-11-30 02:50:00,47.18,100.00
129+05584,2020-11-30 03:00:00,48.68,100.00
129+05584,2020-11-30 03:10:00,48.82,78.00
129+05584,2020-11-30 03:20:00,55.30,78.00
129+05584,2020-11-30 03:30:00,56.79,70.00
129+05584,2020-11-30 03:40:00,55.88,70.00
129+05584,2020-11-30 03:50:00,54.00,70.00
129+05584,2020-11-30 04:00:00,51.53,88.00
129+05584,2020-11-30 04:10:00,50.70,91.00
129+05584,2020-11-30 04:20:00,54.40,100.00
129+05584,2020-11-30 04:30:00,59.37,100.00
129+05584,2020-11-30 04:40:00,58.47,100.00
129+05584,2020-11-30 04:50:00,50.88,100.00
129+05584,2020-11-30 05:00:00,50.66,100.00
129+05584,2020-11-30 05:10:00,51.46,100.00
129+05584,2020-11-30 05:20:00,48.21,100.00
129+05584,2020-11-30 05:30:00,45.71,100.00
129+05584,2020-11-30 05:40:00,38.33,100.00
129+05584,2020-11-30 05:50:00,43.75,100.00
129+05584,2020-11-30 06:00:00,47.86,100.00
129+05584,2020-11-30 06:10:00,50.28,100.00
129+05584,2020-11-30 06:20:00,54.91,100.00
129+05584,2020-11-30 06:30:00,45.54,100.00
129+05584,2020-11-30 06:40:00,43.82,100.00
129+05584,2020-11-30 06:50:00,46.62,100.00
129+05584,2020-11-30 07:00:00,52.92,100.00
129+05584,2020-11-30 07:10:00,50.91,100.00
129+05584,2020-11-30 07:20:00,52.57,100.00
129+05584,2020-11-30 07:30:00,45.87,100.00
129+05584,2020-11-30 07:40:00,46.69,100.00
129+05584,2020-11-30 07:50:00,49.26,100.00
129+05584,2020-11-30 08:00:00,50.68,100.00
129+05584,2020-11-30 08:10:00,50.94,100.00
129+05584,2020-11-30 08:20:00,46.89,100.00
129+05584,2020-11-30 08:30:00,48.12,100.00
129+05584,2020-11-30 08:40:00,48.79,100.00
129+05584,2020-11-30 08:50:00,47.44,100.00
129+05584,2020-11-30 09:00:00,53.79,100.00
129+05584,2020-11-30 09:10:00,57.40,100.00
129+05584,2020-11-30 09:20:00,52.27,100.00
129+05584,2020-11-30 09:30:00,49.87,100.00
129+05584,2020-11-30 09:40:00,49.01,100.00
129+05584,2020-11-30 09:50:00,50.51,100.00
129+05584,2020-11-30 10:00:00,45.81,100.00
129+05584,2020-11-30 10:10:00,44.38,100.00
129+05584,2020-11-30 10:20:00,51.06,100.00
129+05584,2020-11-30 10:30:00,52.63,100.00
129+05584,2020-11-30 10:40:00,50.78,100.00
129+05584,2020-11-30 10:50:00,49.87,100.00
129+05584,2020-11-30 11:00:00,53.42,100.00
129+05584,2020-11-30 11:10:00,50.39,100.00
129+05584,2020-11-30 11:20:00,47.22,100.00
129+05584,2020-11-30 11:30:00,45.83,100.00
129+05584,2020-11-30 11:40:00,49.17,100.00
129+05584,2020-11-30 11:50:00,48.41,100.00
129+05584,2020-11-30 12:00:00,46.79,100.00
129+05584,2020-11-30 12:10:00,47.26,100.00
129+05584,2020-11-30 12:20:00,45.18,100.00
129+05584,2020-11-30 12:30:00,50.94,100.00
129+05584,2020-11-30 12:40:00,46.48,100.00
129+05584,2020-11-30 12:50:00,46.18,100.00
129+05584,2020-11-30 13:00:00,48.55,100.00
129+05584,2020-11-30 13:10:00,50.56,100.00
129+05584,2020-11-30 13:20:00,47.01,100.00
129+05584,2020-11-30 13:30:00,41.51,100.00
129+05584,2020-11-30 13:40:00,46.65,100.00
129+05584,2020-11-30 13:50:00,50.85,100.00
129+05584,2020-11-30 14:00:00,48.34,100.00
129+05584,2020-11-30 14:10:00,47.46,100.00
129+05584,2020-11-30 14:20:00,44.26,100.00
129+05584,2020-11-30 14:30:00,45.85,100.00
129+05584,2020-11-30 14:40:00,41.83,100.00
129+05584,2020-11-30 14:50:00,45.84,100.00
129+05584,2020-11-30 15:00:00,41.11,100.00
129+05584,2020-11-30 15:10:00,47.66,100.00
129+05584,2020-11-30 15:20:00,50.07,100.00
129+05584,2020-11-30 15:30:00,49.28,100.00
129+05584,2020-11-30 15:40:00,44.82,100.00
129+05584,2020-11-30 15:50:00,42.24,100.00
129+05584,2020-11-30 16:00:00,44.20,100.00
129+05584,2020-11-30 16:10:00,44.68,100.00
129+05584,2020-11-30 16:20:00,47.84,100.00
129+05584,2020-11-30 16:30:00,47.35,100.00
129+05584,2020-11-30 16:40:00,44.98,100.00
129+05584,2020-11-30 16:50:00,39.77,100.00
129+05584,2020-11-30 17:00:00,44.06,100.00
129+05584,2020-11-30 17:10:00,48.46,100.00
129+05584,2020-11-30 17:20:00,48.38,100.00
129+05584,2020-11-30 17:30:00,44.39,100.00
129+05584,2020-11-30 17:40:00,47.07,100.00
129+05584,2020-11-30 17:50:00,45.00,100.00
129+05584,2020-11-30 18:00:00,45.37,100.00
129+05584,2020-11-30 18:10:00,45.85,100.00
129+05584,2020-11-30 18:20:00,42.39,98.00
129+05584,2020-11-30 18:30:00,43.97,100.00
129+05584,2020-11-30 18:40:00,49.52,100.00
129+05584,2020-11-30 18:50:00,45.75,100.00
129+05584,2020-11-30 19:00:00,46.88,100.00
129+05584,2020-11-30 19:10:00,44.35,100.00
129+05584,2020-11-30 19:20:00,45.92,100.00
129+05584,2020-11-30 19:30:00,45.18,100.00
129+05584,2020-11-30 19:40:00,45.80,100.00
129+05584,2020-11-30 19:50:00,51.93,100.00
129+05584,2020-11-30 20:00:00,54.77,100.00
129+05584,2020-11-30 20:10:00,46.75,100.00
129+05584,2020-11-30 20:20:00,42.70,100.00
129+05584,2020-11-30 20:30:00,43.89,100.00
129+05584,2020-11-30 20:40:00,44.95,97.00
129+05584,2020-11-30 20:50:00,49.77,100.00
129+05584,2020-11-30 21:00:00,49.43,100.00
129+05584,2020-11-30 21:10:00,49.00,100.00
129+05584,2020-11-30 21:20:00,48.10,100.00
129+05584,2020-11-30 21:30:00,49.52,100.00
129+05584,2020-11-30 21:40:00,45.10,100.00
129+05584,2020-11-30 21:50:00,49.68,100.00
129+05584,2020-11-30 22:00:00,48.10,100.00
129+05584,2020-11-30 22:10:00,47.46,100.00
129+05584,2020-11-30 22:20:00,44.33,100.00
129+05584,2020-11-30 22:30:00,46.67,100.00
129+05584,2020-11-30 22:40:00,49.97,100.00
129+05584,2020-11-30 22:50:00,51.79,100.00
129+05584,2020-11-30 23:00:00,53.58,100.00
129+05584,2020-11-30 23:10:00,57.69,100.00
129+05584,2020-11-30 23:20:00,52.61,100.00
129+05584,2020-11-30 23:30:00,45.98,100.00
129+05584,2020-11-30 23:40:00,38.14,98.00
129+05584,2020-11-30 23:50:00,39.09,90.00
129+04462,2020-11-30 00:00:00,,
129+04462,2020-11-30 00:10:00,,
129+04462,2020-11-30 00:20:00,,
129+04462,2020-11-30 00:30:00,,
129+04462,2020-11-30 00:40:00,,
129+04462,2020-11-30 00:50:00,,
129+04462,2020-11-30 01:00:00,63.00,94.00
129+04462,2020-11-30 01:10:00,63.76,95.20
129+04462,2020-11-30 01:20:00,67.00,100.00
129+04462,2020-11-30 01:30:00,65.69,95.00
129+04462,2020-11-30 01:40:00,63.49,90.00
129+04462,2020-11-30 01:50:00,63.00,90.00
129+04462,2020-11-30 02:00:00,60.39,98.80
129+04462,2020-11-30 02:10:00,60.20,92.90
129+04462,2020-11-30 02:20:00,61.37,94.70
129+04462,2020-11-30 02:30:00,62.49,97.40
129+04462,2020-11-30 02:40:00,62.39,100.00
129+04462,2020-11-30 02:50:00,61.10,100.00
129+04462,2020-11-30 03:00:00,61.70,93.70
129+04462,2020-11-30 03:10:00,61.74,91.40
129+04462,2020-11-30 03:20:00,72.00,97.90
129+04462,2020-11-30 03:30:00,71.10,90.00
129+04462,2020-11-30 03:40:00,68.06,91.50
129+04462,2020-11-30 03:50:00,62.73,94.50
129+04462,2020-11-30 04:00:00,66.49,100.00
129+04462,2020-11-30 04:10:00,67.25,100.00
129+04462,2020-11-30 04:20:00,69.59,100.00
129+04462,2020-11-30 04:30:00,70.19,100.00
129+04462,2020-11-30 04:40:00,68.99,100.00
129+04462,2020-11-30 04:50:00,70.30,100.00
129+04462,2020-11-30 05:00:00,71.09,100.00
129+04462,2020-11-30 05:10:00,71.08,100.00
129+04462,2020-11-30 05:20:00,68.37,100.00
129+04462,2020-11-30 05:30:00,71.19,100.00
129+04462,2020-11-30 05:40:00,67.39,100.00
129+04462,2020-11-30 05:50:00,69.29,100.00
129+04462,2020-11-30 06:00:00,66.75,100.00
129+04462,2020-11-30 06:10:00,70.08,100.00
129+04462,2020-11-30 06:20:00,69.49,100.00
129+04462,2020-11-30 06:30:00,67.64,100.00
129+04462,2020-11-30 06:40:00,69.28,100.00
129+04462,2020-11-30 06:50:00,68.17,100.00
129+04462,2020-11-30 07:00:00,70.01,100.00
129+04462,2020-11-30 07:10:00,66.36,100.00
129+04462,2020-11-30 07:20:00,67.38,100.00
129+04462,2020-11-30 07:30:00,65.98,100.00
129+04462,2020-11-30 07:40:00,69.29,100.00
129+04462,2020-11-30 07:50:00,69.65,100.00
129+04462,2020-11-30 08:00:00,71.09,100.00
129+04462,2020-11-30 08:10:00,67.59,100.00
129+04462,2020-11-30 08:20:00,69.17,100.00
129+04462,2020-11-30 08:30:00,68.47,100.00
129+04462,2020-11-30 08:40:00,68.39,100.00
129+04462,2020-11-30 08:50:00,70.10,100.00
129+04462,2020-11-30 09:00:00,68.75,100.00
129+04462,2020-11-30 09:10:00,69.38,100.00
129+04462,2020-11-30 09:20:00,67.09,100.00
129+04462,2020-11-30 09:30:00,69.89,100.00
129+04462,2020-11-30 09:40:00,67.28,100.00
129+04462,2020-11-30 09:50:00,69.59,100.00
129+04462,2020-11-30 10:00:00,67.91,100.00
129+04462,2020-11-30 10:10:00,64.36,100.00
129+04462,2020-11-30 10:20:00,67.85,100.00
129+04462,2020-11-30 10:30:00,67.75,100.00
129+04462,2020-11-30 10:40:00,67.19,100.00
129+04462,2020-11-30 10:50:00,69.79,100.00
129+04462,2020-11-30 11:00:00,69.69,100.00
129+04462,2020-11-30 11:10:00,69.49,100.00
129+04462,2020-11-30 11:20:00,69.29,100.00
129+04462,2020-11-30 11:30:00,68.29,100.00
129+04462,2020-11-30 11:40:00,68.30,100.00
129+04462,2020-11-30 11:50:00,69.69,100.00
129+04462,2020-11-30 12:00:00,69.53,100.00
129+04462,2020-11-30 12:10:00,68.59,100.00
129+04462,2020-11-30 12:20:00,69.90,100.00
129+04462,2020-11-30 12:30:00,69.79,100.00
129+04462,2020-11-30 12:40:00,67.09,100.00
129+04462,2020-11-30 12:50:00,66.58,100.00
129+04462,2020-11-30 13:00:00,67.95,100.00
129+04462,2020-11-30 13:10:00,68.34,100.00
129+04462,2020-11-30 13:20:00,67.28,100.00
129+04462,2020-11-30 13:30:00,64.94,100.00
129+04462,2020-11-30 13:40:00,67.66,100.00
129+04462,2020-11-30 13:50:00,67.78,100.00
129+04462,2020-11-30 14:00:00,69.09,100.00
129+04462,2020-11-30 14:10:00,66.29,100.00
129+04462,2020-11-30 14:20:00,64.36,100.00
129+04462,2020-11-30 14:30:00,63.22,100.00
129+04462,2020-11-30 14:40:00,66.34,100.00
129+04462,2020-11-30 14:50:00,67.20,100.00
129+04462,2020-11-30 15:00:00,67.35,100.00
129+04462,2020-11-30 15:10:00,67.57,100.00
129+04462,2020-11-30 15:20:00,68.49,100.00
129+04462,2020-11-30 15:30:00,64.65,100.00
129+04462,2020-11-30 15:40:00,64.19,100.00
129+04462,2020-11-30 15:50:00,66.05,100.00
129+04462,2020-11-30 16:00:00,65.31,100.00
129+04462,2020-11-30 16:10:00,68.54,100.00
129+04462,2020-11-30 16:20:00,65.98,100.00
129+04462,2020-11-30 16:30:00,65.00,100.00
129+04462,2020-11-30 16:40:00,65.58,100.00
129+04462,2020-11-30 16:50:00,67.08,100.00
129+04462,2020-11-30 17:00:00,66.98,100.00
129+04462,2020-11-30 17:10:00,66.47,100.00
129+04462,2020-11-30 17:20:00,67.69,100.00
129+04462,2020-11-30 17:30:00,67.55,100.00
129+04462,2020-11-30 17:40:00,59.90,100.00
129+04462,2020-11-30 17:50:00,56.28,100.00
129+04462,2020-11-30 18:00:00,58.74,100.00
129+04462,2020-11-30 18:10:00,62.10,100.00
129+04462,2020-11-30 18:20:00,63.19,100.00
129+04462,2020-11-30 18:30:00,64.28,100.00
129+04462,2020-11-30 18:40:00,64.29,100.00
129+04462,2020-11-30 18:50:00,67.25,100.00
129+04462,2020-11-30 19:00:00,65.56,100.00
129+04462,2020-11-30 19:10:00,65.20,100.00
129+04462,2020-11-30 19:20:00,66.39,100.00
129+04462,2020-11-30 19:30:00,67.70,100.00
129+04462,2020-11-30 19:40:00,68.47,100.00
129+04462,2020-11-30 19:50:00,69.39,100.00
129+04462,2020-11-30 20:00:00,67.19,100.00
129+04462,2020-11-30 20:10:00,64.59,100.00
129+04462,2020-11-30 20:20:00,65.00,100.00
129+04462,2020-11-30 20:30:00,63.99,100.00
129+04462,2020-11-30 20:40:00,62.10,97.30
129+04462,2020-11-30 20:50:00,65.46,95.60
129+04462,2020-11-30 21:00:00,64.82,99.40
129+04462,2020-11-30 21:10:00,63.08,100.00
129+04462,2020-11-30 21:20:00,64.80,100.00
129+04462,2020-11-30 21:30:00,65.28,100.00
129+04462,2020-11-30 21:40:00,64.37,99.70
129+04462,2020-11-30 21:50:00,67.69,100.00
129+04462,2020-11-30 22:00:00,67.50,100.00
129+04462,2020-11-30 22:10:00,67.60,100.00
129+04462,2020-11-30 22:20:00,65.66,100.00
129+04462,2020-11-30 22:30:00,64.29,100.00
129+04462,2020-11-30 22:40:00,64.69,100.00
129+04462,2020-11-30 22:50:00,66.09,100.00
129+04462,2020-11-30 23:00:00,66.89,100.00
129+04462,2020-11-30 23:10:00,67.00,100.00
129+04462,2020-11-30 23:20:00,66.00,97.60
129+04462,2020-11-30 23:30:00,64.48,93.40
129+04462,2020-11-30 23:40:00,64.00,90.00
129+04462,2020-11-30 23:50:00,,
129P04456,2020-11-30 00:00:00,65.59,100.00
129P04456,2020-11-30 00:10:00,64.69,92.00
129P04456,2020-11-30 00:20:00,64.19,90.00
129P04456,2020-11-30 00:30:00,63.30,82.00
129P04456,2020-11-30 00:40:00,63.00,80.00
129P04456,2020-11-30 00:50:00,64.08,88.00
129P04456,2020-11-30 01:00:00,65.10,93.00
129P04456,2020-11-30 01:10:00,69.00,100.00
129P04456,2020-11-30 01:20:00,68.90,95.00
129P04456,2020-11-30 01:30:00,64.40,94.00
129P04456,2020-11-30 01:40:00,59.30,92.00
129P04456,2020-11-30 01:50:00,58.20,90.00
129P04456,2020-11-30 02:00:00,59.00,90.00
129P04456,2020-11-30 02:10:00,59.00,90.00
129P04456,2020-11-30 02:20:00,61.16,100.00
129P04456,2020-11-30 02:30:00,60.90,91.00
129P04456,2020-11-30 02:40:00,60.50,90.00
129P04456,2020-11-30 02:50:00,62.45,92.00
129P04456,2020-11-30 03:00:00,69.00,95.00
129P04456,2020-11-30 03:10:00,68.09,90.00
129P04456,2020-11-30 03:20:00,66.40,90.00
129P04456,2020-11-30 03:30:00,66.00,90.00
129P04456,2020-11-30 03:40:00,65.00,100.00
129P04456,2020-11-30 03:50:00,63.49,93.00
129P04456,2020-11-30 04:00:00,63.19,91.00
129P04456,2020-11-30 04:10:00,65.20,99.00
129P04456,2020-11-30 04:20:00,68.48,100.00
129P04456,2020-11-30 04:30:00,68.19,100.00
129P04456,2020-11-30 04:40:00,69.90,100.00
129P04456,2020-11-30 04:50:00,70.88,100.00
129P04456,2020-11-30 05:00:00,70.47,100.00
129P04456,2020-11-30 05:10:00,71.58,100.00
129P04456,2020-11-30 05:20:00,71.20,100.00
129P04456,2020-11-30 05:30:00,71.98,100.00
129P04456,2020-11-30 05:40:00,71.67,100.00
129P04456,2020-11-30 05:50:00,68.48,100.00
129P04456,2020-11-30 06:00:00,71.38,100.00
129P04456,2020-11-30 06:10:00,69.75,100.00
129P04456,2020-11-30 06:20:00,70.18,100.00
129P04456,2020-11-30 06:30:00,69.39,100.00
129P04456,2020-11-30 06:40:00,69.49,100.00
129P04456,2020-11-30 06:50:00,71.59,100.00
129P04456,2020-11-30 07:00:00,69.48,100.00
129P04456,2020-11-30 07:10:00,69.17,100.00
129P04456,2020-11-30 07:20:00,69.69,100.00
129P04456,2020-11-30 07:30:00,69.88,100.00
129P04456,2020-11-30 07:40:00,71.39,100.00
129P04456,2020-11-30 07:50:00,68.82,100.00
129P04456,2020-11-30 08:00:00,67.04,100.00
129P04456,2020-11-30 08:10:00,69.19,100.00
129P04456,2020-11-30 08:20:00,67.68,100.00
129P04456,2020-11-30 08:30:00,69.92,100.00
129P04456,2020-11-30 08:40:00,66.99,100.00
129P04456,2020-11-30 08:50:00,70.59,100.00
129P04456,2020-11-30 09:00:00,69.58,100.00
129P04456,2020-11-30 09:10:00,67.79,100.00
129P04456,2020-11-30 09:20:00,71.59,100.00
129P04456,2020-11-30 09:30:00,70.00,100.00
129P04456,2020-11-30 09:40:00,66.98,100.00
129P04456,2020-11-30 09:50:00,70.09,100.00
129P04456,2020-11-30 10:00:00,68.43,100.00
129P04456,2020-11-30 10:10:00,68.58,100.00
129P04456,2020-11-30 10:20:00,65.04,100.00
129P04456,2020-11-30 10:30:00,64.55,100.00
129P04456,2020-11-30 10:40:00,69.60,100.00
129P04456,2020-11-30 10:50:00,67.96,100.00
129P04456,2020-11-30 11:00:00,68.69,100.00
129P04456,2020-11-30 11:10:00,68.19,100.00
129P04456,2020-11-30 11:20:00,66.38,100.00
129P04456,2020-11-30 11:30:00,65.79,100.00
129P04456,2020-11-30 11:40:00,69.47,100.00
129P04456,2020-11-30 11:50:00,69.99,100.00
129P04456,2020-11-30 12:00:00,70.29,100.00
129P04456,2020-11-30 12:10:00,67.08,100.00
129P04456,2020-11-30 12:20:00,68.74,100.00
129P04456,2020-11-30 12:30:00,67.16,100.00
129P04456,2020-11-30 12:40:00,68.69,100.00
129P04456,2020-11-30 12:50:00,65.56,100.00
129P04456,2020-11-30 13:00:00,65.16,100.00
129P04456,2020-11-30 13:10:00,69.16,100.00
129P04456,2020-11-30 13:20:00,71.28,100.00
129P04456,2020-11-30 13:30:00,65.58,100.00
129P04456,2020-11-30 13:40:00,66.84,100.00
129P04456,2020-11-30 13:50:00,69.98,100.00
129P04456,2020-11-30 14:00:00,65.89,100.00
129P04456,2020-11-30 14:10:00,66.15,100.00
129P04456,2020-11-30 14:20:00,61.58,100.00
129P04456,2020-11-30 14:30:00,63.78,100.00
129P04456,2020-11-30 14:40:00,67.67,100.00
129P04456,2020-11-30 14:50:00,66.99,100.00
129P04456,2020-11-30 15:00:00,66.48,100.00
129P04456,2020-11-30 15:10:00,65.37,100.00
129P04456,2020-11-30 15:20:00,65.47,100.00
129P04456,2020-11-30 15:30:00,62.97,100.00
129P04456,2020-11-30 15:40:00,67.18,100.00
129P04456,2020-11-30 15:50:00,66.79,100.00
129P04456,2020-11-30 16:00:00,68.56,100.00
129P04456,2020-11-30 16:10:00,68.38,100.00
129P04456,2020-11-30 16:20:00,64.53,100.00
129P04456,2020-11-30 16:30:00,64.02,100.00
129P04456,2020-11-30 16:40:00,65.00,100.00
129P04456,2020-11-30 16:50:00,65.08,100.00
129P04456,2020-11-30 17:00:00,63.39,100.00
129P04456,2020-11-30 17:10:00,62.22,100.00
129P04456,2020-11-30 17:20:00,61.88,99.00
129P04456,2020-11-30 17:30:00,59.51,99.00
129P04456,2020-11-30 17:40:00,54.25,91.00
129P04456,2020-11-30 17:50:00,58.32,97.00
129P04456,2020-11-30 18:00:00,57.00,96.00
129P04456,2020-11-30 18:10:00,59.64,97.00
129P04456,2020-11-30 18:20:00,63.17,100.00
129P04456,2020-11-30 18:30:00,63.09,100.00
129P04456,2020-11-30 18:40:00,61.38,100.00
129P04456,2020-11-30 18:50:00,58.70,100.00
129P04456,2020-11-30 19:00:00,62.31,100.00
129P04456,2020-11-30 19:10:00,70.77,100.00
129P04456,2020-11-30 19:20:00,70.29,100.00
129P04456,2020-11-30 19:30:00,65.31,100.00
129P04456,2020-11-30 19:40:00,59.41,100.00
129P04456,2020-11-30 19:50:00,58.90,100.00
129P04456,2020-11-30 20:00:00,58.98,100.00
129P04456,2020-11-30 20:10:00,55.00,100.00
129P04456,2020-11-30 20:20:00,54.90,100.00
129P04456,2020-11-30 20:30:00,58.53,98.00
129P04456,2020-11-30 20:40:00,65.70,100.00
129P04456,2020-11-30 20:50:00,60.47,100.00
129P04456,2020-11-30 21:00:00,57.33,97.00
129P04456,2020-11-30 21:10:00,56.41,93.00
129P04456,2020-11-30 21:20:00,66.08,100.00
129P04456,2020-11-30 21:30:00,66.99,100.00
129P04456,2020-11-30 21:40:00,68.59,100.00
129P04456,2020-11-30 21:50:00,68.67,100.00
129P04456,2020-11-30 22:00:00,67.60,100.00
129P04456,2020-11-30 22:10:00,63.45,100.00
129P04456,2020-11-30 22:20:00,58.38,100.00
129P04456,2020-11-30 22:30:00,63.39,99.00
129P04456,2020-11-30 22:40:00,64.59,90.00
129P04456,2020-11-30 22:50:00,65.29,100.00
129P04456,2020-11-30 23:00:00,66.80,100.00
129P04456,2020-11-30 23:10:00,65.80,100.00
129P04456,2020-11-30 23:20:00,60.53,100.00
129P04456,2020-11-30 23:30:00,57.79,100.00
129P04456,2020-11-30 23:40:00,59.82,100.00
129P04456,2020-11-30 23:50:00,65.00,100.00
129P04455,2020-11-30 00:00:00,69.00,100.00
129P04455,2020-11-30 00:10:00,68.00,96.00
129P04455,2020-11-30 00:20:00,64.45,98.00
129P04455,2020-11-30 00:30:00,62.50,91.00
129P04455,2020-11-30 00:40:00,62.00,90.00
129P04455,2020-11-30 00:50:00,62.79,89.00
129P04455,2020-11-30 01:00:00,60.21,95.00
129P04455,2020-11-30 01:10:00,58.00,93.00
129P04455,2020-11-30 01:20:00,58.00,90.00
129P04455,2020-11-30 01:30:00,59.19,94.00
129P04455,2020-11-30 01:40:00,59.80,90.00
129P04455,2020-11-30 01:50:00,59.50,90.00
129P04455,2020-11-30 02:00:00,60.00,90.00
129P04455,2020-11-30 02:10:00,60.00,90.00
129P04455,2020-11-30 02:20:00,,
129P04455,2020-11-30 02:30:00,65.00,90.00
129P04455,2020-11-30 02:40:00,63.79,90.00
129P04455,2020-11-30 02:50:00,65.86,95.00
129P04455,2020-11-30 03:00:00,69.30,93.00
129P04455,2020-11-30 03:10:00,69.00,90.00
129P04455,2020-11-30 03:20:00,65.79,90.00
129P04455,2020-11-30 03:30:00,61.17,96.00
129P04455,2020-11-30 03:40:00,61.46,96.00
129P04455,2020-11-30 03:50:00,65.69,100.00
129P04455,2020-11-30 04:00:00,70.00,100.00
129P04455,2020-11-30 04:10:00,68.86,96.00
129P04455,2020-11-30 04:20:00,68.60,100.00
129P04455,2020-11-30 04:30:00,69.57,100.00
129P04455,2020-11-30 04:40:00,69.49,100.00
129P04455,2020-11-30 04:50:00,69.89,100.00
129P04455,2020-11-30 05:00:00,69.28,100.00
129P04455,2020-11-30 05:10:00,71.28,100.00
129P04455,2020-11-30 05:20:00,73.00,100.00
129P04455,2020-11-30 05:30:00,73.20,100.00
129P04455,2020-11-30 05:40:00,71.17,100.00
129P04455,2020-11-30 05:50:00,65.80,100.00
129P04455,2020-11-30 06:00:00,71.92,100.00
129P04455,2020-11-30 06:10:00,69.78,100.00
129P04455,2020-11-30 06:20:00,70.86,100.00
129P04455,2020-11-30 06:30:00,67.58,100.00
129P04455,2020-11-30 06:40:00,67.58,100.00
129P04455,2020-11-30 06:50:00,69.71,100.00
129P04455,2020-11-30 07:00:00,64.40,100.00
129P04455,2020-11-30 07:10:00,68.00,100.00
129P04455,2020-11-30 07:20:00,68.68,100.00
129P04455,2020-11-30 07:30:00,71.19,100.00
129P04455,2020-11-30 07:40:00,71.69,100.00
129P04455,2020-11-30 07:50:00,67.61,100.00
129P04455,2020-11-30 08:00:00,69.23,100.00
129P04455,2020-11-30 08:10:00,71.00,100.00
129P04455,2020-11-30 08:20:00,70.09,100.00
129P04455,2020-11-30 08:30:00,67.62,100.00
129P04455,2020-11-30 08:40:00,66.47,100.00
129P04455,2020-11-30 08:50:00,69.17,100.00
129P04455,2020-11-30 09:00:00,67.66,100.00
129P04455,2020-11-30 09:10:00,68.77,100.00
129P04455,2020-11-30 09:20:00,70.58,100.00
129P04455,2020-11-30 09:30:00,69.19,100.00
129P04455,2020-11-30 09:40:00,68.17,100.00
129P04455,2020-11-30 09:50:00,68.99,100.00
129P04455,2020-11-30 10:00:00,65.92,100.00
129P04455,2020-11-30 10:10:00,69.99,100.00
129P04455,2020-11-30 10:20:00,66.25,100.00
129P04455,2020-11-30 10:30:00,68.30,100.00
129P04455,2020-11-30 10:40:00,70.94,100.00
129P04455,2020-11-30 10:50:00,67.08,100.00
129P04455,2020-11-30 11:00:00,68.79,100.00
129P04455,2020-11-30 11:10:00,67.29,100.00
129P04455,2020-11-30 11:20:00,65.59,100.00
129P04455,2020-11-30 11:30:00,66.78,100.00
129P04455,2020-11-30 11:40:00,69.08,100.00
129P04455,2020-11-30 11:50:00,69.37,100.00
129P04455,2020-11-30 12:00:00,69.99,100.00
129P04455,2020-11-30 12:10:00,70.29,100.00
129P04455,2020-11-30 12:20:00,70.17,100.00
129P04455,2020-11-30 12:30:00,68.60,100.00
129P04455,2020-11-30 12:40:00,68.50,100.00
129P04455,2020-11-30 12:50:00,65.87,100.00
129P04455,2020-11-30 13:00:00,66.58,100.00
129P04455,2020-11-30 13:10:00,69.17,100.00
129P04455,2020-11-30 13:20:00,69.58,100.00
129P04455,2020-11-30 13:30:00,65.00,100.00
129P04455,2020-11-30 13:40:00,66.23,100.00
129P04455,2020-11-30 13:50:00,68.43,100.00
129P04455,2020-11-30 14:00:00,67.76,100.00
129P04455,2020-11-30 14:10:00,66.56,100.00
129P04455,2020-11-30 14:20:00,65.18,100.00
129P04455,2020-11-30 14:30:00,67.53,100.00
129P04455,2020-11-30 14:40:00,71.93,100.00
129P04455,2020-11-30 14:50:00,65.89,100.00
129P04455,2020-11-30 15:00:00,64.75,100.00
129P04455,2020-11-30 15:10:00,65.17,100.00
129P04455,2020-11-30 15:20:00,65.91,100.00
129P04455,2020-11-30 15:30:00,66.28,100.00
129P04455,2020-11-30 15:40:00,66.18,100.00
129P04455,2020-11-30 15:50:00,68.09,100.00
129P04455,2020-11-30 16:00:00,67.37,100.00
129P04455,2020-11-30 16:10:00,66.98,100.00
129P04455,2020-11-30 16:20:00,63.58,100.00
129P04455,2020-11-30 16:30:00,65.87,100.00
129P04455,2020-11-30 16:40:00,65.60,100.00
129P04455,2020-11-30 16:50:00,60.53,100.00
129P04455,2020-11-30 17:00:00,63.67,100.00
129P04455,2020-11-30 17:10:00,61.69,100.00
129P04455,2020-11-30 17:20:00,61.43,100.00
129P04455,2020-11-30 17:30:00,62.30,100.00
129P04455,2020-11-30 17:40:00,57.90,94.00
129P04455,2020-11-30 17:50:00,61.12,99.00
129P04455,2020-11-30 18:00:00,64.59,100.00
129P04455,2020-11-30 18:10:00,66.29,100.00
129P04455,2020-11-30 18:20:00,65.84,100.00
129P04455,2020-11-30 18:30:00,62.30,100.00
129P04455,2020-11-30 18:40:00,60.95,100.00
129P04455,2020-11-30 18:50:00,62.08,100.00
129P04455,2020-11-30 19:00:00,64.94,100.00
129P04455,2020-11-30 19:10:00,67.35,100.00
129P04455,2020-11-30 19:20:00,65.89,100.00
129P04455,2020-11-30 19:30:00,61.39,100.00
129P04455,2020-11-30 19:40:00,62.39,100.00
129P04455,2020-11-30 19:50:00,62.58,100.00
129P04455,2020-11-30 20:00:00,59.59,100.00
129P04455,2020-11-30 20:10:00,62.15,100.00
129P04455,2020-11-30 20:20:00,63.09,100.00
129P04455,2020-11-30 20:30:00,65.44,100.00
129P04455,2020-11-30 20:40:00,65.68,100.00
129P04455,2020-11-30 20:50:00,68.00,100.00
129P04455,2020-11-30 21:00:00,67.90,100.00
129P04455,2020-11-30 21:10:00,64.58,100.00
129P04455,2020-11-30 21:20:00,65.38,100.00
129P04455,2020-11-30 21:30:00,66.00,100.00
129P04455,2020-11-30 21:40:00,67.78,100.00
129P04455,2020-11-30 21:50:00,68.00,100.00
129P04455,2020-11-30 22:00:00,66.99,100.00
129P04455,2020-11-30 22:10:00,58.65,98.00
129P04455,2020-11-30 22:20:00,62.28,95.00
129P04455,2020-11-30 22:30:00,70.00,100.00
129P04455,2020-11-30 22:40:00,69.80,100.00
129P04455,2020-11-30 22:50:00,65.88,100.00
129P04455,2020-11-30 23:00:00,66.99,100.00
129P04455,2020-11-30 23:10:00,65.89,100.00
129P04455,2020-11-30 23:20:00,62.69,100.00
129P04455,2020-11-30 23:30:00,61.96,100.00
129P04455,2020-11-30 23:40:00,66.49,100.00
129P04455,2020-11-30 23:50:00,66.58,100.00
129+04453,2020-11-30 00:00:00,57.10,83.00
129+04453,2020-11-30 00:10:00,57.00,90.00
129+04453,2020-11-30 00:20:00,48.03,90.00
129+04453,2020-11-30 00:30:00,45.00,
129+04453,2020-11-30 00:40:00,48.00,
129+04453,2020-11-30 00:50:00,48.80,90.00
129+04453,2020-11-30 01:00:00,49.00,81.00
129+04453,2020-11-30 01:10:00,49.70,80.00
129+04453,2020-11-30 01:20:00,50.00,80.00
129+04453,2020-11-30 01:30:00,50.00,80.00
129+04453,2020-11-30 01:40:00,,
129+04453,2020-11-30 01:50:00,,
129+04453,2020-11-30 02:00:00,,
129+04453,2020-11-30 02:10:00,,
129+04453,2020-11-30 02:20:00,,
129+04453,2020-11-30 02:30:00,,
129+04453,2020-11-30 02:40:00,,
129+04453,2020-11-30 02:50:00,,
129+04453,2020-11-30 03:00:00,,
129+04453,2020-11-30 03:10:00,,
129+04453,2020-11-30 03:20:00,,
129+04453,2020-11-30 03:30:00,42.07,87.78
129+04453,2020-11-30 03:40:00,41.49,80.00
129+04453,2020-11-30 03:50:00,44.35,81.00
129+04453,2020-11-30 04:00:00,46.15,97.00
129+04453,2020-11-30 04:10:00,50.30,100.00
129+04453,2020-11-30 04:20:00,50.00,100.00
129+04453,2020-11-30 04:30:00,50.90,90.00
129+04453,2020-11-30 04:40:00,49.48,93.00
129+04453,2020-11-30 04:50:00,49.94,100.00
129+04453,2020-11-30 05:00:00,52.93,100.00
129+04453,2020-11-30 05:10:00,57.69,100.00
129+04453,2020-11-30 05:20:00,54.04,100.00
129+04453,2020-11-30 05:30:00,52.65,100.00
129+04453,2020-11-30 05:40:00,51.85,100.00
129+04453,2020-11-30 05:50:00,45.82,100.00
129+04453,2020-11-30 06:00:00,53.48,100.00
129+04453,2020-11-30 06:10:00,55.59,100.00
129+04453,2020-11-30 06:20:00,55.17,100.00
129+04453,2020-11-30 06:30:00,54.97,100.00
129+04453,2020-11-30 06:40:00,57.77,100.00
129+04453,2020-11-30 06:50:00,54.88,100.00
129+04453,2020-11-30 07:00:00,49.59,100.00
129+04453,2020-11-30 07:10:00,54.33,100.00
129+04453,2020-11-30 07:20:00,48.27,100.00
129+04453,2020-11-30 07:30:00,49.79,100.00
129+04453,2020-11-30 07:40:00,49.19,100.00
129+04453,2020-11-30 07:50:00,46.45,100.00
129+04453,2020-11-30 08:00:00,51.19,100.00
129+04453,2020-11-30 08:10:00,51.90,100.00
129+04453,2020-11-30 08:20:00,50.22,100.00
129+04453,2020-11-30 08:30:00,53.09,100.00
129+04453,2020-11-30 08:40:00,55.47,100.00
129+04453,2020-11-30 08:50:00,55.46,100.00
129+04453,2020-11-30 09:00:00,50.86,100.00
129+04453,2020-11-30 09:10:00,48.70,100.00
129+04453,2020-11-30 09:20:00,53.90,100.00
129+04453,2020-11-30 09:30:00,48.42,100.00
129+04453,2020-11-30 09:40:00,49.80,100.00
129+04453,2020-11-30 09:50:00,52.57,100.00
129+04453,2020-11-30 10:00:00,53.61,100.00
129+04453,2020-11-30 10:10:00,51.99,100.00
129+04453,2020-11-30 10:20:00,55.87,98.00
129+04453,2020-11-30 10:30:00,57.50,98.00
129+04453,2020-11-30 10:40:00,50.98,100.00
129+04453,2020-11-30 10:50:00,49.09,100.00
129+04453,2020-11-30 11:00:00,51.20,100.00
129+04453,2020-11-30 11:10:00,49.75,100.00
129+04453,2020-11-30 11:20:00,47.70,100.00
129+04453,2020-11-30 11:30:00,46.56,100.00
129+04453,2020-11-30 11:40:00,51.47,100.00
129+04453,2020-11-30 11:50:00,51.58,100.00
129+04453,2020-11-30 12:00:00,50.18,100.00
129+04453,2020-11-30 12:10:00,47.03,100.00
129+04453,2020-11-30 12:20:00,51.77,100.00
129+04453,2020-11-30 12:30:00,46.66,100.00
129+04453,2020-11-30 12:40:00,40.69,100.00
129+04453,2020-11-30 12:50:00,44.63,100.00
129+04453,2020-11-30 13:00:00,45.69,100.00
129+04453,2020-11-30 13:10:00,46.74,100.00
129+04453,2020-11-30 13:20:00,50.28,100.00
129+04453,2020-11-30 13:30:00,54.79,100.00
129+04453,2020-11-30 13:40:00,54.07,100.00
129+04453,2020-11-30 13:50:00,44.83,100.00
129+04453,2020-11-30 14:00:00,53.03,100.00
129+04453,2020-11-30 14:10:00,51.97,100.00
129+04453,2020-11-30 14:20:00,48.22,100.00
129+04453,2020-11-30 14:30:00,47.65,100.00
129+04453,2020-11-30 14:40:00,50.05,100.00
129+04453,2020-11-30 14:50:00,48.95,100.00
129+04453,2020-11-30 15:00:00,54.40,100.00
129+04453,2020-11-30 15:10:00,50.45,100.00
129+04453,2020-11-30 15:20:00,49.78,100.00
129+04453,2020-11-30 15:30:00,48.27,100.00
129+04453,2020-11-30 15:40:00,49.08,100.00
129+04453,2020-11-30 15:50:00,53.57,100.00
129+04453,2020-11-30 16:00:00,51.95,100.00
129+04453,2020-11-30 16:10:00,50.82,100.00
129+04453,2020-11-30 16:20:00,50.15,100.00
129+04453,2020-11-30 16:30:00,50.38,100.00
129+04453,2020-11-30 16:40:00,48.20,100.00
129+04453,2020-11-30 16:50:00,42.49,100.00
129+04453,2020-11-30 17:00:00,38.24,100.00
129+04453,2020-11-30 17:10:00,43.35,100.00
129+04453,2020-11-30 17:20:00,45.16,100.00
129+04453,2020-11-30 17:30:00,45.67,100.00
129+04453,2020-11-30 17:40:00,45.59,100.00
129+04453,2020-11-30 17:50:00,43.88,100.00
129+04453,2020-11-30 18:00:00,44.56,100.00
129+04453,2020-11-30 18:10:00,47.71,100.00
129+04453,2020-11-30 18:20:00,53.08,100.00
129+04453,2020-11-30 18:30:00,50.87,100.00
129+04453,2020-11-30 18:40:00,48.68,100.00
129+04453,2020-11-30 18:50:00,49.18,100.00
129+04453,2020-11-30 19:00:00,49.44,100.00
129+04453,2020-11-30 19:10:00,46.75,100.00
129+04453,2020-11-30 19:20:00,47.26,100.00
129+04453,2020-11-30 19:30:00,47.83,100.00
129+04453,2020-11-30 19:40:00,46.93,100.00
129+04453,2020-11-30 19:50:00,47.38,100.00
129+04453,2020-11-30 20:00:00,49.08,100.00
129+04453,2020-11-30 20:10:00,47.22,100.00
129+04453,2020-11-30 20:20:00,46.66,100.00
129+04453,2020-11-30 20:30:00,48.35,100.00
129+04453,2020-11-30 20:40:00,52.00,100.00
129+04453,2020-11-30 20:50:00,50.18,100.00
129+04453,2020-11-30 21:00:00,47.20,100.00
129+04453,2020-11-30 21:10:00,47.88,100.00
129+04453,2020-11-30 21:20:00,49.40,100.00
129+04453,2020-11-30 21:30:00,52.29,100.00
129+04453,2020-11-30 21:40:00,51.49,100.00
129+04453,2020-11-30 21:50:00,50.18,95.00
129+04453,2020-11-30 22:00:00,55.02,98.00
129+04453,2020-11-30 22:10:00,53.93,100.00
129+04453,2020-11-30 22:20:00,50.38,100.00
129+04453,2020-11-30 22:30:00,48.20,100.00
129+04453,2020-11-30 22:40:00,48.60,89.00
129+04453,2020-11-30 22:50:00,49.00,80.00
129+04453,2020-11-30 23:00:00,49.00,80.00
129+04453,2020-11-30 23:10:00,,
129+04453,2020-11-30 23:20:00,50.00,97.00
129+04453,2020-11-30 23:30:00,50.68,95.00
129+04453,2020-11-30 23:40:00,54.33,100.00
129+04453,2020-11-30 23:50:00,54.78,97.00
129+04458,2020-11-30 00:00:00,64.27,100.00
129+04458,2020-11-30 00:10:00,62.29,93.00
129+04458,2020-11-30 00:20:00,61.80,90.00
129+04458,2020-11-30 00:30:00,61.00,84.00
129+04458,2020-11-30 00:40:00,57.76,95.00
129+04458,2020-11-30 00:50:00,56.77,91.00
129+04458,2020-11-30 01:00:00,59.54,92.00
129+04458,2020-11-30 01:10:00,66.19,100.00
129+04458,2020-11-30 01:20:00,63.69,100.00
129+04458,2020-11-30 01:30:00,61.79,95.00
129+04458,2020-11-30 01:40:00,61.78,90.00
129+04458,2020-11-30 01:50:00,63.00,90.00
129+04458,2020-11-30 02:00:00,59.54,94.00
129+04458,2020-11-30 02:10:00,55.30,91.00
129+04458,2020-11-30 02:20:00,57.53,94.00
129+04458,2020-11-30 02:30:00,61.98,98.00
129+04458,2020-11-30 02:40:00,63.00,100.00
129+04458,2020-11-30 02:50:00,63.94,95.00
129+04458,2020-11-30 03:00:00,68.90,96.00
129+04458,2020-11-30 03:10:00,70.79,99.00
129+04458,2020-11-30 03:20:00,70.70,96.00
129+04458,2020-11-30 03:30:00,69.29,90.00
129+04458,2020-11-30 03:40:00,65.40,95.00
129+04458,2020-11-30 03:50:00,63.00,100.00
129+04458,2020-11-30 04:00:00,63.19,100.00
129+04458,2020-11-30 04:10:00,66.79,100.00
129+04458,2020-11-30 04:20:00,67.38,100.00
129+04458,2020-11-30 04:30:00,67.07,100.00
129+04458,2020-11-30 04:40:00,70.18,100.00
129+04458,2020-11-30 04:50:00,69.97,100.00
129+04458,2020-11-30 05:00:00,70.97,100.00
129+04458,2020-11-30 05:10:00,70.59,100.00
129+04458,2020-11-30 05:20:00,71.78,100.00
129+04458,2020-11-30 05:30:00,67.74,100.00
129+04458,2020-11-30 05:40:00,70.53,100.00
129+04458,2020-11-30 05:50:00,67.89,100.00
129+04458,2020-11-30 06:00:00,69.46,100.00
129+04458,2020-11-30 06:10:00,69.81,100.00
129+04458,2020-11-30 06:20:00,67.50,100.00
129+04458,2020-11-30 06:30:00,68.04,100.00
129+04458,2020-11-30 06:40:00,67.35,100.00
129+04458,2020-11-30 06:50:00,69.48,100.00
129+04458,2020-11-30 07:00:00,66.99,100.00
129+04458,2020-11-30 07:10:00,68.99,100.00
129+04458,2020-11-30 07:20:00,68.20,100.00
129+04458,2020-11-30 07:30:00,67.82,100.00
129+04458,2020-11-30 07:40:00,68.58,100.00
129+04458,2020-11-30 07:50:00,67.29,100.00
129+04458,2020-11-30 08:00:00,66.99,100.00
129+04458,2020-11-30 08:10:00,67.57,100.00
129+04458,2020-11-30 08:20:00,67.36,100.00
129+04458,2020-11-30 08:30:00,69.99,100.00
129+04458,2020-11-30 08:40:00,67.57,100.00
129+04458,2020-11-30 08:50:00,70.38,100.00
129+04458,2020-11-30 09:00:00,69.29,100.00
129+04458,2020-11-30 09:10:00,68.00,100.00
129+04458,2020-11-30 09:20:00,69.48,100.00
129+04458,2020-11-30 09:30:00,67.86,100.00
129+04458,2020-11-30 09:40:00,65.33,100.00
129+04458,2020-11-30 09:50:00,70.09,100.00
129+04458,2020-11-30 10:00:00,67.16,100.00
129+04458,2020-11-30 10:10:00,64.30,100.00
129+04458,2020-11-30 10:20:00,65.94,100.00
129+04458,2020-11-30 10:30:00,61.79,100.00
129+04458,2020-11-30 10:40:00,64.81,100.00
129+04458,2020-11-30 10:50:00,64.08,100.00
129+04458,2020-11-30 11:00:00,67.56,100.00
129+04458,2020-11-30 11:10:00,61.16,100.00
129+04458,2020-11-30 11:20:00,63.91,100.00
129+04458,2020-11-30 11:30:00,66.69,100.00
129+04458,2020-11-30 11:40:00,67.68,100.00
129+04458,2020-11-30 11:50:00,65.69,100.00
129+04458,2020-11-30 12:00:00,67.96,100.00
129+04458,2020-11-30 12:10:00,69.79,100.00
129+04458,2020-11-30 12:20:00,66.50,100.00
129+04458,2020-11-30 12:30:00,64.79,100.00
129+04458,2020-11-30 12:40:00,66.88,100.00
129+04458,2020-11-30 12:50:00,64.32,100.00
129+04458,2020-11-30 13:00:00,64.86,100.00
129+04458,2020-11-30 13:10:00,67.15,100.00
129+04458,2020-11-30 13:20:00,67.25,100.00
129+04458,2020-11-30 13:30:00,62.57,100.00
129+04458,2020-11-30 13:40:00,63.57,100.00
129+04458,2020-11-30 13:50:00,69.09,100.00
129+04458,2020-11-30 14:00:00,64.28,100.00
129+04458,2020-11-30 14:10:00,66.25,100.00
129+04458,2020-11-30 14:20:00,64.63,100.00
129+04458,2020-11-30 14:30:00,63.48,100.00
129+04458,2020-11-30 14:40:00,66.69,100.00
129+04458,2020-11-30 14:50:00,64.32,100.00
129+04458,2020-11-30 15:00:00,64.10,100.00
129+04458,2020-11-30 15:10:00,63.65,100.00
129+04458,2020-11-30 15:20:00,62.30,100.00
129+04458,2020-11-30 15:30:00,60.59,100.00
129+04458,2020-11-30 15:40:00,67.86,100.00
129+04458,2020-11-30 15:50:00,65.46,100.00
129+04458,2020-11-30 16:00:00,63.40,100.00
129+04458,2020-11-30 16:10:00,66.99,100.00
129+04458,2020-11-30 16:20:00,64.51,100.00
129+04458,2020-11-30 16:30:00,65.52,100.00
129+04458,2020-11-30 16:40:00,66.17,100.00
129+04458,2020-11-30 16:50:00,63.47,100.00
129+04458,2020-11-30 17:00:00,62.64,100.00
129+04458,2020-11-30 17:10:00,59.25,100.00
129+04458,2020-11-30 17:20:00,63.58,100.00
129+04458,2020-11-30 17:30:00,58.47,100.00
129+04458,2020-11-30 17:40:00,52.67,93.00
129+04458,2020-11-30 17:50:00,58.76,98.00
129+04458,2020-11-30 18:00:00,58.17,98.00
129+04458,2020-11-30 18:10:00,60.41,97.00
129+04458,2020-11-30 18:20:00,61.08,100.00
129+04458,2020-11-30 18:30:00,62.65,100.00
129+04458,2020-11-30 18:40:00,61.90,100.00
129+04458,2020-11-30 18:50:00,55.98,95.00
129+04458,2020-11-30 19:00:00,56.94,93.00
129+04458,2020-11-30 19:10:00,68.37,100.00
129+04458,2020-11-30 19:20:00,68.19,100.00
129+04458,2020-11-30 19:30:00,66.16,100.00
129+04458,2020-11-30 19:40:00,61.80,100.00
129+04458,2020-11-30 19:50:00,58.56,100.00
129+04458,2020-11-30 20:00:00,54.87,100.00
129+04458,2020-11-30 20:10:00,56.51,100.00
129+04458,2020-11-30 20:20:00,58.00,100.00
129+04458,2020-11-30 20:30:00,60.56,100.00
129+04458,2020-11-30 20:40:00,64.70,100.00
129+04458,2020-11-30 20:50:00,64.29,100.00
129+04458,2020-11-30 21:00:00,64.90,100.00
129+04458,2020-11-30 21:10:00,64.19,95.00
129+04458,2020-11-30 21:20:00,62.52,98.00
129+04458,2020-11-30 21:30:00,65.78,100.00
129+04458,2020-11-30 21:40:00,66.79,100.00
129+04458,2020-11-30 21:50:00,66.59,100.00
129+04458,2020-11-30 22:00:00,67.17,100.00
129+04458,2020-11-30 22:10:00,65.09,100.00
129+04458,2020-11-30 22:20:00,63.78,100.00
129+04458,2020-11-30 22:30:00,65.67,100.00
129+04458,2020-11-30 22:40:00,65.30,100.00
129+04458,2020-11-30 22:50:00,64.90,100.00
129+04458,2020-11-30 23:00:00,66.90,100.00
129+04458,2020-11-30 23:10:00,65.90,100.00
129+04458,2020-11-30 23:20:00,64.09,100.00
129+04458,2020-11-30 23:30:00,62.50,100.00
129+04458,2020-11-30 23:40:00,63.46,100.00
129+04458,2020-11-30 23:50:00,63.10,85.00
129+04459,2020-11-30 00:00:00,66.08,90.00
129+04459,2020-11-30 00:10:00,65.00,90.00
129+04459,2020-11-30 00:20:00,65.00,90.00
129+04459,2020-11-30 00:30:00,,
129+04459,2020-11-30 00:40:00,63.00,89.14
129+04459,2020-11-30 00:50:00,62.90,91.30
129+04459,2020-11-30 01:00:00,62.19,95.70
129+04459,2020-11-30 01:10:00,69.47,99.00
129+04459,2020-11-30 01:20:00,69.60,95.30
129+04459,2020-11-30 01:30:00,68.79,90.00
129+04459,2020-11-30 01:40:00,68.00,90.00
129+04459,2020-11-30 01:50:00,68.00,90.00
129+04459,2020-11-30 02:00:00,,
129+04459,2020-11-30 02:10:00,,
129+04459,2020-11-30 02:20:00,61.97,90.00
129+04459,2020-11-30 02:30:00,61.69,98.00
129+04459,2020-11-30 02:40:00,63.00,100.00
129+04459,2020-11-30 02:50:00,63.69,94.90
129+04459,2020-11-30 03:00:00,63.10,90.00
129+04459,2020-11-30 03:10:00,69.26,98.40
129+04459,2020-11-30 03:20:00,71.00,90.90
129+04459,2020-11-30 03:30:00,69.86,91.10
129+04459,2020-11-30 03:40:00,62.97,98.30
129+04459,2020-11-30 03:50:00,68.03,100.00
129+04459,2020-11-30 04:00:00,70.50,100.00
129+04459,2020-11-30 04:10:00,70.30,100.00
129+04459,2020-11-30 04:20:00,70.50,99.20
129+04459,2020-11-30 04:30:00,68.69,100.00
129+04459,2020-11-30 04:40:00,69.49,100.00
129+04459,2020-11-30 04:50:00,70.47,100.00
129+04459,2020-11-30 05:00:00,71.79,100.00
129+04459,2020-11-30 05:10:00,72.30,100.00
129+04459,2020-11-30 05:20:00,72.86,100.00
129+04459,2020-11-30 05:30:00,74.59,100.00
129+04459,2020-11-30 05:40:00,71.26,100.00
129+04459,2020-11-30 05:50:00,68.99,100.00
129+04459,2020-11-30 06:00:00,70.30,100.00
129+04459,2020-11-30 06:10:00,73.23,100.00
129+04459,2020-11-30 06:20:00,70.90,100.00
129+04459,2020-11-30 06:30:00,71.30,100.00
129+04459,2020-11-30 06:40:00,69.48,100.00
129+04459,2020-11-30 06:50:00,70.78,100.00
129+04459,2020-11-30 07:00:00,68.79,100.00
129+04459,2020-11-30 07:10:00,69.39,100.00
129+04459,2020-11-30 07:20:00,66.87,100.00
129+04459,2020-11-30 07:30:00,68.49,100.00
129+04459,2020-11-30 07:40:00,70.89,100.00
129+04459,2020-11-30 07:50:00,70.39,100.00
129+04459,2020-11-30 08:00:00,67.48,100.00
129+04459,2020-11-30 08:10:00,69.59,100.00
129+04459,2020-11-30 08:20:00,69.29,100.00
129+04459,2020-11-30 08:30:00,72.79,100.00
129+04459,2020-11-30 08:40:00,72.87,100.00
129+04459,2020-11-30 08:50:00,69.89,100.00
129+04459,2020-11-30 09:00:00,71.48,100.00
129+04459,2020-11-30 09:10:00,68.79,100.00
129+04459,2020-11-30 09:20:00,69.99,100.00
129+04459,2020-11-30 09:30:00,69.59,100.00
129+04459,2020-11-30 09:40:00,70.09,100.00
129+04459,2020-11-30 09:50:00,71.10,100.00
129+04459,2020-11-30 10:00:00,70.18,100.00
129+04459,2020-11-30 10:10:00,68.00,100.00
129+04459,2020-11-30 10:20:00,68.40,100.00
129+04459,2020-11-30 10:30:00,68.50,100.00
129+04459,2020-11-30 10:40:00,68.68,100.00
129+04459,2020-11-30 10:50:00,71.98,100.00
129+04459,2020-11-30 11:00:00,68.49,100.00
129+04459,2020-11-30 11:10:00,66.59,100.00
129+04459,2020-11-30 11:20:00,66.49,100.00
129+04459,2020-11-30 11:30:00,67.96,100.00
129+04459,2020-11-30 11:40:00,69.49,100.00
129+04459,2020-11-30 11:50:00,69.69,100.00
129+04459,2020-11-30 12:00:00,73.09,100.00
129+04459,2020-11-30 12:10:00,69.72,100.00
129+04459,2020-11-30 12:20:00,68.70,100.00
129+04459,2020-11-30 12:30:00,68.89,100.00
129+04459,2020-11-30 12:40:00,68.59,100.00
129+04459,2020-11-30 12:50:00,69.80,100.00
129+04459,2020-11-30 13:00:00,69.07,100.00
129+04459,2020-11-30 13:10:00,65.45,100.00
129+04459,2020-11-30 13:20:00,69.17,100.00
129+04459,2020-11-30 13:30:00,69.00,100.00
129+04459,2020-11-30 13:40:00,68.79,100.00
129+04459,2020-11-30 13:50:00,70.64,100.00
129+04459,2020-11-30 14:00:00,68.23,100.00
129+04459,2020-11-30 14:10:00,67.28,100.00
129+04459,2020-11-30 14:20:00,65.80,100.00
129+04459,2020-11-30 14:30:00,65.45,100.00
129+04459,2020-11-30 14:40:00,71.37,100.00
129+04459,2020-11-30 14:50:00,70.79,100.00
129+04459,2020-11-30 15:00:00,69.46,100.00
129+04459,2020-11-30 15:10:00,68.20,100.00
129+04459,2020-11-30 15:20:00,64.34,100.00
129+04459,2020-11-30 15:30:00,64.69,100.00
129+04459,2020-11-30 15:40:00,67.76,100.00
129+04459,2020-11-30 15:50:00,67.49,100.00
129+04459,2020-11-30 16:00:00,69.19,100.00
129+04459,2020-11-30 16:10:00,70.49,100.00
129+04459,2020-11-30 16:20:00,67.29,100.00
129+04459,2020-11-30 16:30:00,68.19,100.00
129+04459,2020-11-30 16:40:00,65.30,100.00
129+04459,2020-11-30 16:50:00,64.18,100.00
129+04459,2020-11-30 17:00:00,66.69,100.00
129+04459,2020-11-30 17:10:00,60.86,99.20
129+04459,2020-11-30 17:20:00,66.33,99.60
129+04459,2020-11-30 17:30:00,63.68,99.60
129+04459,2020-11-30 17:40:00,57.10,91.10
129+04459,2020-11-30 17:50:00,61.09,95.00
129+04459,2020-11-30 18:00:00,65.08,100.00
129+04459,2020-11-30 18:10:00,64.18,100.00
129+04459,2020-11-30 18:20:00,62.98,100.00
129+04459,2020-11-30 18:30:00,62.18,100.00
129+04459,2020-11-30 18:40:00,62.30,100.00
129+04459,2020-11-30 18:50:00,58.82,96.60
129+04459,2020-11-30 19:00:00,54.91,94.00
129+04459,2020-11-30 19:10:00,65.16,99.70
129+04459,2020-11-30 19:20:00,69.87,100.00
129+04459,2020-11-30 19:30:00,65.64,100.00
129+04459,2020-11-30 19:40:00,63.40,100.00
129+04459,2020-11-30 19:50:00,62.50,100.00
129+04459,2020-11-30 20:00:00,62.50,100.00
129+04459,2020-11-30 20:10:00,60.07,98.20
129+04459,2020-11-30 20:20:00,57.50,97.60
129+04459,2020-11-30 20:30:00,56.70,98.50
129+04459,2020-11-30 20:40:00,63.17,99.20
129+04459,2020-11-30 20:50:00,67.69,100.00
129+04459,2020-11-30 21:00:00,68.58,99.60
129+04459,2020-11-30 21:10:00,67.50,96.00
129+04459,2020-11-30 21:20:00,66.65,95.00
129+04459,2020-11-30 21:30:00,67.69,100.00
129+04459,2020-11-30 21:40:00,70.19,100.00
129+04459,2020-11-30 21:50:00,70.00,100.00
129+04459,2020-11-30 22:00:00,69.99,100.00
129+04459,2020-11-30 22:10:00,68.28,100.00
129+04459,2020-11-30 22:20:00,66.47,100.00
129+04459,2020-11-30 22:30:00,68.49,100.00
129+04459,2020-11-30 22:40:00,68.00,100.00
129+04459,2020-11-30 22:50:00,67.19,93.30
129+04459,2020-11-30 23:00:00,66.10,99.70
129+04459,2020-11-30 23:10:00,66.50,100.00
129+04459,2020-11-30 23:20:00,66.48,100.00
129+04459,2020-11-30 23:30:00,63.99,100.00
129+04459,2020-11-30 23:40:00,63.59,93.50
129+04459,2020-11-30 23:50:00,65.10,91.60
