tmc,tstamp,speed,cvalue
129-04447,2020-06-17 00:00:00,68.17,88.10
129-04447,2020-06-17 00:10:00,76.87,51.00
129-04447,2020-06-17 00:20:00,70.60,67.20
129-04447,2020-06-17 00:30:00,73.43,89.30
129-04447,2020-06-17 00:40:00,62.98,53.90
129-04447,2020-06-17 00:50:00,55.00,17.00
129-04447,2020-06-17 01:00:00,71.00,89.00
129-04447,2020-06-17 01:10:00,70.68,89.30
129-04447,2020-06-17 01:20:00,64.97,95.71
129-04447,2020-06-17 01:30:00,66.57,98.43
129-04447,2020-06-17 01:40:00,65.75,94.63
129-04447,2020-06-17 01:50:00,63.00,68.43
129-04447,2020-06-17 02:00:00,66.14,85.60
129-04447,2020-06-17 02:10:00,69.59,72.33
129-04447,2020-06-17 02:20:00,70.98,66.00
129-04447,2020-06-17 02:30:00,69.21,83.40
129-04447,2020-06-17 02:40:00,67.19,91.40
129-04447,2020-06-17 02:50:00,65.14,79.86
129-04447,2020-06-17 03:00:00,69.00,98.80
129-04447,2020-06-17 03:10:00,68.61,97.13
129-04447,2020-06-17 03:20:00,67.29,98.50
129-04447,2020-06-17 03:30:00,76.89,25.90
129-04447,2020-06-17 03:40:00,70.08,95.70
129-04447,2020-06-17 03:50:00,70.00,97.90
129-04447,2020-06-17 04:00:00,63.94,62.11
129-04447,2020-06-17 04:10:00,71.00,96.50
129-04447,2020-06-17 04:20:00,64.50,68.00
129-04447,2020-06-17 04:30:00,66.48,94.00
129-04447,2020-06-17 04:40:00,63.79,74.80
129-04447,2020-06-17 04:50:00,73.15,49.90
129-04447,2020-06-17 05:00:00,65.33,83.20
129-04447,2020-06-17 05:10:00,70.14,66.80
129-04447,2020-06-17 05:20:00,67.43,79.30
129-04447,2020-06-17 05:30:00,75.39,54.40
129-04447,2020-06-17 05:40:00,72.72,80.30
129-04447,2020-06-17 05:50:00,69.38,91.40
129-04447,2020-06-17 06:00:00,76.05,69.10
129-04447,2020-06-17 06:10:00,74.73,78.40
129-04447,2020-06-17 06:20:00,71.20,100.00
129-04447,2020-06-17 06:30:00,71.66,95.50
129-04447,2020-06-17 06:40:00,68.73,100.00
129-04447,2020-06-17 06:50:00,72.98,100.00
129-04447,2020-06-17 07:00:00,70.89,100.00
129-04447,2020-06-17 07:10:00,72.08,99.40
129-04447,2020-06-17 07:20:00,71.97,99.60
129-04447,2020-06-17 07:30:00,70.27,100.00
129-04447,2020-06-17 07:40:00,71.48,100.00
129-04447,2020-06-17 07:50:00,70.03,100.00
129-04447,2020-06-17 08:00:00,69.86,99.40
129-04447,2020-06-17 08:10:00,72.67,96.00
129-04447,2020-06-17 08:20:00,69.24,99.80
129-04447,2020-06-17 08:30:00,67.60,100.00
129-04447,2020-06-17 08:40:00,69.97,97.70
129-04447,2020-06-17 08:50:00,68.83,96.30
129-04447,2020-06-17 09:00:00,64.59,100.00
129-04447,2020-06-17 09:10:00,66.06,100.00
129-04447,2020-06-17 09:20:00,67.79,100.00
129-04447,2020-06-17 09:30:00,67.79,100.00
129-04447,2020-06-17 09:40:00,68.97,100.00
129-04447,2020-06-17 09:50:00,72.96,96.60
129-04447,2020-06-17 10:00:00,71.39,100.00
129-04447,2020-06-17 10:10:00,68.09,100.00
129-04447,2020-06-17 10:20:00,69.58,100.00
129-04447,2020-06-17 10:30:00,71.39,100.00
129-04447,2020-06-17 10:40:00,71.07,100.00
129-04447,2020-06-17 10:50:00,70.69,100.00
129-04447,2020-06-17 11:00:00,71.19,97.40
129-04447,2020-06-17 11:10:00,72.47,100.00
129-04447,2020-06-17 11:20:00,67.49,100.00
129-04447,2020-06-17 11:30:00,68.97,100.00
129-04447,2020-06-17 11:40:00,68.78,100.00
129-04447,2020-06-17 11:50:00,72.54,100.00
129-04447,2020-06-17 12:00:00,69.85,100.00
129-04447,2020-06-17 12:10:00,69.97,100.00
129-04447,2020-06-17 12:20:00,46.10,100.00
129-04447,2020-06-17 12:30:00,33.68,100.00
129-04447,2020-06-17 12:40:00,62.35,100.00
129-04447,2020-06-17 12:50:00,68.67,100.00
129-04447,2020-06-17 13:00:00,70.49,100.00
129-04447,2020-06-17 13:10:00,71.29,100.00
129-04447,2020-06-17 13:20:00,70.48,100.00
129-04447,2020-06-17 13:30:00,73.54,94.80
129-04447,2020-06-17 13:40:00,68.88,100.00
129-04447,2020-06-17 13:50:00,60.78,100.00
129-04447,2020-06-17 14:00:00,31.05,100.00
129-04447,2020-06-17 14:10:00,28.53,100.00
129-04447,2020-06-17 14:20:00,36.43,100.00
129-04447,2020-06-17 14:30:00,54.14,100.00
129-04447,2020-06-17 14:40:00,70.50,100.00
129-04447,2020-06-17 14:50:00,71.79,100.00
129-04447,2020-06-17 15:00:00,64.18,100.00
129-04447,2020-06-17 15:10:00,66.65,100.00
129-04447,2020-06-17 15:20:00,68.10,100.00
129-04447,2020-06-17 15:30:00,69.57,100.00
129-04447,2020-06-17 15:40:00,68.99,100.00
129-04447,2020-06-17 15:50:00,67.61,100.00
129-04447,2020-06-17 16:00:00,66.48,100.00
129-04447,2020-06-17 16:10:00,66.90,100.00
129-04447,2020-06-17 16:20:00,66.49,100.00
129-04447,2020-06-17 16:30:00,65.90,100.00
129-04447,2020-06-17 16:40:00,66.59,100.00
129-04447,2020-06-17 16:50:00,68.89,100.00
129-04447,2020-06-17 17:00:00,69.68,100.00
129-04447,2020-06-17 17:10:00,69.58,100.00
129-04447,2020-06-17 17:20:00,70.18,100.00
129-04447,2020-06-17 17:30:00,67.69,100.00
129-04447,2020-06-17 17:40:00,69.28,100.00
129-04447,2020-06-17 17:50:00,70.99,100.00
129-04447,2020-06-17 18:00:00,70.67,100.00
129-04447,2020-06-17 18:10:00,70.29,100.00
129-04447,2020-06-17 18:20:00,74.29,100.00
129-04447,2020-06-17 18:30:00,73.98,100.00
129-04447,2020-06-17 18:40:00,73.78,100.00
129-04447,2020-06-17 18:50:00,70.89,100.00
129-04447,2020-06-17 19:00:00,74.91,100.00
129-04447,2020-06-17 19:10:00,71.86,100.00
129-04447,2020-06-17 19:20:00,74.57,100.00
129-04447,2020-06-17 19:30:00,74.55,100.00
129-04447,2020-06-17 19:40:00,72.07,100.00
129-04447,2020-06-17 19:50:00,73.45,98.60
129-04447,2020-06-17 20:00:00,73.66,100.00
129-04447,2020-06-17 20:10:00,70.56,100.00
129-04447,2020-06-17 20:20:00,69.66,100.00
129-04447,2020-06-17 20:30:00,72.67,97.50
129-04447,2020-06-17 20:40:00,70.76,81.10
129-04447,2020-06-17 20:50:00,71.17,95.30
129-04447,2020-06-17 21:00:00,70.58,99.80
129-04447,2020-06-17 21:10:00,69.34,100.00
129-04447,2020-06-17 21:20:00,69.34,99.60
129-04447,2020-06-17 21:30:00,70.70,100.00
129-04447,2020-06-17 21:40:00,72.74,85.60
129-04447,2020-06-17 21:50:00,74.97,77.60
129-04447,2020-06-17 22:00:00,75.15,86.70
129-04447,2020-06-17 22:10:00,72.15,96.60
129-04447,2020-06-17 22:20:00,72.99,92.00
129-04447,2020-06-17 22:30:00,79.05,65.80
129-04447,2020-06-17 22:40:00,74.98,97.30
129-04447,2020-06-17 22:50:00,71.49,100.00
129-04447,2020-06-17 23:00:00,70.00,73.30
129-04447,2020-06-17 23:10:00,71.29,83.90
129-04447,2020-06-17 23:20:00,74.46,79.80
129-04447,2020-06-17 23:30:00,75.80,57.90
129-04447,2020-06-17 23:40:00,72.75,88.90
129-04447,2020-06-17 23:50:00,67.69,39.50
129-04448,2020-06-17 00:00:00,67.39,83.40
129-04448,2020-06-17 00:10:00,66.57,75.50
129-04448,2020-06-17 00:20:00,69.96,73.70
129-04448,2020-06-17 00:30:00,71.59,84.20
129-04448,2020-06-17 00:40:00,61.30,38.20
129-04448,2020-06-17 00:50:00,58.13,30.71
129-04448,2020-06-17 01:00:00,67.90,97.10
129-04448,2020-06-17 01:10:00,67.13,95.71
129-04448,2020-06-17 01:20:00,65.00,98.50
129-04448,2020-06-17 01:30:00,68.00,88.38
129-04448,2020-06-17 01:40:00,67.60,98.80
129-04448,2020-06-17 01:50:00,68.87,87.00
129-04448,2020-06-17 02:00:00,67.79,98.00
129-04448,2020-06-17 02:10:00,70.11,79.17
129-04448,2020-06-17 02:20:00,72.20,77.60
129-04448,2020-06-17 02:30:00,68.74,84.50
129-04448,2020-06-17 02:40:00,67.10,86.40
129-04448,2020-06-17 02:50:00,66.80,86.40
129-04448,2020-06-17 03:00:00,65.49,75.63
129-04448,2020-06-17 03:10:00,65.49,90.17
129-04448,2020-06-17 03:20:00,65.42,68.40
129-04448,2020-06-17 03:30:00,77.99,12.60
129-04448,2020-06-17 03:40:00,62.69,64.20
129-04448,2020-06-17 03:50:00,67.88,98.10
129-04448,2020-06-17 04:00:00,68.18,68.00
129-04448,2020-06-17 04:10:00,75.00,74.33
129-04448,2020-06-17 04:20:00,67.71,76.00
129-04448,2020-06-17 04:30:00,67.25,91.80
129-04448,2020-06-17 04:40:00,64.33,46.10
129-04448,2020-06-17 04:50:00,73.46,70.20
129-04448,2020-06-17 05:00:00,76.61,51.30
129-04448,2020-06-17 05:10:00,70.91,89.90
129-04448,2020-06-17 05:20:00,68.43,78.80
129-04448,2020-06-17 05:30:00,76.46,78.20
129-04448,2020-06-17 05:40:00,73.87,72.70
129-04448,2020-06-17 05:50:00,70.35,83.80
129-04448,2020-06-17 06:00:00,74.22,86.90
129-04448,2020-06-17 06:10:00,72.13,90.00
129-04448,2020-06-17 06:20:00,72.87,100.00
129-04448,2020-06-17 06:30:00,72.93,90.80
129-04448,2020-06-17 06:40:00,68.15,99.60
129-04448,2020-06-17 06:50:00,70.67,100.00
129-04448,2020-06-17 07:00:00,70.79,100.00
129-04448,2020-06-17 07:10:00,70.20,100.00
129-04448,2020-06-17 07:20:00,70.00,100.00
129-04448,2020-06-17 07:30:00,72.29,100.00
129-04448,2020-06-17 07:40:00,71.83,98.60
129-04448,2020-06-17 07:50:00,70.49,100.00
129-04448,2020-06-17 08:00:00,72.67,96.40
129-04448,2020-06-17 08:10:00,73.59,100.00
129-04448,2020-06-17 08:20:00,66.75,100.00
129-04448,2020-06-17 08:30:00,66.10,100.00
129-04448,2020-06-17 08:40:00,63.79,100.00
129-04448,2020-06-17 08:50:00,63.88,100.00
129-04448,2020-06-17 09:00:00,67.69,100.00
129-04448,2020-06-17 09:10:00,67.08,100.00
129-04448,2020-06-17 09:20:00,65.70,100.00
129-04448,2020-06-17 09:30:00,68.18,100.00
129-04448,2020-06-17 09:40:00,69.98,98.80
129-04448,2020-06-17 09:50:00,69.19,100.00
129-04448,2020-06-17 10:00:00,69.19,100.00
129-04448,2020-06-17 10:10:00,67.76,100.00
129-04448,2020-06-17 10:20:00,68.25,100.00
129-04448,2020-06-17 10:30:00,69.79,100.00
129-04448,2020-06-17 10:40:00,70.28,100.00
129-04448,2020-06-17 10:50:00,69.99,100.00
129-04448,2020-06-17 11:00:00,70.60,98.00
129-04448,2020-06-17 11:10:00,72.09,95.90
129-04448,2020-06-17 11:20:00,68.49,100.00
129-04448,2020-06-17 11:30:00,68.00,100.00
129-04448,2020-06-17 11:40:00,67.99,100.00
129-04448,2020-06-17 11:50:00,69.00,100.00
129-04448,2020-06-17 12:00:00,59.49,100.00
129-04448,2020-06-17 12:10:00,42.53,100.00
129-04448,2020-06-17 12:20:00,35.54,100.00
129-04448,2020-06-17 12:30:00,63.87,100.00
129-04448,2020-06-17 12:40:00,71.59,100.00
129-04448,2020-06-17 12:50:00,70.19,100.00
129-04448,2020-06-17 13:00:00,70.69,100.00
129-04448,2020-06-17 13:10:00,68.47,100.00
129-04448,2020-06-17 13:20:00,69.96,100.00
129-04448,2020-06-17 13:30:00,66.14,97.30
129-04448,2020-06-17 13:40:00,34.45,100.00
129-04448,2020-06-17 13:50:00,26.66,100.00
129-04448,2020-06-17 14:00:00,38.65,100.00
129-04448,2020-06-17 14:10:00,61.09,100.00
129-04448,2020-06-17 14:20:00,68.35,100.00
129-04448,2020-06-17 14:30:00,68.69,100.00
129-04448,2020-06-17 14:40:00,66.98,100.00
129-04448,2020-06-17 14:50:00,68.04,100.00
129-04448,2020-06-17 15:00:00,56.10,100.00
129-04448,2020-06-17 15:10:00,36.47,100.00
129-04448,2020-06-17 15:20:00,53.02,100.00
129-04448,2020-06-17 15:30:00,41.12,100.00
129-04448,2020-06-17 15:40:00,32.27,100.00
129-04448,2020-06-17 15:50:00,41.67,100.00
129-04448,2020-06-17 16:00:00,42.14,100.00
129-04448,2020-06-17 16:10:00,49.90,100.00
129-04448,2020-06-17 16:20:00,55.33,100.00
129-04448,2020-06-17 16:30:00,62.18,100.00
129-04448,2020-06-17 16:40:00,65.19,100.00
129-04448,2020-06-17 16:50:00,66.69,100.00
129-04448,2020-06-17 17:00:00,67.18,100.00
129-04448,2020-06-17 17:10:00,66.28,100.00
129-04448,2020-06-17 17:20:00,66.69,100.00
129-04448,2020-06-17 17:30:00,65.40,100.00
129-04448,2020-06-17 17:40:00,68.79,100.00
129-04448,2020-06-17 17:50:00,70.47,100.00
129-04448,2020-06-17 18:00:00,68.57,100.00
129-04448,2020-06-17 18:10:00,69.09,100.00
129-04448,2020-06-17 18:20:00,70.09,100.00
129-04448,2020-06-17 18:30:00,70.69,100.00
129-04448,2020-06-17 18:40:00,72.84,100.00
129-04448,2020-06-17 18:50:00,71.10,100.00
129-04448,2020-06-17 19:00:00,70.53,100.00
129-04448,2020-06-17 19:10:00,69.44,100.00
129-04448,2020-06-17 19:20:00,73.59,100.00
129-04448,2020-06-17 19:30:00,73.28,100.00
129-04448,2020-06-17 19:40:00,70.79,100.00
129-04448,2020-06-17 19:50:00,71.47,99.30
129-04448,2020-06-17 20:00:00,72.05,100.00
129-04448,2020-06-17 20:10:00,69.09,100.00
129-04448,2020-06-17 20:20:00,70.18,100.00
129-04448,2020-06-17 20:30:00,70.89,99.70
129-04448,2020-06-17 20:40:00,66.97,99.70
129-04448,2020-06-17 20:50:00,69.65,98.30
129-04448,2020-06-17 21:00:00,70.04,100.00
129-04448,2020-06-17 21:10:00,70.13,98.10
129-04448,2020-06-17 21:20:00,69.48,97.70
129-04448,2020-06-17 21:30:00,69.48,98.20
129-04448,2020-06-17 21:40:00,69.98,87.30
129-04448,2020-06-17 21:50:00,74.59,68.00
129-04448,2020-06-17 22:00:00,75.39,78.40
129-04448,2020-06-17 22:10:00,72.35,89.30
129-04448,2020-06-17 22:20:00,72.66,84.30
129-04448,2020-06-17 22:30:00,75.18,84.30
129-04448,2020-06-17 22:40:00,74.06,98.50
129-04448,2020-06-17 22:50:00,68.98,100.00
129-04448,2020-06-17 23:00:00,68.00,74.20
129-04448,2020-06-17 23:10:00,68.91,71.70
129-04448,2020-06-17 23:20:00,71.59,78.40
129-04448,2020-06-17 23:30:00,78.83,30.50
129-04448,2020-06-17 23:40:00,72.97,81.30
129-04448,2020-06-17 23:50:00,67.03,52.20
129-04445,2020-06-17 00:00:00,72.90,95.30
129-04445,2020-06-17 00:10:00,71.99,89.40
129-04445,2020-06-17 00:20:00,70.01,74.10
129-04445,2020-06-17 00:30:00,72.07,79.40
129-04445,2020-06-17 00:40:00,68.39,78.50
129-04445,2020-06-17 00:50:00,66.33,66.67
129-04445,2020-06-17 01:00:00,68.00,92.67
129-04445,2020-06-17 01:10:00,68.00,96.00
129-04445,2020-06-17 01:20:00,68.00,98.88
129-04445,2020-06-17 01:30:00,69.48,91.40
129-04445,2020-06-17 01:40:00,68.00,98.80
129-04445,2020-06-17 01:50:00,68.00,99.00
129-04445,2020-06-17 02:00:00,,
129-04445,2020-06-17 02:10:00,69.78,97.44
129-04445,2020-06-17 02:20:00,71.66,82.00
129-04445,2020-06-17 02:30:00,69.29,96.80
129-04445,2020-06-17 02:40:00,67.12,82.13
129-04445,2020-06-17 02:50:00,67.60,97.50
129-04445,2020-06-17 03:00:00,67.00,95.14
129-04445,2020-06-17 03:10:00,66.00,89.00
129-04445,2020-06-17 03:20:00,66.28,96.00
129-04445,2020-06-17 03:30:00,68.80,74.70
129-04445,2020-06-17 03:40:00,78.40,12.00
129-04445,2020-06-17 03:50:00,,
129-04445,2020-06-17 04:00:00,73.00,96.11
129-04445,2020-06-17 04:10:00,71.00,98.00
129-04445,2020-06-17 04:20:00,67.39,49.20
129-04445,2020-06-17 04:30:00,66.19,61.30
129-04445,2020-06-17 04:40:00,67.39,94.70
129-04445,2020-06-17 04:50:00,75.75,35.00
129-04445,2020-06-17 05:00:00,68.31,88.20
129-04445,2020-06-17 05:10:00,67.55,87.40
129-04445,2020-06-17 05:20:00,69.89,95.80
129-04445,2020-06-17 05:30:00,72.79,76.10
129-04445,2020-06-17 05:40:00,77.90,37.30
129-04445,2020-06-17 05:50:00,73.00,86.30
129-04445,2020-06-17 06:00:00,73.47,90.90
129-04445,2020-06-17 06:10:00,73.50,89.10
129-04445,2020-06-17 06:20:00,69.69,98.40
129-04445,2020-06-17 06:30:00,68.60,100.00
129-04445,2020-06-17 06:40:00,69.47,99.10
129-04445,2020-06-17 06:50:00,73.17,97.90
129-04445,2020-06-17 07:00:00,72.68,100.00
129-04445,2020-06-17 07:10:00,71.99,98.90
129-04445,2020-06-17 07:20:00,70.09,100.00
129-04445,2020-06-17 07:30:00,73.47,99.80
129-04445,2020-06-17 07:40:00,73.83,100.00
129-04445,2020-06-17 07:50:00,75.61,96.80
129-04445,2020-06-17 08:00:00,68.65,100.00
129-04445,2020-06-17 08:10:00,74.28,100.00
129-04445,2020-06-17 08:20:00,71.98,100.00
129-04445,2020-06-17 08:30:00,70.99,100.00
129-04445,2020-06-17 08:40:00,72.36,100.00
129-04445,2020-06-17 08:50:00,71.69,100.00
129-04445,2020-06-17 09:00:00,70.69,100.00
129-04445,2020-06-17 09:10:00,70.08,99.90
129-04445,2020-06-17 09:20:00,69.58,100.00
129-04445,2020-06-17 09:30:00,68.19,100.00
129-04445,2020-06-17 09:40:00,70.59,100.00
129-04445,2020-06-17 09:50:00,66.62,92.10
129-04445,2020-06-17 10:00:00,65.98,100.00
129-04445,2020-06-17 10:10:00,67.80,100.00
129-04445,2020-06-17 10:20:00,69.66,100.00
129-04445,2020-06-17 10:30:00,70.24,96.90
129-04445,2020-06-17 10:40:00,74.27,60.60
129-04445,2020-06-17 10:50:00,70.30,100.00
129-04445,2020-06-17 11:00:00,69.99,100.00
129-04445,2020-06-17 11:10:00,70.98,100.00
129-04445,2020-06-17 11:20:00,70.79,99.90
129-04445,2020-06-17 11:30:00,68.23,100.00
129-04445,2020-06-17 11:40:00,68.78,100.00
129-04445,2020-06-17 11:50:00,71.19,100.00
129-04445,2020-06-17 12:00:00,69.98,100.00
129-04445,2020-06-17 12:10:00,69.19,100.00
129-04445,2020-06-17 12:20:00,71.09,100.00
129-04445,2020-06-17 12:30:00,69.28,100.00
129-04445,2020-06-17 12:40:00,71.79,100.00
129-04445,2020-06-17 12:50:00,70.99,100.00
129-04445,2020-06-17 13:00:00,70.38,100.00
129-04445,2020-06-17 13:10:00,70.29,100.00
129-04445,2020-06-17 13:20:00,71.48,99.70
129-04445,2020-06-17 13:30:00,64.77,100.00
129-04445,2020-06-17 13:40:00,37.76,99.20
129-04445,2020-06-17 13:50:00,22.03,100.00
129-04445,2020-06-17 14:00:00,23.38,100.00
129-04445,2020-06-17 14:10:00,33.03,100.00
129-04445,2020-06-17 14:20:00,67.67,100.00
129-04445,2020-06-17 14:30:00,67.39,100.00
129-04445,2020-06-17 14:40:00,67.29,100.00
129-04445,2020-06-17 14:50:00,70.50,100.00
129-04445,2020-06-17 15:00:00,70.79,100.00
129-04445,2020-06-17 15:10:00,64.54,100.00
129-04445,2020-06-17 15:20:00,59.34,100.00
129-04445,2020-06-17 15:30:00,69.13,100.00
129-04445,2020-06-17 15:40:00,71.18,100.00
129-04445,2020-06-17 15:50:00,68.98,100.00
129-04445,2020-06-17 16:00:00,68.89,100.00
129-04445,2020-06-17 16:10:00,67.49,100.00
129-04445,2020-06-17 16:20:00,66.00,100.00
129-04445,2020-06-17 16:30:00,66.10,100.00
129-04445,2020-06-17 16:40:00,65.08,100.00
129-04445,2020-06-17 16:50:00,66.33,100.00
129-04445,2020-06-17 17:00:00,70.49,100.00
129-04445,2020-06-17 17:10:00,68.29,100.00
129-04445,2020-06-17 17:20:00,69.89,100.00
129-04445,2020-06-17 17:30:00,70.49,100.00
129-04445,2020-06-17 17:40:00,72.96,100.00
129-04445,2020-06-17 17:50:00,70.86,100.00
129-04445,2020-06-17 18:00:00,70.49,100.00
129-04445,2020-06-17 18:10:00,70.90,100.00
129-04445,2020-06-17 18:20:00,71.99,100.00
129-04445,2020-06-17 18:30:00,75.59,100.00
129-04445,2020-06-17 18:40:00,75.40,100.00
129-04445,2020-06-17 18:50:00,72.73,100.00
129-04445,2020-06-17 19:00:00,74.02,100.00
129-04445,2020-06-17 19:10:00,73.29,94.40
129-04445,2020-06-17 19:20:00,72.07,100.00
129-04445,2020-06-17 19:30:00,73.48,100.00
129-04445,2020-06-17 19:40:00,72.17,100.00
129-04445,2020-06-17 19:50:00,74.39,100.00
129-04445,2020-06-17 20:00:00,75.90,100.00
129-04445,2020-06-17 20:10:00,75.49,100.00
129-04445,2020-06-17 20:20:00,70.68,100.00
129-04445,2020-06-17 20:30:00,71.18,100.00
129-04445,2020-06-17 20:40:00,70.47,100.00
129-04445,2020-06-17 20:50:00,70.77,100.00
129-04445,2020-06-17 21:00:00,70.96,99.20
129-04445,2020-06-17 21:10:00,67.29,100.00
129-04445,2020-06-17 21:20:00,67.29,100.00
129-04445,2020-06-17 21:30:00,70.68,100.00
129-04445,2020-06-17 21:40:00,70.84,87.90
129-04445,2020-06-17 21:50:00,76.18,44.40
129-04445,2020-06-17 22:00:00,73.39,62.90
129-04445,2020-06-17 22:10:00,74.36,86.00
129-04445,2020-06-17 22:20:00,69.45,99.10
129-04445,2020-06-17 22:30:00,76.78,73.10
129-04445,2020-06-17 22:40:00,75.55,93.10
129-04445,2020-06-17 22:50:00,71.68,99.80
129-04445,2020-06-17 23:00:00,70.50,85.10
129-04445,2020-06-17 23:10:00,70.49,81.80
129-04445,2020-06-17 23:20:00,69.79,84.90
129-04445,2020-06-17 23:30:00,63.41,41.70
129-04445,2020-06-17 23:40:00,76.49,48.90
129-04445,2020-06-17 23:50:00,74.08,70.60
129-04467,2020-06-17 00:00:00,68.30,88.50
129-04467,2020-06-17 00:10:00,58.12,38.60
129-04467,2020-06-17 00:20:00,55.00,24.83
129-04467,2020-06-17 00:30:00,61.82,91.00
129-04467,2020-06-17 00:40:00,63.00,99.00
129-04467,2020-06-17 00:50:00,,
129-04467,2020-06-17 01:00:00,54.00,
129-04467,2020-06-17 01:10:00,58.99,93.80
129-04467,2020-06-17 01:20:00,65.00,99.00
129-04467,2020-06-17 01:30:00,63.00,99.00
129-04467,2020-06-17 01:40:00,63.00,99.50
129-04467,2020-06-17 01:50:00,,
129-04467,2020-06-17 02:00:00,59.41,
129-04467,2020-06-17 02:10:00,62.00,
129-04467,2020-06-17 02:20:00,62.60,99.00
129-04467,2020-06-17 02:30:00,63.00,100.00
129-04467,2020-06-17 02:40:00,64.97,87.38
129-04467,2020-06-17 02:50:00,61.77,82.70
129-04467,2020-06-17 03:00:00,61.00,86.17
129-04467,2020-06-17 03:10:00,63.00,100.00
129-04467,2020-06-17 03:20:00,59.89,82.40
129-04467,2020-06-17 03:30:00,53.93,54.30
129-04467,2020-06-17 03:40:00,62.84,75.30
129-04467,2020-06-17 03:50:00,62.28,71.30
129-04467,2020-06-17 04:00:00,55.13,41.70
129-04467,2020-06-17 04:10:00,66.00,59.88
129-04467,2020-06-17 04:20:00,66.00,79.33
129-04467,2020-06-17 04:30:00,66.00,85.50
129-04467,2020-06-17 04:40:00,64.51,94.78
129-04467,2020-06-17 04:50:00,65.55,94.50
129-04467,2020-06-17 05:00:00,59.70,56.80
129-04467,2020-06-17 05:10:00,68.89,60.60
129-04467,2020-06-17 05:20:00,70.61,53.70
129-04467,2020-06-17 05:30:00,66.00,99.90
129-04467,2020-06-17 05:40:00,66.87,94.20
129-04467,2020-06-17 05:50:00,69.01,83.80
129-04467,2020-06-17 06:00:00,71.43,85.00
129-04467,2020-06-17 06:10:00,68.19,99.10
129-04467,2020-06-17 06:20:00,66.82,99.70
129-04467,2020-06-17 06:30:00,66.42,100.00
129-04467,2020-06-17 06:40:00,68.46,98.80
129-04467,2020-06-17 06:50:00,67.56,100.00
129-04467,2020-06-17 07:00:00,69.68,98.40
129-04467,2020-06-17 07:10:00,67.68,98.90
129-04467,2020-06-17 07:20:00,67.69,100.00
129-04467,2020-06-17 07:30:00,62.78,99.50
129-04467,2020-06-17 07:40:00,61.49,100.00
129-04467,2020-06-17 07:50:00,51.55,100.00
129-04467,2020-06-17 08:00:00,61.29,100.00
129-04467,2020-06-17 08:10:00,61.60,100.00
129-04467,2020-06-17 08:20:00,61.55,100.00
129-04467,2020-06-17 08:30:00,63.17,100.00
129-04467,2020-06-17 08:40:00,62.67,100.00
129-04467,2020-06-17 08:50:00,62.96,100.00
129-04467,2020-06-17 09:00:00,60.15,100.00
129-04467,2020-06-17 09:10:00,58.44,78.80
129-04467,2020-06-17 09:20:00,59.86,100.00
129-04467,2020-06-17 09:30:00,60.58,100.00
129-04467,2020-06-17 09:40:00,61.25,100.00
129-04467,2020-06-17 09:50:00,60.78,100.00
129-04467,2020-06-17 10:00:00,59.68,100.00
129-04467,2020-06-17 10:10:00,63.05,100.00
129-04467,2020-06-17 10:20:00,63.99,100.00
129-04467,2020-06-17 10:30:00,63.49,100.00
129-04467,2020-06-17 10:40:00,62.50,100.00
129-04467,2020-06-17 10:50:00,62.78,100.00
129-04467,2020-06-17 11:00:00,64.47,100.00
129-04467,2020-06-17 11:10:00,66.46,86.40
129-04467,2020-06-17 11:20:00,63.17,100.00
129-04467,2020-06-17 11:30:00,64.76,100.00
129-04467,2020-06-17 11:40:00,62.77,100.00
129-04467,2020-06-17 11:50:00,63.28,100.00
129-04467,2020-06-17 12:00:00,64.88,100.00
129-04467,2020-06-17 12:10:00,63.88,99.50
129-04467,2020-06-17 12:20:00,62.06,100.00
129-04467,2020-06-17 12:30:00,60.68,100.00
129-04467,2020-06-17 12:40:00,63.09,100.00
129-04467,2020-06-17 12:50:00,64.35,100.00
129-04467,2020-06-17 13:00:00,63.77,100.00
129-04467,2020-06-17 13:10:00,63.00,100.00
129-04467,2020-06-17 13:20:00,63.93,100.00
129-04467,2020-06-17 13:30:00,65.91,96.80
129-04467,2020-06-17 13:40:00,66.79,100.00
129-04467,2020-06-17 13:50:00,62.28,100.00
129-04467,2020-06-17 14:00:00,61.79,100.00
129-04467,2020-06-17 14:10:00,65.23,95.40
129-04467,2020-06-17 14:20:00,62.76,100.00
129-04467,2020-06-17 14:30:00,64.91,83.30
129-04467,2020-06-17 14:40:00,64.47,100.00
129-04467,2020-06-17 14:50:00,65.53,100.00
129-04467,2020-06-17 15:00:00,64.56,100.00
129-04467,2020-06-17 15:10:00,62.90,100.00
129-04467,2020-06-17 15:20:00,64.00,89.10
129-04467,2020-06-17 15:30:00,65.06,92.70
129-04467,2020-06-17 15:40:00,63.49,100.00
129-04467,2020-06-17 15:50:00,62.49,100.00
129-04467,2020-06-17 16:00:00,64.58,100.00
129-04467,2020-06-17 16:10:00,62.57,100.00
129-04467,2020-06-17 16:20:00,65.80,100.00
129-04467,2020-06-17 16:30:00,62.77,100.00
129-04467,2020-06-17 16:40:00,63.36,100.00
129-04467,2020-06-17 16:50:00,63.95,100.00
129-04467,2020-06-17 17:00:00,60.79,100.00
129-04467,2020-06-17 17:10:00,61.69,100.00
129-04467,2020-06-17 17:20:00,62.66,100.00
129-04467,2020-06-17 17:30:00,62.78,100.00
129-04467,2020-06-17 17:40:00,61.68,100.00
129-04467,2020-06-17 17:50:00,65.08,100.00
129-04467,2020-06-17 18:00:00,62.94,100.00
129-04467,2020-06-17 18:10:00,66.08,100.00
129-04467,2020-06-17 18:20:00,67.92,100.00
129-04467,2020-06-17 18:30:00,68.18,93.40
129-04467,2020-06-17 18:40:00,67.33,88.60
129-04467,2020-06-17 18:50:00,67.64,88.20
129-04467,2020-06-17 19:00:00,69.73,77.60
129-04467,2020-06-17 19:10:00,68.10,91.30
129-04467,2020-06-17 19:20:00,65.07,100.00
129-04467,2020-06-17 19:30:00,65.83,94.60
129-04467,2020-06-17 19:40:00,70.32,78.10
129-04467,2020-06-17 19:50:00,68.95,100.00
129-04467,2020-06-17 20:00:00,62.47,100.00
129-04467,2020-06-17 20:10:00,65.69,100.00
129-04467,2020-06-17 20:20:00,62.27,92.60
129-04467,2020-06-17 20:30:00,60.62,94.40
129-04467,2020-06-17 20:40:00,68.48,92.30
129-04467,2020-06-17 20:50:00,65.84,63.50
129-04467,2020-06-17 21:00:00,62.36,75.40
129-04467,2020-06-17 21:10:00,63.84,100.00
129-04467,2020-06-17 21:20:00,64.65,100.00
129-04467,2020-06-17 21:30:00,55.57,35.50
129-04467,2020-06-17 21:40:00,62.07,85.90
129-04467,2020-06-17 21:50:00,65.68,100.00
129-04467,2020-06-17 22:00:00,63.07,91.20
129-04467,2020-06-17 22:10:00,62.30,100.00
129-04467,2020-06-17 22:20:00,61.71,95.10
129-04467,2020-06-17 22:30:00,66.63,100.00
129-04467,2020-06-17 22:40:00,66.30,68.70
129-04467,2020-06-17 22:50:00,77.73,32.00
129-04467,2020-06-17 23:00:00,72.05,46.30
129-04467,2020-06-17 23:10:00,71.83,91.40
129-04467,2020-06-17 23:20:00,62.58,56.80
129-04467,2020-06-17 23:30:00,65.51,82.10
129-04467,2020-06-17 23:40:00,66.66,84.70
129-04467,2020-06-17 23:50:00,60.42,62.60
129-04446,2020-06-17 00:00:00,73.58,90.40
129-04446,2020-06-17 00:10:00,77.54,59.60
129-04446,2020-06-17 00:20:00,70.31,62.40
129-04446,2020-06-17 00:30:00,73.95,74.40
129-04446,2020-06-17 00:40:00,69.66,73.33
129-04446,2020-06-17 00:50:00,,
129-04446,2020-06-17 01:00:00,67.71,76.57
129-04446,2020-06-17 01:10:00,67.49,85.13
129-04446,2020-06-17 01:20:00,66.00,88.00
129-04446,2020-06-17 01:30:00,68.42,92.44
129-04446,2020-06-17 01:40:00,68.00,99.00
129-04446,2020-06-17 01:50:00,,
129-04446,2020-06-17 02:00:00,68.99,96.00
129-04446,2020-06-17 02:10:00,70.00,95.80
129-04446,2020-06-17 02:20:00,69.98,92.00
129-04446,2020-06-17 02:30:00,69.75,86.50
129-04446,2020-06-17 02:40:00,67.40,88.40
129-04446,2020-06-17 02:50:00,66.80,92.20
129-04446,2020-06-17 03:00:00,67.47,91.17
129-04446,2020-06-17 03:10:00,68.89,95.11
129-04446,2020-06-17 03:20:00,67.32,96.56
129-04446,2020-06-17 03:30:00,72.89,35.50
129-04446,2020-06-17 03:40:00,68.96,82.20
129-04446,2020-06-17 03:50:00,68.56,80.80
129-04446,2020-06-17 04:00:00,71.70,91.86
129-04446,2020-06-17 04:10:00,68.00,82.00
129-04446,2020-06-17 04:20:00,67.19,85.70
129-04446,2020-06-17 04:30:00,67.19,92.40
129-04446,2020-06-17 04:40:00,68.16,98.50
129-04446,2020-06-17 04:50:00,73.31,55.33
129-04446,2020-06-17 05:00:00,67.56,89.20
129-04446,2020-06-17 05:10:00,69.23,78.60
129-04446,2020-06-17 05:20:00,68.92,84.40
129-04446,2020-06-17 05:30:00,74.08,75.00
129-04446,2020-06-17 05:40:00,76.29,50.80
129-04446,2020-06-17 05:50:00,73.38,89.40
129-04446,2020-06-17 06:00:00,74.98,91.80
129-04446,2020-06-17 06:10:00,75.28,84.60
129-04446,2020-06-17 06:20:00,71.19,100.00
129-04446,2020-06-17 06:30:00,69.39,100.00
129-04446,2020-06-17 06:40:00,69.13,94.10
129-04446,2020-06-17 06:50:00,75.12,99.20
129-04446,2020-06-17 07:00:00,72.49,100.00
129-04446,2020-06-17 07:10:00,71.47,99.60
129-04446,2020-06-17 07:20:00,71.19,100.00
129-04446,2020-06-17 07:30:00,72.16,100.00
129-04446,2020-06-17 07:40:00,73.66,99.40
129-04446,2020-06-17 07:50:00,73.57,91.90
129-04446,2020-06-17 08:00:00,75.45,90.90
129-04446,2020-06-17 08:10:00,76.18,94.90
129-04446,2020-06-17 08:20:00,72.37,96.20
129-04446,2020-06-17 08:30:00,69.90,100.00
129-04446,2020-06-17 08:40:00,72.78,99.40
129-04446,2020-06-17 08:50:00,73.59,100.00
129-04446,2020-06-17 09:00:00,70.15,100.00
129-04446,2020-06-17 09:10:00,68.49,100.00
129-04446,2020-06-17 09:20:00,67.68,100.00
129-04446,2020-06-17 09:30:00,66.66,95.90
129-04446,2020-06-17 09:40:00,70.70,100.00
129-04446,2020-06-17 09:50:00,73.60,69.20
129-04446,2020-06-17 10:00:00,70.00,100.00
129-04446,2020-06-17 10:10:00,69.19,100.00
129-04446,2020-06-17 10:20:00,68.49,100.00
129-04446,2020-06-17 10:30:00,71.89,99.80
129-04446,2020-06-17 10:40:00,73.87,80.80
129-04446,2020-06-17 10:50:00,71.98,100.00
129-04446,2020-06-17 11:00:00,72.17,99.60
129-04446,2020-06-17 11:10:00,74.28,100.00
129-04446,2020-06-17 11:20:00,71.94,97.50
129-04446,2020-06-17 11:30:00,69.88,100.00
129-04446,2020-06-17 11:40:00,69.29,100.00
129-04446,2020-06-17 11:50:00,71.19,100.00
129-04446,2020-06-17 12:00:00,71.77,99.10
129-04446,2020-06-17 12:10:00,71.68,100.00
129-04446,2020-06-17 12:20:00,71.47,100.00
129-04446,2020-06-17 12:30:00,68.75,100.00
129-04446,2020-06-17 12:40:00,63.82,100.00
129-04446,2020-06-17 12:50:00,69.99,100.00
129-04446,2020-06-17 13:00:00,69.49,100.00
129-04446,2020-06-17 13:10:00,71.87,100.00
129-04446,2020-06-17 13:20:00,71.59,100.00
129-04446,2020-06-17 13:30:00,72.87,100.00
129-04446,2020-06-17 13:40:00,69.48,100.00
129-04446,2020-06-17 13:50:00,68.29,100.00
129-04446,2020-06-17 14:00:00,68.59,100.00
129-04446,2020-06-17 14:10:00,55.45,100.00
129-04446,2020-06-17 14:20:00,37.61,100.00
129-04446,2020-06-17 14:30:00,56.23,100.00
129-04446,2020-06-17 14:40:00,68.94,100.00
129-04446,2020-06-17 14:50:00,71.50,100.00
129-04446,2020-06-17 15:00:00,67.70,100.00
129-04446,2020-06-17 15:10:00,57.88,100.00
129-04446,2020-06-17 15:20:00,66.96,100.00
129-04446,2020-06-17 15:30:00,71.89,100.00
129-04446,2020-06-17 15:40:00,71.38,100.00
129-04446,2020-06-17 15:50:00,68.74,100.00
129-04446,2020-06-17 16:00:00,69.00,100.00
129-04446,2020-06-17 16:10:00,67.40,100.00
129-04446,2020-06-17 16:20:00,66.99,100.00
129-04446,2020-06-17 16:30:00,67.79,100.00
129-04446,2020-06-17 16:40:00,67.09,100.00
129-04446,2020-06-17 16:50:00,70.20,100.00
129-04446,2020-06-17 17:00:00,61.20,100.00
129-04446,2020-06-17 17:10:00,65.38,100.00
129-04446,2020-06-17 17:20:00,68.29,100.00
129-04446,2020-06-17 17:30:00,70.90,100.00
129-04446,2020-06-17 17:40:00,70.50,100.00
129-04446,2020-06-17 17:50:00,71.69,100.00
129-04446,2020-06-17 18:00:00,71.19,100.00
129-04446,2020-06-17 18:10:00,70.30,100.00
129-04446,2020-06-17 18:20:00,73.35,100.00
129-04446,2020-06-17 18:30:00,75.56,100.00
129-04446,2020-06-17 18:40:00,74.29,100.00
129-04446,2020-06-17 18:50:00,73.39,100.00
129-04446,2020-06-17 19:00:00,73.78,98.70
129-04446,2020-06-17 19:10:00,70.98,100.00
129-04446,2020-06-17 19:20:00,74.59,100.00
129-04446,2020-06-17 19:30:00,75.89,100.00
129-04446,2020-06-17 19:40:00,73.68,99.90
129-04446,2020-06-17 19:50:00,76.08,100.00
129-04446,2020-06-17 20:00:00,77.39,99.20
129-04446,2020-06-17 20:10:00,73.84,99.70
129-04446,2020-06-17 20:20:00,73.34,99.80
129-04446,2020-06-17 20:30:00,74.28,100.00
129-04446,2020-06-17 20:40:00,70.47,100.00
129-04446,2020-06-17 20:50:00,71.43,95.90
129-04446,2020-06-17 21:00:00,71.67,98.00
129-04446,2020-06-17 21:10:00,71.10,100.00
129-04446,2020-06-17 21:20:00,68.85,100.00
129-04446,2020-06-17 21:30:00,69.66,98.10
129-04446,2020-06-17 21:40:00,72.94,84.40
129-04446,2020-06-17 21:50:00,78.47,38.30
129-04446,2020-06-17 22:00:00,73.86,61.40
129-04446,2020-06-17 22:10:00,77.80,76.10
129-04446,2020-06-17 22:20:00,74.08,96.20
129-04446,2020-06-17 22:30:00,78.38,86.60
129-04446,2020-06-17 22:40:00,75.57,95.40
129-04446,2020-06-17 22:50:00,70.68,99.80
129-04446,2020-06-17 23:00:00,69.90,72.20
129-04446,2020-06-17 23:10:00,72.43,84.00
129-04446,2020-06-17 23:20:00,75.00,89.88
129-04446,2020-06-17 23:30:00,78.58,37.33
129-04446,2020-06-17 23:40:00,72.19,47.80
129-04446,2020-06-17 23:50:00,71.05,69.20
129-04468,2020-06-17 00:00:00,71.00,94.70
129-04468,2020-06-17 00:10:00,70.59,92.40
129-04468,2020-06-17 00:20:00,70.00,93.50
129-04468,2020-06-17 00:30:00,63.00,62.67
129-04468,2020-06-17 00:40:00,,
129-04468,2020-06-17 00:50:00,,
129-04468,2020-06-17 01:00:00,,
129-04468,2020-06-17 01:10:00,64.00,96.80
129-04468,2020-06-17 01:20:00,64.14,99.00
129-04468,2020-06-17 01:30:00,,
129-04468,2020-06-17 01:40:00,,
129-04468,2020-06-17 01:50:00,,
129-04468,2020-06-17 02:00:00,,
129-04468,2020-06-17 02:10:00,,
129-04468,2020-06-17 02:20:00,,
129-04468,2020-06-17 02:30:00,,
129-04468,2020-06-17 02:40:00,65.24,96.75
129-04468,2020-06-17 02:50:00,62.59,75.30
129-04468,2020-06-17 03:00:00,63.00,82.33
129-04468,2020-06-17 03:10:00,,
129-04468,2020-06-17 03:20:00,58.48,60.83
129-04468,2020-06-17 03:30:00,58.42,69.40
129-04468,2020-06-17 03:40:00,64.26,75.50
129-04468,2020-06-17 03:50:00,67.37,52.30
129-04468,2020-06-17 04:00:00,65.91,54.17
129-04468,2020-06-17 04:10:00,69.00,66.33
129-04468,2020-06-17 04:20:00,69.49,82.75
129-04468,2020-06-17 04:30:00,67.49,82.13
129-04468,2020-06-17 04:40:00,71.07,73.11
129-04468,2020-06-17 04:50:00,69.52,86.70
129-04468,2020-06-17 05:00:00,65.17,71.20
129-04468,2020-06-17 05:10:00,69.54,53.80
129-04468,2020-06-17 05:20:00,71.88,65.90
129-04468,2020-06-17 05:30:00,67.00,88.70
129-04468,2020-06-17 05:40:00,70.23,78.90
129-04468,2020-06-17 05:50:00,72.99,78.20
129-04468,2020-06-17 06:00:00,73.27,83.70
129-04468,2020-06-17 06:10:00,70.59,96.10
129-04468,2020-06-17 06:20:00,67.16,97.40
129-04468,2020-06-17 06:30:00,69.69,100.00
129-04468,2020-06-17 06:40:00,69.89,100.00
129-04468,2020-06-17 06:50:00,71.64,94.10
129-04468,2020-06-17 07:00:00,72.06,89.90
129-04468,2020-06-17 07:10:00,72.28,89.70
129-04468,2020-06-17 07:20:00,71.58,100.00
129-04468,2020-06-17 07:30:00,68.78,97.90
129-04468,2020-06-17 07:40:00,71.25,99.20
129-04468,2020-06-17 07:50:00,69.29,98.60
129-04468,2020-06-17 08:00:00,68.60,100.00
129-04468,2020-06-17 08:10:00,70.60,97.00
129-04468,2020-06-17 08:20:00,69.08,99.60
129-04468,2020-06-17 08:30:00,71.49,96.80
129-04468,2020-06-17 08:40:00,68.53,100.00
129-04468,2020-06-17 08:50:00,69.27,98.00
129-04468,2020-06-17 09:00:00,67.78,99.70
129-04468,2020-06-17 09:10:00,67.27,99.40
129-04468,2020-06-17 09:20:00,66.68,100.00
129-04468,2020-06-17 09:30:00,67.46,100.00
129-04468,2020-06-17 09:40:00,67.98,100.00
129-04468,2020-06-17 09:50:00,66.89,100.00
129-04468,2020-06-17 10:00:00,66.97,98.40
129-04468,2020-06-17 10:10:00,72.14,72.70
129-04468,2020-06-17 10:20:00,69.58,100.00
129-04468,2020-06-17 10:30:00,70.40,100.00
129-04468,2020-06-17 10:40:00,69.99,99.60
129-04468,2020-06-17 10:50:00,67.52,97.00
129-04468,2020-06-17 11:00:00,69.49,98.30
129-04468,2020-06-17 11:10:00,68.75,97.60
129-04468,2020-06-17 11:20:00,67.63,100.00
129-04468,2020-06-17 11:30:00,69.65,100.00
129-04468,2020-06-17 11:40:00,67.29,100.00
129-04468,2020-06-17 11:50:00,67.29,100.00
129-04468,2020-06-17 12:00:00,68.79,100.00
129-04468,2020-06-17 12:10:00,69.29,97.80
129-04468,2020-06-17 12:20:00,67.46,97.40
129-04468,2020-06-17 12:30:00,66.48,99.60
129-04468,2020-06-17 12:40:00,67.80,100.00
129-04468,2020-06-17 12:50:00,69.09,100.00
129-04468,2020-06-17 13:00:00,70.18,100.00
129-04468,2020-06-17 13:10:00,68.50,100.00
129-04468,2020-06-17 13:20:00,67.49,100.00
129-04468,2020-06-17 13:30:00,68.53,97.20
129-04468,2020-06-17 13:40:00,68.99,100.00
129-04468,2020-06-17 13:50:00,67.38,100.00
129-04468,2020-06-17 14:00:00,65.29,100.00
129-04468,2020-06-17 14:10:00,66.49,100.00
129-04468,2020-06-17 14:20:00,66.10,100.00
129-04468,2020-06-17 14:30:00,67.76,90.00
129-04468,2020-06-17 14:40:00,68.86,100.00
129-04468,2020-06-17 14:50:00,69.19,100.00
129-04468,2020-06-17 15:00:00,67.90,100.00
129-04468,2020-06-17 15:10:00,67.90,100.00
129-04468,2020-06-17 15:20:00,69.24,86.00
129-04468,2020-06-17 15:30:00,72.35,69.30
129-04468,2020-06-17 15:40:00,69.49,100.00
129-04468,2020-06-17 15:50:00,67.96,99.88
129-04468,2020-06-17 16:00:00,69.68,98.70
129-04468,2020-06-17 16:10:00,69.68,100.00
129-04468,2020-06-17 16:20:00,69.59,100.00
129-04468,2020-06-17 16:30:00,65.99,100.00
129-04468,2020-06-17 16:40:00,67.88,100.00
129-04468,2020-06-17 16:50:00,66.58,100.00
129-04468,2020-06-17 17:00:00,65.40,100.00
129-04468,2020-06-17 17:10:00,65.80,100.00
129-04468,2020-06-17 17:20:00,66.98,100.00
129-04468,2020-06-17 17:30:00,66.58,100.00
129-04468,2020-06-17 17:40:00,65.80,100.00
129-04468,2020-06-17 17:50:00,68.19,100.00
129-04468,2020-06-17 18:00:00,68.26,100.00
129-04468,2020-06-17 18:10:00,70.09,99.10
129-04468,2020-06-17 18:20:00,70.39,98.00
129-04468,2020-06-17 18:30:00,70.70,96.10
129-04468,2020-06-17 18:40:00,70.98,97.80
129-04468,2020-06-17 18:50:00,70.00,99.70
129-04468,2020-06-17 19:00:00,71.17,90.70
129-04468,2020-06-17 19:10:00,68.67,99.60
129-04468,2020-06-17 19:20:00,70.38,96.20
129-04468,2020-06-17 19:30:00,73.65,74.10
129-04468,2020-06-17 19:40:00,73.76,81.80
129-04468,2020-06-17 19:50:00,69.11,100.00
129-04468,2020-06-17 20:00:00,66.60,98.00
129-04468,2020-06-17 20:10:00,68.69,100.00
129-04468,2020-06-17 20:20:00,69.47,95.10
129-04468,2020-06-17 20:30:00,68.05,97.60
129-04468,2020-06-17 20:40:00,73.29,89.40
129-04468,2020-06-17 20:50:00,68.24,79.20
129-04468,2020-06-17 21:00:00,64.44,85.90
129-04468,2020-06-17 21:10:00,66.57,100.00
129-04468,2020-06-17 21:20:00,65.66,96.30
129-04468,2020-06-17 21:30:00,60.59,58.80
129-04468,2020-06-17 21:40:00,66.12,95.50
129-04468,2020-06-17 21:50:00,66.09,99.70
129-04468,2020-06-17 22:00:00,63.95,92.20
129-04468,2020-06-17 22:10:00,67.69,100.00
129-04468,2020-06-17 22:20:00,66.38,99.70
129-04468,2020-06-17 22:30:00,70.45,85.80
129-04468,2020-06-17 22:40:00,69.69,94.30
129-04468,2020-06-17 22:50:00,71.92,68.50
129-04468,2020-06-17 23:00:00,64.97,55.10
129-04468,2020-06-17 23:10:00,70.30,93.50
129-04468,2020-06-17 23:20:00,68.99,80.20
129-04468,2020-06-17 23:30:00,68.99,92.80
129-04468,2020-06-17 23:40:00,70.70,84.10
129-04468,2020-06-17 23:50:00,73.48,77.50
129-04465,2020-06-17 00:00:00,70.94,83.20
129-04465,2020-06-17 00:10:00,59.60,40.90
129-04465,2020-06-17 00:20:00,55.66,19.67
129-04465,2020-06-17 00:30:00,67.00,96.86
129-04465,2020-06-17 00:40:00,67.00,95.00
129-04465,2020-06-17 00:50:00,,
129-04465,2020-06-17 01:00:00,53.00,
129-04465,2020-06-17 01:10:00,58.39,96.60
129-04465,2020-06-17 01:20:00,65.00,98.71
129-04465,2020-06-17 01:30:00,65.00,99.17
129-04465,2020-06-17 01:40:00,65.00,99.50
129-04465,2020-06-17 01:50:00,,
129-04465,2020-06-17 02:00:00,57.41,
129-04465,2020-06-17 02:10:00,60.00,
129-04465,2020-06-17 02:20:00,60.00,
129-04465,2020-06-17 02:30:00,60.00,
129-04465,2020-06-17 02:40:00,63.00,100.00
129-04465,2020-06-17 02:50:00,61.76,97.40
129-04465,2020-06-17 03:00:00,60.00,96.67
129-04465,2020-06-17 03:10:00,65.00,84.00
129-04465,2020-06-17 03:20:00,65.00,92.00
129-04465,2020-06-17 03:30:00,65.00,88.00
129-04465,2020-06-17 03:40:00,67.24,71.30
129-04465,2020-06-17 03:50:00,79.00,21.40
129-04465,2020-06-17 04:00:00,50.77,10.86
129-04465,2020-06-17 04:10:00,,
129-04465,2020-06-17 04:20:00,55.91,98.00
129-04465,2020-06-17 04:30:00,69.00,100.00
129-04465,2020-06-17 04:40:00,67.49,94.75
129-04465,2020-06-17 04:50:00,67.58,94.80
129-04465,2020-06-17 05:00:00,61.35,61.10
129-04465,2020-06-17 05:10:00,63.00,82.20
129-04465,2020-06-17 05:20:00,62.45,88.90
129-04465,2020-06-17 05:30:00,66.12,82.00
129-04465,2020-06-17 05:40:00,72.19,49.10
129-04465,2020-06-17 05:50:00,74.59,56.50
129-04465,2020-06-17 06:00:00,73.48,77.63
129-04465,2020-06-17 06:10:00,68.57,99.38
129-04465,2020-06-17 06:20:00,69.36,99.50
129-04465,2020-06-17 06:30:00,67.51,98.90
129-04465,2020-06-17 06:40:00,69.53,98.00
129-04465,2020-06-17 06:50:00,70.29,87.10
129-04465,2020-06-17 07:00:00,71.58,86.50
129-04465,2020-06-17 07:10:00,68.19,99.80
129-04465,2020-06-17 07:20:00,66.19,100.00
129-04465,2020-06-17 07:30:00,64.49,100.00
129-04465,2020-06-17 07:40:00,69.75,94.00
129-04465,2020-06-17 07:50:00,67.67,81.90
129-04465,2020-06-17 08:00:00,61.59,100.00
129-04465,2020-06-17 08:10:00,59.76,87.40
129-04465,2020-06-17 08:20:00,60.25,90.70
129-04465,2020-06-17 08:30:00,63.00,100.00
129-04465,2020-06-17 08:40:00,61.05,93.50
129-04465,2020-06-17 08:50:00,61.57,100.00
129-04465,2020-06-17 09:00:00,61.07,100.00
129-04465,2020-06-17 09:10:00,59.07,84.20
129-04465,2020-06-17 09:20:00,60.52,100.00
129-04465,2020-06-17 09:30:00,60.74,96.60
129-04465,2020-06-17 09:40:00,59.88,91.70
129-04465,2020-06-17 09:50:00,60.60,100.00
129-04465,2020-06-17 10:00:00,56.06,69.60
129-04465,2020-06-17 10:10:00,59.98,98.90
129-04465,2020-06-17 10:20:00,59.84,98.80
129-04465,2020-06-17 10:30:00,61.97,100.00
129-04465,2020-06-17 10:40:00,63.00,100.00
129-04465,2020-06-17 10:50:00,63.57,100.00
129-04465,2020-06-17 11:00:00,63.98,100.00
129-04465,2020-06-17 11:10:00,67.71,66.50
129-04465,2020-06-17 11:20:00,64.17,96.00
129-04465,2020-06-17 11:30:00,63.39,99.30
129-04465,2020-06-17 11:40:00,63.96,98.80
129-04465,2020-06-17 11:50:00,64.77,99.00
129-04465,2020-06-17 12:00:00,63.98,100.00
129-04465,2020-06-17 12:10:00,62.18,100.00
129-04465,2020-06-17 12:20:00,63.79,100.00
129-04465,2020-06-17 12:30:00,62.79,100.00
129-04465,2020-06-17 12:40:00,63.76,100.00
129-04465,2020-06-17 12:50:00,65.18,98.20
129-04465,2020-06-17 13:00:00,63.71,94.90
129-04465,2020-06-17 13:10:00,65.75,100.00
129-04465,2020-06-17 13:20:00,64.72,100.00
129-04465,2020-06-17 13:30:00,67.34,97.80
129-04465,2020-06-17 13:40:00,65.59,100.00
129-04465,2020-06-17 13:50:00,65.00,100.00
129-04465,2020-06-17 14:00:00,63.52,100.00
129-04465,2020-06-17 14:10:00,66.95,93.50
129-04465,2020-06-17 14:20:00,69.53,79.40
129-04465,2020-06-17 14:30:00,67.47,69.50
129-04465,2020-06-17 14:40:00,64.17,100.00
129-04465,2020-06-17 14:50:00,66.96,98.70
129-04465,2020-06-17 15:00:00,67.35,100.00
129-04465,2020-06-17 15:10:00,66.59,100.00
129-04465,2020-06-17 15:20:00,63.79,100.00
129-04465,2020-06-17 15:30:00,63.08,95.30
129-04465,2020-06-17 15:40:00,70.99,91.90
129-04465,2020-06-17 15:50:00,67.35,83.00
129-04465,2020-06-17 16:00:00,69.32,76.20
129-04465,2020-06-17 16:10:00,66.90,96.50
129-04465,2020-06-17 16:20:00,68.85,92.30
129-04465,2020-06-17 16:30:00,67.95,98.70
129-04465,2020-06-17 16:40:00,65.56,100.00
129-04465,2020-06-17 16:50:00,65.35,100.00
129-04465,2020-06-17 17:00:00,64.35,100.00
129-04465,2020-06-17 17:10:00,65.19,100.00
129-04465,2020-06-17 17:20:00,64.59,97.20
129-04465,2020-06-17 17:30:00,60.98,82.30
129-04465,2020-06-17 17:40:00,63.32,100.00
129-04465,2020-06-17 17:50:00,65.38,100.00
129-04465,2020-06-17 18:00:00,67.55,100.00
129-04465,2020-06-17 18:10:00,68.39,100.00
129-04465,2020-06-17 18:20:00,71.11,70.50
129-04465,2020-06-17 18:30:00,70.37,86.30
129-04465,2020-06-17 18:40:00,69.12,83.60
129-04465,2020-06-17 18:50:00,74.10,68.20
129-04465,2020-06-17 19:00:00,72.08,76.90
129-04465,2020-06-17 19:10:00,71.75,90.10
129-04465,2020-06-17 19:20:00,67.00,100.00
129-04465,2020-06-17 19:30:00,64.62,95.40
129-04465,2020-06-17 19:40:00,74.34,67.90
129-04465,2020-06-17 19:50:00,69.96,99.00
129-04465,2020-06-17 20:00:00,63.55,83.20
129-04465,2020-06-17 20:10:00,67.59,100.00
129-04465,2020-06-17 20:20:00,63.19,64.40
129-04465,2020-06-17 20:30:00,63.50,84.20
129-04465,2020-06-17 20:40:00,69.73,90.30
129-04465,2020-06-17 20:50:00,79.20,8.60
129-04465,2020-06-17 21:00:00,71.65,97.33
129-04465,2020-06-17 21:10:00,69.55,100.00
129-04465,2020-06-17 21:20:00,63.38,100.00
129-04465,2020-06-17 21:30:00,56.03,26.40
129-04465,2020-06-17 21:40:00,67.28,40.00
129-04465,2020-06-17 21:50:00,67.87,100.00
129-04465,2020-06-17 22:00:00,65.19,100.00
129-04465,2020-06-17 22:10:00,65.33,99.10
129-04465,2020-06-17 22:20:00,65.13,97.60
129-04465,2020-06-17 22:30:00,71.35,92.90
129-04465,2020-06-17 22:40:00,73.20,41.50
129-04465,2020-06-17 22:50:00,73.00,64.00
129-04465,2020-06-17 23:00:00,59.00,43.63
129-04465,2020-06-17 23:10:00,74.12,66.60
129-04465,2020-06-17 23:20:00,65.79,84.80
129-04465,2020-06-17 23:30:00,63.59,72.00
129-04465,2020-06-17 23:40:00,57.70,51.00
129-04465,2020-06-17 23:50:00,46.30,12.10
129-04443,2020-06-17 00:00:00,74.16,83.20
129-04443,2020-06-17 00:10:00,74.80,86.60
129-04443,2020-06-17 00:20:00,71.39,89.70
129-04443,2020-06-17 00:30:00,67.69,58.50
129-04443,2020-06-17 00:40:00,68.79,84.00
129-04443,2020-06-17 00:50:00,68.16,93.00
129-04443,2020-06-17 01:00:00,60.40,35.50
129-04443,2020-06-17 01:10:00,65.17,88.40
129-04443,2020-06-17 01:20:00,66.00,98.67
129-04443,2020-06-17 01:30:00,69.50,84.00
129-04443,2020-06-17 01:40:00,67.98,90.20
129-04443,2020-06-17 01:50:00,66.00,99.00
129-04443,2020-06-17 02:00:00,,
129-04443,2020-06-17 02:10:00,68.00,98.00
129-04443,2020-06-17 02:20:00,70.55,84.00
129-04443,2020-06-17 02:30:00,72.27,73.40
129-04443,2020-06-17 02:40:00,68.16,65.40
129-04443,2020-06-17 02:50:00,67.68,83.30
129-04443,2020-06-17 03:00:00,68.00,94.17
129-04443,2020-06-17 03:10:00,63.32,56.00
129-04443,2020-06-17 03:20:00,63.41,71.29
129-04443,2020-06-17 03:30:00,64.28,92.00
129-04443,2020-06-17 03:40:00,79.15,14.10
129-04443,2020-06-17 03:50:00,82.00,19.00
129-04443,2020-06-17 04:00:00,,
129-04443,2020-06-17 04:10:00,71.50,93.75
129-04443,2020-06-17 04:20:00,71.00,86.33
129-04443,2020-06-17 04:30:00,66.85,56.63
129-04443,2020-06-17 04:40:00,67.59,92.90
129-04443,2020-06-17 04:50:00,68.25,98.00
129-04443,2020-06-17 05:00:00,65.00,82.40
129-04443,2020-06-17 05:10:00,66.49,96.13
129-04443,2020-06-17 05:20:00,67.00,99.00
129-04443,2020-06-17 05:30:00,69.86,74.88
129-04443,2020-06-17 05:40:00,76.49,28.40
129-04443,2020-06-17 05:50:00,74.32,70.50
129-04443,2020-06-17 06:00:00,72.84,90.90
129-04443,2020-06-17 06:10:00,71.64,97.10
129-04443,2020-06-17 06:20:00,73.67,100.00
129-04443,2020-06-17 06:30:00,70.67,100.00
129-04443,2020-06-17 06:40:00,71.69,99.00
129-04443,2020-06-17 06:50:00,67.27,100.00
129-04443,2020-06-17 07:00:00,69.48,100.00
129-04443,2020-06-17 07:10:00,69.96,98.40
129-04443,2020-06-17 07:20:00,69.42,97.60
129-04443,2020-06-17 07:30:00,68.56,100.00
129-04443,2020-06-17 07:40:00,68.99,100.00
129-04443,2020-06-17 07:50:00,71.18,100.00
129-04443,2020-06-17 08:00:00,68.20,100.00
129-04443,2020-06-17 08:10:00,70.69,100.00
129-04443,2020-06-17 08:20:00,68.26,100.00
129-04443,2020-06-17 08:30:00,66.40,100.00
129-04443,2020-06-17 08:40:00,66.88,100.00
129-04443,2020-06-17 08:50:00,67.37,100.00
129-04443,2020-06-17 09:00:00,65.98,99.10
129-04443,2020-06-17 09:10:00,67.55,99.10
129-04443,2020-06-17 09:20:00,69.08,97.20
129-04443,2020-06-17 09:30:00,68.77,99.60
129-04443,2020-06-17 09:40:00,67.36,100.00
129-04443,2020-06-17 09:50:00,70.30,80.30
129-04443,2020-06-17 10:00:00,72.08,77.30
129-04443,2020-06-17 10:10:00,68.49,99.60
129-04443,2020-06-17 10:20:00,65.67,100.00
129-04443,2020-06-17 10:30:00,59.96,100.00
129-04443,2020-06-17 10:40:00,68.87,97.20
129-04443,2020-06-17 10:50:00,69.49,94.90
129-04443,2020-06-17 11:00:00,66.40,100.00
129-04443,2020-06-17 11:10:00,69.34,91.50
129-04443,2020-06-17 11:20:00,70.33,90.10
129-04443,2020-06-17 11:30:00,68.79,100.00
129-04443,2020-06-17 11:40:00,67.78,100.00
129-04443,2020-06-17 11:50:00,67.84,100.00
129-04443,2020-06-17 12:00:00,68.39,100.00
129-04443,2020-06-17 12:10:00,66.96,98.80
129-04443,2020-06-17 12:20:00,64.70,100.00
129-04443,2020-06-17 12:30:00,67.57,100.00
129-04443,2020-06-17 12:40:00,69.38,100.00
129-04443,2020-06-17 12:50:00,70.90,99.10
129-04443,2020-06-17 13:00:00,69.99,100.00
129-04443,2020-06-17 13:10:00,67.38,100.00
129-04443,2020-06-17 13:20:00,67.38,100.00
129-04443,2020-06-17 13:30:00,70.50,100.00
129-04443,2020-06-17 13:40:00,70.30,98.50
129-04443,2020-06-17 13:50:00,72.76,98.30
129-04443,2020-06-17 14:00:00,70.61,98.60
129-04443,2020-06-17 14:10:00,66.67,100.00
129-04443,2020-06-17 14:20:00,63.97,100.00
129-04443,2020-06-17 14:30:00,63.01,100.00
129-04443,2020-06-17 14:40:00,48.80,100.00
129-04443,2020-06-17 14:50:00,56.12,100.00
129-04443,2020-06-17 15:00:00,67.36,100.00
129-04443,2020-06-17 15:10:00,68.10,100.00
129-04443,2020-06-17 15:20:00,60.05,100.00
129-04443,2020-06-17 15:30:00,46.86,100.00
129-04443,2020-06-17 15:40:00,53.86,100.00
129-04443,2020-06-17 15:50:00,57.82,100.00
129-04443,2020-06-17 16:00:00,41.46,100.00
129-04443,2020-06-17 16:10:00,38.17,100.00
129-04443,2020-06-17 16:20:00,31.10,100.00
129-04443,2020-06-17 16:30:00,33.39,100.00
129-04443,2020-06-17 16:40:00,37.28,100.00
129-04443,2020-06-17 16:50:00,39.48,100.00
129-04443,2020-06-17 17:00:00,37.39,100.00
129-04443,2020-06-17 17:10:00,31.64,98.40
129-04443,2020-06-17 17:20:00,33.45,100.00
129-04443,2020-06-17 17:30:00,37.63,100.00
129-04443,2020-06-17 17:40:00,45.20,100.00
129-04443,2020-06-17 17:50:00,66.74,100.00
129-04443,2020-06-17 18:00:00,70.76,100.00
129-04443,2020-06-17 18:10:00,67.49,100.00
129-04443,2020-06-17 18:20:00,70.79,100.00
129-04443,2020-06-17 18:30:00,70.49,100.00
129-04443,2020-06-17 18:40:00,68.19,100.00
129-04443,2020-06-17 18:50:00,68.36,95.80
129-04443,2020-06-17 19:00:00,67.95,99.30
129-04443,2020-06-17 19:10:00,73.18,100.00
129-04443,2020-06-17 19:20:00,69.89,100.00
129-04443,2020-06-17 19:30:00,69.39,100.00
129-04443,2020-06-17 19:40:00,70.20,100.00
129-04443,2020-06-17 19:50:00,70.18,97.40
129-04443,2020-06-17 20:00:00,70.08,100.00
129-04443,2020-06-17 20:10:00,70.79,99.80
129-04443,2020-06-17 20:20:00,69.17,95.70
129-04443,2020-06-17 20:30:00,69.27,95.90
129-04443,2020-06-17 20:40:00,70.66,96.80
129-04443,2020-06-17 20:50:00,67.64,100.00
129-04443,2020-06-17 21:00:00,64.98,100.00
129-04443,2020-06-17 21:10:00,65.39,100.00
129-04443,2020-06-17 21:20:00,64.78,98.50
129-04443,2020-06-17 21:30:00,68.16,100.00
129-04443,2020-06-17 21:40:00,72.69,48.90
129-04443,2020-06-17 21:50:00,66.15,95.40
129-04443,2020-06-17 22:00:00,75.43,47.80
129-04443,2020-06-17 22:10:00,72.85,78.80
129-04443,2020-06-17 22:20:00,71.46,95.40
129-04443,2020-06-17 22:30:00,71.79,97.60
129-04443,2020-06-17 22:40:00,69.48,100.00
129-04443,2020-06-17 22:50:00,70.09,99.70
129-04443,2020-06-17 23:00:00,69.29,76.60
129-04443,2020-06-17 23:10:00,65.38,65.00
129-04443,2020-06-17 23:20:00,69.25,84.50
129-04443,2020-06-17 23:30:00,69.48,92.00
129-04443,2020-06-17 23:40:00,74.97,48.20
129-04443,2020-06-17 23:50:00,75.29,55.50
129-04444,2020-06-17 00:00:00,69.69,82.50
129-04444,2020-06-17 00:10:00,69.28,94.14
129-04444,2020-06-17 00:20:00,68.38,82.80
129-04444,2020-06-17 00:30:00,67.74,83.90
129-04444,2020-06-17 00:40:00,65.79,81.90
129-04444,2020-06-17 00:50:00,65.00,94.33
129-04444,2020-06-17 01:00:00,66.00,96.50
129-04444,2020-06-17 01:10:00,65.00,94.50
129-04444,2020-06-17 01:20:00,67.22,95.00
129-04444,2020-06-17 01:30:00,68.99,88.38
129-04444,2020-06-17 01:40:00,65.80,98.00
129-04444,2020-06-17 01:50:00,63.59,93.50
129-04444,2020-06-17 02:00:00,63.00,95.00
129-04444,2020-06-17 02:10:00,65.00,98.33
129-04444,2020-06-17 02:20:00,66.94,88.50
129-04444,2020-06-17 02:30:00,66.50,96.70
129-04444,2020-06-17 02:40:00,62.63,92.33
129-04444,2020-06-17 02:50:00,63.98,95.63
129-04444,2020-06-17 03:00:00,62.50,93.00
129-04444,2020-06-17 03:10:00,63.00,97.00
129-04444,2020-06-17 03:20:00,63.98,96.63
129-04444,2020-06-17 03:30:00,64.19,82.10
129-04444,2020-06-17 03:40:00,76.71,10.10
129-04444,2020-06-17 03:50:00,79.00,15.00
129-04444,2020-06-17 04:00:00,62.34,46.00
129-04444,2020-06-17 04:10:00,60.00,57.80
129-04444,2020-06-17 04:20:00,68.00,99.80
129-04444,2020-06-17 04:30:00,66.48,99.60
129-04444,2020-06-17 04:40:00,65.80,98.60
129-04444,2020-06-17 04:50:00,64.98,96.89
129-04444,2020-06-17 05:00:00,63.50,93.00
129-04444,2020-06-17 05:10:00,62.66,88.60
129-04444,2020-06-17 05:20:00,66.28,85.00
129-04444,2020-06-17 05:30:00,69.21,72.00
129-04444,2020-06-17 05:40:00,74.30,38.40
129-04444,2020-06-17 05:50:00,65.66,91.50
129-04444,2020-06-17 06:00:00,64.12,100.00
129-04444,2020-06-17 06:10:00,64.53,98.30
129-04444,2020-06-17 06:20:00,65.67,100.00
129-04444,2020-06-17 06:30:00,62.70,100.00
129-04444,2020-06-17 06:40:00,63.09,100.00
129-04444,2020-06-17 06:50:00,64.64,100.00
129-04444,2020-06-17 07:00:00,69.49,100.00
129-04444,2020-06-17 07:10:00,64.68,100.00
129-04444,2020-06-17 07:20:00,65.41,100.00
129-04444,2020-06-17 07:30:00,65.88,100.00
129-04444,2020-06-17 07:40:00,66.59,100.00
129-04444,2020-06-17 07:50:00,71.65,89.10
129-04444,2020-06-17 08:00:00,64.26,100.00
129-04444,2020-06-17 08:10:00,69.38,100.00
129-04444,2020-06-17 08:20:00,65.63,100.00
129-04444,2020-06-17 08:30:00,66.30,100.00
129-04444,2020-06-17 08:40:00,62.05,100.00
129-04444,2020-06-17 08:50:00,68.58,100.00
129-04444,2020-06-17 09:00:00,67.98,100.00
129-04444,2020-06-17 09:10:00,63.13,100.00
129-04444,2020-06-17 09:20:00,62.94,100.00
129-04444,2020-06-17 09:30:00,60.97,100.00
129-04444,2020-06-17 09:40:00,69.67,95.70
129-04444,2020-06-17 09:50:00,65.57,96.20
129-04444,2020-06-17 10:00:00,61.76,100.00
129-04444,2020-06-17 10:10:00,59.95,100.00
129-04444,2020-06-17 10:20:00,63.99,100.00
129-04444,2020-06-17 10:30:00,67.24,100.00
129-04444,2020-06-17 10:40:00,69.92,83.40
129-04444,2020-06-17 10:50:00,63.81,94.90
129-04444,2020-06-17 11:00:00,65.26,100.00
129-04444,2020-06-17 11:10:00,62.40,100.00
129-04444,2020-06-17 11:20:00,62.28,100.00
129-04444,2020-06-17 11:30:00,66.44,100.00
129-04444,2020-06-17 11:40:00,63.37,100.00
129-04444,2020-06-17 11:50:00,68.19,100.00
129-04444,2020-06-17 12:00:00,65.40,100.00
129-04444,2020-06-17 12:10:00,67.74,100.00
129-04444,2020-06-17 12:20:00,65.09,100.00
129-04444,2020-06-17 12:30:00,65.83,100.00
129-04444,2020-06-17 12:40:00,67.16,100.00
129-04444,2020-06-17 12:50:00,67.24,100.00
129-04444,2020-06-17 13:00:00,65.73,100.00
129-04444,2020-06-17 13:10:00,62.59,100.00
129-04444,2020-06-17 13:20:00,63.77,100.00
129-04444,2020-06-17 13:30:00,65.46,100.00
129-04444,2020-06-17 13:40:00,66.28,100.00
129-04444,2020-06-17 13:50:00,63.12,97.00
129-04444,2020-06-17 14:00:00,64.12,100.00
129-04444,2020-06-17 14:10:00,65.48,100.00
129-04444,2020-06-17 14:20:00,65.43,100.00
129-04444,2020-06-17 14:30:00,65.69,100.00
129-04444,2020-06-17 14:40:00,64.87,100.00
129-04444,2020-06-17 14:50:00,63.20,100.00
129-04444,2020-06-17 15:00:00,65.60,100.00
129-04444,2020-06-17 15:10:00,66.77,100.00
129-04444,2020-06-17 15:20:00,62.39,100.00
129-04444,2020-06-17 15:30:00,64.88,100.00
129-04444,2020-06-17 15:40:00,68.47,100.00
129-04444,2020-06-17 15:50:00,66.18,100.00
129-04444,2020-06-17 16:00:00,65.58,100.00
129-04444,2020-06-17 16:10:00,64.48,100.00
129-04444,2020-06-17 16:20:00,62.40,100.00
129-04444,2020-06-17 16:30:00,64.08,100.00
129-04444,2020-06-17 16:40:00,61.97,100.00
129-04444,2020-06-17 16:50:00,61.27,100.00
129-04444,2020-06-17 17:00:00,64.26,100.00
129-04444,2020-06-17 17:10:00,63.38,100.00
129-04444,2020-06-17 17:20:00,62.50,100.00
129-04444,2020-06-17 17:30:00,64.06,99.00
129-04444,2020-06-17 17:40:00,67.39,100.00
129-04444,2020-06-17 17:50:00,67.23,100.00
129-04444,2020-06-17 18:00:00,68.27,100.00
129-04444,2020-06-17 18:10:00,68.97,100.00
129-04444,2020-06-17 18:20:00,67.55,100.00
129-04444,2020-06-17 18:30:00,69.46,100.00
129-04444,2020-06-17 18:40:00,69.88,100.00
129-04444,2020-06-17 18:50:00,65.83,100.00
129-04444,2020-06-17 19:00:00,65.13,100.00
129-04444,2020-06-17 19:10:00,72.96,100.00
129-04444,2020-06-17 19:20:00,69.34,100.00
129-04444,2020-06-17 19:30:00,71.64,100.00
129-04444,2020-06-17 19:40:00,70.38,100.00
129-04444,2020-06-17 19:50:00,70.98,100.00
129-04444,2020-06-17 20:00:00,71.97,100.00
129-04444,2020-06-17 20:10:00,73.59,98.00
129-04444,2020-06-17 20:20:00,67.74,98.00
129-04444,2020-06-17 20:30:00,68.20,100.00
129-04444,2020-06-17 20:40:00,70.32,100.00
129-04444,2020-06-17 20:50:00,66.16,100.00
129-04444,2020-06-17 21:00:00,67.50,98.50
129-04444,2020-06-17 21:10:00,65.05,100.00
129-04444,2020-06-17 21:20:00,68.18,100.00
129-04444,2020-06-17 21:30:00,65.50,100.00
129-04444,2020-06-17 21:40:00,63.05,100.00
129-04444,2020-06-17 21:50:00,67.13,100.00
129-04444,2020-06-17 22:00:00,77.42,28.90
129-04444,2020-06-17 22:10:00,73.46,79.40
129-04444,2020-06-17 22:20:00,69.10,100.00
129-04444,2020-06-17 22:30:00,72.36,96.50
129-04444,2020-06-17 22:40:00,72.19,93.60
129-04444,2020-06-17 22:50:00,67.88,100.00
129-04444,2020-06-17 23:00:00,68.79,96.30
129-04444,2020-06-17 23:10:00,67.19,83.70
129-04444,2020-06-17 23:20:00,67.34,68.10
129-04444,2020-06-17 23:30:00,67.74,94.00
129-04444,2020-06-17 23:40:00,73.74,44.90
129-04444,2020-06-17 23:50:00,66.23,47.30
129-04463,2020-06-17 00:00:00,64.60,83.50
129-04463,2020-06-17 00:10:00,65.14,89.83
129-04463,2020-06-17 00:20:00,67.59,85.70
129-04463,2020-06-17 00:30:00,66.63,92.44
129-04463,2020-06-17 00:40:00,65.00,95.67
129-04463,2020-06-17 00:50:00,,
129-04463,2020-06-17 01:00:00,,
129-04463,2020-06-17 01:10:00,64.00,97.00
129-04463,2020-06-17 01:20:00,65.00,98.60
129-04463,2020-06-17 01:30:00,62.68,91.86
129-04463,2020-06-17 01:40:00,63.00,99.14
129-04463,2020-06-17 01:50:00,,
129-04463,2020-06-17 02:00:00,,
129-04463,2020-06-17 02:10:00,,
129-04463,2020-06-17 02:20:00,,
129-04463,2020-06-17 02:30:00,,
129-04463,2020-06-17 02:40:00,52.96,84.50
129-04463,2020-06-17 02:50:00,52.74,94.80
129-04463,2020-06-17 03:00:00,58.00,66.44
129-04463,2020-06-17 03:10:00,,
129-04463,2020-06-17 03:20:00,62.33,64.67
129-04463,2020-06-17 03:30:00,62.00,70.00
129-04463,2020-06-17 03:40:00,63.36,87.38
129-04463,2020-06-17 03:50:00,75.24,23.10
129-04463,2020-06-17 04:00:00,54.26,35.80
129-04463,2020-06-17 04:10:00,52.38,56.00
129-04463,2020-06-17 04:20:00,55.00,81.10
129-04463,2020-06-17 04:30:00,68.00,83.44
129-04463,2020-06-17 04:40:00,71.25,45.33
129-04463,2020-06-17 04:50:00,69.67,56.80
129-04463,2020-06-17 05:00:00,65.18,97.20
129-04463,2020-06-17 05:10:00,64.45,90.60
129-04463,2020-06-17 05:20:00,69.00,95.00
129-04463,2020-06-17 05:30:00,64.96,73.50
129-04463,2020-06-17 05:40:00,70.21,69.70
129-04463,2020-06-17 05:50:00,74.19,52.10
129-04463,2020-06-17 06:00:00,72.93,72.70
129-04463,2020-06-17 06:10:00,66.45,95.30
129-04463,2020-06-17 06:20:00,71.85,90.80
129-04463,2020-06-17 06:30:00,69.53,96.20
129-04463,2020-06-17 06:40:00,66.59,100.00
129-04463,2020-06-17 06:50:00,69.28,87.00
129-04463,2020-06-17 07:00:00,72.39,80.50
129-04463,2020-06-17 07:10:00,68.95,83.80
129-04463,2020-06-17 07:20:00,66.00,97.80
129-04463,2020-06-17 07:30:00,63.45,100.00
129-04463,2020-06-17 07:40:00,63.66,100.00
129-04463,2020-06-17 07:50:00,66.19,96.40
129-04463,2020-06-17 08:00:00,64.99,89.10
129-04463,2020-06-17 08:10:00,64.89,93.30
129-04463,2020-06-17 08:20:00,64.10,100.00
129-04463,2020-06-17 08:30:00,65.14,92.80
129-04463,2020-06-17 08:40:00,66.99,87.30
129-04463,2020-06-17 08:50:00,61.92,98.70
129-04463,2020-06-17 09:00:00,63.83,100.00
129-04463,2020-06-17 09:10:00,61.95,100.00
129-04463,2020-06-17 09:20:00,62.49,100.00
129-04463,2020-06-17 09:30:00,62.29,100.00
129-04463,2020-06-17 09:40:00,61.75,100.00
129-04463,2020-06-17 09:50:00,64.58,100.00
129-04463,2020-06-17 10:00:00,64.98,96.60
129-04463,2020-06-17 10:10:00,64.09,98.20
129-04463,2020-06-17 10:20:00,64.88,96.30
129-04463,2020-06-17 10:30:00,62.58,100.00
129-04463,2020-06-17 10:40:00,62.90,100.00
129-04463,2020-06-17 10:50:00,62.20,100.00
129-04463,2020-06-17 11:00:00,65.90,95.20
129-04463,2020-06-17 11:10:00,63.37,100.00
129-04463,2020-06-17 11:20:00,62.49,100.00
129-04463,2020-06-17 11:30:00,63.08,100.00
129-04463,2020-06-17 11:40:00,63.60,100.00
129-04463,2020-06-17 11:50:00,61.79,100.00
129-04463,2020-06-17 12:00:00,64.19,100.00
129-04463,2020-06-17 12:10:00,64.78,99.20
129-04463,2020-06-17 12:20:00,62.24,100.00
129-04463,2020-06-17 12:30:00,62.57,100.00
129-04463,2020-06-17 12:40:00,63.70,100.00
129-04463,2020-06-17 12:50:00,64.17,99.60
129-04463,2020-06-17 13:00:00,63.20,100.00
129-04463,2020-06-17 13:10:00,63.47,98.70
129-04463,2020-06-17 13:20:00,65.08,100.00
129-04463,2020-06-17 13:30:00,63.48,100.00
129-04463,2020-06-17 13:40:00,62.00,100.00
129-04463,2020-06-17 13:50:00,65.14,84.50
129-04463,2020-06-17 14:00:00,66.38,89.80
129-04463,2020-06-17 14:10:00,64.58,100.00
129-04463,2020-06-17 14:20:00,62.99,100.00
129-04463,2020-06-17 14:30:00,61.89,100.00
129-04463,2020-06-17 14:40:00,63.10,100.00
129-04463,2020-06-17 14:50:00,63.59,100.00
129-04463,2020-06-17 15:00:00,64.59,100.00
129-04463,2020-06-17 15:10:00,63.19,100.00
129-04463,2020-06-17 15:20:00,63.79,100.00
129-04463,2020-06-17 15:30:00,64.50,100.00
129-04463,2020-06-17 15:40:00,62.39,100.00
129-04463,2020-06-17 15:50:00,62.37,100.00
129-04463,2020-06-17 16:00:00,65.37,93.60
129-04463,2020-06-17 16:10:00,64.10,100.00
129-04463,2020-06-17 16:20:00,65.20,100.00
129-04463,2020-06-17 16:30:00,66.09,98.60
129-04463,2020-06-17 16:40:00,65.79,97.50
129-04463,2020-06-17 16:50:00,65.48,100.00
129-04463,2020-06-17 17:00:00,63.09,100.00
129-04463,2020-06-17 17:10:00,63.68,100.00
129-04463,2020-06-17 17:20:00,64.49,100.00
129-04463,2020-06-17 17:30:00,65.79,100.00
129-04463,2020-06-17 17:40:00,66.39,100.00
129-04463,2020-06-17 17:50:00,67.29,100.00
129-04463,2020-06-17 18:00:00,68.58,89.00
129-04463,2020-06-17 18:10:00,68.71,85.20
129-04463,2020-06-17 18:20:00,67.04,96.00
129-04463,2020-06-17 18:30:00,69.70,96.90
129-04463,2020-06-17 18:40:00,65.82,90.40
129-04463,2020-06-17 18:50:00,65.82,100.00
129-04463,2020-06-17 19:00:00,69.48,87.90
129-04463,2020-06-17 19:10:00,69.11,79.70
129-04463,2020-06-17 19:20:00,67.10,96.80
129-04463,2020-06-17 19:30:00,66.63,97.10
129-04463,2020-06-17 19:40:00,70.89,82.20
129-04463,2020-06-17 19:50:00,69.98,96.40
129-04463,2020-06-17 20:00:00,64.45,90.90
129-04463,2020-06-17 20:10:00,65.05,100.00
129-04463,2020-06-17 20:20:00,65.07,100.00
129-04463,2020-06-17 20:30:00,69.67,79.60
129-04463,2020-06-17 20:40:00,70.29,86.90
129-04463,2020-06-17 20:50:00,72.92,50.40
129-04463,2020-06-17 21:00:00,67.37,81.60
129-04463,2020-06-17 21:10:00,70.00,99.90
129-04463,2020-06-17 21:20:00,64.15,77.30
129-04463,2020-06-17 21:30:00,57.19,36.30
129-04463,2020-06-17 21:40:00,60.97,84.10
129-04463,2020-06-17 21:50:00,64.46,93.10
129-04463,2020-06-17 22:00:00,63.79,99.10
129-04463,2020-06-17 22:10:00,63.80,100.00
129-04463,2020-06-17 22:20:00,65.29,99.90
129-04463,2020-06-17 22:30:00,70.69,100.00
129-04463,2020-06-17 22:40:00,71.77,97.00
129-04463,2020-06-17 22:50:00,61.67,71.20
129-04463,2020-06-17 23:00:00,52.54,37.50
129-04463,2020-06-17 23:10:00,62.00,92.75
129-04463,2020-06-17 23:20:00,69.00,81.29
129-04463,2020-06-17 23:30:00,62.76,97.30
129-04463,2020-06-17 23:40:00,62.30,96.70
129-04463,2020-06-17 23:50:00,57.91,69.63
129-04441,2020-06-17 00:00:00,70.09,90.60
129-04441,2020-06-17 00:10:00,70.00,95.44
129-04441,2020-06-17 00:20:00,67.33,92.83
129-04441,2020-06-17 00:30:00,71.00,96.90
129-04441,2020-06-17 00:40:00,71.00,97.00
129-04441,2020-06-17 00:50:00,,
129-04441,2020-06-17 01:00:00,66.00,64.00
129-04441,2020-06-17 01:10:00,65.70,73.10
129-04441,2020-06-17 01:20:00,65.00,80.33
129-04441,2020-06-17 01:30:00,,
129-04441,2020-06-17 01:40:00,,
129-04441,2020-06-17 01:50:00,,
129-04441,2020-06-17 02:00:00,,
129-04441,2020-06-17 02:10:00,,
129-04441,2020-06-17 02:20:00,65.00,
129-04441,2020-06-17 02:30:00,72.71,63.20
129-04441,2020-06-17 02:40:00,75.71,56.30
129-04441,2020-06-17 02:50:00,70.08,86.00
129-04441,2020-06-17 03:00:00,68.10,69.70
129-04441,2020-06-17 03:10:00,65.87,54.00
129-04441,2020-06-17 03:20:00,62.00,33.80
129-04441,2020-06-17 03:30:00,65.81,88.40
129-04441,2020-06-17 03:40:00,72.67,32.20
129-04441,2020-06-17 03:50:00,79.16,20.67
129-04441,2020-06-17 04:00:00,,
129-04441,2020-06-17 04:10:00,72.95,49.00
129-04441,2020-06-17 04:20:00,70.64,76.60
129-04441,2020-06-17 04:30:00,64.92,48.67
129-04441,2020-06-17 04:40:00,74.19,68.70
129-04441,2020-06-17 04:50:00,68.77,89.90
129-04441,2020-06-17 05:00:00,67.57,92.40
129-04441,2020-06-17 05:10:00,71.50,79.50
129-04441,2020-06-17 05:20:00,63.33,48.80
129-04441,2020-06-17 05:30:00,62.41,57.43
129-04441,2020-06-17 05:40:00,74.71,36.20
129-04441,2020-06-17 05:50:00,77.13,43.00
129-04441,2020-06-17 06:00:00,73.93,84.50
129-04441,2020-06-17 06:10:00,68.22,98.50
129-04441,2020-06-17 06:20:00,72.01,97.80
129-04441,2020-06-17 06:30:00,71.84,100.00
129-04441,2020-06-17 06:40:00,70.37,100.00
129-04441,2020-06-17 06:50:00,75.69,65.00
129-04441,2020-06-17 07:00:00,73.75,88.70
129-04441,2020-06-17 07:10:00,71.16,99.20
129-04441,2020-06-17 07:20:00,67.55,100.00
129-04441,2020-06-17 07:30:00,68.55,100.00
129-04441,2020-06-17 07:40:00,69.58,100.00
129-04441,2020-06-17 07:50:00,71.96,92.70
129-04441,2020-06-17 08:00:00,73.05,81.10
129-04441,2020-06-17 08:10:00,70.16,97.40
129-04441,2020-06-17 08:20:00,70.98,98.00
129-04441,2020-06-17 08:30:00,71.96,96.70
129-04441,2020-06-17 08:40:00,68.06,99.80
129-04441,2020-06-17 08:50:00,69.49,99.80
129-04441,2020-06-17 09:00:00,70.66,92.60
129-04441,2020-06-17 09:10:00,71.62,86.90
129-04441,2020-06-17 09:20:00,69.87,100.00
129-04441,2020-06-17 09:30:00,69.08,100.00
129-04441,2020-06-17 09:40:00,68.60,100.00
129-04441,2020-06-17 09:50:00,68.76,100.00
129-04441,2020-06-17 10:00:00,72.33,74.90
129-04441,2020-06-17 10:10:00,74.78,95.00
129-04441,2020-06-17 10:20:00,70.78,100.00
129-04441,2020-06-17 10:30:00,69.99,100.00
129-04441,2020-06-17 10:40:00,68.10,100.00
129-04441,2020-06-17 10:50:00,69.69,95.40
129-04441,2020-06-17 11:00:00,69.80,100.00
129-04441,2020-06-17 11:10:00,67.96,100.00
129-04441,2020-06-17 11:20:00,74.35,78.80
129-04441,2020-06-17 11:30:00,68.29,100.00
129-04441,2020-06-17 11:40:00,68.68,100.00
129-04441,2020-06-17 11:50:00,69.76,100.00
129-04441,2020-06-17 12:00:00,67.34,100.00
129-04441,2020-06-17 12:10:00,66.97,100.00
129-04441,2020-06-17 12:20:00,67.17,100.00
129-04441,2020-06-17 12:30:00,68.88,100.00
129-04441,2020-06-17 12:40:00,66.58,100.00
129-04441,2020-06-17 12:50:00,70.98,100.00
129-04441,2020-06-17 13:00:00,70.77,100.00
129-04441,2020-06-17 13:10:00,68.88,100.00
129-04441,2020-06-17 13:20:00,68.68,100.00
129-04441,2020-06-17 13:30:00,67.75,100.00
129-04441,2020-06-17 13:40:00,67.89,100.00
129-04441,2020-06-17 13:50:00,68.56,100.00
129-04441,2020-06-17 14:00:00,69.89,98.10
129-04441,2020-06-17 14:10:00,70.39,100.00
129-04441,2020-06-17 14:20:00,68.17,100.00
129-04441,2020-06-17 14:30:00,68.47,100.00
129-04441,2020-06-17 14:40:00,68.59,100.00
129-04441,2020-06-17 14:50:00,67.59,100.00
129-04441,2020-06-17 15:00:00,67.80,100.00
129-04441,2020-06-17 15:10:00,68.29,100.00
129-04441,2020-06-17 15:20:00,66.87,100.00
129-04441,2020-06-17 15:30:00,67.69,100.00
129-04441,2020-06-17 15:40:00,68.39,100.00
129-04441,2020-06-17 15:50:00,68.36,100.00
129-04441,2020-06-17 16:00:00,68.28,100.00
129-04441,2020-06-17 16:10:00,68.58,100.00
129-04441,2020-06-17 16:20:00,65.89,100.00
129-04441,2020-06-17 16:30:00,66.00,100.00
129-04441,2020-06-17 16:40:00,67.57,100.00
129-04441,2020-06-17 16:50:00,66.07,100.00
129-04441,2020-06-17 17:00:00,64.79,100.00
129-04441,2020-06-17 17:10:00,65.78,100.00
129-04441,2020-06-17 17:20:00,65.87,100.00
129-04441,2020-06-17 17:30:00,68.89,100.00
129-04441,2020-06-17 17:40:00,68.79,100.00
129-04441,2020-06-17 17:50:00,68.99,100.00
129-04441,2020-06-17 18:00:00,70.90,100.00
129-04441,2020-06-17 18:10:00,70.78,97.70
129-04441,2020-06-17 18:20:00,70.82,100.00
129-04441,2020-06-17 18:30:00,70.49,100.00
129-04441,2020-06-17 18:40:00,69.13,100.00
129-04441,2020-06-17 18:50:00,71.59,94.30
129-04441,2020-06-17 19:00:00,64.10,62.80
129-04441,2020-06-17 19:10:00,72.78,87.30
129-04441,2020-06-17 19:20:00,71.07,79.20
129-04441,2020-06-17 19:30:00,65.06,83.60
129-04441,2020-06-17 19:40:00,68.14,100.00
129-04441,2020-06-17 19:50:00,67.60,100.00
129-04441,2020-06-17 20:00:00,66.98,100.00
129-04441,2020-06-17 20:10:00,66.96,100.00
129-04441,2020-06-17 20:20:00,71.77,89.30
129-04441,2020-06-17 20:30:00,70.50,100.00
129-04441,2020-06-17 20:40:00,70.78,100.00
129-04441,2020-06-17 20:50:00,65.15,100.00
129-04441,2020-06-17 21:00:00,66.74,93.90
129-04441,2020-06-17 21:10:00,65.30,100.00
129-04441,2020-06-17 21:20:00,65.60,100.00
129-04441,2020-06-17 21:30:00,67.71,100.00
129-04441,2020-06-17 21:40:00,69.98,100.00
129-04441,2020-06-17 21:50:00,68.65,100.00
129-04441,2020-06-17 22:00:00,65.41,93.50
129-04441,2020-06-17 22:10:00,66.75,100.00
129-04441,2020-06-17 22:20:00,65.20,100.00
129-04441,2020-06-17 22:30:00,65.00,100.00
129-04441,2020-06-17 22:40:00,65.58,100.00
129-04441,2020-06-17 22:50:00,69.00,100.00
129-04441,2020-06-17 23:00:00,74.13,42.50
129-04441,2020-06-17 23:10:00,71.12,83.40
129-04441,2020-06-17 23:20:00,68.88,96.30
129-04441,2020-06-17 23:30:00,67.69,86.60
129-04441,2020-06-17 23:40:00,72.02,72.56
129-04441,2020-06-17 23:50:00,76.73,44.70
129-04442,2020-06-17 00:00:00,71.65,83.90
129-04442,2020-06-17 00:10:00,70.00,90.43
129-04442,2020-06-17 00:20:00,68.54,86.11
129-04442,2020-06-17 00:30:00,68.14,80.20
129-04442,2020-06-17 00:40:00,66.38,73.70
129-04442,2020-06-17 00:50:00,,
129-04442,2020-06-17 01:00:00,60.34,51.20
129-04442,2020-06-17 01:10:00,63.18,84.90
129-04442,2020-06-17 01:20:00,62.00,83.80
129-04442,2020-06-17 01:30:00,,
129-04442,2020-06-17 01:40:00,62.00,94.00
129-04442,2020-06-17 01:50:00,63.75,96.50
129-04442,2020-06-17 02:00:00,64.00,98.22
129-04442,2020-06-17 02:10:00,67.00,77.25
129-04442,2020-06-17 02:20:00,68.39,74.50
129-04442,2020-06-17 02:30:00,74.52,44.50
129-04442,2020-06-17 02:40:00,69.58,49.50
129-04442,2020-06-17 02:50:00,64.55,63.10
129-04442,2020-06-17 03:00:00,63.49,63.20
129-04442,2020-06-17 03:10:00,58.71,52.90
129-04442,2020-06-17 03:20:00,62.90,95.80
129-04442,2020-06-17 03:30:00,62.69,97.80
129-04442,2020-06-17 03:40:00,75.07,19.40
129-04442,2020-06-17 03:50:00,80.75,12.00
129-04442,2020-06-17 04:00:00,,
129-04442,2020-06-17 04:10:00,69.00,90.00
129-04442,2020-06-17 04:20:00,69.00,81.89
129-04442,2020-06-17 04:30:00,70.64,77.60
129-04442,2020-06-17 04:40:00,73.94,65.10
129-04442,2020-06-17 04:50:00,70.48,93.50
129-04442,2020-06-17 05:00:00,62.00,32.80
129-04442,2020-06-17 05:10:00,63.73,63.40
129-04442,2020-06-17 05:20:00,67.00,92.50
129-04442,2020-06-17 05:30:00,66.78,61.17
129-04442,2020-06-17 05:40:00,76.99,20.50
129-04442,2020-06-17 05:50:00,73.74,70.40
129-04442,2020-06-17 06:00:00,75.23,76.90
129-04442,2020-06-17 06:10:00,71.98,86.50
129-04442,2020-06-17 06:20:00,72.17,99.60
129-04442,2020-06-17 06:30:00,70.74,100.00
129-04442,2020-06-17 06:40:00,70.84,99.70
129-04442,2020-06-17 06:50:00,70.37,98.00
129-04442,2020-06-17 07:00:00,68.63,99.10
129-04442,2020-06-17 07:10:00,70.46,94.20
129-04442,2020-06-17 07:20:00,67.54,96.90
129-04442,2020-06-17 07:30:00,68.96,98.10
129-04442,2020-06-17 07:40:00,69.59,100.00
129-04442,2020-06-17 07:50:00,71.28,94.30
129-04442,2020-06-17 08:00:00,69.08,100.00
129-04442,2020-06-17 08:10:00,70.80,97.90
129-04442,2020-06-17 08:20:00,68.73,100.00
129-04442,2020-06-17 08:30:00,65.57,100.00
129-04442,2020-06-17 08:40:00,65.23,100.00
129-04442,2020-06-17 08:50:00,66.48,99.90
129-04442,2020-06-17 09:00:00,68.86,87.20
129-04442,2020-06-17 09:10:00,70.47,65.20
129-04442,2020-06-17 09:20:00,67.59,98.40
129-04442,2020-06-17 09:30:00,67.79,100.00
129-04442,2020-06-17 09:40:00,68.28,100.00
129-04442,2020-06-17 09:50:00,66.93,99.80
129-04442,2020-06-17 10:00:00,67.58,100.00
129-04442,2020-06-17 10:10:00,69.78,96.40
129-04442,2020-06-17 10:20:00,69.28,100.00
129-04442,2020-06-17 10:30:00,68.28,100.00
129-04442,2020-06-17 10:40:00,65.66,99.90
129-04442,2020-06-17 10:50:00,67.28,100.00
129-04442,2020-06-17 11:00:00,65.69,100.00
129-04442,2020-06-17 11:10:00,68.07,95.70
129-04442,2020-06-17 11:20:00,71.75,75.40
129-04442,2020-06-17 11:30:00,67.29,100.00
129-04442,2020-06-17 11:40:00,66.78,100.00
129-04442,2020-06-17 11:50:00,67.78,100.00
129-04442,2020-06-17 12:00:00,64.58,100.00
129-04442,2020-06-17 12:10:00,64.16,100.00
129-04442,2020-06-17 12:20:00,64.28,100.00
129-04442,2020-06-17 12:30:00,64.95,100.00
129-04442,2020-06-17 12:40:00,66.78,100.00
129-04442,2020-06-17 12:50:00,69.29,100.00
129-04442,2020-06-17 13:00:00,68.47,100.00
129-04442,2020-06-17 13:10:00,65.87,100.00
129-04442,2020-06-17 13:20:00,68.19,100.00
129-04442,2020-06-17 13:30:00,67.49,100.00
129-04442,2020-06-17 13:40:00,65.28,100.00
129-04442,2020-06-17 13:50:00,65.89,100.00
129-04442,2020-06-17 14:00:00,66.99,99.60
129-04442,2020-06-17 14:10:00,66.58,100.00
129-04442,2020-06-17 14:20:00,61.86,100.00
129-04442,2020-06-17 14:30:00,62.89,100.00
129-04442,2020-06-17 14:40:00,62.60,100.00
129-04442,2020-06-17 14:50:00,62.29,100.00
129-04442,2020-06-17 15:00:00,55.29,100.00
129-04442,2020-06-17 15:10:00,62.84,100.00
129-04442,2020-06-17 15:20:00,64.43,98.80
129-04442,2020-06-17 15:30:00,62.88,100.00
129-04442,2020-06-17 15:40:00,52.82,100.00
129-04442,2020-06-17 15:50:00,38.98,100.00
129-04442,2020-06-17 16:00:00,42.76,100.00
129-04442,2020-06-17 16:10:00,41.72,100.00
129-04442,2020-06-17 16:20:00,52.93,100.00
129-04442,2020-06-17 16:30:00,60.53,100.00
129-04442,2020-06-17 16:40:00,56.57,100.00
129-04442,2020-06-17 16:50:00,40.26,100.00
129-04442,2020-06-17 17:00:00,32.59,100.00
129-04442,2020-06-17 17:10:00,43.20,100.00
129-04442,2020-06-17 17:20:00,61.84,100.00
129-04442,2020-06-17 17:30:00,64.68,100.00
129-04442,2020-06-17 17:40:00,65.79,100.00
129-04442,2020-06-17 17:50:00,66.38,100.00
129-04442,2020-06-17 18:00:00,72.73,95.30
129-04442,2020-06-17 18:10:00,70.95,96.90
129-04442,2020-06-17 18:20:00,70.27,100.00
129-04442,2020-06-17 18:30:00,71.68,100.00
129-04442,2020-06-17 18:40:00,67.45,100.00
129-04442,2020-06-17 18:50:00,69.95,92.50
129-04442,2020-06-17 19:00:00,65.07,96.90
129-04442,2020-06-17 19:10:00,70.17,100.00
129-04442,2020-06-17 19:20:00,65.47,100.00
129-04442,2020-06-17 19:30:00,66.64,100.00
129-04442,2020-06-17 19:40:00,70.70,96.30
129-04442,2020-06-17 19:50:00,72.36,70.50
129-04442,2020-06-17 20:00:00,70.90,81.50
129-04442,2020-06-17 20:10:00,66.10,100.00
129-04442,2020-06-17 20:20:00,67.55,99.60
129-04442,2020-06-17 20:30:00,71.57,94.50
129-04442,2020-06-17 20:40:00,70.74,94.10
129-04442,2020-06-17 20:50:00,69.58,96.30
129-04442,2020-06-17 21:00:00,64.43,96.40
129-04442,2020-06-17 21:10:00,65.10,100.00
129-04442,2020-06-17 21:20:00,68.17,85.00
129-04442,2020-06-17 21:30:00,70.19,83.90
129-04442,2020-06-17 21:40:00,71.87,66.40
129-04442,2020-06-17 21:50:00,68.94,81.80
129-04442,2020-06-17 22:00:00,71.15,83.10
129-04442,2020-06-17 22:10:00,70.04,90.60
129-04442,2020-06-17 22:20:00,68.49,98.90
129-04442,2020-06-17 22:30:00,69.84,96.90
129-04442,2020-06-17 22:40:00,71.14,89.70
129-04442,2020-06-17 22:50:00,68.00,100.00
129-04442,2020-06-17 23:00:00,71.74,88.50
129-04442,2020-06-17 23:10:00,66.22,62.60
129-04442,2020-06-17 23:20:00,69.17,80.40
129-04442,2020-06-17 23:30:00,68.59,97.00
129-04442,2020-06-17 23:40:00,73.19,56.00
129-04442,2020-06-17 23:50:00,74.48,63.60
129-04464,2020-06-17 00:00:00,73.90,87.20
129-04464,2020-06-17 00:10:00,66.58,48.86
129-04464,2020-06-17 00:20:00,65.00,49.14
129-04464,2020-06-17 00:30:00,67.71,96.00
129-04464,2020-06-17 00:40:00,68.00,98.00
129-04464,2020-06-17 00:50:00,,
129-04464,2020-06-17 01:00:00,,
129-04464,2020-06-17 01:10:00,65.25,93.75
129-04464,2020-06-17 01:20:00,65.00,97.50
129-04464,2020-06-17 01:30:00,66.00,98.00
129-04464,2020-06-17 01:40:00,66.00,98.40
129-04464,2020-06-17 01:50:00,,
129-04464,2020-06-17 02:00:00,,
129-04464,2020-06-17 02:10:00,,
129-04464,2020-06-17 02:20:00,,
129-04464,2020-06-17 02:30:00,,
129-04464,2020-06-17 02:40:00,58.90,80.20
129-04464,2020-06-17 02:50:00,62.29,89.80
129-04464,2020-06-17 03:00:00,62.00,98.67
129-04464,2020-06-17 03:10:00,,
129-04464,2020-06-17 03:20:00,66.00,78.10
129-04464,2020-06-17 03:30:00,66.00,84.00
129-04464,2020-06-17 03:40:00,66.76,86.30
129-04464,2020-06-17 03:50:00,69.87,34.20
129-04464,2020-06-17 04:00:00,51.56,11.11
129-04464,2020-06-17 04:10:00,,
129-04464,2020-06-17 04:20:00,59.00,72.00
129-04464,2020-06-17 04:30:00,70.00,78.63
129-04464,2020-06-17 04:40:00,70.00,73.00
129-04464,2020-06-17 04:50:00,71.47,80.40
129-04464,2020-06-17 05:00:00,65.63,71.80
129-04464,2020-06-17 05:10:00,64.80,72.80
129-04464,2020-06-17 05:20:00,64.00,81.50
129-04464,2020-06-17 05:30:00,,
129-04464,2020-06-17 05:40:00,75.00,32.60
129-04464,2020-06-17 05:50:00,75.88,38.90
129-04464,2020-06-17 06:00:00,73.91,78.44
129-04464,2020-06-17 06:10:00,68.13,98.00
129-04464,2020-06-17 06:20:00,69.66,97.60
129-04464,2020-06-17 06:30:00,70.49,98.60
129-04464,2020-06-17 06:40:00,70.99,97.90
129-04464,2020-06-17 06:50:00,71.63,87.60
129-04464,2020-06-17 07:00:00,73.88,83.90
129-04464,2020-06-17 07:10:00,69.18,99.20
129-04464,2020-06-17 07:20:00,66.88,100.00
129-04464,2020-06-17 07:30:00,65.29,100.00
129-04464,2020-06-17 07:40:00,69.44,95.50
129-04464,2020-06-17 07:50:00,74.03,61.40
129-04464,2020-06-17 08:00:00,69.81,91.00
129-04464,2020-06-17 08:10:00,67.49,100.00
129-04464,2020-06-17 08:20:00,65.96,100.00
129-04464,2020-06-17 08:30:00,70.56,95.60
129-04464,2020-06-17 08:40:00,68.14,98.90
129-04464,2020-06-17 08:50:00,64.37,97.20
129-04464,2020-06-17 09:00:00,65.88,100.00
129-04464,2020-06-17 09:10:00,65.69,100.00
129-04464,2020-06-17 09:20:00,68.44,91.20
129-04464,2020-06-17 09:30:00,65.37,98.10
129-04464,2020-06-17 09:40:00,65.65,98.30
129-04464,2020-06-17 09:50:00,67.08,100.00
129-04464,2020-06-17 10:00:00,65.09,100.00
129-04464,2020-06-17 10:10:00,70.01,69.00
129-04464,2020-06-17 10:20:00,70.75,74.60
129-04464,2020-06-17 10:30:00,67.98,100.00
129-04464,2020-06-17 10:40:00,66.20,99.90
129-04464,2020-06-17 10:50:00,64.47,99.60
129-04464,2020-06-17 11:00:00,66.12,95.00
129-04464,2020-06-17 11:10:00,65.80,98.20
129-04464,2020-06-17 11:20:00,65.89,99.40
129-04464,2020-06-17 11:30:00,66.68,99.20
129-04464,2020-06-17 11:40:00,66.08,99.90
129-04464,2020-06-17 11:50:00,65.69,99.60
129-04464,2020-06-17 12:00:00,67.90,100.00
129-04464,2020-06-17 12:10:00,66.86,99.00
129-04464,2020-06-17 12:20:00,62.95,77.60
129-04464,2020-06-17 12:30:00,62.66,72.50
129-04464,2020-06-17 12:40:00,64.69,99.60
129-04464,2020-06-17 12:50:00,68.36,93.90
129-04464,2020-06-17 13:00:00,65.66,98.70
129-04464,2020-06-17 13:10:00,65.44,97.70
129-04464,2020-06-17 13:20:00,68.98,93.80
129-04464,2020-06-17 13:30:00,67.27,98.20
129-04464,2020-06-17 13:40:00,66.99,100.00
129-04464,2020-06-17 13:50:00,67.68,100.00
129-04464,2020-06-17 14:00:00,65.63,91.50
129-04464,2020-06-17 14:10:00,65.35,94.60
129-04464,2020-06-17 14:20:00,68.50,96.40
129-04464,2020-06-17 14:30:00,67.58,97.90
129-04464,2020-06-17 14:40:00,66.48,100.00
129-04464,2020-06-17 14:50:00,69.39,98.00
129-04464,2020-06-17 15:00:00,67.38,100.00
129-04464,2020-06-17 15:10:00,66.79,100.00
129-04464,2020-06-17 15:20:00,66.39,100.00
129-04464,2020-06-17 15:30:00,67.62,94.70
129-04464,2020-06-17 15:40:00,70.10,96.60
129-04464,2020-06-17 15:50:00,70.11,90.00
129-04464,2020-06-17 16:00:00,69.27,98.10
129-04464,2020-06-17 16:10:00,68.88,99.00
129-04464,2020-06-17 16:20:00,69.38,99.00
129-04464,2020-06-17 16:30:00,68.19,99.90
129-04464,2020-06-17 16:40:00,67.39,100.00
129-04464,2020-06-17 16:50:00,68.69,100.00
129-04464,2020-06-17 17:00:00,66.05,100.00
129-04464,2020-06-17 17:10:00,64.85,93.50
129-04464,2020-06-17 17:20:00,66.68,100.00
129-04464,2020-06-17 17:30:00,67.86,100.00
129-04464,2020-06-17 17:40:00,68.02,98.80
129-04464,2020-06-17 17:50:00,70.50,100.00
129-04464,2020-06-17 18:00:00,71.48,97.50
129-04464,2020-06-17 18:10:00,71.89,96.70
129-04464,2020-06-17 18:20:00,74.58,80.80
129-04464,2020-06-17 18:30:00,72.39,98.60
129-04464,2020-06-17 18:40:00,69.05,100.00
129-04464,2020-06-17 18:50:00,71.34,88.10
129-04464,2020-06-17 19:00:00,72.98,95.10
129-04464,2020-06-17 19:10:00,68.54,80.50
129-04464,2020-06-17 19:20:00,65.70,80.40
129-04464,2020-06-17 19:30:00,67.32,82.80
129-04464,2020-06-17 19:40:00,74.99,57.00
129-04464,2020-06-17 19:50:00,71.26,95.10
129-04464,2020-06-17 20:00:00,67.39,100.00
129-04464,2020-06-17 20:10:00,69.17,100.00
129-04464,2020-06-17 20:20:00,67.60,100.00
129-04464,2020-06-17 20:30:00,72.05,91.10
129-04464,2020-06-17 20:40:00,69.77,97.20
129-04464,2020-06-17 20:50:00,76.97,32.40
129-04464,2020-06-17 21:00:00,70.59,100.00
129-04464,2020-06-17 21:10:00,72.20,99.40
129-04464,2020-06-17 21:20:00,62.97,52.60
129-04464,2020-06-17 21:30:00,60.46,40.20
129-04464,2020-06-17 21:40:00,67.91,86.30
129-04464,2020-06-17 21:50:00,71.03,82.20
129-04464,2020-06-17 22:00:00,69.07,100.00
129-04464,2020-06-17 22:10:00,66.89,100.00
129-04464,2020-06-17 22:20:00,67.35,100.00
129-04464,2020-06-17 22:30:00,73.03,92.50
129-04464,2020-06-17 22:40:00,73.67,91.60
129-04464,2020-06-17 22:50:00,72.59,100.00
129-04464,2020-06-17 23:00:00,63.67,46.86
129-04464,2020-06-17 23:10:00,75.89,49.40
129-04464,2020-06-17 23:20:00,68.39,80.60
129-04464,2020-06-17 23:30:00,67.71,88.86
129-04464,2020-06-17 23:40:00,66.00,83.00
129-04464,2020-06-17 23:50:00,53.22,10.67
129-04440,2020-06-17 00:00:00,72.16,68.90
129-04440,2020-06-17 00:10:00,70.90,75.70
129-04440,2020-06-17 00:20:00,68.40,59.80
129-04440,2020-06-17 00:30:00,68.00,56.00
129-04440,2020-06-17 00:40:00,,
129-04440,2020-06-17 00:50:00,,
129-04440,2020-06-17 01:00:00,66.00,82.00
129-04440,2020-06-17 01:10:00,65.10,94.50
129-04440,2020-06-17 01:20:00,66.00,99.14
129-04440,2020-06-17 01:30:00,,
129-04440,2020-06-17 01:40:00,,
129-04440,2020-06-17 01:50:00,,
129-04440,2020-06-17 02:00:00,,
129-04440,2020-06-17 02:10:00,,
129-04440,2020-06-17 02:20:00,,
129-04440,2020-06-17 02:30:00,74.84,77.89
129-04440,2020-06-17 02:40:00,79.43,63.00
129-04440,2020-06-17 02:50:00,71.09,57.10
129-04440,2020-06-17 03:00:00,69.29,60.00
129-04440,2020-06-17 03:10:00,69.00,67.50
129-04440,2020-06-17 03:20:00,64.11,32.78
129-04440,2020-06-17 03:30:00,67.92,84.70
129-04440,2020-06-17 03:40:00,69.42,44.30
129-04440,2020-06-17 03:50:00,78.85,18.57
129-04440,2020-06-17 04:00:00,,
129-04440,2020-06-17 04:10:00,,
129-04440,2020-06-17 04:20:00,70.99,87.75
129-04440,2020-06-17 04:30:00,68.19,54.50
129-04440,2020-06-17 04:40:00,73.85,67.60
129-04440,2020-06-17 04:50:00,71.08,95.70
129-04440,2020-06-17 05:00:00,70.40,96.40
129-04440,2020-06-17 05:10:00,73.58,67.20
129-04440,2020-06-17 05:20:00,68.79,83.00
129-04440,2020-06-17 05:30:00,69.62,94.38
129-04440,2020-06-17 05:40:00,76.03,59.50
129-04440,2020-06-17 05:50:00,79.09,46.80
129-04440,2020-06-17 06:00:00,76.44,78.20
129-04440,2020-06-17 06:10:00,70.86,94.30
129-04440,2020-06-17 06:20:00,70.86,99.70
129-04440,2020-06-17 06:30:00,72.87,98.80
129-04440,2020-06-17 06:40:00,70.20,98.60
129-04440,2020-06-17 06:50:00,76.34,65.00
129-04440,2020-06-17 07:00:00,77.66,56.20
129-04440,2020-06-17 07:10:00,73.16,95.40
129-04440,2020-06-17 07:20:00,72.21,98.40
129-04440,2020-06-17 07:30:00,71.32,98.90
129-04440,2020-06-17 07:40:00,71.79,96.10
129-04440,2020-06-17 07:50:00,74.65,89.00
129-04440,2020-06-17 08:00:00,76.00,78.60
129-04440,2020-06-17 08:10:00,73.88,96.60
129-04440,2020-06-17 08:20:00,75.09,96.50
129-04440,2020-06-17 08:30:00,75.26,92.50
129-04440,2020-06-17 08:40:00,72.20,87.40
129-04440,2020-06-17 08:50:00,71.06,95.70
129-04440,2020-06-17 09:00:00,70.00,99.50
129-04440,2020-06-17 09:10:00,71.06,98.80
129-04440,2020-06-17 09:20:00,70.98,99.60
129-04440,2020-06-17 09:30:00,71.39,99.50
129-04440,2020-06-17 09:40:00,70.70,100.00
129-04440,2020-06-17 09:50:00,71.59,98.90
129-04440,2020-06-17 10:00:00,75.23,73.60
129-04440,2020-06-17 10:10:00,76.64,71.50
129-04440,2020-06-17 10:20:00,72.63,100.00
129-04440,2020-06-17 10:30:00,75.70,99.60
129-04440,2020-06-17 10:40:00,72.77,93.50
129-04440,2020-06-17 10:50:00,74.01,76.10
129-04440,2020-06-17 11:00:00,74.59,96.00
129-04440,2020-06-17 11:10:00,72.56,95.90
129-04440,2020-06-17 11:20:00,74.99,87.90
129-04440,2020-06-17 11:30:00,70.74,98.10
129-04440,2020-06-17 11:40:00,70.29,100.00
129-04440,2020-06-17 11:50:00,71.42,100.00
129-04440,2020-06-17 12:00:00,74.28,94.60
129-04440,2020-06-17 12:10:00,72.59,96.40
129-04440,2020-06-17 12:20:00,71.19,98.50
129-04440,2020-06-17 12:30:00,72.57,98.70
129-04440,2020-06-17 12:40:00,70.75,99.80
129-04440,2020-06-17 12:50:00,73.85,100.00
129-04440,2020-06-17 13:00:00,72.48,100.00
129-04440,2020-06-17 13:10:00,73.26,100.00
129-04440,2020-06-17 13:20:00,72.24,97.90
129-04440,2020-06-17 13:30:00,71.37,100.00
129-04440,2020-06-17 13:40:00,72.98,100.00
129-04440,2020-06-17 13:50:00,72.27,98.00
129-04440,2020-06-17 14:00:00,70.09,100.00
129-04440,2020-06-17 14:10:00,71.48,100.00
129-04440,2020-06-17 14:20:00,73.07,93.70
129-04440,2020-06-17 14:30:00,70.40,99.40
129-04440,2020-06-17 14:40:00,74.27,100.00
129-04440,2020-06-17 14:50:00,73.10,100.00
129-04440,2020-06-17 15:00:00,72.19,100.00
129-04440,2020-06-17 15:10:00,70.39,100.00
129-04440,2020-06-17 15:20:00,72.38,98.20
129-04440,2020-06-17 15:30:00,74.19,98.10
129-04440,2020-06-17 15:40:00,75.99,100.00
129-04440,2020-06-17 15:50:00,73.84,94.88
129-04440,2020-06-17 16:00:00,72.44,99.10
129-04440,2020-06-17 16:10:00,72.80,100.00
129-04440,2020-06-17 16:20:00,71.18,100.00
129-04440,2020-06-17 16:30:00,70.10,100.00
129-04440,2020-06-17 16:40:00,70.69,100.00
129-04440,2020-06-17 16:50:00,69.76,100.00
129-04440,2020-06-17 17:00:00,68.40,100.00
129-04440,2020-06-17 17:10:00,69.17,100.00
129-04440,2020-06-17 17:20:00,70.39,100.00
129-04440,2020-06-17 17:30:00,70.50,100.00
129-04440,2020-06-17 17:40:00,71.29,98.90
129-04440,2020-06-17 17:50:00,71.88,100.00
129-04440,2020-06-17 18:00:00,75.67,100.00
129-04440,2020-06-17 18:10:00,75.58,85.90
129-04440,2020-06-17 18:20:00,71.10,100.00
129-04440,2020-06-17 18:30:00,70.79,100.00
129-04440,2020-06-17 18:40:00,71.91,97.80
129-04440,2020-06-17 18:50:00,74.69,94.60
129-04440,2020-06-17 19:00:00,65.50,69.30
129-04440,2020-06-17 19:10:00,72.47,96.60
129-04440,2020-06-17 19:20:00,73.28,91.00
129-04440,2020-06-17 19:30:00,66.47,57.80
129-04440,2020-06-17 19:40:00,71.88,100.00
129-04440,2020-06-17 19:50:00,70.39,100.00
129-04440,2020-06-17 20:00:00,72.27,98.40
129-04440,2020-06-17 20:10:00,68.92,94.50
129-04440,2020-06-17 20:20:00,77.79,48.00
129-04440,2020-06-17 20:30:00,75.59,92.10
129-04440,2020-06-17 20:40:00,74.43,96.40
129-04440,2020-06-17 20:50:00,69.99,100.00
129-04440,2020-06-17 21:00:00,71.59,100.00
129-04440,2020-06-17 21:10:00,70.91,99.30
129-04440,2020-06-17 21:20:00,66.57,86.70
129-04440,2020-06-17 21:30:00,66.01,80.50
129-04440,2020-06-17 21:40:00,71.26,90.20
129-04440,2020-06-17 21:50:00,72.40,84.40
129-04440,2020-06-17 22:00:00,66.56,67.70
129-04440,2020-06-17 22:10:00,71.40,86.00
129-04440,2020-06-17 22:20:00,69.38,100.00
129-04440,2020-06-17 22:30:00,71.47,91.80
129-04440,2020-06-17 22:40:00,76.60,53.88
129-04440,2020-06-17 22:50:00,68.10,82.29
129-04440,2020-06-17 23:00:00,69.40,81.20
129-04440,2020-06-17 23:10:00,74.69,75.40
129-04440,2020-06-17 23:20:00,70.69,95.40
129-04440,2020-06-17 23:30:00,70.69,87.10
129-04440,2020-06-17 23:40:00,73.01,81.00
129-04440,2020-06-17 23:50:00,81.78,27.70
129N04437,2020-06-17 00:00:00,60.09,80.30
129N04437,2020-06-17 00:10:00,64.00,82.67
129N04437,2020-06-17 00:20:00,,
129N04437,2020-06-17 00:30:00,56.00,57.00
129N04437,2020-06-17 00:40:00,56.00,80.67
129N04437,2020-06-17 00:50:00,,
129N04437,2020-06-17 01:00:00,55.00,96.13
129N04437,2020-06-17 01:10:00,55.00,100.00
129N04437,2020-06-17 01:20:00,,
129N04437,2020-06-17 01:30:00,,
129N04437,2020-06-17 01:40:00,,
129N04437,2020-06-17 01:50:00,62.00,100.00
129N04437,2020-06-17 02:00:00,62.00,100.00
129N04437,2020-06-17 02:10:00,,
129N04437,2020-06-17 02:20:00,,
129N04437,2020-06-17 02:30:00,,
129N04437,2020-06-17 02:40:00,61.00,99.25
129N04437,2020-06-17 02:50:00,61.00,100.00
129N04437,2020-06-17 03:00:00,56.66,88.25
129N04437,2020-06-17 03:10:00,58.00,99.17
129N04437,2020-06-17 03:20:00,,
129N04437,2020-06-17 03:30:00,55.00,87.50
129N04437,2020-06-17 03:40:00,58.76,67.10
129N04437,2020-06-17 03:50:00,67.00,41.00
129N04437,2020-06-17 04:00:00,53.00,55.56
129N04437,2020-06-17 04:10:00,,
129N04437,2020-06-17 04:20:00,,
129N04437,2020-06-17 04:30:00,63.16,88.00
129N04437,2020-06-17 04:40:00,62.99,78.67
129N04437,2020-06-17 04:50:00,55.00,84.00
129N04437,2020-06-17 05:00:00,56.18,65.70
129N04437,2020-06-17 05:10:00,60.06,94.90
129N04437,2020-06-17 05:20:00,63.32,69.40
129N04437,2020-06-17 05:30:00,59.96,65.50
129N04437,2020-06-17 05:40:00,66.53,43.90
129N04437,2020-06-17 05:50:00,64.02,67.80
129N04437,2020-06-17 06:00:00,64.44,91.40
129N04437,2020-06-17 06:10:00,63.91,89.90
129N04437,2020-06-17 06:20:00,62.31,84.60
129N04437,2020-06-17 06:30:00,61.83,99.20
129N04437,2020-06-17 06:40:00,61.41,99.60
129N04437,2020-06-17 06:50:00,60.32,96.80
129N04437,2020-06-17 07:00:00,65.46,76.60
129N04437,2020-06-17 07:10:00,57.82,99.30
129N04437,2020-06-17 07:20:00,58.48,100.00
129N04437,2020-06-17 07:30:00,60.04,98.30
129N04437,2020-06-17 07:40:00,62.31,90.20
129N04437,2020-06-17 07:50:00,57.89,100.00
129N04437,2020-06-17 08:00:00,57.60,100.00
129N04437,2020-06-17 08:10:00,60.76,84.00
129N04437,2020-06-17 08:20:00,60.71,93.20
129N04437,2020-06-17 08:30:00,58.30,99.60
129N04437,2020-06-17 08:40:00,64.64,74.80
129N04437,2020-06-17 08:50:00,59.20,91.50
129N04437,2020-06-17 09:00:00,56.63,99.00
129N04437,2020-06-17 09:10:00,57.81,98.60
129N04437,2020-06-17 09:20:00,57.10,100.00
129N04437,2020-06-17 09:30:00,58.76,100.00
129N04437,2020-06-17 09:40:00,58.49,100.00
129N04437,2020-06-17 09:50:00,57.09,100.00
129N04437,2020-06-17 10:00:00,57.69,100.00
129N04437,2020-06-17 10:10:00,58.46,100.00
129N04437,2020-06-17 10:20:00,56.78,100.00
129N04437,2020-06-17 10:30:00,56.79,100.00
129N04437,2020-06-17 10:40:00,57.68,100.00
129N04437,2020-06-17 10:50:00,56.37,100.00
129N04437,2020-06-17 11:00:00,58.97,100.00
129N04437,2020-06-17 11:10:00,59.59,100.00
129N04437,2020-06-17 11:20:00,59.66,92.80
129N04437,2020-06-17 11:30:00,58.27,100.00
129N04437,2020-06-17 11:40:00,62.14,98.60
129N04437,2020-06-17 11:50:00,58.86,100.00
129N04437,2020-06-17 12:00:00,59.17,100.00
129N04437,2020-06-17 12:10:00,59.87,99.40
129N04437,2020-06-17 12:20:00,57.37,100.00
129N04437,2020-06-17 12:30:00,57.80,100.00
129N04437,2020-06-17 12:40:00,57.40,100.00
129N04437,2020-06-17 12:50:00,57.30,100.00
129N04437,2020-06-17 13:00:00,57.00,100.00
129N04437,2020-06-17 13:10:00,57.35,100.00
129N04437,2020-06-17 13:20:00,56.69,100.00
129N04437,2020-06-17 13:30:00,55.87,100.00
129N04437,2020-06-17 13:40:00,58.77,100.00
129N04437,2020-06-17 13:50:00,60.49,97.80
129N04437,2020-06-17 14:00:00,60.58,95.90
129N04437,2020-06-17 14:10:00,62.78,94.80
129N04437,2020-06-17 14:20:00,61.18,100.00
129N04437,2020-06-17 14:30:00,60.79,100.00
129N04437,2020-06-17 14:40:00,59.91,99.10
129N04437,2020-06-17 14:50:00,61.48,99.80
129N04437,2020-06-17 15:00:00,60.68,100.00
129N04437,2020-06-17 15:10:00,59.59,100.00
129N04437,2020-06-17 15:20:00,59.78,100.00
129N04437,2020-06-17 15:30:00,60.98,100.00
129N04437,2020-06-17 15:40:00,59.99,100.00
129N04437,2020-06-17 15:50:00,56.98,100.00
129N04437,2020-06-17 16:00:00,57.87,100.00
129N04437,2020-06-17 16:10:00,59.18,100.00
129N04437,2020-06-17 16:20:00,61.49,100.00
129N04437,2020-06-17 16:30:00,60.58,96.40
129N04437,2020-06-17 16:40:00,58.97,99.40
129N04437,2020-06-17 16:50:00,57.49,100.00
129N04437,2020-06-17 17:00:00,61.19,100.00
129N04437,2020-06-17 17:10:00,60.19,100.00
129N04437,2020-06-17 17:20:00,59.28,100.00
129N04437,2020-06-17 17:30:00,59.88,100.00
129N04437,2020-06-17 17:40:00,57.05,100.00
129N04437,2020-06-17 17:50:00,60.35,100.00
129N04437,2020-06-17 18:00:00,61.10,100.00
129N04437,2020-06-17 18:10:00,60.19,100.00
129N04437,2020-06-17 18:20:00,60.91,93.30
129N04437,2020-06-17 18:30:00,63.10,86.50
129N04437,2020-06-17 18:40:00,60.69,100.00
129N04437,2020-06-17 18:50:00,54.73,100.00
129N04437,2020-06-17 19:00:00,63.70,84.00
129N04437,2020-06-17 19:10:00,65.18,70.50
129N04437,2020-06-17 19:20:00,60.90,100.00
129N04437,2020-06-17 19:30:00,67.33,51.70
129N04437,2020-06-17 19:40:00,62.60,87.40
129N04437,2020-06-17 19:50:00,63.65,100.00
129N04437,2020-06-17 20:00:00,59.38,100.00
129N04437,2020-06-17 20:10:00,58.66,100.00
129N04437,2020-06-17 20:20:00,59.29,100.00
129N04437,2020-06-17 20:30:00,61.07,100.00
129N04437,2020-06-17 20:40:00,60.56,100.00
129N04437,2020-06-17 20:50:00,59.73,100.00
129N04437,2020-06-17 21:00:00,60.05,86.00
129N04437,2020-06-17 21:10:00,58.00,90.10
129N04437,2020-06-17 21:20:00,58.58,100.00
129N04437,2020-06-17 21:30:00,61.67,84.50
129N04437,2020-06-17 21:40:00,58.18,100.00
129N04437,2020-06-17 21:50:00,61.76,90.90
129N04437,2020-06-17 22:00:00,56.78,98.60
129N04437,2020-06-17 22:10:00,59.15,100.00
129N04437,2020-06-17 22:20:00,55.73,94.60
129N04437,2020-06-17 22:30:00,52.00,52.00
129N04437,2020-06-17 22:40:00,61.32,99.67
129N04437,2020-06-17 22:50:00,59.08,100.00
129N04437,2020-06-17 23:00:00,62.16,70.60
129N04437,2020-06-17 23:10:00,63.00,67.50
129N04437,2020-06-17 23:20:00,53.23,40.00
129N04437,2020-06-17 23:30:00,51.00,28.50
129N04437,2020-06-17 23:40:00,58.00,100.00
129N04437,2020-06-17 23:50:00,58.00,99.80
129N04438,2020-06-17 00:00:00,56.56,64.40
129N04438,2020-06-17 00:10:00,61.00,59.33
129N04438,2020-06-17 00:20:00,,
129N04438,2020-06-17 00:30:00,53.00,79.00
129N04438,2020-06-17 00:40:00,53.00,84.80
129N04438,2020-06-17 00:50:00,,
129N04438,2020-06-17 01:00:00,49.00,88.13
129N04438,2020-06-17 01:10:00,49.00,96.33
129N04438,2020-06-17 01:20:00,,
129N04438,2020-06-17 01:30:00,,
129N04438,2020-06-17 01:40:00,,
129N04438,2020-06-17 01:50:00,,
129N04438,2020-06-17 02:00:00,,
129N04438,2020-06-17 02:10:00,,
129N04438,2020-06-17 02:20:00,,
129N04438,2020-06-17 02:30:00,,
129N04438,2020-06-17 02:40:00,54.00,100.00
129N04438,2020-06-17 02:50:00,54.00,100.00
129N04438,2020-06-17 03:00:00,50.94,89.75
129N04438,2020-06-17 03:10:00,52.00,99.00
129N04438,2020-06-17 03:20:00,,
129N04438,2020-06-17 03:30:00,49.00,87.00
129N04438,2020-06-17 03:40:00,54.49,57.70
129N04438,2020-06-17 03:50:00,67.00,22.71
129N04438,2020-06-17 04:00:00,48.00,63.89
129N04438,2020-06-17 04:10:00,,
129N04438,2020-06-17 04:20:00,,
129N04438,2020-06-17 04:30:00,54.00,99.00
129N04438,2020-06-17 04:40:00,53.32,96.50
129N04438,2020-06-17 04:50:00,48.00,83.00
129N04438,2020-06-17 05:00:00,50.45,81.50
129N04438,2020-06-17 05:10:00,55.15,89.10
129N04438,2020-06-17 05:20:00,48.55,82.10
129N04438,2020-06-17 05:30:00,47.98,85.00
129N04438,2020-06-17 05:40:00,64.43,31.50
129N04438,2020-06-17 05:50:00,57.59,70.00
129N04438,2020-06-17 06:00:00,58.79,88.90
129N04438,2020-06-17 06:10:00,61.27,87.90
129N04438,2020-06-17 06:20:00,53.10,99.20
129N04438,2020-06-17 06:30:00,52.48,100.00
129N04438,2020-06-17 06:40:00,54.97,100.00
129N04438,2020-06-17 06:50:00,52.66,100.00
129N04438,2020-06-17 07:00:00,61.11,73.80
129N04438,2020-06-17 07:10:00,52.75,100.00
129N04438,2020-06-17 07:20:00,52.25,100.00
129N04438,2020-06-17 07:30:00,53.26,100.00
129N04438,2020-06-17 07:40:00,54.10,100.00
129N04438,2020-06-17 07:50:00,51.59,100.00
129N04438,2020-06-17 08:00:00,51.00,100.00
129N04438,2020-06-17 08:10:00,52.75,100.00
129N04438,2020-06-17 08:20:00,51.09,100.00
129N04438,2020-06-17 08:30:00,51.38,100.00
129N04438,2020-06-17 08:40:00,54.24,91.40
129N04438,2020-06-17 08:50:00,52.00,100.00
129N04438,2020-06-17 09:00:00,51.49,100.00
129N04438,2020-06-17 09:10:00,51.38,100.00
129N04438,2020-06-17 09:20:00,50.64,100.00
129N04438,2020-06-17 09:30:00,51.60,100.00
129N04438,2020-06-17 09:40:00,52.28,100.00
129N04438,2020-06-17 09:50:00,50.69,100.00
129N04438,2020-06-17 10:00:00,51.20,100.00
129N04438,2020-06-17 10:10:00,51.40,100.00
129N04438,2020-06-17 10:20:00,50.89,100.00
129N04438,2020-06-17 10:30:00,49.78,100.00
129N04438,2020-06-17 10:40:00,48.60,100.00
129N04438,2020-06-17 10:50:00,50.20,100.00
129N04438,2020-06-17 11:00:00,49.05,100.00
129N04438,2020-06-17 11:10:00,50.79,100.00
129N04438,2020-06-17 11:20:00,51.73,95.40
129N04438,2020-06-17 11:30:00,51.40,100.00
129N04438,2020-06-17 11:40:00,53.32,100.00
129N04438,2020-06-17 11:50:00,50.28,100.00
129N04438,2020-06-17 12:00:00,51.49,100.00
129N04438,2020-06-17 12:10:00,51.49,100.00
129N04438,2020-06-17 12:20:00,50.29,100.00
129N04438,2020-06-17 12:30:00,50.29,100.00
129N04438,2020-06-17 12:40:00,50.18,100.00
129N04438,2020-06-17 12:50:00,50.69,100.00
129N04438,2020-06-17 13:00:00,49.16,100.00
129N04438,2020-06-17 13:10:00,50.17,100.00
129N04438,2020-06-17 13:20:00,50.39,100.00
129N04438,2020-06-17 13:30:00,49.48,100.00
129N04438,2020-06-17 13:40:00,50.49,100.00
129N04438,2020-06-17 13:50:00,52.86,94.90
129N04438,2020-06-17 14:00:00,53.80,95.10
129N04438,2020-06-17 14:10:00,56.49,100.00
129N04438,2020-06-17 14:20:00,50.25,100.00
129N04438,2020-06-17 14:30:00,50.57,100.00
129N04438,2020-06-17 14:40:00,48.99,100.00
129N04438,2020-06-17 14:50:00,52.39,100.00
129N04438,2020-06-17 15:00:00,53.66,100.00
129N04438,2020-06-17 15:10:00,52.00,100.00
129N04438,2020-06-17 15:20:00,51.89,100.00
129N04438,2020-06-17 15:30:00,52.19,100.00
129N04438,2020-06-17 15:40:00,51.50,100.00
129N04438,2020-06-17 15:50:00,51.12,100.00
129N04438,2020-06-17 16:00:00,51.10,100.00
129N04438,2020-06-17 16:10:00,51.20,100.00
129N04438,2020-06-17 16:20:00,51.10,100.00
129N04438,2020-06-17 16:30:00,49.27,100.00
129N04438,2020-06-17 16:40:00,49.77,100.00
129N04438,2020-06-17 16:50:00,51.10,100.00
129N04438,2020-06-17 17:00:00,52.10,100.00
129N04438,2020-06-17 17:10:00,51.29,100.00
129N04438,2020-06-17 17:20:00,49.78,100.00
129N04438,2020-06-17 17:30:00,49.87,100.00
129N04438,2020-06-17 17:40:00,49.18,100.00
129N04438,2020-06-17 17:50:00,51.80,100.00
129N04438,2020-06-17 18:00:00,52.89,100.00
129N04438,2020-06-17 18:10:00,51.79,100.00
129N04438,2020-06-17 18:20:00,50.33,100.00
129N04438,2020-06-17 18:30:00,53.00,100.00
129N04438,2020-06-17 18:40:00,52.86,97.80
129N04438,2020-06-17 18:50:00,48.93,100.00
129N04438,2020-06-17 19:00:00,53.46,88.60
129N04438,2020-06-17 19:10:00,52.01,91.00
129N04438,2020-06-17 19:20:00,51.10,100.00
129N04438,2020-06-17 19:30:00,59.83,42.40
129N04438,2020-06-17 19:40:00,50.85,100.00
129N04438,2020-06-17 19:50:00,54.22,100.00
129N04438,2020-06-17 20:00:00,50.55,100.00
129N04438,2020-06-17 20:10:00,52.07,100.00
129N04438,2020-06-17 20:20:00,51.70,100.00
129N04438,2020-06-17 20:30:00,52.89,100.00
129N04438,2020-06-17 20:40:00,51.59,100.00
129N04438,2020-06-17 20:50:00,51.93,100.00
129N04438,2020-06-17 21:00:00,47.01,74.40
129N04438,2020-06-17 21:10:00,48.25,96.60
129N04438,2020-06-17 21:20:00,52.06,100.00
129N04438,2020-06-17 21:30:00,52.34,100.00
129N04438,2020-06-17 21:40:00,47.08,81.40
129N04438,2020-06-17 21:50:00,53.72,100.00
129N04438,2020-06-17 22:00:00,47.62,57.40
129N04438,2020-06-17 22:10:00,49.91,87.50
129N04438,2020-06-17 22:20:00,48.70,90.90
129N04438,2020-06-17 22:30:00,48.17,92.80
129N04438,2020-06-17 22:40:00,52.42,100.00
129N04438,2020-06-17 22:50:00,48.12,87.30
129N04438,2020-06-17 23:00:00,51.45,64.20
129N04438,2020-06-17 23:10:00,55.60,60.80
129N04438,2020-06-17 23:20:00,47.41,58.00
129N04438,2020-06-17 23:30:00,46.00,65.00
129N04438,2020-06-17 23:40:00,50.71,96.43
129N04438,2020-06-17 23:50:00,50.30,96.89
129P13881,2020-06-17 00:00:00,37.47,98.00
129P13881,2020-06-17 00:10:00,39.32,95.00
129P13881,2020-06-17 00:20:00,,
129P13881,2020-06-17 00:30:00,40.95,81.67
129P13881,2020-06-17 00:40:00,39.66,95.00
129P13881,2020-06-17 00:50:00,,
129P13881,2020-06-17 01:00:00,,
129P13881,2020-06-17 01:10:00,,
129P13881,2020-06-17 01:20:00,,
129P13881,2020-06-17 01:30:00,,
129P13881,2020-06-17 01:40:00,,
129P13881,2020-06-17 01:50:00,,
129P13881,2020-06-17 02:00:00,,
129P13881,2020-06-17 02:10:00,,
129P13881,2020-06-17 02:20:00,,
129P13881,2020-06-17 02:30:00,,
129P13881,2020-06-17 02:40:00,,
129P13881,2020-06-17 02:50:00,,
129P13881,2020-06-17 03:00:00,38.87,99.71
129P13881,2020-06-17 03:10:00,39.00,100.00
129P13881,2020-06-17 03:20:00,,
129P13881,2020-06-17 03:30:00,38.48,97.75
129P13881,2020-06-17 03:40:00,38.31,98.78
129P13881,2020-06-17 03:50:00,,
129P13881,2020-06-17 04:00:00,39.00,98.67
129P13881,2020-06-17 04:10:00,,
129P13881,2020-06-17 04:20:00,,
129P13881,2020-06-17 04:30:00,42.00,95.50
129P13881,2020-06-17 04:40:00,42.00,96.25
129P13881,2020-06-17 04:50:00,39.00,98.00
129P13881,2020-06-17 05:00:00,39.49,97.70
129P13881,2020-06-17 05:10:00,39.14,95.29
129P13881,2020-06-17 05:20:00,39.19,97.30
129P13881,2020-06-17 05:30:00,39.20,99.60
129P13881,2020-06-17 05:40:00,39.16,98.83
129P13881,2020-06-17 05:50:00,41.26,87.40
129P13881,2020-06-17 06:00:00,42.85,95.70
129P13881,2020-06-17 06:10:00,46.58,74.40
129P13881,2020-06-17 06:20:00,39.90,100.00
129P13881,2020-06-17 06:30:00,41.58,91.90
129P13881,2020-06-17 06:40:00,42.08,92.80
129P13881,2020-06-17 06:50:00,42.25,97.70
129P13881,2020-06-17 07:00:00,45.20,100.00
129P13881,2020-06-17 07:10:00,46.32,100.00
129P13881,2020-06-17 07:20:00,45.31,100.00
129P13881,2020-06-17 07:30:00,41.56,87.44
129P13881,2020-06-17 07:40:00,42.38,97.22
129P13881,2020-06-17 07:50:00,40.35,83.40
129P13881,2020-06-17 08:00:00,39.57,85.60
129P13881,2020-06-17 08:10:00,39.80,94.70
129P13881,2020-06-17 08:20:00,39.48,97.10
129P13881,2020-06-17 08:30:00,40.20,100.00
129P13881,2020-06-17 08:40:00,44.17,89.00
129P13881,2020-06-17 08:50:00,40.12,95.00
129P13881,2020-06-17 09:00:00,41.80,100.00
129P13881,2020-06-17 09:10:00,39.88,100.00
129P13881,2020-06-17 09:20:00,39.74,100.00
129P13881,2020-06-17 09:30:00,40.58,100.00
129P13881,2020-06-17 09:40:00,39.15,92.70
129P13881,2020-06-17 09:50:00,37.47,97.10
129P13881,2020-06-17 10:00:00,40.08,99.70
129P13881,2020-06-17 10:10:00,39.28,99.00
129P13881,2020-06-17 10:20:00,40.79,100.00
129P13881,2020-06-17 10:30:00,39.87,100.00
129P13881,2020-06-17 10:40:00,39.08,100.00
129P13881,2020-06-17 10:50:00,40.20,100.00
129P13881,2020-06-17 11:00:00,40.10,100.00
129P13881,2020-06-17 11:10:00,40.00,100.00
129P13881,2020-06-17 11:20:00,40.66,100.00
129P13881,2020-06-17 11:30:00,39.89,100.00
129P13881,2020-06-17 11:40:00,37.85,90.10
129P13881,2020-06-17 11:50:00,37.98,100.00
129P13881,2020-06-17 12:00:00,40.59,100.00
129P13881,2020-06-17 12:10:00,39.34,100.00
129P13881,2020-06-17 12:20:00,37.06,87.10
129P13881,2020-06-17 12:30:00,36.10,85.30
129P13881,2020-06-17 12:40:00,37.60,95.60
129P13881,2020-06-17 12:50:00,38.74,98.50
129P13881,2020-06-17 13:00:00,36.79,97.30
129P13881,2020-06-17 13:10:00,38.18,100.00
129P13881,2020-06-17 13:20:00,40.19,100.00
129P13881,2020-06-17 13:30:00,39.90,100.00
129P13881,2020-06-17 13:40:00,39.35,100.00
129P13881,2020-06-17 13:50:00,42.28,100.00
129P13881,2020-06-17 14:00:00,40.67,100.00
129P13881,2020-06-17 14:10:00,41.56,100.00
129P13881,2020-06-17 14:20:00,38.05,96.60
129P13881,2020-06-17 14:30:00,38.97,100.00
129P13881,2020-06-17 14:40:00,39.49,100.00
129P13881,2020-06-17 14:50:00,37.35,88.60
129P13881,2020-06-17 15:00:00,39.59,96.60
129P13881,2020-06-17 15:10:00,40.29,100.00
129P13881,2020-06-17 15:20:00,39.57,99.20
129P13881,2020-06-17 15:30:00,38.58,90.90
129P13881,2020-06-17 15:40:00,40.00,100.00
129P13881,2020-06-17 15:50:00,39.35,100.00
129P13881,2020-06-17 16:00:00,39.79,100.00
129P13881,2020-06-17 16:10:00,39.19,100.00
129P13881,2020-06-17 16:20:00,39.05,96.70
129P13881,2020-06-17 16:30:00,37.88,100.00
129P13881,2020-06-17 16:40:00,39.09,100.00
129P13881,2020-06-17 16:50:00,40.59,100.00
129P13881,2020-06-17 17:00:00,39.29,100.00
129P13881,2020-06-17 17:10:00,39.68,100.00
129P13881,2020-06-17 17:20:00,38.80,100.00
129P13881,2020-06-17 17:30:00,38.79,100.00
129P13881,2020-06-17 17:40:00,38.69,100.00
129P13881,2020-06-17 17:50:00,40.00,100.00
129P13881,2020-06-17 18:00:00,40.29,100.00
129P13881,2020-06-17 18:10:00,39.17,100.00
129P13881,2020-06-17 18:20:00,40.10,100.00
129P13881,2020-06-17 18:30:00,39.19,100.00
129P13881,2020-06-17 18:40:00,39.99,100.00
129P13881,2020-06-17 18:50:00,36.28,83.75
129P13881,2020-06-17 19:00:00,40.55,100.00
129P13881,2020-06-17 19:10:00,40.96,100.00
129P13881,2020-06-17 19:20:00,38.58,96.40
129P13881,2020-06-17 19:30:00,40.07,100.00
129P13881,2020-06-17 19:40:00,39.13,95.90
129P13881,2020-06-17 19:50:00,40.88,100.00
129P13881,2020-06-17 20:00:00,39.87,100.00
129P13881,2020-06-17 20:10:00,40.59,100.00
129P13881,2020-06-17 20:20:00,40.00,100.00
129P13881,2020-06-17 20:30:00,42.33,100.00
129P13881,2020-06-17 20:40:00,40.69,100.00
129P13881,2020-06-17 20:50:00,39.09,100.00
129P13881,2020-06-17 21:00:00,36.13,75.10
129P13881,2020-06-17 21:10:00,38.16,92.20
129P13881,2020-06-17 21:20:00,40.56,100.00
129P13881,2020-06-17 21:30:00,40.04,96.40
129P13881,2020-06-17 21:40:00,36.90,92.40
129P13881,2020-06-17 21:50:00,37.00,100.00
129P13881,2020-06-17 22:00:00,33.02,74.33
129P13881,2020-06-17 22:10:00,36.20,93.11
129P13881,2020-06-17 22:20:00,37.29,100.00
129P13881,2020-06-17 22:30:00,37.79,100.00
129P13881,2020-06-17 22:40:00,38.68,100.00
129P13881,2020-06-17 22:50:00,37.47,99.50
129P13881,2020-06-17 23:00:00,36.69,98.10
129P13881,2020-06-17 23:10:00,36.00,97.10
129P13881,2020-06-17 23:20:00,38.00,100.00
129P13881,2020-06-17 23:30:00,,
129P13881,2020-06-17 23:40:00,38.71,87.29
129P13881,2020-06-17 23:50:00,40.00,91.00
129N04436,2020-06-17 00:00:00,60.31,70.50
129N04436,2020-06-17 00:10:00,65.48,72.63
129N04436,2020-06-17 00:20:00,,
129N04436,2020-06-17 00:30:00,,
129N04436,2020-06-17 00:40:00,,
129N04436,2020-06-17 00:50:00,,
129N04436,2020-06-17 01:00:00,,
129N04436,2020-06-17 01:10:00,,
129N04436,2020-06-17 01:20:00,,
129N04436,2020-06-17 01:30:00,,
129N04436,2020-06-17 01:40:00,,
129N04436,2020-06-17 01:50:00,,
129N04436,2020-06-17 02:00:00,,
129N04436,2020-06-17 02:10:00,,
129N04436,2020-06-17 02:20:00,,
129N04436,2020-06-17 02:30:00,,
129N04436,2020-06-17 02:40:00,62.00,99.50
129N04436,2020-06-17 02:50:00,62.00,100.00
129N04436,2020-06-17 03:00:00,58.99,94.00
129N04436,2020-06-17 03:10:00,59.33,97.50
129N04436,2020-06-17 03:20:00,,
129N04436,2020-06-17 03:30:00,,
129N04436,2020-06-17 03:40:00,,
129N04436,2020-06-17 03:50:00,,
129N04436,2020-06-17 04:00:00,,
129N04436,2020-06-17 04:10:00,,
129N04436,2020-06-17 04:20:00,,
129N04436,2020-06-17 04:30:00,68.00,99.60
129N04436,2020-06-17 04:40:00,68.00,99.86
129N04436,2020-06-17 04:50:00,,
129N04436,2020-06-17 05:00:00,62.25,76.75
129N04436,2020-06-17 05:10:00,64.20,95.90
129N04436,2020-06-17 05:20:00,67.38,86.20
129N04436,2020-06-17 05:30:00,64.02,75.13
129N04436,2020-06-17 05:40:00,,
129N04436,2020-06-17 05:50:00,66.80,84.38
129N04436,2020-06-17 06:00:00,69.75,73.10
129N04436,2020-06-17 06:10:00,67.59,97.00
129N04436,2020-06-17 06:20:00,66.48,97.10
129N04436,2020-06-17 06:30:00,66.86,94.90
129N04436,2020-06-17 06:40:00,66.38,99.80
129N04436,2020-06-17 06:50:00,65.74,97.20
129N04436,2020-06-17 07:00:00,69.57,88.40
129N04436,2020-06-17 07:10:00,69.42,81.40
129N04436,2020-06-17 07:20:00,70.69,84.00
129N04436,2020-06-17 07:30:00,65.37,95.10
129N04436,2020-06-17 07:40:00,68.82,88.10
129N04436,2020-06-17 07:50:00,67.52,96.60
129N04436,2020-06-17 08:00:00,64.98,99.70
129N04436,2020-06-17 08:10:00,68.54,89.00
129N04436,2020-06-17 08:20:00,65.84,97.70
129N04436,2020-06-17 08:30:00,66.07,99.60
129N04436,2020-06-17 08:40:00,68.79,96.00
129N04436,2020-06-17 08:50:00,66.49,94.70
129N04436,2020-06-17 09:00:00,66.93,85.60
129N04436,2020-06-17 09:10:00,66.38,92.60
129N04436,2020-06-17 09:20:00,65.19,96.70
129N04436,2020-06-17 09:30:00,65.09,100.00
129N04436,2020-06-17 09:40:00,62.47,100.00
129N04436,2020-06-17 09:50:00,66.58,98.70
129N04436,2020-06-17 10:00:00,66.30,98.30
129N04436,2020-06-17 10:10:00,64.89,97.10
129N04436,2020-06-17 10:20:00,63.58,98.50
129N04436,2020-06-17 10:30:00,63.88,98.60
129N04436,2020-06-17 10:40:00,65.47,99.60
129N04436,2020-06-17 10:50:00,63.47,98.50
129N04436,2020-06-17 11:00:00,66.38,96.80
129N04436,2020-06-17 11:10:00,66.79,99.80
129N04436,2020-06-17 11:20:00,66.54,88.60
129N04436,2020-06-17 11:30:00,64.09,99.30
129N04436,2020-06-17 11:40:00,66.66,100.00
129N04436,2020-06-17 11:50:00,65.38,100.00
129N04436,2020-06-17 12:00:00,65.68,100.00
129N04436,2020-06-17 12:10:00,68.26,98.70
129N04436,2020-06-17 12:20:00,64.55,100.00
129N04436,2020-06-17 12:30:00,63.61,100.00
129N04436,2020-06-17 12:40:00,61.28,100.00
129N04436,2020-06-17 12:50:00,64.64,85.90
129N04436,2020-06-17 13:00:00,64.39,100.00
129N04436,2020-06-17 13:10:00,65.37,99.00
129N04436,2020-06-17 13:20:00,64.77,100.00
129N04436,2020-06-17 13:30:00,63.56,99.00
129N04436,2020-06-17 13:40:00,65.68,100.00
129N04436,2020-06-17 13:50:00,67.38,100.00
129N04436,2020-06-17 14:00:00,67.04,88.30
129N04436,2020-06-17 14:10:00,65.54,88.10
129N04436,2020-06-17 14:20:00,69.12,83.70
129N04436,2020-06-17 14:30:00,65.25,98.80
129N04436,2020-06-17 14:40:00,64.70,97.70
129N04436,2020-06-17 14:50:00,66.09,99.40
129N04436,2020-06-17 15:00:00,65.87,98.30
129N04436,2020-06-17 15:10:00,66.00,99.00
129N04436,2020-06-17 15:20:00,67.75,93.10
129N04436,2020-06-17 15:30:00,67.14,100.00
129N04436,2020-06-17 15:40:00,66.04,98.00
129N04436,2020-06-17 15:50:00,66.21,96.60
129N04436,2020-06-17 16:00:00,63.19,100.00
129N04436,2020-06-17 16:10:00,64.49,100.00
129N04436,2020-06-17 16:20:00,64.58,100.00
129N04436,2020-06-17 16:30:00,64.58,100.00
129N04436,2020-06-17 16:40:00,67.74,81.20
129N04436,2020-06-17 16:50:00,63.79,100.00
129N04436,2020-06-17 17:00:00,69.59,96.70
129N04436,2020-06-17 17:10:00,66.25,100.00
129N04436,2020-06-17 17:20:00,68.39,100.00
129N04436,2020-06-17 17:30:00,69.58,89.10
129N04436,2020-06-17 17:40:00,65.48,94.70
129N04436,2020-06-17 17:50:00,66.36,100.00
129N04436,2020-06-17 18:00:00,67.19,99.90
129N04436,2020-06-17 18:10:00,69.79,90.70
129N04436,2020-06-17 18:20:00,70.10,85.70
129N04436,2020-06-17 18:30:00,72.95,65.50
129N04436,2020-06-17 18:40:00,62.98,99.10
129N04436,2020-06-17 18:50:00,63.53,98.80
129N04436,2020-06-17 19:00:00,67.98,97.60
129N04436,2020-06-17 19:10:00,68.26,92.60
129N04436,2020-06-17 19:20:00,64.04,90.10
129N04436,2020-06-17 19:30:00,65.20,93.10
129N04436,2020-06-17 19:40:00,66.94,99.30
129N04436,2020-06-17 19:50:00,65.87,100.00
129N04436,2020-06-17 20:00:00,64.19,80.20
129N04436,2020-06-17 20:10:00,64.25,97.30
129N04436,2020-06-17 20:20:00,61.40,90.50
129N04436,2020-06-17 20:30:00,65.17,93.40
129N04436,2020-06-17 20:40:00,69.07,72.60
129N04436,2020-06-17 20:50:00,64.56,95.50
129N04436,2020-06-17 21:00:00,69.07,72.80
129N04436,2020-06-17 21:10:00,62.58,99.90
129N04436,2020-06-17 21:20:00,63.58,99.00
129N04436,2020-06-17 21:30:00,70.06,64.40
129N04436,2020-06-17 21:40:00,62.29,99.70
129N04436,2020-06-17 21:50:00,63.09,93.90
129N04436,2020-06-17 22:00:00,58.68,92.20
129N04436,2020-06-17 22:10:00,64.69,69.10
129N04436,2020-06-17 22:20:00,60.95,100.00
129N04436,2020-06-17 22:30:00,59.12,92.75
129N04436,2020-06-17 22:40:00,65.79,98.00
129N04436,2020-06-17 22:50:00,64.80,100.00
129N04436,2020-06-17 23:00:00,65.00,97.25
129N04436,2020-06-17 23:10:00,73.00,30.10
129N04436,2020-06-17 23:20:00,73.00,45.50
129N04436,2020-06-17 23:30:00,,
129N04436,2020-06-17 23:40:00,65.00,75.00
129N04436,2020-06-17 23:50:00,65.00,72.33
129N04451,2020-06-17 00:00:00,62.06,81.80
129N04451,2020-06-17 00:10:00,62.58,88.60
129N04451,2020-06-17 00:20:00,59.98,94.60
129N04451,2020-06-17 00:30:00,58.53,72.50
129N04451,2020-06-17 00:40:00,52.52,19.60
129N04451,2020-06-17 00:50:00,55.81,73.40
129N04451,2020-06-17 01:00:00,61.43,83.44
129N04451,2020-06-17 01:10:00,59.78,91.10
129N04451,2020-06-17 01:20:00,54.55,91.60
129N04451,2020-06-17 01:30:00,58.37,95.20
129N04451,2020-06-17 01:40:00,53.27,99.30
129N04451,2020-06-17 01:50:00,56.76,92.70
129N04451,2020-06-17 02:00:00,59.14,93.00
129N04451,2020-06-17 02:10:00,57.59,97.60
129N04451,2020-06-17 02:20:00,64.33,76.20
129N04451,2020-06-17 02:30:00,57.00,93.80
129N04451,2020-06-17 02:40:00,57.38,98.90
129N04451,2020-06-17 02:50:00,59.36,71.90
129N04451,2020-06-17 03:00:00,55.08,61.90
129N04451,2020-06-17 03:10:00,61.00,97.83
129N04451,2020-06-17 03:20:00,63.23,69.10
129N04451,2020-06-17 03:30:00,53.63,22.10
129N04451,2020-06-17 03:40:00,59.52,79.60
129N04451,2020-06-17 03:50:00,57.74,98.50
129N04451,2020-06-17 04:00:00,57.00,98.50
129N04451,2020-06-17 04:10:00,56.25,95.00
129N04451,2020-06-17 04:20:00,61.19,87.20
129N04451,2020-06-17 04:30:00,59.15,98.10
129N04451,2020-06-17 04:40:00,60.78,61.80
129N04451,2020-06-17 04:50:00,58.17,88.70
129N04451,2020-06-17 05:00:00,76.89,91.33
129N04451,2020-06-17 05:10:00,64.22,91.20
129N04451,2020-06-17 05:20:00,66.93,69.10
129N04451,2020-06-17 05:30:00,68.89,62.30
129N04451,2020-06-17 05:40:00,62.07,77.40
129N04451,2020-06-17 05:50:00,67.06,85.50
129N04451,2020-06-17 06:00:00,66.14,99.20
129N04451,2020-06-17 06:10:00,68.26,97.50
129N04451,2020-06-17 06:20:00,65.19,100.00
129N04451,2020-06-17 06:30:00,67.03,91.90
129N04451,2020-06-17 06:40:00,65.49,98.80
129N04451,2020-06-17 06:50:00,66.11,98.30
129N04451,2020-06-17 07:00:00,62.54,100.00
129N04451,2020-06-17 07:10:00,60.94,100.00
129N04451,2020-06-17 07:20:00,61.59,100.00
129N04451,2020-06-17 07:30:00,63.75,98.30
129N04451,2020-06-17 07:40:00,62.56,100.00
129N04451,2020-06-17 07:50:00,63.77,100.00
129N04451,2020-06-17 08:00:00,62.94,100.00
129N04451,2020-06-17 08:10:00,60.53,99.80
129N04451,2020-06-17 08:20:00,61.39,100.00
129N04451,2020-06-17 08:30:00,63.54,100.00
129N04451,2020-06-17 08:40:00,64.58,100.00
129N04451,2020-06-17 08:50:00,61.39,100.00
129N04451,2020-06-17 09:00:00,63.79,100.00
129N04451,2020-06-17 09:10:00,60.56,100.00
129N04451,2020-06-17 09:20:00,62.18,100.00
129N04451,2020-06-17 09:30:00,61.57,100.00
129N04451,2020-06-17 09:40:00,63.66,100.00
129N04451,2020-06-17 09:50:00,61.19,100.00
129N04451,2020-06-17 10:00:00,61.35,100.00
129N04451,2020-06-17 10:10:00,61.78,100.00
129N04451,2020-06-17 10:20:00,63.77,100.00
129N04451,2020-06-17 10:30:00,61.59,100.00
129N04451,2020-06-17 10:40:00,63.56,100.00
129N04451,2020-06-17 10:50:00,63.73,100.00
129N04451,2020-06-17 11:00:00,61.00,100.00
129N04451,2020-06-17 11:10:00,60.17,100.00
129N04451,2020-06-17 11:20:00,62.11,100.00
129N04451,2020-06-17 11:30:00,59.56,100.00
129N04451,2020-06-17 11:40:00,62.59,100.00
129N04451,2020-06-17 11:50:00,61.39,100.00
129N04451,2020-06-17 12:00:00,61.78,100.00
129N04451,2020-06-17 12:10:00,62.99,100.00
129N04451,2020-06-17 12:20:00,63.36,100.00
129N04451,2020-06-17 12:30:00,65.07,100.00
129N04451,2020-06-17 12:40:00,64.78,100.00
129N04451,2020-06-17 12:50:00,61.17,100.00
129N04451,2020-06-17 13:00:00,59.39,100.00
129N04451,2020-06-17 13:10:00,58.78,100.00
129N04451,2020-06-17 13:20:00,59.78,100.00
129N04451,2020-06-17 13:30:00,59.18,100.00
129N04451,2020-06-17 13:40:00,58.79,100.00
129N04451,2020-06-17 13:50:00,58.99,100.00
129N04451,2020-06-17 14:00:00,60.59,100.00
129N04451,2020-06-17 14:10:00,61.59,100.00
129N04451,2020-06-17 14:20:00,60.89,100.00
129N04451,2020-06-17 14:30:00,59.19,100.00
129N04451,2020-06-17 14:40:00,57.40,100.00
129N04451,2020-06-17 14:50:00,38.08,100.00
129N04451,2020-06-17 15:00:00,24.87,100.00
129N04451,2020-06-17 15:10:00,21.87,100.00
129N04451,2020-06-17 15:20:00,21.48,100.00
129N04451,2020-06-17 15:30:00,24.73,100.00
129N04451,2020-06-17 15:40:00,27.00,100.00
129N04451,2020-06-17 15:50:00,26.07,100.00
129N04451,2020-06-17 16:00:00,24.29,100.00
129N04451,2020-06-17 16:10:00,23.33,100.00
129N04451,2020-06-17 16:20:00,25.66,100.00
129N04451,2020-06-17 16:30:00,21.18,100.00
129N04451,2020-06-17 16:40:00,23.05,100.00
129N04451,2020-06-17 16:50:00,31.02,100.00
129N04451,2020-06-17 17:00:00,31.42,100.00
129N04451,2020-06-17 17:10:00,50.62,100.00
129N04451,2020-06-17 17:20:00,58.79,100.00
129N04451,2020-06-17 17:30:00,58.96,100.00
129N04451,2020-06-17 17:40:00,60.78,100.00
129N04451,2020-06-17 17:50:00,59.59,100.00
129N04451,2020-06-17 18:00:00,61.77,100.00
129N04451,2020-06-17 18:10:00,59.97,100.00
129N04451,2020-06-17 18:20:00,61.36,100.00
129N04451,2020-06-17 18:30:00,60.77,100.00
129N04451,2020-06-17 18:40:00,61.59,100.00
129N04451,2020-06-17 18:50:00,64.77,100.00
129N04451,2020-06-17 19:00:00,63.96,100.00
129N04451,2020-06-17 19:10:00,64.94,100.00
129N04451,2020-06-17 19:20:00,67.37,100.00
129N04451,2020-06-17 19:30:00,65.38,100.00
129N04451,2020-06-17 19:40:00,63.74,100.00
129N04451,2020-06-17 19:50:00,64.37,100.00
129N04451,2020-06-17 20:00:00,64.96,100.00
129N04451,2020-06-17 20:10:00,63.56,100.00
129N04451,2020-06-17 20:20:00,62.97,100.00
129N04451,2020-06-17 20:30:00,61.18,100.00
129N04451,2020-06-17 20:40:00,60.75,100.00
129N04451,2020-06-17 20:50:00,62.54,100.00
129N04451,2020-06-17 21:00:00,62.76,100.00
129N04451,2020-06-17 21:10:00,59.17,100.00
129N04451,2020-06-17 21:20:00,60.54,99.70
129N04451,2020-06-17 21:30:00,57.27,100.00
129N04451,2020-06-17 21:40:00,58.41,89.60
129N04451,2020-06-17 21:50:00,65.21,56.30
129N04451,2020-06-17 22:00:00,61.45,99.00
129N04451,2020-06-17 22:10:00,60.74,100.00
129N04451,2020-06-17 22:20:00,62.44,64.00
129N04451,2020-06-17 22:30:00,63.97,91.80
129N04451,2020-06-17 22:40:00,55.79,97.00
129N04451,2020-06-17 22:50:00,55.57,100.00
129N04451,2020-06-17 23:00:00,53.53,35.10
129N04451,2020-06-17 23:10:00,54.52,95.20
129N04451,2020-06-17 23:20:00,55.11,86.89
129N04451,2020-06-17 23:30:00,58.99,71.60
129N04451,2020-06-17 23:40:00,58.72,90.50
129N04451,2020-06-17 23:50:00,55.88,76.80
129P13801,2020-06-17 00:00:00,46.57,76.40
129P13801,2020-06-17 00:10:00,46.00,83.60
129P13801,2020-06-17 00:20:00,60.15,20.71
129P13801,2020-06-17 00:30:00,56.96,49.30
129P13801,2020-06-17 00:40:00,48.85,88.86
129P13801,2020-06-17 00:50:00,,
129P13801,2020-06-17 01:00:00,64.00,
129P13801,2020-06-17 01:10:00,64.00,
129P13801,2020-06-17 01:20:00,57.00,79.50
129P13801,2020-06-17 01:30:00,49.47,61.33
129P13801,2020-06-17 01:40:00,49.00,72.25
129P13801,2020-06-17 01:50:00,,
129P13801,2020-06-17 02:00:00,56.00,
129P13801,2020-06-17 02:10:00,55.46,
129P13801,2020-06-17 02:20:00,51.00,
129P13801,2020-06-17 02:30:00,50.40,
129P13801,2020-06-17 02:40:00,41.99,89.50
129P13801,2020-06-17 02:50:00,40.49,99.00
129P13801,2020-06-17 03:00:00,47.00,64.40
129P13801,2020-06-17 03:10:00,,
129P13801,2020-06-17 03:20:00,50.33,44.67
129P13801,2020-06-17 03:30:00,48.08,82.75
129P13801,2020-06-17 03:40:00,50.00,91.17
129P13801,2020-06-17 03:50:00,64.15,47.43
129P13801,2020-06-17 04:00:00,47.88,64.60
129P13801,2020-06-17 04:10:00,43.03,64.40
129P13801,2020-06-17 04:20:00,46.49,86.30
129P13801,2020-06-17 04:30:00,52.34,98.90
129P13801,2020-06-17 04:40:00,51.98,99.50
129P13801,2020-06-17 04:50:00,50.65,95.00
129P13801,2020-06-17 05:00:00,50.78,94.90
129P13801,2020-06-17 05:10:00,49.44,90.30
129P13801,2020-06-17 05:20:00,53.00,85.80
129P13801,2020-06-17 05:30:00,47.33,69.71
129P13801,2020-06-17 05:40:00,55.00,81.50
129P13801,2020-06-17 05:50:00,55.38,82.50
129P13801,2020-06-17 06:00:00,54.79,98.10
129P13801,2020-06-17 06:10:00,52.78,100.00
129P13801,2020-06-17 06:20:00,52.05,100.00
129P13801,2020-06-17 06:30:00,55.91,67.90
129P13801,2020-06-17 06:40:00,49.57,100.00
129P13801,2020-06-17 06:50:00,50.88,100.00
129P13801,2020-06-17 07:00:00,59.57,100.00
129P13801,2020-06-17 07:10:00,57.51,100.00
129P13801,2020-06-17 07:20:00,51.81,90.30
129P13801,2020-06-17 07:30:00,54.79,100.00
129P13801,2020-06-17 07:40:00,52.60,100.00
129P13801,2020-06-17 07:50:00,51.67,100.00
129P13801,2020-06-17 08:00:00,50.10,100.00
129P13801,2020-06-17 08:10:00,49.78,89.30
129P13801,2020-06-17 08:20:00,52.29,100.00
129P13801,2020-06-17 08:30:00,50.97,99.10
129P13801,2020-06-17 08:40:00,53.30,100.00
129P13801,2020-06-17 08:50:00,51.22,92.30
129P13801,2020-06-17 09:00:00,51.46,100.00
129P13801,2020-06-17 09:10:00,50.58,100.00
129P13801,2020-06-17 09:20:00,51.29,100.00
129P13801,2020-06-17 09:30:00,51.17,100.00
129P13801,2020-06-17 09:40:00,51.77,100.00
129P13801,2020-06-17 09:50:00,51.98,100.00
129P13801,2020-06-17 10:00:00,52.19,100.00
129P13801,2020-06-17 10:10:00,50.65,96.30
129P13801,2020-06-17 10:20:00,51.90,100.00
129P13801,2020-06-17 10:30:00,50.19,100.00
129P13801,2020-06-17 10:40:00,48.87,100.00
129P13801,2020-06-17 10:50:00,49.60,100.00
129P13801,2020-06-17 11:00:00,49.37,98.10
129P13801,2020-06-17 11:10:00,50.00,100.00
129P13801,2020-06-17 11:20:00,49.28,100.00
129P13801,2020-06-17 11:30:00,49.70,100.00
129P13801,2020-06-17 11:40:00,44.44,61.50
129P13801,2020-06-17 11:50:00,49.58,100.00
129P13801,2020-06-17 12:00:00,49.08,100.00
129P13801,2020-06-17 12:10:00,48.57,99.00
129P13801,2020-06-17 12:20:00,43.58,70.60
129P13801,2020-06-17 12:30:00,45.08,80.20
129P13801,2020-06-17 12:40:00,49.38,99.90
129P13801,2020-06-17 12:50:00,49.47,99.40
129P13801,2020-06-17 13:00:00,47.37,92.00
129P13801,2020-06-17 13:10:00,46.69,73.30
129P13801,2020-06-17 13:20:00,48.06,96.20
129P13801,2020-06-17 13:30:00,50.00,100.00
129P13801,2020-06-17 13:40:00,49.99,100.00
129P13801,2020-06-17 13:50:00,50.42,100.00
129P13801,2020-06-17 14:00:00,51.60,100.00
129P13801,2020-06-17 14:10:00,51.18,100.00
129P13801,2020-06-17 14:20:00,47.95,93.10
129P13801,2020-06-17 14:30:00,47.01,80.20
129P13801,2020-06-17 14:40:00,49.18,100.00
129P13801,2020-06-17 14:50:00,50.04,100.00
129P13801,2020-06-17 15:00:00,51.37,100.00
129P13801,2020-06-17 15:10:00,50.89,100.00
129P13801,2020-06-17 15:20:00,50.87,100.00
129P13801,2020-06-17 15:30:00,49.69,100.00
129P13801,2020-06-17 15:40:00,50.39,100.00
129P13801,2020-06-17 15:50:00,49.49,100.00
129P13801,2020-06-17 16:00:00,45.14,79.30
129P13801,2020-06-17 16:10:00,47.67,100.00
129P13801,2020-06-17 16:20:00,49.27,100.00
129P13801,2020-06-17 16:30:00,46.76,87.60
129P13801,2020-06-17 16:40:00,49.59,100.00
129P13801,2020-06-17 16:50:00,48.68,100.00
129P13801,2020-06-17 17:00:00,49.49,100.00
129P13801,2020-06-17 17:10:00,49.03,100.00
129P13801,2020-06-17 17:20:00,46.91,100.00
129P13801,2020-06-17 17:30:00,43.29,61.10
129P13801,2020-06-17 17:40:00,43.87,71.70
129P13801,2020-06-17 17:50:00,49.49,100.00
129P13801,2020-06-17 18:00:00,53.07,67.20
129P13801,2020-06-17 18:10:00,49.83,89.20
129P13801,2020-06-17 18:20:00,48.25,100.00
129P13801,2020-06-17 18:30:00,48.86,100.00
129P13801,2020-06-17 18:40:00,48.35,98.60
129P13801,2020-06-17 18:50:00,46.38,86.70
129P13801,2020-06-17 19:00:00,48.68,99.70
129P13801,2020-06-17 19:10:00,50.09,100.00
129P13801,2020-06-17 19:20:00,48.00,100.00
129P13801,2020-06-17 19:30:00,48.62,100.00
129P13801,2020-06-17 19:40:00,53.03,90.10
129P13801,2020-06-17 19:50:00,52.98,100.00
129P13801,2020-06-17 20:00:00,51.32,95.90
129P13801,2020-06-17 20:10:00,50.76,100.00
129P13801,2020-06-17 20:20:00,49.90,100.00
129P13801,2020-06-17 20:30:00,50.00,100.00
129P13801,2020-06-17 20:40:00,57.76,41.80
129P13801,2020-06-17 20:50:00,54.10,88.10
129P13801,2020-06-17 21:00:00,45.89,60.60
129P13801,2020-06-17 21:10:00,53.00,100.00
129P13801,2020-06-17 21:20:00,51.43,100.00
129P13801,2020-06-17 21:30:00,48.98,100.00
129P13801,2020-06-17 21:40:00,50.78,100.00
129P13801,2020-06-17 21:50:00,50.49,92.40
129P13801,2020-06-17 22:00:00,47.47,76.60
129P13801,2020-06-17 22:10:00,48.50,81.10
129P13801,2020-06-17 22:20:00,45.00,69.75
129P13801,2020-06-17 22:30:00,50.10,100.00
129P13801,2020-06-17 22:40:00,50.00,100.00
129P13801,2020-06-17 22:50:00,,
129P13801,2020-06-17 23:00:00,44.00,78.00
129P13801,2020-06-17 23:10:00,44.00,74.78
129P13801,2020-06-17 23:20:00,52.00,77.14
129P13801,2020-06-17 23:30:00,52.00,79.80
129P13801,2020-06-17 23:40:00,50.00,89.88
129P13801,2020-06-17 23:50:00,47.37,83.25
129N04450,2020-06-17 00:00:00,65.81,79.40
129N04450,2020-06-17 00:10:00,67.26,88.10
129N04450,2020-06-17 00:20:00,65.27,82.20
129N04450,2020-06-17 00:30:00,66.28,93.30
129N04450,2020-06-17 00:40:00,59.42,45.60
129N04450,2020-06-17 00:50:00,66.17,84.80
129N04450,2020-06-17 01:00:00,68.87,78.00
129N04450,2020-06-17 01:10:00,68.29,83.30
129N04450,2020-06-17 01:20:00,64.72,86.20
129N04450,2020-06-17 01:30:00,65.38,95.10
129N04450,2020-06-17 01:40:00,60.96,57.00
129N04450,2020-06-17 01:50:00,61.12,61.00
129N04450,2020-06-17 02:00:00,67.50,80.50
129N04450,2020-06-17 02:10:00,67.98,72.70
129N04450,2020-06-17 02:20:00,68.93,75.00
129N04450,2020-06-17 02:30:00,65.10,97.40
129N04450,2020-06-17 02:40:00,64.40,73.50
129N04450,2020-06-17 02:50:00,68.59,79.67
129N04450,2020-06-17 03:00:00,65.48,87.60
129N04450,2020-06-17 03:10:00,65.22,94.25
129N04450,2020-06-17 03:20:00,68.70,77.50
129N04450,2020-06-17 03:30:00,69.40,25.44
129N04450,2020-06-17 03:40:00,62.53,63.70
129N04450,2020-06-17 03:50:00,65.07,88.90
129N04450,2020-06-17 04:00:00,70.98,51.10
129N04450,2020-06-17 04:10:00,75.00,65.00
129N04450,2020-06-17 04:20:00,66.03,92.67
129N04450,2020-06-17 04:30:00,66.80,93.80
129N04450,2020-06-17 04:40:00,63.86,37.50
129N04450,2020-06-17 04:50:00,69.55,90.70
129N04450,2020-06-17 05:00:00,67.00,100.00
129N04450,2020-06-17 05:10:00,65.28,95.29
129N04450,2020-06-17 05:20:00,71.02,65.50
129N04450,2020-06-17 05:30:00,75.23,44.60
129N04450,2020-06-17 05:40:00,68.33,88.30
129N04450,2020-06-17 05:50:00,68.25,90.90
129N04450,2020-06-17 06:00:00,69.77,87.80
129N04450,2020-06-17 06:10:00,71.37,86.80
129N04450,2020-06-17 06:20:00,71.02,89.00
129N04450,2020-06-17 06:30:00,73.56,71.20
129N04450,2020-06-17 06:40:00,68.77,93.20
129N04450,2020-06-17 06:50:00,71.72,95.30
129N04450,2020-06-17 07:00:00,71.48,100.00
129N04450,2020-06-17 07:10:00,69.46,100.00
129N04450,2020-06-17 07:20:00,68.89,100.00
129N04450,2020-06-17 07:30:00,72.19,99.80
129N04450,2020-06-17 07:40:00,70.30,92.30
129N04450,2020-06-17 07:50:00,68.96,100.00
129N04450,2020-06-17 08:00:00,71.08,100.00
129N04450,2020-06-17 08:10:00,66.24,95.60
129N04450,2020-06-17 08:20:00,63.26,93.70
129N04450,2020-06-17 08:30:00,69.39,100.00
129N04450,2020-06-17 08:40:00,73.66,91.40
129N04450,2020-06-17 08:50:00,71.05,97.50
129N04450,2020-06-17 09:00:00,66.88,100.00
129N04450,2020-06-17 09:10:00,66.48,100.00
129N04450,2020-06-17 09:20:00,67.48,100.00
129N04450,2020-06-17 09:30:00,67.16,100.00
129N04450,2020-06-17 09:40:00,72.52,97.80
129N04450,2020-06-17 09:50:00,71.18,100.00
129N04450,2020-06-17 10:00:00,68.08,100.00
129N04450,2020-06-17 10:10:00,67.68,100.00
129N04450,2020-06-17 10:20:00,68.08,100.00
129N04450,2020-06-17 10:30:00,68.87,100.00
129N04450,2020-06-17 10:40:00,69.56,100.00
129N04450,2020-06-17 10:50:00,69.69,100.00
129N04450,2020-06-17 11:00:00,69.69,100.00
129N04450,2020-06-17 11:10:00,71.65,94.60
129N04450,2020-06-17 11:20:00,66.69,100.00
129N04450,2020-06-17 11:30:00,68.10,100.00
129N04450,2020-06-17 11:40:00,50.34,100.00
129N04450,2020-06-17 11:50:00,33.01,100.00
129N04450,2020-06-17 12:00:00,55.31,100.00
129N04450,2020-06-17 12:10:00,67.73,100.00
129N04450,2020-06-17 12:20:00,69.97,100.00
129N04450,2020-06-17 12:30:00,69.34,100.00
129N04450,2020-06-17 12:40:00,70.49,100.00
129N04450,2020-06-17 12:50:00,67.67,100.00
129N04450,2020-06-17 13:00:00,69.58,100.00
129N04450,2020-06-17 13:10:00,59.21,100.00
129N04450,2020-06-17 13:20:00,27.95,100.00
129N04450,2020-06-17 13:30:00,50.77,100.00
129N04450,2020-06-17 13:40:00,65.77,100.00
129N04450,2020-06-17 13:50:00,67.09,100.00
129N04450,2020-06-17 14:00:00,66.29,100.00
129N04450,2020-06-17 14:10:00,67.39,100.00
129N04450,2020-06-17 14:20:00,67.49,100.00
129N04450,2020-06-17 14:30:00,67.38,100.00
129N04450,2020-06-17 14:40:00,67.27,100.00
129N04450,2020-06-17 14:50:00,57.37,100.00
129N04450,2020-06-17 15:00:00,60.59,100.00
129N04450,2020-06-17 15:10:00,65.30,100.00
129N04450,2020-06-17 15:20:00,66.19,100.00
129N04450,2020-06-17 15:30:00,65.89,100.00
129N04450,2020-06-17 15:40:00,62.73,100.00
129N04450,2020-06-17 15:50:00,42.03,100.00
129N04450,2020-06-17 16:00:00,30.19,100.00
129N04450,2020-06-17 16:10:00,39.21,100.00
129N04450,2020-06-17 16:20:00,44.47,100.00
129N04450,2020-06-17 16:30:00,57.19,100.00
129N04450,2020-06-17 16:40:00,65.09,100.00
129N04450,2020-06-17 16:50:00,63.88,100.00
129N04450,2020-06-17 17:00:00,65.35,100.00
129N04450,2020-06-17 17:10:00,58.42,100.00
129N04450,2020-06-17 17:20:00,59.44,100.00
129N04450,2020-06-17 17:30:00,62.68,100.00
129N04450,2020-06-17 17:40:00,65.09,100.00
129N04450,2020-06-17 17:50:00,60.14,100.00
129N04450,2020-06-17 18:00:00,61.49,100.00
129N04450,2020-06-17 18:10:00,69.22,100.00
129N04450,2020-06-17 18:20:00,67.09,100.00
129N04450,2020-06-17 18:30:00,67.94,99.80
129N04450,2020-06-17 18:40:00,67.48,100.00
129N04450,2020-06-17 18:50:00,72.04,100.00
129N04450,2020-06-17 19:00:00,71.26,100.00
129N04450,2020-06-17 19:10:00,73.71,100.00
129N04450,2020-06-17 19:20:00,72.67,100.00
129N04450,2020-06-17 19:30:00,72.73,99.20
129N04450,2020-06-17 19:40:00,73.35,100.00
129N04450,2020-06-17 19:50:00,72.04,100.00
129N04450,2020-06-17 20:00:00,73.26,100.00
129N04450,2020-06-17 20:10:00,70.08,100.00
129N04450,2020-06-17 20:20:00,66.96,100.00
129N04450,2020-06-17 20:30:00,73.19,87.90
129N04450,2020-06-17 20:40:00,69.83,97.40
129N04450,2020-06-17 20:50:00,69.99,99.20
129N04450,2020-06-17 21:00:00,70.60,97.30
129N04450,2020-06-17 21:10:00,72.06,86.30
129N04450,2020-06-17 21:20:00,68.54,98.70
129N04450,2020-06-17 21:30:00,62.10,99.70
129N04450,2020-06-17 21:40:00,65.25,98.60
129N04450,2020-06-17 21:50:00,68.63,83.20
129N04450,2020-06-17 22:00:00,65.34,97.40
129N04450,2020-06-17 22:10:00,69.17,92.00
129N04450,2020-06-17 22:20:00,74.51,37.40
129N04450,2020-06-17 22:30:00,72.66,75.50
129N04450,2020-06-17 22:40:00,70.66,96.70
129N04450,2020-06-17 22:50:00,67.97,99.30
129N04450,2020-06-17 23:00:00,63.29,44.30
129N04450,2020-06-17 23:10:00,72.54,68.20
129N04450,2020-06-17 23:20:00,71.91,51.13
129N04450,2020-06-17 23:30:00,75.76,43.60
129N04450,2020-06-17 23:40:00,68.50,80.50
129N04450,2020-06-17 23:50:00,62.78,50.90
129-04439,2020-06-17 00:00:00,71.56,70.10
129-04439,2020-06-17 00:10:00,73.60,96.90
129-04439,2020-06-17 00:20:00,71.66,78.00
129-04439,2020-06-17 00:30:00,68.00,60.88
129-04439,2020-06-17 00:40:00,63.19,33.20
129-04439,2020-06-17 00:50:00,63.00,50.00
129-04439,2020-06-17 01:00:00,,
129-04439,2020-06-17 01:10:00,65.00,97.56
129-04439,2020-06-17 01:20:00,65.00,99.10
129-04439,2020-06-17 01:30:00,,
129-04439,2020-06-17 01:40:00,,
129-04439,2020-06-17 01:50:00,,
129-04439,2020-06-17 02:00:00,,
129-04439,2020-06-17 02:10:00,,
129-04439,2020-06-17 02:20:00,,
129-04439,2020-06-17 02:30:00,73.57,92.14
129-04439,2020-06-17 02:40:00,77.40,87.50
129-04439,2020-06-17 02:50:00,66.59,39.90
129-04439,2020-06-17 03:00:00,68.88,80.40
129-04439,2020-06-17 03:10:00,70.00,94.00
129-04439,2020-06-17 03:20:00,61.92,32.88
129-04439,2020-06-17 03:30:00,65.62,53.60
129-04439,2020-06-17 03:40:00,66.93,41.80
129-04439,2020-06-17 03:50:00,80.28,19.50
129-04439,2020-06-17 04:00:00,,
129-04439,2020-06-17 04:10:00,,
129-04439,2020-06-17 04:20:00,70.00,90.75
129-04439,2020-06-17 04:30:00,68.19,65.20
129-04439,2020-06-17 04:40:00,70.98,79.60
129-04439,2020-06-17 04:50:00,69.59,97.30
129-04439,2020-06-17 05:00:00,70.30,97.60
129-04439,2020-06-17 05:10:00,75.61,50.60
129-04439,2020-06-17 05:20:00,71.50,86.20
129-04439,2020-06-17 05:30:00,71.00,98.67
129-04439,2020-06-17 05:40:00,70.49,95.83
129-04439,2020-06-17 05:50:00,70.18,92.20
129-04439,2020-06-17 06:00:00,72.87,80.60
129-04439,2020-06-17 06:10:00,71.18,99.90
129-04439,2020-06-17 06:20:00,67.78,100.00
129-04439,2020-06-17 06:30:00,71.48,96.90
129-04439,2020-06-17 06:40:00,69.80,100.00
129-04439,2020-06-17 06:50:00,74.56,71.70
129-04439,2020-06-17 07:00:00,76.31,58.10
129-04439,2020-06-17 07:10:00,71.77,96.20
129-04439,2020-06-17 07:20:00,74.28,99.60
129-04439,2020-06-17 07:30:00,69.74,100.00
129-04439,2020-06-17 07:40:00,72.68,98.10
129-04439,2020-06-17 07:50:00,73.75,93.20
129-04439,2020-06-17 08:00:00,73.88,95.20
129-04439,2020-06-17 08:10:00,73.25,94.80
129-04439,2020-06-17 08:20:00,74.98,91.80
129-04439,2020-06-17 08:30:00,78.07,84.70
129-04439,2020-06-17 08:40:00,70.29,97.30
129-04439,2020-06-17 08:50:00,70.09,94.80
129-04439,2020-06-17 09:00:00,70.19,99.90
129-04439,2020-06-17 09:10:00,70.41,99.10
129-04439,2020-06-17 09:20:00,70.05,100.00
129-04439,2020-06-17 09:30:00,70.39,100.00
129-04439,2020-06-17 09:40:00,70.29,100.00
129-04439,2020-06-17 09:50:00,68.99,100.00
129-04439,2020-06-17 10:00:00,71.46,91.80
129-04439,2020-06-17 10:10:00,75.85,55.80
129-04439,2020-06-17 10:20:00,71.70,100.00
129-04439,2020-06-17 10:30:00,73.37,100.00
129-04439,2020-06-17 10:40:00,71.45,99.30
129-04439,2020-06-17 10:50:00,69.37,95.70
129-04439,2020-06-17 11:00:00,71.80,99.40
129-04439,2020-06-17 11:10:00,73.47,91.30
129-04439,2020-06-17 11:20:00,74.92,91.20
129-04439,2020-06-17 11:30:00,72.01,99.20
129-04439,2020-06-17 11:40:00,69.56,100.00
129-04439,2020-06-17 11:50:00,69.16,100.00
129-04439,2020-06-17 12:00:00,72.39,100.00
129-04439,2020-06-17 12:10:00,73.98,81.90
129-04439,2020-06-17 12:20:00,70.42,94.50
129-04439,2020-06-17 12:30:00,69.92,100.00
129-04439,2020-06-17 12:40:00,70.29,100.00
129-04439,2020-06-17 12:50:00,72.13,100.00
129-04439,2020-06-17 13:00:00,72.39,100.00
129-04439,2020-06-17 13:10:00,70.15,100.00
129-04439,2020-06-17 13:20:00,68.84,100.00
129-04439,2020-06-17 13:30:00,69.82,100.00
129-04439,2020-06-17 13:40:00,71.39,100.00
129-04439,2020-06-17 13:50:00,71.08,95.80
129-04439,2020-06-17 14:00:00,68.30,100.00
129-04439,2020-06-17 14:10:00,70.36,100.00
129-04439,2020-06-17 14:20:00,70.67,95.60
129-04439,2020-06-17 14:30:00,70.95,91.90
129-04439,2020-06-17 14:40:00,71.17,100.00
129-04439,2020-06-17 14:50:00,70.09,100.00
129-04439,2020-06-17 15:00:00,69.09,100.00
129-04439,2020-06-17 15:10:00,70.78,99.80
129-04439,2020-06-17 15:20:00,72.52,80.30
129-04439,2020-06-17 15:30:00,74.49,85.70
129-04439,2020-06-17 15:40:00,73.79,100.00
129-04439,2020-06-17 15:50:00,72.61,100.00
129-04439,2020-06-17 16:00:00,70.95,100.00
129-04439,2020-06-17 16:10:00,70.39,100.00
129-04439,2020-06-17 16:20:00,71.98,100.00
129-04439,2020-06-17 16:30:00,68.79,100.00
129-04439,2020-06-17 16:40:00,70.78,100.00
129-04439,2020-06-17 16:50:00,69.97,100.00
129-04439,2020-06-17 17:00:00,68.78,100.00
129-04439,2020-06-17 17:10:00,65.98,100.00
129-04439,2020-06-17 17:20:00,67.95,100.00
129-04439,2020-06-17 17:30:00,70.30,100.00
129-04439,2020-06-17 17:40:00,70.10,100.00
129-04439,2020-06-17 17:50:00,69.79,100.00
129-04439,2020-06-17 18:00:00,73.28,100.00
129-04439,2020-06-17 18:10:00,72.75,100.00
129-04439,2020-06-17 18:20:00,69.78,100.00
129-04439,2020-06-17 18:30:00,71.10,100.00
129-04439,2020-06-17 18:40:00,70.17,100.00
129-04439,2020-06-17 18:50:00,73.58,96.90
129-04439,2020-06-17 19:00:00,67.57,78.80
129-04439,2020-06-17 19:10:00,70.97,98.80
129-04439,2020-06-17 19:20:00,73.60,100.00
129-04439,2020-06-17 19:30:00,74.04,82.50
129-04439,2020-06-17 19:40:00,72.57,97.80
129-04439,2020-06-17 19:50:00,71.54,100.00
129-04439,2020-06-17 20:00:00,69.76,100.00
129-04439,2020-06-17 20:10:00,68.29,100.00
129-04439,2020-06-17 20:20:00,72.09,100.00
129-04439,2020-06-17 20:30:00,72.55,100.00
129-04439,2020-06-17 20:40:00,76.98,88.60
129-04439,2020-06-17 20:50:00,67.59,100.00
129-04439,2020-06-17 21:00:00,71.16,100.00
129-04439,2020-06-17 21:10:00,70.06,100.00
129-04439,2020-06-17 21:20:00,67.07,100.00
129-04439,2020-06-17 21:30:00,67.48,100.00
129-04439,2020-06-17 21:40:00,69.00,100.00
129-04439,2020-06-17 21:50:00,71.78,100.00
129-04439,2020-06-17 22:00:00,65.01,74.40
129-04439,2020-06-17 22:10:00,66.98,100.00
129-04439,2020-06-17 22:20:00,67.34,93.10
129-04439,2020-06-17 22:30:00,71.09,86.50
129-04439,2020-06-17 22:40:00,76.19,40.30
129-04439,2020-06-17 22:50:00,61.46,56.00
129-04439,2020-06-17 23:00:00,62.20,45.20
129-04439,2020-06-17 23:10:00,73.83,69.50
129-04439,2020-06-17 23:20:00,71.90,96.00
129-04439,2020-06-17 23:30:00,72.00,93.30
129-04439,2020-06-17 23:40:00,71.33,95.44
129-04439,2020-06-17 23:50:00,78.86,53.90
129-04436,2020-06-17 00:00:00,64.92,81.40
129-04436,2020-06-17 00:10:00,68.00,72.00
129-04436,2020-06-17 00:20:00,,
129-04436,2020-06-17 00:30:00,62.00,79.00
129-04436,2020-06-17 00:40:00,62.00,86.22
129-04436,2020-06-17 00:50:00,,
129-04436,2020-06-17 01:00:00,61.25,98.25
129-04436,2020-06-17 01:10:00,61.33,100.00
129-04436,2020-06-17 01:20:00,,
129-04436,2020-06-17 01:30:00,,
129-04436,2020-06-17 01:40:00,,
129-04436,2020-06-17 01:50:00,70.00,100.00
129-04436,2020-06-17 02:00:00,70.00,100.00
129-04436,2020-06-17 02:10:00,,
129-04436,2020-06-17 02:20:00,60.00,
129-04436,2020-06-17 02:30:00,60.00,
129-04436,2020-06-17 02:40:00,61.26,77.50
129-04436,2020-06-17 02:50:00,62.77,99.22
129-04436,2020-06-17 03:00:00,57.27,75.00
129-04436,2020-06-17 03:10:00,58.00,91.17
129-04436,2020-06-17 03:20:00,,
129-04436,2020-06-17 03:30:00,56.52,81.00
129-04436,2020-06-17 03:40:00,57.91,75.80
129-04436,2020-06-17 03:50:00,67.61,37.75
129-04436,2020-06-17 04:00:00,57.00,87.44
129-04436,2020-06-17 04:10:00,57.00,91.00
129-04436,2020-06-17 04:20:00,,
129-04436,2020-06-17 04:30:00,64.59,60.00
129-04436,2020-06-17 04:40:00,67.00,68.43
129-04436,2020-06-17 04:50:00,,
129-04436,2020-06-17 05:00:00,59.73,68.20
129-04436,2020-06-17 05:10:00,63.00,99.00
129-04436,2020-06-17 05:20:00,67.26,72.80
129-04436,2020-06-17 05:30:00,61.91,66.00
129-04436,2020-06-17 05:40:00,61.07,88.10
129-04436,2020-06-17 05:50:00,63.52,91.10
129-04436,2020-06-17 06:00:00,68.29,76.50
129-04436,2020-06-17 06:10:00,66.99,90.00
129-04436,2020-06-17 06:20:00,65.95,91.00
129-04436,2020-06-17 06:30:00,64.76,99.60
129-04436,2020-06-17 06:40:00,65.58,97.70
129-04436,2020-06-17 06:50:00,64.61,100.00
129-04436,2020-06-17 07:00:00,66.98,100.00
129-04436,2020-06-17 07:10:00,65.65,97.20
129-04436,2020-06-17 07:20:00,66.75,91.30
129-04436,2020-06-17 07:30:00,63.18,100.00
129-04436,2020-06-17 07:40:00,66.79,100.00
129-04436,2020-06-17 07:50:00,63.37,100.00
129-04436,2020-06-17 08:00:00,64.44,100.00
129-04436,2020-06-17 08:10:00,63.57,90.70
129-04436,2020-06-17 08:20:00,63.38,100.00
129-04436,2020-06-17 08:30:00,63.41,100.00
129-04436,2020-06-17 08:40:00,67.88,87.30
129-04436,2020-06-17 08:50:00,63.07,95.20
129-04436,2020-06-17 09:00:00,63.26,98.00
129-04436,2020-06-17 09:10:00,62.06,95.00
129-04436,2020-06-17 09:20:00,61.93,100.00
129-04436,2020-06-17 09:30:00,62.49,100.00
129-04436,2020-06-17 09:40:00,61.99,100.00
129-04436,2020-06-17 09:50:00,63.90,99.40
129-04436,2020-06-17 10:00:00,63.57,100.00
129-04436,2020-06-17 10:10:00,62.50,100.00
129-04436,2020-06-17 10:20:00,61.75,100.00
129-04436,2020-06-17 10:30:00,63.34,100.00
129-04436,2020-06-17 10:40:00,64.08,100.00
129-04436,2020-06-17 10:50:00,62.70,100.00
129-04436,2020-06-17 11:00:00,63.74,100.00
129-04436,2020-06-17 11:10:00,63.37,100.00
129-04436,2020-06-17 11:20:00,63.96,97.70
129-04436,2020-06-17 11:30:00,61.58,100.00
129-04436,2020-06-17 11:40:00,65.37,100.00
129-04436,2020-06-17 11:50:00,63.07,100.00
129-04436,2020-06-17 12:00:00,63.29,100.00
129-04436,2020-06-17 12:10:00,64.87,100.00
129-04436,2020-06-17 12:20:00,61.18,100.00
129-04436,2020-06-17 12:30:00,62.17,100.00
129-04436,2020-06-17 12:40:00,60.98,100.00
129-04436,2020-06-17 12:50:00,61.79,100.00
129-04436,2020-06-17 13:00:00,61.58,100.00
129-04436,2020-06-17 13:10:00,61.98,100.00
129-04436,2020-06-17 13:20:00,61.88,100.00
129-04436,2020-06-17 13:30:00,62.08,100.00
129-04436,2020-06-17 13:40:00,63.27,100.00
129-04436,2020-06-17 13:50:00,64.89,100.00
129-04436,2020-06-17 14:00:00,63.76,100.00
129-04436,2020-06-17 14:10:00,66.58,100.00
129-04436,2020-06-17 14:20:00,64.64,100.00
129-04436,2020-06-17 14:30:00,62.98,100.00
129-04436,2020-06-17 14:40:00,62.86,99.10
129-04436,2020-06-17 14:50:00,64.98,100.00
129-04436,2020-06-17 15:00:00,64.99,100.00
129-04436,2020-06-17 15:10:00,63.88,100.00
129-04436,2020-06-17 15:20:00,63.10,100.00
129-04436,2020-06-17 15:30:00,64.79,100.00
129-04436,2020-06-17 15:40:00,64.99,98.90
129-04436,2020-06-17 15:50:00,64.67,100.00
129-04436,2020-06-17 16:00:00,61.70,100.00
129-04436,2020-06-17 16:10:00,61.88,100.00
129-04436,2020-06-17 16:20:00,65.79,100.00
129-04436,2020-06-17 16:30:00,64.28,100.00
129-04436,2020-06-17 16:40:00,63.78,100.00
129-04436,2020-06-17 16:50:00,61.76,100.00
129-04436,2020-06-17 17:00:00,66.09,100.00
129-04436,2020-06-17 17:10:00,64.18,100.00
129-04436,2020-06-17 17:20:00,65.39,100.00
129-04436,2020-06-17 17:30:00,67.75,87.10
129-04436,2020-06-17 17:40:00,63.04,94.00
129-04436,2020-06-17 17:50:00,64.04,100.00
129-04436,2020-06-17 18:00:00,66.29,100.00
129-04436,2020-06-17 18:10:00,65.37,100.00
129-04436,2020-06-17 18:20:00,65.07,100.00
129-04436,2020-06-17 18:30:00,65.06,100.00
129-04436,2020-06-17 18:40:00,61.41,100.00
129-04436,2020-06-17 18:50:00,60.77,100.00
129-04436,2020-06-17 19:00:00,66.48,100.00
129-04436,2020-06-17 19:10:00,67.77,72.80
129-04436,2020-06-17 19:20:00,63.00,100.00
129-04436,2020-06-17 19:30:00,66.18,86.90
129-04436,2020-06-17 19:40:00,65.46,84.10
129-04436,2020-06-17 19:50:00,64.77,100.00
129-04436,2020-06-17 20:00:00,63.09,100.00
129-04436,2020-06-17 20:10:00,64.27,100.00
129-04436,2020-06-17 20:20:00,63.29,100.00
129-04436,2020-06-17 20:30:00,64.47,100.00
129-04436,2020-06-17 20:40:00,64.18,100.00
129-04436,2020-06-17 20:50:00,64.52,100.00
129-04436,2020-06-17 21:00:00,64.14,84.00
129-04436,2020-06-17 21:10:00,61.49,90.30
129-04436,2020-06-17 21:20:00,61.15,100.00
129-04436,2020-06-17 21:30:00,66.28,72.90
129-04436,2020-06-17 21:40:00,61.07,100.00
129-04436,2020-06-17 21:50:00,63.87,100.00
129-04436,2020-06-17 22:00:00,60.77,100.00
129-04436,2020-06-17 22:10:00,61.32,100.00
129-04436,2020-06-17 22:20:00,60.98,100.00
129-04436,2020-06-17 22:30:00,60.00,100.00
129-04436,2020-06-17 22:40:00,63.98,100.00
129-04436,2020-06-17 22:50:00,62.59,100.00
129-04436,2020-06-17 23:00:00,62.79,96.70
129-04436,2020-06-17 23:10:00,69.50,45.50
129-04436,2020-06-17 23:20:00,55.05,24.50
129-04436,2020-06-17 23:30:00,50.00,20.11
129-04436,2020-06-17 23:40:00,61.00,99.20
129-04436,2020-06-17 23:50:00,61.00,98.40
129-04437,2020-06-17 00:00:00,56.15,64.40
129-04437,2020-06-17 00:10:00,62.00,59.33
129-04437,2020-06-17 00:20:00,,
129-04437,2020-06-17 00:30:00,53.00,79.00
129-04437,2020-06-17 00:40:00,53.00,84.80
129-04437,2020-06-17 00:50:00,,
129-04437,2020-06-17 01:00:00,50.00,88.13
129-04437,2020-06-17 01:10:00,50.00,96.33
129-04437,2020-06-17 01:20:00,,
129-04437,2020-06-17 01:30:00,,
129-04437,2020-06-17 01:40:00,,
129-04437,2020-06-17 01:50:00,,
129-04437,2020-06-17 02:00:00,,
129-04437,2020-06-17 02:10:00,,
129-04437,2020-06-17 02:20:00,,
129-04437,2020-06-17 02:30:00,,
129-04437,2020-06-17 02:40:00,55.00,100.00
129-04437,2020-06-17 02:50:00,55.00,100.00
129-04437,2020-06-17 03:00:00,51.65,89.75
129-04437,2020-06-17 03:10:00,53.00,99.00
129-04437,2020-06-17 03:20:00,,
129-04437,2020-06-17 03:30:00,50.00,87.00
129-04437,2020-06-17 03:40:00,55.22,57.70
129-04437,2020-06-17 03:50:00,67.00,22.71
129-04437,2020-06-17 04:00:00,48.00,63.89
129-04437,2020-06-17 04:10:00,,
129-04437,2020-06-17 04:20:00,,
129-04437,2020-06-17 04:30:00,56.00,99.00
129-04437,2020-06-17 04:40:00,54.96,96.50
129-04437,2020-06-17 04:50:00,48.00,83.00
129-04437,2020-06-17 05:00:00,50.61,81.50
129-04437,2020-06-17 05:10:00,55.67,89.10
129-04437,2020-06-17 05:20:00,50.73,82.10
129-04437,2020-06-17 05:30:00,49.16,85.00
129-04437,2020-06-17 05:40:00,64.43,31.50
129-04437,2020-06-17 05:50:00,57.96,70.00
129-04437,2020-06-17 06:00:00,59.88,88.90
129-04437,2020-06-17 06:10:00,61.16,87.90
129-04437,2020-06-17 06:20:00,53.59,99.20
129-04437,2020-06-17 06:30:00,53.91,100.00
129-04437,2020-06-17 06:40:00,55.83,100.00
129-04437,2020-06-17 06:50:00,52.28,100.00
129-04437,2020-06-17 07:00:00,61.02,73.80
129-04437,2020-06-17 07:10:00,52.52,100.00
129-04437,2020-06-17 07:20:00,53.50,100.00
129-04437,2020-06-17 07:30:00,54.24,100.00
129-04437,2020-06-17 07:40:00,56.05,100.00
129-04437,2020-06-17 07:50:00,52.88,100.00
129-04437,2020-06-17 08:00:00,51.69,100.00
129-04437,2020-06-17 08:10:00,53.59,100.00
129-04437,2020-06-17 08:20:00,52.80,100.00
129-04437,2020-06-17 08:30:00,51.58,100.00
129-04437,2020-06-17 08:40:00,56.86,91.40
129-04437,2020-06-17 08:50:00,52.49,100.00
129-04437,2020-06-17 09:00:00,51.60,100.00
129-04437,2020-06-17 09:10:00,51.39,100.00
129-04437,2020-06-17 09:20:00,52.39,100.00
129-04437,2020-06-17 09:30:00,52.68,100.00
129-04437,2020-06-17 09:40:00,52.89,100.00
129-04437,2020-06-17 09:50:00,51.28,100.00
129-04437,2020-06-17 10:00:00,52.88,100.00
129-04437,2020-06-17 10:10:00,53.77,100.00
129-04437,2020-06-17 10:20:00,52.78,100.00
129-04437,2020-06-17 10:30:00,52.30,100.00
129-04437,2020-06-17 10:40:00,51.95,100.00
129-04437,2020-06-17 10:50:00,51.49,100.00
129-04437,2020-06-17 11:00:00,52.97,100.00
129-04437,2020-06-17 11:10:00,53.59,100.00
129-04437,2020-06-17 11:20:00,53.95,95.40
129-04437,2020-06-17 11:30:00,53.78,100.00
129-04437,2020-06-17 11:40:00,56.90,100.00
129-04437,2020-06-17 11:50:00,53.95,100.00
129-04437,2020-06-17 12:00:00,53.97,100.00
129-04437,2020-06-17 12:10:00,53.87,100.00
129-04437,2020-06-17 12:20:00,52.09,100.00
129-04437,2020-06-17 12:30:00,52.09,100.00
129-04437,2020-06-17 12:40:00,52.09,100.00
129-04437,2020-06-17 12:50:00,52.30,100.00
129-04437,2020-06-17 13:00:00,51.49,100.00
129-04437,2020-06-17 13:10:00,51.96,100.00
129-04437,2020-06-17 13:20:00,52.39,100.00
129-04437,2020-06-17 13:30:00,51.37,100.00
129-04437,2020-06-17 13:40:00,53.98,100.00
129-04437,2020-06-17 13:50:00,56.39,94.90
129-04437,2020-06-17 14:00:00,55.22,95.10
129-04437,2020-06-17 14:10:00,57.37,100.00
129-04437,2020-06-17 14:20:00,54.08,100.00
129-04437,2020-06-17 14:30:00,53.96,100.00
129-04437,2020-06-17 14:40:00,51.98,100.00
129-04437,2020-06-17 14:50:00,55.39,100.00
129-04437,2020-06-17 15:00:00,56.07,100.00
129-04437,2020-06-17 15:10:00,54.48,100.00
129-04437,2020-06-17 15:20:00,53.99,100.00
129-04437,2020-06-17 15:30:00,54.79,100.00
129-04437,2020-06-17 15:40:00,54.29,100.00
129-04437,2020-06-17 15:50:00,53.22,100.00
129-04437,2020-06-17 16:00:00,52.40,100.00
129-04437,2020-06-17 16:10:00,53.39,100.00
129-04437,2020-06-17 16:20:00,53.07,100.00
129-04437,2020-06-17 16:30:00,51.96,100.00
129-04437,2020-06-17 16:40:00,52.60,100.00
129-04437,2020-06-17 16:50:00,52.59,100.00
129-04437,2020-06-17 17:00:00,55.49,100.00
129-04437,2020-06-17 17:10:00,54.48,100.00
129-04437,2020-06-17 17:20:00,53.47,100.00
129-04437,2020-06-17 17:30:00,52.70,100.00
129-04437,2020-06-17 17:40:00,51.54,100.00
129-04437,2020-06-17 17:50:00,54.27,100.00
129-04437,2020-06-17 18:00:00,55.29,100.00
129-04437,2020-06-17 18:10:00,54.49,100.00
129-04437,2020-06-17 18:20:00,54.82,100.00
129-04437,2020-06-17 18:30:00,56.00,100.00
129-04437,2020-06-17 18:40:00,55.37,97.80
129-04437,2020-06-17 18:50:00,51.77,100.00
129-04437,2020-06-17 19:00:00,58.04,88.60
129-04437,2020-06-17 19:10:00,56.80,91.00
129-04437,2020-06-17 19:20:00,53.29,100.00
129-04437,2020-06-17 19:30:00,61.17,42.40
129-04437,2020-06-17 19:40:00,54.17,100.00
129-04437,2020-06-17 19:50:00,58.79,100.00
129-04437,2020-06-17 20:00:00,52.47,100.00
129-04437,2020-06-17 20:10:00,53.58,100.00
129-04437,2020-06-17 20:20:00,53.00,100.00
129-04437,2020-06-17 20:30:00,53.78,100.00
129-04437,2020-06-17 20:40:00,52.36,100.00
129-04437,2020-06-17 20:50:00,52.65,100.00
129-04437,2020-06-17 21:00:00,48.63,74.40
129-04437,2020-06-17 21:10:00,51.02,96.60
129-04437,2020-06-17 21:20:00,53.00,100.00
129-04437,2020-06-17 21:30:00,55.15,100.00
129-04437,2020-06-17 21:40:00,48.24,81.40
129-04437,2020-06-17 21:50:00,54.89,100.00
129-04437,2020-06-17 22:00:00,47.78,57.40
129-04437,2020-06-17 22:10:00,50.57,87.50
129-04437,2020-06-17 22:20:00,49.10,90.90
129-04437,2020-06-17 22:30:00,49.06,92.80
129-04437,2020-06-17 22:40:00,53.51,100.00
129-04437,2020-06-17 22:50:00,48.71,87.30
129-04437,2020-06-17 23:00:00,54.66,64.20
129-04437,2020-06-17 23:10:00,56.00,60.80
129-04437,2020-06-17 23:20:00,48.29,58.00
129-04437,2020-06-17 23:30:00,47.00,65.00
129-04437,2020-06-17 23:40:00,51.13,96.43
129-04437,2020-06-17 23:50:00,51.62,96.89
129-04450,2020-06-17 00:00:00,67.07,88.10
129-04450,2020-06-17 00:10:00,68.26,89.30
129-04450,2020-06-17 00:20:00,66.19,92.30
129-04450,2020-06-17 00:30:00,64.45,73.10
129-04450,2020-06-17 00:40:00,57.89,27.00
129-04450,2020-06-17 00:50:00,66.45,71.90
129-04450,2020-06-17 01:00:00,66.00,91.71
129-04450,2020-06-17 01:10:00,64.58,95.70
129-04450,2020-06-17 01:20:00,61.54,85.60
129-04450,2020-06-17 01:30:00,65.79,94.00
129-04450,2020-06-17 01:40:00,65.21,84.30
129-04450,2020-06-17 01:50:00,63.44,83.50
129-04450,2020-06-17 02:00:00,65.27,94.10
129-04450,2020-06-17 02:10:00,66.34,84.70
129-04450,2020-06-17 02:20:00,68.74,74.60
129-04450,2020-06-17 02:30:00,63.80,93.40
129-04450,2020-06-17 02:40:00,65.58,97.60
129-04450,2020-06-17 02:50:00,69.01,77.60
129-04450,2020-06-17 03:00:00,61.79,68.60
129-04450,2020-06-17 03:10:00,63.00,94.20
129-04450,2020-06-17 03:20:00,66.25,68.90
129-04450,2020-06-17 03:30:00,63.95,32.40
129-04450,2020-06-17 03:40:00,63.29,72.50
129-04450,2020-06-17 03:50:00,64.46,94.70
129-04450,2020-06-17 04:00:00,67.24,84.20
129-04450,2020-06-17 04:10:00,64.28,92.50
129-04450,2020-06-17 04:20:00,65.50,92.60
129-04450,2020-06-17 04:30:00,64.39,96.60
129-04450,2020-06-17 04:40:00,66.69,60.80
129-04450,2020-06-17 04:50:00,68.05,84.10
129-04450,2020-06-17 05:00:00,60.98,51.50
129-04450,2020-06-17 05:10:00,65.16,91.60
129-04450,2020-06-17 05:20:00,71.43,66.20
129-04450,2020-06-17 05:30:00,73.71,69.60
129-04450,2020-06-17 05:40:00,69.34,83.90
129-04450,2020-06-17 05:50:00,68.67,88.60
129-04450,2020-06-17 06:00:00,69.07,99.70
129-04450,2020-06-17 06:10:00,72.86,96.30
129-04450,2020-06-17 06:20:00,71.18,99.90
129-04450,2020-06-17 06:30:00,73.06,87.20
129-04450,2020-06-17 06:40:00,71.60,94.70
129-04450,2020-06-17 06:50:00,71.02,97.90
129-04450,2020-06-17 07:00:00,72.05,100.00
129-04450,2020-06-17 07:10:00,68.15,100.00
129-04450,2020-06-17 07:20:00,69.79,100.00
129-04450,2020-06-17 07:30:00,72.58,97.70
129-04450,2020-06-17 07:40:00,68.56,100.00
129-04450,2020-06-17 07:50:00,68.79,100.00
129-04450,2020-06-17 08:00:00,68.48,100.00
129-04450,2020-06-17 08:10:00,67.05,100.00
129-04450,2020-06-17 08:20:00,67.49,100.00
129-04450,2020-06-17 08:30:00,69.69,100.00
129-04450,2020-06-17 08:40:00,72.38,95.80
129-04450,2020-06-17 08:50:00,69.77,100.00
129-04450,2020-06-17 09:00:00,67.59,100.00
129-04450,2020-06-17 09:10:00,65.77,100.00
129-04450,2020-06-17 09:20:00,67.99,100.00
129-04450,2020-06-17 09:30:00,67.59,100.00
129-04450,2020-06-17 09:40:00,71.96,100.00
129-04450,2020-06-17 09:50:00,69.49,100.00
129-04450,2020-06-17 10:00:00,68.20,100.00
129-04450,2020-06-17 10:10:00,68.78,100.00
129-04450,2020-06-17 10:20:00,68.99,100.00
129-04450,2020-06-17 10:30:00,70.17,100.00
129-04450,2020-06-17 10:40:00,69.99,100.00
129-04450,2020-06-17 10:50:00,68.17,100.00
129-04450,2020-06-17 11:00:00,68.06,100.00
129-04450,2020-06-17 11:10:00,68.97,100.00
129-04450,2020-06-17 11:20:00,68.11,100.00
129-04450,2020-06-17 11:30:00,66.15,100.00
129-04450,2020-06-17 11:40:00,45.83,100.00
129-04450,2020-06-17 11:50:00,54.01,100.00
129-04450,2020-06-17 12:00:00,68.75,100.00
129-04450,2020-06-17 12:10:00,69.10,100.00
129-04450,2020-06-17 12:20:00,68.68,100.00
129-04450,2020-06-17 12:30:00,70.67,100.00
129-04450,2020-06-17 12:40:00,70.16,100.00
129-04450,2020-06-17 12:50:00,67.08,100.00
129-04450,2020-06-17 13:00:00,68.68,100.00
129-04450,2020-06-17 13:10:00,59.34,100.00
129-04450,2020-06-17 13:20:00,53.12,100.00
129-04450,2020-06-17 13:30:00,66.47,100.00
129-04450,2020-06-17 13:40:00,65.70,100.00
129-04450,2020-06-17 13:50:00,65.00,100.00
129-04450,2020-06-17 14:00:00,65.90,100.00
129-04450,2020-06-17 14:10:00,67.39,100.00
129-04450,2020-06-17 14:20:00,67.07,100.00
129-04450,2020-06-17 14:30:00,65.49,100.00
129-04450,2020-06-17 14:40:00,64.67,100.00
129-04450,2020-06-17 14:50:00,58.27,100.00
129-04450,2020-06-17 15:00:00,51.36,100.00
129-04450,2020-06-17 15:10:00,49.37,100.00
129-04450,2020-06-17 15:20:00,50.98,100.00
129-04450,2020-06-17 15:30:00,52.72,100.00
129-04450,2020-06-17 15:40:00,55.78,100.00
129-04450,2020-06-17 15:50:00,49.59,100.00
129-04450,2020-06-17 16:00:00,37.21,100.00
129-04450,2020-06-17 16:10:00,40.51,100.00
129-04450,2020-06-17 16:20:00,45.71,100.00
129-04450,2020-06-17 16:30:00,44.63,100.00
129-04450,2020-06-17 16:40:00,53.33,100.00
129-04450,2020-06-17 16:50:00,55.88,100.00
129-04450,2020-06-17 17:00:00,53.81,100.00
129-04450,2020-06-17 17:10:00,60.69,100.00
129-04450,2020-06-17 17:20:00,64.48,100.00
129-04450,2020-06-17 17:30:00,64.90,100.00
129-04450,2020-06-17 17:40:00,65.08,100.00
129-04450,2020-06-17 17:50:00,52.74,100.00
129-04450,2020-06-17 18:00:00,56.44,100.00
129-04450,2020-06-17 18:10:00,66.49,100.00
129-04450,2020-06-17 18:20:00,65.99,100.00
129-04450,2020-06-17 18:30:00,66.67,100.00
129-04450,2020-06-17 18:40:00,68.18,100.00
129-04450,2020-06-17 18:50:00,71.38,100.00
129-04450,2020-06-17 19:00:00,69.49,100.00
129-04450,2020-06-17 19:10:00,72.18,100.00
129-04450,2020-06-17 19:20:00,71.98,100.00
129-04450,2020-06-17 19:30:00,69.38,100.00
129-04450,2020-06-17 19:40:00,70.46,100.00
129-04450,2020-06-17 19:50:00,71.38,100.00
129-04450,2020-06-17 20:00:00,72.19,100.00
129-04450,2020-06-17 20:10:00,69.17,100.00
129-04450,2020-06-17 20:20:00,68.78,100.00
129-04450,2020-06-17 20:30:00,70.87,100.00
129-04450,2020-06-17 20:40:00,68.87,100.00
129-04450,2020-06-17 20:50:00,69.55,100.00
129-04450,2020-06-17 21:00:00,69.58,100.00
129-04450,2020-06-17 21:10:00,67.76,99.30
129-04450,2020-06-17 21:20:00,68.56,99.90
129-04450,2020-06-17 21:30:00,64.59,100.00
129-04450,2020-06-17 21:40:00,64.73,90.00
129-04450,2020-06-17 21:50:00,71.04,70.50
129-04450,2020-06-17 22:00:00,66.68,99.00
129-04450,2020-06-17 22:10:00,66.59,98.00
129-04450,2020-06-17 22:20:00,73.36,48.20
129-04450,2020-06-17 22:30:00,72.34,81.60
129-04450,2020-06-17 22:40:00,70.78,95.40
129-04450,2020-06-17 22:50:00,65.35,99.50
129-04450,2020-06-17 23:00:00,59.77,35.10
129-04450,2020-06-17 23:10:00,69.66,88.50
129-04450,2020-06-17 23:20:00,70.14,78.25
129-04450,2020-06-17 23:30:00,73.09,56.60
129-04450,2020-06-17 23:40:00,69.57,90.30
129-04450,2020-06-17 23:50:00,65.34,66.10
129N04439,2020-06-17 00:00:00,72.97,70.10
129N04439,2020-06-17 00:10:00,76.35,96.90
129N04439,2020-06-17 00:20:00,73.59,78.00
129N04439,2020-06-17 00:30:00,69.00,60.88
129N04439,2020-06-17 00:40:00,61.72,33.20
129N04439,2020-06-17 00:50:00,61.00,50.00
129N04439,2020-06-17 01:00:00,,
129N04439,2020-06-17 01:10:00,65.00,97.56
129N04439,2020-06-17 01:20:00,65.00,99.10
129N04439,2020-06-17 01:30:00,,
129N04439,2020-06-17 01:40:00,,
129N04439,2020-06-17 01:50:00,,
129N04439,2020-06-17 02:00:00,,
129N04439,2020-06-17 02:10:00,,
129N04439,2020-06-17 02:20:00,,
129N04439,2020-06-17 02:30:00,63.08,92.14
129N04439,2020-06-17 02:40:00,72.55,87.50
129N04439,2020-06-17 02:50:00,65.88,39.90
129N04439,2020-06-17 03:00:00,68.47,80.40
129N04439,2020-06-17 03:10:00,71.00,94.00
129N04439,2020-06-17 03:20:00,63.23,32.88
129N04439,2020-06-17 03:30:00,65.62,53.60
129N04439,2020-06-17 03:40:00,66.66,41.80
129N04439,2020-06-17 03:50:00,78.17,19.50
129N04439,2020-06-17 04:00:00,,
129N04439,2020-06-17 04:10:00,,
129N04439,2020-06-17 04:20:00,71.00,90.75
129N04439,2020-06-17 04:30:00,69.19,65.20
129N04439,2020-06-17 04:40:00,68.61,79.60
129N04439,2020-06-17 04:50:00,68.41,97.30
129N04439,2020-06-17 05:00:00,70.16,97.60
129N04439,2020-06-17 05:10:00,75.91,50.60
129N04439,2020-06-17 05:20:00,72.70,86.20
129N04439,2020-06-17 05:30:00,71.00,98.67
129N04439,2020-06-17 05:40:00,71.33,95.83
129N04439,2020-06-17 05:50:00,75.33,92.20
129N04439,2020-06-17 06:00:00,74.21,80.60
129N04439,2020-06-17 06:10:00,72.59,99.90
129N04439,2020-06-17 06:20:00,68.95,100.00
129N04439,2020-06-17 06:30:00,72.58,96.90
129N04439,2020-06-17 06:40:00,71.99,100.00
129N04439,2020-06-17 06:50:00,75.64,71.70
129N04439,2020-06-17 07:00:00,77.39,58.10
129N04439,2020-06-17 07:10:00,71.07,96.20
129N04439,2020-06-17 07:20:00,74.12,99.60
129N04439,2020-06-17 07:30:00,68.58,100.00
129N04439,2020-06-17 07:40:00,73.35,98.10
129N04439,2020-06-17 07:50:00,73.58,93.20
129N04439,2020-06-17 08:00:00,72.55,95.20
129N04439,2020-06-17 08:10:00,72.57,94.80
129N04439,2020-06-17 08:20:00,70.32,91.80
129N04439,2020-06-17 08:30:00,76.18,84.70
129N04439,2020-06-17 08:40:00,69.37,97.30
129N04439,2020-06-17 08:50:00,70.31,94.80
129N04439,2020-06-17 09:00:00,69.78,99.90
129N04439,2020-06-17 09:10:00,69.51,99.10
129N04439,2020-06-17 09:20:00,70.33,100.00
129N04439,2020-06-17 09:30:00,70.15,100.00
129N04439,2020-06-17 09:40:00,70.78,100.00
129N04439,2020-06-17 09:50:00,68.97,100.00
129N04439,2020-06-17 10:00:00,71.58,91.80
129N04439,2020-06-17 10:10:00,76.09,55.80
129N04439,2020-06-17 10:20:00,72.73,100.00
129N04439,2020-06-17 10:30:00,73.96,100.00
129N04439,2020-06-17 10:40:00,72.97,99.30
129N04439,2020-06-17 10:50:00,72.09,95.70
129N04439,2020-06-17 11:00:00,71.20,99.40
129N04439,2020-06-17 11:10:00,72.98,91.30
129N04439,2020-06-17 11:20:00,74.76,91.20
129N04439,2020-06-17 11:30:00,71.29,99.20
129N04439,2020-06-17 11:40:00,69.38,100.00
129N04439,2020-06-17 11:50:00,69.34,100.00
129N04439,2020-06-17 12:00:00,71.55,100.00
129N04439,2020-06-17 12:10:00,75.56,81.90
129N04439,2020-06-17 12:20:00,70.25,94.50
129N04439,2020-06-17 12:30:00,69.86,100.00
129N04439,2020-06-17 12:40:00,70.93,100.00
129N04439,2020-06-17 12:50:00,71.93,100.00
129N04439,2020-06-17 13:00:00,72.56,100.00
129N04439,2020-06-17 13:10:00,70.28,100.00
129N04439,2020-06-17 13:20:00,67.19,100.00
129N04439,2020-06-17 13:30:00,69.91,100.00
129N04439,2020-06-17 13:40:00,71.79,100.00
129N04439,2020-06-17 13:50:00,70.55,95.80
129N04439,2020-06-17 14:00:00,67.17,100.00
129N04439,2020-06-17 14:10:00,68.76,100.00
129N04439,2020-06-17 14:20:00,69.17,95.60
129N04439,2020-06-17 14:30:00,71.32,91.90
129N04439,2020-06-17 14:40:00,70.52,100.00
129N04439,2020-06-17 14:50:00,69.18,100.00
129N04439,2020-06-17 15:00:00,69.19,100.00
129N04439,2020-06-17 15:10:00,71.59,99.80
129N04439,2020-06-17 15:20:00,72.90,80.30
129N04439,2020-06-17 15:30:00,74.97,85.70
129N04439,2020-06-17 15:40:00,73.39,100.00
129N04439,2020-06-17 15:50:00,74.24,100.00
129N04439,2020-06-17 16:00:00,71.89,100.00
129N04439,2020-06-17 16:10:00,69.19,100.00
129N04439,2020-06-17 16:20:00,72.39,100.00
129N04439,2020-06-17 16:30:00,69.17,100.00
129N04439,2020-06-17 16:40:00,70.57,100.00
129N04439,2020-06-17 16:50:00,69.30,100.00
129N04439,2020-06-17 17:00:00,68.17,100.00
129N04439,2020-06-17 17:10:00,66.58,100.00
129N04439,2020-06-17 17:20:00,69.74,100.00
129N04439,2020-06-17 17:30:00,68.58,100.00
129N04439,2020-06-17 17:40:00,68.59,100.00
129N04439,2020-06-17 17:50:00,69.59,100.00
129N04439,2020-06-17 18:00:00,73.16,100.00
129N04439,2020-06-17 18:10:00,72.79,100.00
129N04439,2020-06-17 18:20:00,70.75,100.00
129N04439,2020-06-17 18:30:00,72.39,100.00
129N04439,2020-06-17 18:40:00,74.97,100.00
129N04439,2020-06-17 18:50:00,76.86,96.90
129N04439,2020-06-17 19:00:00,69.16,78.80
129N04439,2020-06-17 19:10:00,69.12,98.80
129N04439,2020-06-17 19:20:00,74.99,100.00
129N04439,2020-06-17 19:30:00,77.85,82.50
129N04439,2020-06-17 19:40:00,75.71,97.80
129N04439,2020-06-17 19:50:00,71.04,100.00
129N04439,2020-06-17 20:00:00,68.48,100.00
129N04439,2020-06-17 20:10:00,70.18,100.00
129N04439,2020-06-17 20:20:00,70.14,100.00
129N04439,2020-06-17 20:30:00,71.92,100.00
129N04439,2020-06-17 20:40:00,76.59,88.60
129N04439,2020-06-17 20:50:00,68.44,100.00
129N04439,2020-06-17 21:00:00,70.87,100.00
129N04439,2020-06-17 21:10:00,69.34,100.00
129N04439,2020-06-17 21:20:00,67.97,100.00
129N04439,2020-06-17 21:30:00,69.65,100.00
129N04439,2020-06-17 21:40:00,65.95,100.00
129N04439,2020-06-17 21:50:00,71.76,100.00
129N04439,2020-06-17 22:00:00,65.57,74.40
129N04439,2020-06-17 22:10:00,68.58,100.00
129N04439,2020-06-17 22:20:00,65.69,93.10
129N04439,2020-06-17 22:30:00,70.72,86.50
129N04439,2020-06-17 22:40:00,75.98,40.30
129N04439,2020-06-17 22:50:00,70.49,56.00
129N04439,2020-06-17 23:00:00,66.15,45.20
129N04439,2020-06-17 23:10:00,74.50,69.50
129N04439,2020-06-17 23:20:00,72.59,96.00
129N04439,2020-06-17 23:30:00,71.79,93.30
129N04439,2020-06-17 23:40:00,73.22,95.44
129N04439,2020-06-17 23:50:00,75.16,53.90
129N04448,2020-06-17 00:00:00,66.59,86.30
129N04448,2020-06-17 00:10:00,68.07,95.00
129N04448,2020-06-17 00:20:00,71.19,70.90
129N04448,2020-06-17 00:30:00,71.64,78.90
129N04448,2020-06-17 00:40:00,62.21,47.20
129N04448,2020-06-17 00:50:00,57.00,20.71
129N04448,2020-06-17 01:00:00,70.00,92.00
129N04448,2020-06-17 01:10:00,70.00,88.88
129N04448,2020-06-17 01:20:00,62.23,86.57
129N04448,2020-06-17 01:30:00,67.87,92.25
129N04448,2020-06-17 01:40:00,68.00,98.80
129N04448,2020-06-17 01:50:00,70.00,87.63
129N04448,2020-06-17 02:00:00,67.70,98.90
129N04448,2020-06-17 02:10:00,69.77,86.40
129N04448,2020-06-17 02:20:00,74.05,63.60
129N04448,2020-06-17 02:30:00,70.61,64.10
129N04448,2020-06-17 02:40:00,66.68,75.80
129N04448,2020-06-17 02:50:00,64.49,51.33
129N04448,2020-06-17 03:00:00,65.68,76.13
129N04448,2020-06-17 03:10:00,67.13,96.86
129N04448,2020-06-17 03:20:00,66.76,93.20
129N04448,2020-06-17 03:30:00,77.89,11.70
129N04448,2020-06-17 03:40:00,65.53,74.60
129N04448,2020-06-17 03:50:00,70.19,97.30
129N04448,2020-06-17 04:00:00,67.39,73.70
129N04448,2020-06-17 04:10:00,72.00,94.57
129N04448,2020-06-17 04:20:00,67.99,58.60
129N04448,2020-06-17 04:30:00,67.27,87.30
129N04448,2020-06-17 04:40:00,63.52,41.40
129N04448,2020-06-17 04:50:00,71.77,79.60
129N04448,2020-06-17 05:00:00,67.00,97.00
129N04448,2020-06-17 05:10:00,73.95,49.56
129N04448,2020-06-17 05:20:00,67.86,79.80
129N04448,2020-06-17 05:30:00,74.67,77.00
129N04448,2020-06-17 05:40:00,72.92,65.40
129N04448,2020-06-17 05:50:00,68.18,74.00
129N04448,2020-06-17 06:00:00,77.12,55.00
129N04448,2020-06-17 06:10:00,73.04,81.90
129N04448,2020-06-17 06:20:00,73.04,97.90
129N04448,2020-06-17 06:30:00,74.39,77.70
129N04448,2020-06-17 06:40:00,67.57,100.00
129N04448,2020-06-17 06:50:00,72.27,97.90
129N04448,2020-06-17 07:00:00,71.49,100.00
129N04448,2020-06-17 07:10:00,71.99,99.90
129N04448,2020-06-17 07:20:00,71.39,100.00
129N04448,2020-06-17 07:30:00,71.08,100.00
129N04448,2020-06-17 07:40:00,71.79,99.20
129N04448,2020-06-17 07:50:00,72.49,99.30
129N04448,2020-06-17 08:00:00,71.70,100.00
129N04448,2020-06-17 08:10:00,75.77,76.30
129N04448,2020-06-17 08:20:00,69.94,95.60
129N04448,2020-06-17 08:30:00,67.19,100.00
129N04448,2020-06-17 08:40:00,68.16,100.00
129N04448,2020-06-17 08:50:00,63.97,95.80
129N04448,2020-06-17 09:00:00,61.26,89.00
129N04448,2020-06-17 09:10:00,66.13,96.30
129N04448,2020-06-17 09:20:00,67.36,100.00
129N04448,2020-06-17 09:30:00,68.79,100.00
129N04448,2020-06-17 09:40:00,71.39,64.80
129N04448,2020-06-17 09:50:00,70.78,98.20
129N04448,2020-06-17 10:00:00,69.48,99.60
129N04448,2020-06-17 10:10:00,67.48,100.00
129N04448,2020-06-17 10:20:00,67.75,100.00
129N04448,2020-06-17 10:30:00,69.76,100.00
129N04448,2020-06-17 10:40:00,70.38,100.00
129N04448,2020-06-17 10:50:00,69.36,99.90
129N04448,2020-06-17 11:00:00,68.85,96.80
129N04448,2020-06-17 11:10:00,71.28,96.80
129N04448,2020-06-17 11:20:00,68.28,100.00
129N04448,2020-06-17 11:30:00,67.68,100.00
129N04448,2020-06-17 11:40:00,67.55,100.00
129N04448,2020-06-17 11:50:00,72.65,100.00
129N04448,2020-06-17 12:00:00,68.57,100.00
129N04448,2020-06-17 12:10:00,57.75,100.00
129N04448,2020-06-17 12:20:00,29.21,100.00
129N04448,2020-06-17 12:30:00,52.91,100.00
129N04448,2020-06-17 12:40:00,71.96,100.00
129N04448,2020-06-17 12:50:00,70.16,100.00
129N04448,2020-06-17 13:00:00,70.19,100.00
129N04448,2020-06-17 13:10:00,68.26,100.00
129N04448,2020-06-17 13:20:00,69.18,100.00
129N04448,2020-06-17 13:30:00,70.84,95.20
129N04448,2020-06-17 13:40:00,67.58,100.00
129N04448,2020-06-17 13:50:00,32.48,100.00
129N04448,2020-06-17 14:00:00,33.22,100.00
129N04448,2020-06-17 14:10:00,38.48,100.00
129N04448,2020-06-17 14:20:00,66.87,100.00
129N04448,2020-06-17 14:30:00,69.60,100.00
129N04448,2020-06-17 14:40:00,68.48,100.00
129N04448,2020-06-17 14:50:00,70.00,100.00
129N04448,2020-06-17 15:00:00,56.20,100.00
129N04448,2020-06-17 15:10:00,60.31,100.00
129N04448,2020-06-17 15:20:00,65.19,100.00
129N04448,2020-06-17 15:30:00,66.08,100.00
129N04448,2020-06-17 15:40:00,62.77,100.00
129N04448,2020-06-17 15:50:00,62.87,100.00
129N04448,2020-06-17 16:00:00,60.02,100.00
129N04448,2020-06-17 16:10:00,62.57,100.00
129N04448,2020-06-17 16:20:00,63.39,100.00
129N04448,2020-06-17 16:30:00,64.08,100.00
129N04448,2020-06-17 16:40:00,65.49,100.00
129N04448,2020-06-17 16:50:00,66.89,100.00
129N04448,2020-06-17 17:00:00,68.28,100.00
129N04448,2020-06-17 17:10:00,67.47,100.00
129N04448,2020-06-17 17:20:00,66.49,100.00
129N04448,2020-06-17 17:30:00,66.39,100.00
129N04448,2020-06-17 17:40:00,68.86,100.00
129N04448,2020-06-17 17:50:00,69.89,100.00
129N04448,2020-06-17 18:00:00,68.23,100.00
129N04448,2020-06-17 18:10:00,68.17,100.00
129N04448,2020-06-17 18:20:00,70.77,100.00
129N04448,2020-06-17 18:30:00,70.89,100.00
129N04448,2020-06-17 18:40:00,74.42,100.00
129N04448,2020-06-17 18:50:00,69.99,99.80
129N04448,2020-06-17 19:00:00,72.78,96.80
129N04448,2020-06-17 19:10:00,70.47,100.00
129N04448,2020-06-17 19:20:00,73.07,100.00
129N04448,2020-06-17 19:30:00,72.97,100.00
129N04448,2020-06-17 19:40:00,70.45,98.50
129N04448,2020-06-17 19:50:00,71.00,98.60
129N04448,2020-06-17 20:00:00,71.28,99.80
129N04448,2020-06-17 20:10:00,68.95,98.50
129N04448,2020-06-17 20:20:00,67.77,100.00
129N04448,2020-06-17 20:30:00,71.19,86.90
129N04448,2020-06-17 20:40:00,70.04,91.60
129N04448,2020-06-17 20:50:00,68.56,100.00
129N04448,2020-06-17 21:00:00,70.08,100.00
129N04448,2020-06-17 21:10:00,69.71,94.00
129N04448,2020-06-17 21:20:00,65.38,95.50
129N04448,2020-06-17 21:30:00,69.67,95.50
129N04448,2020-06-17 21:40:00,71.04,75.10
129N04448,2020-06-17 21:50:00,75.49,53.10
129N04448,2020-06-17 22:00:00,73.96,83.30
129N04448,2020-06-17 22:10:00,71.34,95.90
129N04448,2020-06-17 22:20:00,72.30,86.10
129N04448,2020-06-17 22:30:00,76.13,82.40
129N04448,2020-06-17 22:40:00,76.32,83.70
129N04448,2020-06-17 22:50:00,70.67,98.60
129N04448,2020-06-17 23:00:00,69.30,71.40
129N04448,2020-06-17 23:10:00,67.74,60.50
129N04448,2020-06-17 23:20:00,73.38,76.60
129N04448,2020-06-17 23:30:00,80.34,27.70
129N04448,2020-06-17 23:40:00,74.14,78.50
129N04448,2020-06-17 23:50:00,69.06,35.00
129N04449,2020-06-17 00:00:00,65.54,81.10
129N04449,2020-06-17 00:10:00,66.91,85.20
129N04449,2020-06-17 00:20:00,66.65,84.90
129N04449,2020-06-17 00:30:00,70.34,74.00
129N04449,2020-06-17 00:40:00,59.59,39.70
129N04449,2020-06-17 00:50:00,59.35,46.17
129N04449,2020-06-17 01:00:00,69.00,78.20
129N04449,2020-06-17 01:10:00,66.24,98.25
129N04449,2020-06-17 01:20:00,64.59,98.80
129N04449,2020-06-17 01:30:00,67.00,93.11
129N04449,2020-06-17 01:40:00,67.00,99.75
129N04449,2020-06-17 01:50:00,66.80,99.90
129N04449,2020-06-17 02:00:00,65.18,91.00
129N04449,2020-06-17 02:10:00,68.47,65.20
129N04449,2020-06-17 02:20:00,69.10,83.10
129N04449,2020-06-17 02:30:00,67.69,88.50
129N04449,2020-06-17 02:40:00,66.89,94.90
129N04449,2020-06-17 02:50:00,66.00,96.25
129N04449,2020-06-17 03:00:00,66.00,96.63
129N04449,2020-06-17 03:10:00,66.80,99.00
129N04449,2020-06-17 03:20:00,68.78,75.20
129N04449,2020-06-17 03:30:00,79.59,12.90
129N04449,2020-06-17 03:40:00,60.60,50.70
129N04449,2020-06-17 03:50:00,66.91,90.50
129N04449,2020-06-17 04:00:00,70.90,70.67
129N04449,2020-06-17 04:10:00,76.00,80.40
129N04449,2020-06-17 04:20:00,65.96,74.00
129N04449,2020-06-17 04:30:00,67.16,91.40
129N04449,2020-06-17 04:40:00,62.93,32.44
129N04449,2020-06-17 04:50:00,70.67,88.80
129N04449,2020-06-17 05:00:00,70.16,82.10
129N04449,2020-06-17 05:10:00,67.87,96.30
129N04449,2020-06-17 05:20:00,71.19,72.30
129N04449,2020-06-17 05:30:00,76.92,46.20
129N04449,2020-06-17 05:40:00,67.98,43.00
129N04449,2020-06-17 05:50:00,67.53,70.50
129N04449,2020-06-17 06:00:00,75.31,68.80
129N04449,2020-06-17 06:10:00,71.46,93.50
129N04449,2020-06-17 06:20:00,72.36,96.20
129N04449,2020-06-17 06:30:00,72.26,90.60
129N04449,2020-06-17 06:40:00,69.71,97.90
129N04449,2020-06-17 06:50:00,71.59,95.20
129N04449,2020-06-17 07:00:00,69.99,100.00
129N04449,2020-06-17 07:10:00,68.58,100.00
129N04449,2020-06-17 07:20:00,69.18,100.00
129N04449,2020-06-17 07:30:00,73.47,100.00
129N04449,2020-06-17 07:40:00,70.87,92.40
129N04449,2020-06-17 07:50:00,70.36,98.40
129N04449,2020-06-17 08:00:00,72.26,92.50
129N04449,2020-06-17 08:10:00,73.60,94.00
129N04449,2020-06-17 08:20:00,65.38,100.00
129N04449,2020-06-17 08:30:00,61.70,100.00
129N04449,2020-06-17 08:40:00,59.41,100.00
129N04449,2020-06-17 08:50:00,68.33,95.30
129N04449,2020-06-17 09:00:00,67.03,100.00
129N04449,2020-06-17 09:10:00,66.40,100.00
129N04449,2020-06-17 09:20:00,65.30,100.00
129N04449,2020-06-17 09:30:00,69.15,100.00
129N04449,2020-06-17 09:40:00,71.83,77.20
129N04449,2020-06-17 09:50:00,69.15,100.00
129N04449,2020-06-17 10:00:00,66.28,100.00
129N04449,2020-06-17 10:10:00,67.37,100.00
129N04449,2020-06-17 10:20:00,67.85,100.00
129N04449,2020-06-17 10:30:00,68.49,100.00
129N04449,2020-06-17 10:40:00,68.09,100.00
129N04449,2020-06-17 10:50:00,68.69,100.00
129N04449,2020-06-17 11:00:00,68.17,98.30
129N04449,2020-06-17 11:10:00,69.38,99.80
129N04449,2020-06-17 11:20:00,68.79,100.00
129N04449,2020-06-17 11:30:00,66.78,100.00
129N04449,2020-06-17 11:40:00,67.09,100.00
129N04449,2020-06-17 11:50:00,68.64,100.00
129N04449,2020-06-17 12:00:00,38.19,100.00
129N04449,2020-06-17 12:10:00,43.22,100.00
129N04449,2020-06-17 12:20:00,58.69,100.00
129N04449,2020-06-17 12:30:00,67.83,100.00
129N04449,2020-06-17 12:40:00,70.58,100.00
129N04449,2020-06-17 12:50:00,68.98,100.00
129N04449,2020-06-17 13:00:00,68.58,100.00
129N04449,2020-06-17 13:10:00,67.15,100.00
129N04449,2020-06-17 13:20:00,67.95,99.50
129N04449,2020-06-17 13:30:00,44.12,95.80
129N04449,2020-06-17 13:40:00,23.47,100.00
129N04449,2020-06-17 13:50:00,32.64,100.00
129N04449,2020-06-17 14:00:00,55.38,100.00
129N04449,2020-06-17 14:10:00,66.86,100.00
129N04449,2020-06-17 14:20:00,67.78,100.00
129N04449,2020-06-17 14:30:00,66.58,100.00
129N04449,2020-06-17 14:40:00,64.66,100.00
129N04449,2020-06-17 14:50:00,63.97,100.00
129N04449,2020-06-17 15:00:00,57.48,100.00
129N04449,2020-06-17 15:10:00,59.49,100.00
129N04449,2020-06-17 15:20:00,51.08,100.00
129N04449,2020-06-17 15:30:00,53.28,100.00
129N04449,2020-06-17 15:40:00,26.13,100.00
129N04449,2020-06-17 15:50:00,26.60,100.00
129N04449,2020-06-17 16:00:00,38.15,100.00
129N04449,2020-06-17 16:10:00,34.58,100.00
129N04449,2020-06-17 16:20:00,41.44,100.00
129N04449,2020-06-17 16:30:00,57.53,100.00
129N04449,2020-06-17 16:40:00,64.67,100.00
129N04449,2020-06-17 16:50:00,65.30,100.00
129N04449,2020-06-17 17:00:00,65.48,100.00
129N04449,2020-06-17 17:10:00,64.39,100.00
129N04449,2020-06-17 17:20:00,65.19,100.00
129N04449,2020-06-17 17:30:00,63.88,100.00
129N04449,2020-06-17 17:40:00,68.34,100.00
129N04449,2020-06-17 17:50:00,69.98,100.00
129N04449,2020-06-17 18:00:00,67.37,100.00
129N04449,2020-06-17 18:10:00,68.77,100.00
129N04449,2020-06-17 18:20:00,69.04,100.00
129N04449,2020-06-17 18:30:00,70.09,100.00
129N04449,2020-06-17 18:40:00,70.37,100.00
129N04449,2020-06-17 18:50:00,70.12,100.00
129N04449,2020-06-17 19:00:00,70.40,96.20
129N04449,2020-06-17 19:10:00,68.76,100.00
129N04449,2020-06-17 19:20:00,74.89,100.00
129N04449,2020-06-17 19:30:00,76.46,94.70
129N04449,2020-06-17 19:40:00,73.36,99.80
129N04449,2020-06-17 19:50:00,71.90,97.20
129N04449,2020-06-17 20:00:00,75.36,97.60
129N04449,2020-06-17 20:10:00,71.23,100.00
129N04449,2020-06-17 20:20:00,69.08,100.00
129N04449,2020-06-17 20:30:00,70.50,98.60
129N04449,2020-06-17 20:40:00,68.95,99.70
129N04449,2020-06-17 20:50:00,68.68,98.90
129N04449,2020-06-17 21:00:00,69.11,99.90
129N04449,2020-06-17 21:10:00,71.44,81.90
129N04449,2020-06-17 21:20:00,66.47,100.00
129N04449,2020-06-17 21:30:00,68.86,95.10
129N04449,2020-06-17 21:40:00,70.44,89.50
129N04449,2020-06-17 21:50:00,70.50,78.50
129N04449,2020-06-17 22:00:00,77.88,33.50
129N04449,2020-06-17 22:10:00,74.35,74.60
129N04449,2020-06-17 22:20:00,72.75,88.90
129N04449,2020-06-17 22:30:00,74.94,77.90
129N04449,2020-06-17 22:40:00,71.37,99.00
129N04449,2020-06-17 22:50:00,67.65,98.70
129N04449,2020-06-17 23:00:00,64.18,56.00
129N04449,2020-06-17 23:10:00,67.01,81.60
129N04449,2020-06-17 23:20:00,70.61,74.60
129N04449,2020-06-17 23:30:00,78.35,32.30
129N04449,2020-06-17 23:40:00,73.58,64.90
129N04449,2020-06-17 23:50:00,62.61,38.10
129N04446,2020-06-17 00:00:00,73.99,92.90
129N04446,2020-06-17 00:10:00,76.17,91.70
129N04446,2020-06-17 00:20:00,70.32,70.40
129N04446,2020-06-17 00:30:00,71.25,84.20
129N04446,2020-06-17 00:40:00,72.29,84.10
129N04446,2020-06-17 00:50:00,75.00,75.00
129N04446,2020-06-17 01:00:00,67.40,72.60
129N04446,2020-06-17 01:10:00,66.74,80.13
129N04446,2020-06-17 01:20:00,65.00,73.10
129N04446,2020-06-17 01:30:00,68.58,89.13
129N04446,2020-06-17 01:40:00,66.99,98.60
129N04446,2020-06-17 01:50:00,66.00,98.00
129N04446,2020-06-17 02:00:00,70.00,91.50
129N04446,2020-06-17 02:10:00,70.00,94.00
129N04446,2020-06-17 02:20:00,71.18,82.88
129N04446,2020-06-17 02:30:00,70.64,92.20
129N04446,2020-06-17 02:40:00,67.00,82.67
129N04446,2020-06-17 02:50:00,68.00,96.00
129N04446,2020-06-17 03:00:00,67.28,95.71
129N04446,2020-06-17 03:10:00,68.00,99.60
129N04446,2020-06-17 03:20:00,66.32,95.75
129N04446,2020-06-17 03:30:00,71.99,57.60
129N04446,2020-06-17 03:40:00,78.37,24.75
129N04446,2020-06-17 03:50:00,73.56,61.86
129N04446,2020-06-17 04:00:00,71.37,99.38
129N04446,2020-06-17 04:10:00,65.00,35.75
129N04446,2020-06-17 04:20:00,65.29,44.60
129N04446,2020-06-17 04:30:00,67.78,84.40
129N04446,2020-06-17 04:40:00,68.00,98.67
129N04446,2020-06-17 04:50:00,75.83,36.25
129N04446,2020-06-17 05:00:00,67.85,85.20
129N04446,2020-06-17 05:10:00,68.49,80.80
129N04446,2020-06-17 05:20:00,69.89,80.70
129N04446,2020-06-17 05:30:00,72.27,85.60
129N04446,2020-06-17 05:40:00,75.59,51.60
129N04446,2020-06-17 05:50:00,72.17,91.90
129N04446,2020-06-17 06:00:00,76.45,80.60
129N04446,2020-06-17 06:10:00,74.33,81.90
129N04446,2020-06-17 06:20:00,69.38,100.00
129N04446,2020-06-17 06:30:00,68.10,100.00
129N04446,2020-06-17 06:40:00,67.40,95.80
129N04446,2020-06-17 06:50:00,73.96,93.50
129N04446,2020-06-17 07:00:00,72.38,100.00
129N04446,2020-06-17 07:10:00,72.85,98.30
129N04446,2020-06-17 07:20:00,70.27,100.00
129N04446,2020-06-17 07:30:00,72.35,98.90
129N04446,2020-06-17 07:40:00,70.52,96.60
129N04446,2020-06-17 07:50:00,73.26,92.50
129N04446,2020-06-17 08:00:00,73.55,87.80
129N04446,2020-06-17 08:10:00,75.63,94.40
129N04446,2020-06-17 08:20:00,71.57,94.10
129N04446,2020-06-17 08:30:00,69.98,98.10
129N04446,2020-06-17 08:40:00,71.29,99.50
129N04446,2020-06-17 08:50:00,71.39,100.00
129N04446,2020-06-17 09:00:00,68.39,100.00
129N04446,2020-06-17 09:10:00,67.54,99.90
129N04446,2020-06-17 09:20:00,68.37,100.00
129N04446,2020-06-17 09:30:00,66.29,100.00
129N04446,2020-06-17 09:40:00,62.35,90.70
129N04446,2020-06-17 09:50:00,69.26,72.50
129N04446,2020-06-17 10:00:00,68.99,100.00
129N04446,2020-06-17 10:10:00,68.89,100.00
129N04446,2020-06-17 10:20:00,68.67,100.00
129N04446,2020-06-17 10:30:00,71.55,95.40
129N04446,2020-06-17 10:40:00,74.34,73.40
129N04446,2020-06-17 10:50:00,70.89,99.90
129N04446,2020-06-17 11:00:00,70.59,100.00
129N04446,2020-06-17 11:10:00,71.97,100.00
129N04446,2020-06-17 11:20:00,70.27,99.70
129N04446,2020-06-17 11:30:00,68.27,100.00
129N04446,2020-06-17 11:40:00,69.06,100.00
129N04446,2020-06-17 11:50:00,72.48,100.00
129N04446,2020-06-17 12:00:00,72.74,99.10
129N04446,2020-06-17 12:10:00,69.99,100.00
129N04446,2020-06-17 12:20:00,70.87,100.00
129N04446,2020-06-17 12:30:00,69.27,100.00
129N04446,2020-06-17 12:40:00,70.99,100.00
129N04446,2020-06-17 12:50:00,70.88,100.00
129N04446,2020-06-17 13:00:00,70.29,100.00
129N04446,2020-06-17 13:10:00,72.47,100.00
129N04446,2020-06-17 13:20:00,71.05,100.00
129N04446,2020-06-17 13:30:00,70.36,99.70
129N04446,2020-06-17 13:40:00,65.49,100.00
129N04446,2020-06-17 13:50:00,35.15,100.00
129N04446,2020-06-17 14:00:00,24.33,100.00
129N04446,2020-06-17 14:10:00,30.65,100.00
129N04446,2020-06-17 14:20:00,69.52,100.00
129N04446,2020-06-17 14:30:00,66.10,100.00
129N04446,2020-06-17 14:40:00,68.18,100.00
129N04446,2020-06-17 14:50:00,71.97,100.00
129N04446,2020-06-17 15:00:00,69.29,100.00
129N04446,2020-06-17 15:10:00,63.82,100.00
129N04446,2020-06-17 15:20:00,60.51,100.00
129N04446,2020-06-17 15:30:00,70.06,100.00
129N04446,2020-06-17 15:40:00,70.88,100.00
129N04446,2020-06-17 15:50:00,68.36,100.00
129N04446,2020-06-17 16:00:00,67.90,100.00
129N04446,2020-06-17 16:10:00,66.79,100.00
129N04446,2020-06-17 16:20:00,65.89,100.00
129N04446,2020-06-17 16:30:00,66.49,100.00
129N04446,2020-06-17 16:40:00,66.10,100.00
129N04446,2020-06-17 16:50:00,69.88,100.00
129N04446,2020-06-17 17:00:00,68.00,100.00
129N04446,2020-06-17 17:10:00,67.65,100.00
129N04446,2020-06-17 17:20:00,70.40,100.00
129N04446,2020-06-17 17:30:00,70.99,100.00
129N04446,2020-06-17 17:40:00,72.34,100.00
129N04446,2020-06-17 17:50:00,70.06,100.00
129N04446,2020-06-17 18:00:00,69.66,100.00
129N04446,2020-06-17 18:10:00,69.39,100.00
129N04446,2020-06-17 18:20:00,72.95,100.00
129N04446,2020-06-17 18:30:00,74.88,100.00
129N04446,2020-06-17 18:40:00,75.19,100.00
129N04446,2020-06-17 18:50:00,72.42,100.00
129N04446,2020-06-17 19:00:00,72.96,99.40
129N04446,2020-06-17 19:10:00,70.02,86.50
129N04446,2020-06-17 19:20:00,72.68,100.00
129N04446,2020-06-17 19:30:00,74.59,100.00
129N04446,2020-06-17 19:40:00,71.88,100.00
129N04446,2020-06-17 19:50:00,74.84,98.40
129N04446,2020-06-17 20:00:00,77.29,98.00
129N04446,2020-06-17 20:10:00,71.85,99.60
129N04446,2020-06-17 20:20:00,69.48,100.00
129N04446,2020-06-17 20:30:00,71.57,100.00
129N04446,2020-06-17 20:40:00,69.53,100.00
129N04446,2020-06-17 20:50:00,68.70,89.80
129N04446,2020-06-17 21:00:00,68.60,94.60
129N04446,2020-06-17 21:10:00,69.46,99.20
129N04446,2020-06-17 21:20:00,67.62,99.30
129N04446,2020-06-17 21:30:00,67.04,96.10
129N04446,2020-06-17 21:40:00,71.03,86.50
129N04446,2020-06-17 21:50:00,75.60,42.00
129N04446,2020-06-17 22:00:00,66.29,69.40
129N04446,2020-06-17 22:10:00,76.20,69.70
129N04446,2020-06-17 22:20:00,73.52,90.10
129N04446,2020-06-17 22:30:00,78.95,61.10
129N04446,2020-06-17 22:40:00,76.93,88.40
129N04446,2020-06-17 22:50:00,70.66,100.00
129N04446,2020-06-17 23:00:00,69.19,62.00
129N04446,2020-06-17 23:10:00,69.87,76.80
129N04446,2020-06-17 23:20:00,71.00,96.78
129N04446,2020-06-17 23:30:00,78.00,30.00
129N04446,2020-06-17 23:40:00,73.64,61.70
129N04446,2020-06-17 23:50:00,79.27,48.70
129N04468,2020-06-17 00:00:00,71.00,96.10
129N04468,2020-06-17 00:10:00,60.58,34.80
129N04468,2020-06-17 00:20:00,57.00,19.80
129N04468,2020-06-17 00:30:00,63.00,91.78
129N04468,2020-06-17 00:40:00,63.00,95.00
129N04468,2020-06-17 00:50:00,,
129N04468,2020-06-17 01:00:00,,
129N04468,2020-06-17 01:10:00,67.00,90.60
129N04468,2020-06-17 01:20:00,67.00,96.86
129N04468,2020-06-17 01:30:00,,
129N04468,2020-06-17 01:40:00,,
129N04468,2020-06-17 01:50:00,,
129N04468,2020-06-17 02:00:00,,
129N04468,2020-06-17 02:10:00,,
129N04468,2020-06-17 02:20:00,,
129N04468,2020-06-17 02:30:00,,
129N04468,2020-06-17 02:40:00,64.10,80.43
129N04468,2020-06-17 02:50:00,61.57,94.80
129N04468,2020-06-17 03:00:00,63.00,100.00
129N04468,2020-06-17 03:10:00,65.00,95.00
129N04468,2020-06-17 03:20:00,62.18,79.40
129N04468,2020-06-17 03:30:00,56.52,60.80
129N04468,2020-06-17 03:40:00,63.00,91.60
129N04468,2020-06-17 03:50:00,64.58,65.00
129N04468,2020-06-17 04:00:00,58.63,41.00
129N04468,2020-06-17 04:10:00,69.00,54.75
129N04468,2020-06-17 04:20:00,67.00,88.67
129N04468,2020-06-17 04:30:00,67.00,94.50
129N04468,2020-06-17 04:40:00,65.69,80.33
129N04468,2020-06-17 04:50:00,67.27,81.20
129N04468,2020-06-17 05:00:00,62.28,68.50
129N04468,2020-06-17 05:10:00,71.11,62.10
129N04468,2020-06-17 05:20:00,72.95,56.90
129N04468,2020-06-17 05:30:00,69.39,98.60
129N04468,2020-06-17 05:40:00,72.14,78.60
129N04468,2020-06-17 05:50:00,72.19,94.50
129N04468,2020-06-17 06:00:00,72.95,91.40
129N04468,2020-06-17 06:10:00,70.19,95.90
129N04468,2020-06-17 06:20:00,67.50,99.80
129N04468,2020-06-17 06:30:00,71.16,98.10
129N04468,2020-06-17 06:40:00,71.09,96.40
129N04468,2020-06-17 06:50:00,69.96,96.70
129N04468,2020-06-17 07:00:00,70.55,95.20
129N04468,2020-06-17 07:10:00,69.73,96.60
129N04468,2020-06-17 07:20:00,69.79,99.70
129N04468,2020-06-17 07:30:00,63.45,91.20
129N04468,2020-06-17 07:40:00,63.66,93.89
129N04468,2020-06-17 07:50:00,58.72,95.00
129N04468,2020-06-17 08:00:00,62.59,100.00
129N04468,2020-06-17 08:10:00,64.52,91.00
129N04468,2020-06-17 08:20:00,66.74,74.80
129N04468,2020-06-17 08:30:00,65.49,91.30
129N04468,2020-06-17 08:40:00,65.52,100.00
129N04468,2020-06-17 08:50:00,65.79,100.00
129N04468,2020-06-17 09:00:00,65.80,90.70
129N04468,2020-06-17 09:10:00,62.88,87.40
129N04468,2020-06-17 09:20:00,61.76,100.00
129N04468,2020-06-17 09:30:00,62.44,100.00
129N04468,2020-06-17 09:40:00,63.68,94.70
129N04468,2020-06-17 09:50:00,63.77,100.00
129N04468,2020-06-17 10:00:00,62.54,96.60
129N04468,2020-06-17 10:10:00,67.38,93.20
129N04468,2020-06-17 10:20:00,67.39,100.00
129N04468,2020-06-17 10:30:00,67.18,100.00
129N04468,2020-06-17 10:40:00,65.59,100.00
129N04468,2020-06-17 10:50:00,64.78,99.80
129N04468,2020-06-17 11:00:00,66.79,100.00
129N04468,2020-06-17 11:10:00,68.76,89.00
129N04468,2020-06-17 11:20:00,65.98,100.00
129N04468,2020-06-17 11:30:00,67.38,100.00
129N04468,2020-06-17 11:40:00,65.90,100.00
129N04468,2020-06-17 11:50:00,66.34,99.90
129N04468,2020-06-17 12:00:00,67.89,100.00
129N04468,2020-06-17 12:10:00,67.16,98.40
129N04468,2020-06-17 12:20:00,66.47,97.60
129N04468,2020-06-17 12:30:00,61.82,100.00
129N04468,2020-06-17 12:40:00,65.97,99.00
129N04468,2020-06-17 12:50:00,68.57,100.00
129N04468,2020-06-17 13:00:00,67.97,100.00
129N04468,2020-06-17 13:10:00,64.57,100.00
129N04468,2020-06-17 13:20:00,66.53,96.30
129N04468,2020-06-17 13:30:00,68.85,82.60
129N04468,2020-06-17 13:40:00,69.39,100.00
129N04468,2020-06-17 13:50:00,70.08,75.80
129N04468,2020-06-17 14:00:00,66.28,95.30
129N04468,2020-06-17 14:10:00,68.70,97.30
129N04468,2020-06-17 14:20:00,64.28,100.00
129N04468,2020-06-17 14:30:00,67.67,91.80
129N04468,2020-06-17 14:40:00,68.58,100.00
129N04468,2020-06-17 14:50:00,69.99,100.00
129N04468,2020-06-17 15:00:00,67.35,100.00
129N04468,2020-06-17 15:10:00,65.79,100.00
129N04468,2020-06-17 15:20:00,64.63,93.30
129N04468,2020-06-17 15:30:00,68.88,71.60
129N04468,2020-06-17 15:40:00,66.39,100.00
129N04468,2020-06-17 15:50:00,64.70,100.00
129N04468,2020-06-17 16:00:00,67.37,96.10
129N04468,2020-06-17 16:10:00,68.19,100.00
129N04468,2020-06-17 16:20:00,69.18,100.00
129N04468,2020-06-17 16:30:00,64.17,100.00
129N04468,2020-06-17 16:40:00,65.95,100.00
129N04468,2020-06-17 16:50:00,65.14,100.00
129N04468,2020-06-17 17:00:00,62.59,100.00
129N04468,2020-06-17 17:10:00,64.39,100.00
129N04468,2020-06-17 17:20:00,64.57,100.00
129N04468,2020-06-17 17:30:00,64.36,100.00
129N04468,2020-06-17 17:40:00,63.59,100.00
129N04468,2020-06-17 17:50:00,66.59,100.00
129N04468,2020-06-17 18:00:00,65.12,100.00
129N04468,2020-06-17 18:10:00,68.39,99.50
129N04468,2020-06-17 18:20:00,69.89,78.20
129N04468,2020-06-17 18:30:00,70.37,91.20
129N04468,2020-06-17 18:40:00,70.56,87.90
129N04468,2020-06-17 18:50:00,68.63,89.60
129N04468,2020-06-17 19:00:00,72.76,54.50
129N04468,2020-06-17 19:10:00,68.41,95.00
129N04468,2020-06-17 19:20:00,66.39,100.00
129N04468,2020-06-17 19:30:00,69.31,82.60
129N04468,2020-06-17 19:40:00,71.15,89.90
129N04468,2020-06-17 19:50:00,70.08,100.00
129N04468,2020-06-17 20:00:00,65.45,92.40
129N04468,2020-06-17 20:10:00,67.99,100.00
129N04468,2020-06-17 20:20:00,63.08,77.20
129N04468,2020-06-17 20:30:00,66.15,94.00
129N04468,2020-06-17 20:40:00,70.32,87.10
129N04468,2020-06-17 20:50:00,67.35,75.00
129N04468,2020-06-17 21:00:00,64.61,100.00
129N04468,2020-06-17 21:10:00,65.47,100.00
129N04468,2020-06-17 21:20:00,66.07,93.20
129N04468,2020-06-17 21:30:00,56.39,23.40
129N04468,2020-06-17 21:40:00,61.81,93.80
129N04468,2020-06-17 21:50:00,65.98,100.00
129N04468,2020-06-17 22:00:00,65.92,91.20
129N04468,2020-06-17 22:10:00,65.57,100.00
129N04468,2020-06-17 22:20:00,64.73,96.50
129N04468,2020-06-17 22:30:00,68.73,85.80
129N04468,2020-06-17 22:40:00,67.87,100.00
129N04468,2020-06-17 22:50:00,78.64,27.88
129N04468,2020-06-17 23:00:00,74.46,46.80
129N04468,2020-06-17 23:10:00,72.48,93.80
129N04468,2020-06-17 23:20:00,65.38,58.10
129N04468,2020-06-17 23:30:00,68.52,86.60
129N04468,2020-06-17 23:40:00,71.75,92.90
129N04468,2020-06-17 23:50:00,70.97,90.60
129N04469,2020-06-17 00:00:00,71.84,81.50
129N04469,2020-06-17 00:10:00,75.35,91.80
129N04469,2020-06-17 00:20:00,72.58,75.20
129N04469,2020-06-17 00:30:00,68.00,55.50
129N04469,2020-06-17 00:40:00,,
129N04469,2020-06-17 00:50:00,,
129N04469,2020-06-17 01:00:00,,
129N04469,2020-06-17 01:10:00,65.00,85.00
129N04469,2020-06-17 01:20:00,65.00,99.60
129N04469,2020-06-17 01:30:00,,
129N04469,2020-06-17 01:40:00,,
129N04469,2020-06-17 01:50:00,,
129N04469,2020-06-17 02:00:00,,
129N04469,2020-06-17 02:10:00,,
129N04469,2020-06-17 02:20:00,,
129N04469,2020-06-17 02:30:00,74.00,
129N04469,2020-06-17 02:40:00,74.00,100.00
129N04469,2020-06-17 02:50:00,65.80,39.00
129N04469,2020-06-17 03:00:00,69.24,93.29
129N04469,2020-06-17 03:10:00,70.00,100.00
129N04469,2020-06-17 03:20:00,62.00,38.00
129N04469,2020-06-17 03:30:00,66.11,61.00
129N04469,2020-06-17 03:40:00,66.27,56.70
129N04469,2020-06-17 03:50:00,77.79,23.00
129N04469,2020-06-17 04:00:00,,
129N04469,2020-06-17 04:10:00,,
129N04469,2020-06-17 04:20:00,71.00,97.50
129N04469,2020-06-17 04:30:00,69.19,73.20
129N04469,2020-06-17 04:40:00,72.20,82.60
129N04469,2020-06-17 04:50:00,69.28,91.80
129N04469,2020-06-17 05:00:00,69.79,97.80
129N04469,2020-06-17 05:10:00,76.37,53.80
129N04469,2020-06-17 05:20:00,72.15,68.80
129N04469,2020-06-17 05:30:00,70.44,95.78
129N04469,2020-06-17 05:40:00,71.00,100.00
129N04469,2020-06-17 05:50:00,75.52,79.60
129N04469,2020-06-17 06:00:00,76.16,78.20
129N04469,2020-06-17 06:10:00,73.39,96.30
129N04469,2020-06-17 06:20:00,68.96,95.20
129N04469,2020-06-17 06:30:00,70.66,99.60
129N04469,2020-06-17 06:40:00,71.19,97.90
129N04469,2020-06-17 06:50:00,73.98,80.60
129N04469,2020-06-17 07:00:00,76.80,61.30
129N04469,2020-06-17 07:10:00,71.85,94.40
129N04469,2020-06-17 07:20:00,75.18,95.50
129N04469,2020-06-17 07:30:00,69.62,95.10
129N04469,2020-06-17 07:40:00,73.36,95.70
129N04469,2020-06-17 07:50:00,72.65,98.60
129N04469,2020-06-17 08:00:00,72.17,98.20
129N04469,2020-06-17 08:10:00,72.77,96.30
129N04469,2020-06-17 08:20:00,70.81,97.30
129N04469,2020-06-17 08:30:00,74.00,89.00
129N04469,2020-06-17 08:40:00,69.68,99.80
129N04469,2020-06-17 08:50:00,71.24,98.10
129N04469,2020-06-17 09:00:00,71.20,99.50
129N04469,2020-06-17 09:10:00,70.09,99.10
129N04469,2020-06-17 09:20:00,70.63,98.30
129N04469,2020-06-17 09:30:00,69.88,100.00
129N04469,2020-06-17 09:40:00,70.40,100.00
129N04469,2020-06-17 09:50:00,68.99,100.00
129N04469,2020-06-17 10:00:00,71.47,97.00
129N04469,2020-06-17 10:10:00,76.00,59.00
129N04469,2020-06-17 10:20:00,72.96,100.00
129N04469,2020-06-17 10:30:00,73.58,100.00
129N04469,2020-06-17 10:40:00,73.16,98.90
129N04469,2020-06-17 10:50:00,71.25,85.50
129N04469,2020-06-17 11:00:00,70.99,95.50
129N04469,2020-06-17 11:10:00,73.16,94.80
129N04469,2020-06-17 11:20:00,75.59,86.80
129N04469,2020-06-17 11:30:00,71.29,95.80
129N04469,2020-06-17 11:40:00,69.47,99.10
129N04469,2020-06-17 11:50:00,69.37,100.00
129N04469,2020-06-17 12:00:00,71.58,99.90
129N04469,2020-06-17 12:10:00,74.57,79.00
129N04469,2020-06-17 12:20:00,71.56,94.50
129N04469,2020-06-17 12:30:00,70.92,93.50
129N04469,2020-06-17 12:40:00,70.15,99.80
129N04469,2020-06-17 12:50:00,71.65,100.00
129N04469,2020-06-17 13:00:00,72.26,100.00
129N04469,2020-06-17 13:10:00,71.16,100.00
129N04469,2020-06-17 13:20:00,69.00,100.00
129N04469,2020-06-17 13:30:00,70.12,99.40
129N04469,2020-06-17 13:40:00,71.79,98.70
129N04469,2020-06-17 13:50:00,70.95,95.60
129N04469,2020-06-17 14:00:00,67.36,99.90
129N04469,2020-06-17 14:10:00,68.95,100.00
129N04469,2020-06-17 14:20:00,69.09,100.00
129N04469,2020-06-17 14:30:00,71.43,86.30
129N04469,2020-06-17 14:40:00,71.36,100.00
129N04469,2020-06-17 14:50:00,70.39,100.00
129N04469,2020-06-17 15:00:00,69.29,100.00
129N04469,2020-06-17 15:10:00,72.39,98.70
129N04469,2020-06-17 15:20:00,72.90,86.20
129N04469,2020-06-17 15:30:00,74.27,87.90
129N04469,2020-06-17 15:40:00,72.79,100.00
129N04469,2020-06-17 15:50:00,73.00,99.88
129N04469,2020-06-17 16:00:00,71.70,98.70
129N04469,2020-06-17 16:10:00,69.40,100.00
129N04469,2020-06-17 16:20:00,71.99,100.00
129N04469,2020-06-17 16:30:00,68.58,100.00
129N04469,2020-06-17 16:40:00,70.38,100.00
129N04469,2020-06-17 16:50:00,69.60,100.00
129N04469,2020-06-17 17:00:00,68.08,100.00
129N04469,2020-06-17 17:10:00,66.89,100.00
129N04469,2020-06-17 17:20:00,68.91,98.50
129N04469,2020-06-17 17:30:00,68.78,100.00
129N04469,2020-06-17 17:40:00,68.59,100.00
129N04469,2020-06-17 17:50:00,69.79,100.00
129N04469,2020-06-17 18:00:00,73.17,95.20
129N04469,2020-06-17 18:10:00,72.79,96.30
129N04469,2020-06-17 18:20:00,70.77,98.70
129N04469,2020-06-17 18:30:00,71.99,99.80
129N04469,2020-06-17 18:40:00,74.66,87.50
129N04469,2020-06-17 18:50:00,75.92,79.90
129N04469,2020-06-17 19:00:00,68.13,79.10
129N04469,2020-06-17 19:10:00,69.46,100.00
129N04469,2020-06-17 19:20:00,74.00,97.90
129N04469,2020-06-17 19:30:00,77.23,62.50
129N04469,2020-06-17 19:40:00,77.99,57.10
129N04469,2020-06-17 19:50:00,73.09,100.00
129N04469,2020-06-17 20:00:00,70.76,99.80
129N04469,2020-06-17 20:10:00,69.78,99.80
129N04469,2020-06-17 20:20:00,71.75,98.00
129N04469,2020-06-17 20:30:00,70.54,96.90
129N04469,2020-06-17 20:40:00,76.38,75.50
129N04469,2020-06-17 20:50:00,67.95,94.80
129N04469,2020-06-17 21:00:00,69.91,100.00
129N04469,2020-06-17 21:10:00,68.76,100.00
129N04469,2020-06-17 21:20:00,67.37,100.00
129N04469,2020-06-17 21:30:00,68.35,100.00
129N04469,2020-06-17 21:40:00,65.64,100.00
129N04469,2020-06-17 21:50:00,70.59,100.00
129N04469,2020-06-17 22:00:00,65.48,77.10
129N04469,2020-06-17 22:10:00,68.99,100.00
129N04469,2020-06-17 22:20:00,68.78,100.00
129N04469,2020-06-17 22:30:00,71.29,83.40
129N04469,2020-06-17 22:40:00,76.18,48.80
129N04469,2020-06-17 22:50:00,64.00,100.00
129N04469,2020-06-17 23:00:00,65.42,65.60
129N04469,2020-06-17 23:10:00,74.50,74.50
129N04469,2020-06-17 23:20:00,71.00,99.30
129N04469,2020-06-17 23:30:00,70.40,96.80
129N04469,2020-06-17 23:40:00,71.32,94.33
129N04469,2020-06-17 23:50:00,74.85,83.00
129N04447,2020-06-17 00:00:00,70.88,92.30
129N04447,2020-06-17 00:10:00,76.40,52.80
129N04447,2020-06-17 00:20:00,69.59,63.60
129N04447,2020-06-17 00:30:00,71.05,80.70
129N04447,2020-06-17 00:40:00,64.87,57.63
129N04447,2020-06-17 00:50:00,,
129N04447,2020-06-17 01:00:00,68.00,91.38
129N04447,2020-06-17 01:10:00,66.72,92.75
129N04447,2020-06-17 01:20:00,66.00,96.13
129N04447,2020-06-17 01:30:00,66.65,94.50
129N04447,2020-06-17 01:40:00,68.00,96.25
129N04447,2020-06-17 01:50:00,,
129N04447,2020-06-17 02:00:00,66.59,89.00
129N04447,2020-06-17 02:10:00,65.47,84.20
129N04447,2020-06-17 02:20:00,70.64,68.40
129N04447,2020-06-17 02:30:00,70.66,68.20
129N04447,2020-06-17 02:40:00,66.50,90.80
129N04447,2020-06-17 02:50:00,66.00,86.43
129N04447,2020-06-17 03:00:00,66.00,92.00
129N04447,2020-06-17 03:10:00,66.00,96.43
129N04447,2020-06-17 03:20:00,66.79,99.20
129N04447,2020-06-17 03:30:00,74.63,28.90
129N04447,2020-06-17 03:40:00,69.78,96.50
129N04447,2020-06-17 03:50:00,70.00,98.89
129N04447,2020-06-17 04:00:00,70.71,98.57
129N04447,2020-06-17 04:10:00,,
129N04447,2020-06-17 04:20:00,62.62,36.75
129N04447,2020-06-17 04:30:00,64.63,77.90
129N04447,2020-06-17 04:40:00,67.16,97.17
129N04447,2020-06-17 04:50:00,74.85,40.50
129N04447,2020-06-17 05:00:00,67.70,88.10
129N04447,2020-06-17 05:10:00,69.20,86.00
129N04447,2020-06-17 05:20:00,69.07,84.30
129N04447,2020-06-17 05:30:00,75.80,58.30
129N04447,2020-06-17 05:40:00,72.70,69.70
129N04447,2020-06-17 05:50:00,69.98,93.20
129N04447,2020-06-17 06:00:00,73.95,84.90
129N04447,2020-06-17 06:10:00,74.52,78.00
129N04447,2020-06-17 06:20:00,70.19,99.70
129N04447,2020-06-17 06:30:00,69.78,100.00
129N04447,2020-06-17 06:40:00,68.21,97.30
129N04447,2020-06-17 06:50:00,73.53,95.90
129N04447,2020-06-17 07:00:00,70.76,100.00
129N04447,2020-06-17 07:10:00,70.26,97.00
129N04447,2020-06-17 07:20:00,71.45,99.90
129N04447,2020-06-17 07:30:00,71.38,99.80
129N04447,2020-06-17 07:40:00,71.37,96.60
129N04447,2020-06-17 07:50:00,71.82,92.30
129N04447,2020-06-17 08:00:00,73.23,88.30
129N04447,2020-06-17 08:10:00,73.81,96.00
129N04447,2020-06-17 08:20:00,67.70,99.90
129N04447,2020-06-17 08:30:00,67.99,99.90
129N04447,2020-06-17 08:40:00,69.89,99.70
129N04447,2020-06-17 08:50:00,71.47,96.20
129N04447,2020-06-17 09:00:00,68.48,100.00
129N04447,2020-06-17 09:10:00,66.48,100.00
129N04447,2020-06-17 09:20:00,69.59,99.60
129N04447,2020-06-17 09:30:00,69.39,100.00
129N04447,2020-06-17 09:40:00,68.97,100.00
129N04447,2020-06-17 09:50:00,72.90,78.30
129N04447,2020-06-17 10:00:00,70.54,99.40
129N04447,2020-06-17 10:10:00,69.19,100.00
129N04447,2020-06-17 10:20:00,68.49,100.00
129N04447,2020-06-17 10:30:00,69.58,100.00
129N04447,2020-06-17 10:40:00,70.55,93.10
129N04447,2020-06-17 10:50:00,70.14,100.00
129N04447,2020-06-17 11:00:00,71.68,91.20
129N04447,2020-06-17 11:10:00,71.56,94.70
129N04447,2020-06-17 11:20:00,70.37,97.50
129N04447,2020-06-17 11:30:00,69.09,99.90
129N04447,2020-06-17 11:40:00,69.28,100.00
129N04447,2020-06-17 11:50:00,72.59,100.00
129N04447,2020-06-17 12:00:00,71.88,99.20
129N04447,2020-06-17 12:10:00,72.71,100.00
129N04447,2020-06-17 12:20:00,70.25,100.00
129N04447,2020-06-17 12:30:00,47.90,100.00
129N04447,2020-06-17 12:40:00,39.16,100.00
129N04447,2020-06-17 12:50:00,69.18,97.50
129N04447,2020-06-17 13:00:00,69.48,100.00
129N04447,2020-06-17 13:10:00,72.19,99.00
129N04447,2020-06-17 13:20:00,70.48,100.00
129N04447,2020-06-17 13:30:00,72.68,93.10
129N04447,2020-06-17 13:40:00,70.67,99.30
129N04447,2020-06-17 13:50:00,68.89,100.00
129N04447,2020-06-17 14:00:00,65.23,100.00
129N04447,2020-06-17 14:10:00,29.31,100.00
129N04447,2020-06-17 14:20:00,23.23,100.00
129N04447,2020-06-17 14:30:00,39.37,100.00
129N04447,2020-06-17 14:40:00,69.27,100.00
129N04447,2020-06-17 14:50:00,72.39,100.00
129N04447,2020-06-17 15:00:00,67.75,100.00
129N04447,2020-06-17 15:10:00,64.02,100.00
129N04447,2020-06-17 15:20:00,72.07,100.00
129N04447,2020-06-17 15:30:00,71.19,100.00
129N04447,2020-06-17 15:40:00,70.76,100.00
129N04447,2020-06-17 15:50:00,68.36,100.00
129N04447,2020-06-17 16:00:00,68.38,100.00
129N04447,2020-06-17 16:10:00,66.40,100.00
129N04447,2020-06-17 16:20:00,66.40,100.00
129N04447,2020-06-17 16:30:00,65.79,100.00
129N04447,2020-06-17 16:40:00,65.49,100.00
129N04447,2020-06-17 16:50:00,68.00,100.00
129N04447,2020-06-17 17:00:00,68.88,100.00
129N04447,2020-06-17 17:10:00,69.59,100.00
129N04447,2020-06-17 17:20:00,69.68,100.00
129N04447,2020-06-17 17:30:00,68.98,99.90
129N04447,2020-06-17 17:40:00,69.38,100.00
129N04447,2020-06-17 17:50:00,71.30,100.00
129N04447,2020-06-17 18:00:00,71.07,100.00
129N04447,2020-06-17 18:10:00,69.33,100.00
129N04447,2020-06-17 18:20:00,73.88,100.00
129N04447,2020-06-17 18:30:00,74.87,100.00
129N04447,2020-06-17 18:40:00,74.59,100.00
129N04447,2020-06-17 18:50:00,69.29,100.00
129N04447,2020-06-17 19:00:00,73.31,92.70
129N04447,2020-06-17 19:10:00,71.02,100.00
129N04447,2020-06-17 19:20:00,73.84,100.00
129N04447,2020-06-17 19:30:00,75.15,100.00
129N04447,2020-06-17 19:40:00,72.20,95.70
129N04447,2020-06-17 19:50:00,71.58,98.60
129N04447,2020-06-17 20:00:00,74.96,95.00
129N04447,2020-06-17 20:10:00,70.32,92.70
129N04447,2020-06-17 20:20:00,70.67,99.50
129N04447,2020-06-17 20:30:00,73.61,94.20
129N04447,2020-06-17 20:40:00,71.54,75.00
129N04447,2020-06-17 20:50:00,69.06,98.90
129N04447,2020-06-17 21:00:00,69.36,100.00
129N04447,2020-06-17 21:10:00,67.84,100.00
129N04447,2020-06-17 21:20:00,67.93,96.90
129N04447,2020-06-17 21:30:00,69.29,100.00
129N04447,2020-06-17 21:40:00,70.48,87.10
129N04447,2020-06-17 21:50:00,75.14,50.40
129N04447,2020-06-17 22:00:00,76.88,55.30
129N04447,2020-06-17 22:10:00,72.72,71.10
129N04447,2020-06-17 22:20:00,70.72,100.00
129N04447,2020-06-17 22:30:00,79.29,64.10
129N04447,2020-06-17 22:40:00,71.89,100.00
129N04447,2020-06-17 22:50:00,69.69,100.00
129N04447,2020-06-17 23:00:00,69.90,86.10
129N04447,2020-06-17 23:10:00,70.49,91.00
129N04447,2020-06-17 23:20:00,71.00,99.00
129N04447,2020-06-17 23:30:00,,
129N04447,2020-06-17 23:40:00,65.43,72.00
129N04447,2020-06-17 23:50:00,71.97,63.20
129N04466,2020-06-17 00:00:00,69.99,83.20
129N04466,2020-06-17 00:10:00,58.04,40.90
129N04466,2020-06-17 00:20:00,53.66,19.67
129N04466,2020-06-17 00:30:00,65.00,96.86
129N04466,2020-06-17 00:40:00,65.00,95.00
129N04466,2020-06-17 00:50:00,,
129N04466,2020-06-17 01:00:00,53.00,
129N04466,2020-06-17 01:10:00,57.57,96.60
129N04466,2020-06-17 01:20:00,63.00,98.71
129N04466,2020-06-17 01:30:00,63.00,99.17
129N04466,2020-06-17 01:40:00,63.00,99.50
129N04466,2020-06-17 01:50:00,,
129N04466,2020-06-17 02:00:00,57.41,
129N04466,2020-06-17 02:10:00,60.00,
129N04466,2020-06-17 02:20:00,60.00,
129N04466,2020-06-17 02:30:00,60.00,
129N04466,2020-06-17 02:40:00,61.00,100.00
129N04466,2020-06-17 02:50:00,60.18,97.40
129N04466,2020-06-17 03:00:00,59.00,96.67
129N04466,2020-06-17 03:10:00,63.00,84.00
129N04466,2020-06-17 03:20:00,63.00,92.00
129N04466,2020-06-17 03:30:00,63.00,88.00
129N04466,2020-06-17 03:40:00,65.85,71.30
129N04466,2020-06-17 03:50:00,77.58,21.40
129N04466,2020-06-17 04:00:00,48.76,10.86
129N04466,2020-06-17 04:10:00,,
129N04466,2020-06-17 04:20:00,55.25,98.00
129N04466,2020-06-17 04:30:00,67.00,100.00
129N04466,2020-06-17 04:40:00,65.49,94.75
129N04466,2020-06-17 04:50:00,65.16,94.80
129N04466,2020-06-17 05:00:00,60.69,61.10
129N04466,2020-06-17 05:10:00,63.20,82.20
129N04466,2020-06-17 05:20:00,67.91,88.90
129N04466,2020-06-17 05:30:00,69.00,82.00
129N04466,2020-06-17 05:40:00,72.16,49.10
129N04466,2020-06-17 05:50:00,72.59,56.50
129N04466,2020-06-17 06:00:00,73.00,77.63
129N04466,2020-06-17 06:10:00,67.15,99.38
129N04466,2020-06-17 06:20:00,67.35,99.50
129N04466,2020-06-17 06:30:00,67.32,98.90
129N04466,2020-06-17 06:40:00,67.71,98.00
129N04466,2020-06-17 06:50:00,68.71,87.10
129N04466,2020-06-17 07:00:00,71.16,86.50
129N04466,2020-06-17 07:10:00,67.55,99.80
129N04466,2020-06-17 07:20:00,66.76,100.00
129N04466,2020-06-17 07:30:00,63.72,100.00
129N04466,2020-06-17 07:40:00,65.93,94.00
129N04466,2020-06-17 07:50:00,61.39,81.90
129N04466,2020-06-17 08:00:00,62.39,100.00
129N04466,2020-06-17 08:10:00,59.95,87.40
129N04466,2020-06-17 08:20:00,60.25,90.70
129N04466,2020-06-17 08:30:00,63.00,100.00
129N04466,2020-06-17 08:40:00,60.49,93.50
129N04466,2020-06-17 08:50:00,61.68,100.00
129N04466,2020-06-17 09:00:00,60.88,100.00
129N04466,2020-06-17 09:10:00,59.07,84.20
129N04466,2020-06-17 09:20:00,60.34,100.00
129N04466,2020-06-17 09:30:00,60.35,96.60
129N04466,2020-06-17 09:40:00,60.55,91.70
129N04466,2020-06-17 09:50:00,60.58,100.00
129N04466,2020-06-17 10:00:00,55.61,69.60
129N04466,2020-06-17 10:10:00,63.36,98.90
129N04466,2020-06-17 10:20:00,59.43,98.80
129N04466,2020-06-17 10:30:00,61.27,100.00
129N04466,2020-06-17 10:40:00,62.79,100.00
129N04466,2020-06-17 10:50:00,63.18,100.00
129N04466,2020-06-17 11:00:00,62.79,100.00
129N04466,2020-06-17 11:10:00,66.43,66.50
129N04466,2020-06-17 11:20:00,63.56,96.00
129N04466,2020-06-17 11:30:00,63.57,99.30
129N04466,2020-06-17 11:40:00,62.97,98.80
129N04466,2020-06-17 11:50:00,63.76,99.00
129N04466,2020-06-17 12:00:00,63.73,100.00
129N04466,2020-06-17 12:10:00,61.98,100.00
129N04466,2020-06-17 12:20:00,62.56,100.00
129N04466,2020-06-17 12:30:00,62.58,100.00
129N04466,2020-06-17 12:40:00,63.94,100.00
129N04466,2020-06-17 12:50:00,64.15,98.20
129N04466,2020-06-17 13:00:00,63.30,94.90
129N04466,2020-06-17 13:10:00,65.55,100.00
129N04466,2020-06-17 13:20:00,67.00,100.00
129N04466,2020-06-17 13:30:00,65.53,97.80
129N04466,2020-06-17 13:40:00,66.37,100.00
129N04466,2020-06-17 13:50:00,65.00,100.00
129N04466,2020-06-17 14:00:00,62.92,100.00
129N04466,2020-06-17 14:10:00,66.16,93.50
129N04466,2020-06-17 14:20:00,68.17,79.40
129N04466,2020-06-17 14:30:00,65.24,69.50
129N04466,2020-06-17 14:40:00,63.38,100.00
129N04466,2020-06-17 14:50:00,66.77,98.70
129N04466,2020-06-17 15:00:00,66.33,100.00
129N04466,2020-06-17 15:10:00,65.59,100.00
129N04466,2020-06-17 15:20:00,62.76,100.00
129N04466,2020-06-17 15:30:00,62.88,95.30
129N04466,2020-06-17 15:40:00,66.95,91.90
129N04466,2020-06-17 15:50:00,65.60,83.00
129N04466,2020-06-17 16:00:00,68.93,76.20
129N04466,2020-06-17 16:10:00,65.33,96.50
129N04466,2020-06-17 16:20:00,67.53,92.30
129N04466,2020-06-17 16:30:00,66.57,98.70
129N04466,2020-06-17 16:40:00,64.59,100.00
129N04466,2020-06-17 16:50:00,64.35,100.00
129N04466,2020-06-17 17:00:00,63.77,100.00
129N04466,2020-06-17 17:10:00,64.59,100.00
129N04466,2020-06-17 17:20:00,66.33,97.20
129N04466,2020-06-17 17:30:00,59.95,82.30
129N04466,2020-06-17 17:40:00,62.13,100.00
129N04466,2020-06-17 17:50:00,65.38,100.00
129N04466,2020-06-17 18:00:00,66.53,100.00
129N04466,2020-06-17 18:10:00,67.00,100.00
129N04466,2020-06-17 18:20:00,69.74,70.50
129N04466,2020-06-17 18:30:00,69.99,86.30
129N04466,2020-06-17 18:40:00,67.66,83.60
129N04466,2020-06-17 18:50:00,72.93,68.20
129N04466,2020-06-17 19:00:00,72.73,76.90
129N04466,2020-06-17 19:10:00,70.57,90.10
129N04466,2020-06-17 19:20:00,67.00,100.00
129N04466,2020-06-17 19:30:00,64.20,95.40
129N04466,2020-06-17 19:40:00,73.16,67.90
129N04466,2020-06-17 19:50:00,68.16,99.00
129N04466,2020-06-17 20:00:00,61.97,83.20
129N04466,2020-06-17 20:10:00,65.79,100.00
129N04466,2020-06-17 20:20:00,61.36,64.40
129N04466,2020-06-17 20:30:00,63.26,84.20
129N04466,2020-06-17 20:40:00,68.82,90.30
129N04466,2020-06-17 20:50:00,79.20,8.60
129N04466,2020-06-17 21:00:00,69.65,97.33
129N04466,2020-06-17 21:10:00,67.55,100.00
129N04466,2020-06-17 21:20:00,61.38,100.00
129N04466,2020-06-17 21:30:00,54.03,26.40
129N04466,2020-06-17 21:40:00,66.20,40.00
129N04466,2020-06-17 21:50:00,66.04,100.00
129N04466,2020-06-17 22:00:00,63.19,100.00
129N04466,2020-06-17 22:10:00,63.55,99.10
129N04466,2020-06-17 22:20:00,63.72,97.60
129N04466,2020-06-17 22:30:00,70.48,92.90
129N04466,2020-06-17 22:40:00,73.20,41.50
129N04466,2020-06-17 22:50:00,73.00,64.00
129N04466,2020-06-17 23:00:00,58.76,43.63
129N04466,2020-06-17 23:10:00,74.80,66.60
129N04466,2020-06-17 23:20:00,66.86,84.80
129N04466,2020-06-17 23:30:00,62.91,72.00
129N04466,2020-06-17 23:40:00,57.46,51.00
129N04466,2020-06-17 23:50:00,46.30,12.10
129+04216,2020-06-17 00:00:00,56.86,34.60
129+04216,2020-06-17 00:10:00,57.41,52.63
129+04216,2020-06-17 00:20:00,67.38,84.90
129+04216,2020-06-17 00:30:00,62.88,82.44
129+04216,2020-06-17 00:40:00,56.00,76.29
129+04216,2020-06-17 00:50:00,,
129+04216,2020-06-17 01:00:00,61.43,96.75
129+04216,2020-06-17 01:10:00,64.30,88.89
129+04216,2020-06-17 01:20:00,63.90,91.70
129+04216,2020-06-17 01:30:00,57.36,68.30
129+04216,2020-06-17 01:40:00,58.00,89.38
129+04216,2020-06-17 01:50:00,,
129+04216,2020-06-17 02:00:00,58.00,
129+04216,2020-06-17 02:10:00,58.00,
129+04216,2020-06-17 02:20:00,63.49,79.14
129+04216,2020-06-17 02:30:00,59.32,89.50
129+04216,2020-06-17 02:40:00,59.80,91.00
129+04216,2020-06-17 02:50:00,51.22,40.90
129+04216,2020-06-17 03:00:00,62.18,57.50
129+04216,2020-06-17 03:10:00,67.68,46.13
129+04216,2020-06-17 03:20:00,68.93,53.80
129+04216,2020-06-17 03:30:00,61.76,96.90
129+04216,2020-06-17 03:40:00,61.14,90.40
129+04216,2020-06-17 03:50:00,60.70,83.10
129+04216,2020-06-17 04:00:00,54.31,34.80
129+04216,2020-06-17 04:10:00,70.05,29.40
129+04216,2020-06-17 04:20:00,62.00,99.60
129+04216,2020-06-17 04:30:00,66.16,83.60
129+04216,2020-06-17 04:40:00,65.80,90.60
129+04216,2020-06-17 04:50:00,69.58,69.20
129+04216,2020-06-17 05:00:00,63.36,66.00
129+04216,2020-06-17 05:10:00,63.34,65.80
129+04216,2020-06-17 05:20:00,61.67,74.40
129+04216,2020-06-17 05:30:00,69.23,60.90
129+04216,2020-06-17 05:40:00,72.26,55.00
129+04216,2020-06-17 05:50:00,68.01,88.60
129+04216,2020-06-17 06:00:00,66.19,95.50
129+04216,2020-06-17 06:10:00,72.11,76.30
129+04216,2020-06-17 06:20:00,70.63,99.30
129+04216,2020-06-17 06:30:00,65.45,100.00
129+04216,2020-06-17 06:40:00,62.60,100.00
129+04216,2020-06-17 06:50:00,65.64,100.00
129+04216,2020-06-17 07:00:00,68.97,100.00
129+04216,2020-06-17 07:10:00,68.08,97.80
129+04216,2020-06-17 07:20:00,68.69,100.00
129+04216,2020-06-17 07:30:00,67.38,100.00
129+04216,2020-06-17 07:40:00,64.62,100.00
129+04216,2020-06-17 07:50:00,60.74,100.00
129+04216,2020-06-17 08:00:00,61.99,100.00
129+04216,2020-06-17 08:10:00,64.36,100.00
129+04216,2020-06-17 08:20:00,63.34,100.00
129+04216,2020-06-17 08:30:00,60.35,100.00
129+04216,2020-06-17 08:40:00,63.81,100.00
129+04216,2020-06-17 08:50:00,62.83,100.00
129+04216,2020-06-17 09:00:00,62.78,100.00
129+04216,2020-06-17 09:10:00,60.67,100.00
129+04216,2020-06-17 09:20:00,61.97,100.00
129+04216,2020-06-17 09:30:00,61.81,100.00
129+04216,2020-06-17 09:40:00,61.56,100.00
129+04216,2020-06-17 09:50:00,60.47,100.00
129+04216,2020-06-17 10:00:00,62.67,100.00
129+04216,2020-06-17 10:10:00,62.45,100.00
129+04216,2020-06-17 10:20:00,59.56,100.00
129+04216,2020-06-17 10:30:00,58.69,100.00
129+04216,2020-06-17 10:40:00,59.98,100.00
129+04216,2020-06-17 10:50:00,66.18,100.00
129+04216,2020-06-17 11:00:00,65.66,100.00
129+04216,2020-06-17 11:10:00,62.71,100.00
129+04216,2020-06-17 11:20:00,57.57,100.00
129+04216,2020-06-17 11:30:00,59.93,100.00
129+04216,2020-06-17 11:40:00,60.67,100.00
129+04216,2020-06-17 11:50:00,60.04,100.00
129+04216,2020-06-17 12:00:00,60.08,100.00
129+04216,2020-06-17 12:10:00,60.81,100.00
129+04216,2020-06-17 12:20:00,60.67,100.00
129+04216,2020-06-17 12:30:00,58.18,100.00
129+04216,2020-06-17 12:40:00,62.42,100.00
129+04216,2020-06-17 12:50:00,60.00,100.00
129+04216,2020-06-17 13:00:00,57.30,100.00
129+04216,2020-06-17 13:10:00,58.48,100.00
129+04216,2020-06-17 13:20:00,57.99,100.00
129+04216,2020-06-17 13:30:00,59.38,100.00
129+04216,2020-06-17 13:40:00,59.39,100.00
129+04216,2020-06-17 13:50:00,60.88,100.00
129+04216,2020-06-17 14:00:00,61.39,100.00
129+04216,2020-06-17 14:10:00,62.76,100.00
129+04216,2020-06-17 14:20:00,59.88,100.00
129+04216,2020-06-17 14:30:00,64.22,100.00
129+04216,2020-06-17 14:40:00,61.28,100.00
129+04216,2020-06-17 14:50:00,61.86,100.00
129+04216,2020-06-17 15:00:00,64.45,100.00
129+04216,2020-06-17 15:10:00,61.08,100.00
129+04216,2020-06-17 15:20:00,61.88,100.00
129+04216,2020-06-17 15:30:00,63.58,100.00
129+04216,2020-06-17 15:40:00,64.23,100.00
129+04216,2020-06-17 15:50:00,61.61,100.00
129+04216,2020-06-17 16:00:00,63.48,100.00
129+04216,2020-06-17 16:10:00,59.29,100.00
129+04216,2020-06-17 16:20:00,61.17,100.00
129+04216,2020-06-17 16:30:00,63.66,100.00
129+04216,2020-06-17 16:40:00,63.85,100.00
129+04216,2020-06-17 16:50:00,62.94,100.00
129+04216,2020-06-17 17:00:00,61.99,100.00
129+04216,2020-06-17 17:10:00,62.19,100.00
129+04216,2020-06-17 17:20:00,65.73,100.00
129+04216,2020-06-17 17:30:00,61.96,100.00
129+04216,2020-06-17 17:40:00,67.56,100.00
129+04216,2020-06-17 17:50:00,64.59,100.00
129+04216,2020-06-17 18:00:00,66.45,100.00
129+04216,2020-06-17 18:10:00,67.45,100.00
129+04216,2020-06-17 18:20:00,67.86,94.20
129+04216,2020-06-17 18:30:00,62.50,100.00
129+04216,2020-06-17 18:40:00,69.24,100.00
129+04216,2020-06-17 18:50:00,63.54,100.00
129+04216,2020-06-17 19:00:00,67.85,99.00
129+04216,2020-06-17 19:10:00,64.12,100.00
129+04216,2020-06-17 19:20:00,63.87,100.00
129+04216,2020-06-17 19:30:00,64.65,90.70
129+04216,2020-06-17 19:40:00,65.42,94.00
129+04216,2020-06-17 19:50:00,64.48,100.00
129+04216,2020-06-17 20:00:00,58.98,100.00
129+04216,2020-06-17 20:10:00,63.16,100.00
129+04216,2020-06-17 20:20:00,64.49,95.60
129+04216,2020-06-17 20:30:00,64.44,91.30
129+04216,2020-06-17 20:40:00,58.96,100.00
129+04216,2020-06-17 20:50:00,59.39,100.00
129+04216,2020-06-17 21:00:00,60.29,100.00
129+04216,2020-06-17 21:10:00,60.27,100.00
129+04216,2020-06-17 21:20:00,62.88,100.00
129+04216,2020-06-17 21:30:00,60.43,100.00
129+04216,2020-06-17 21:40:00,61.87,100.00
129+04216,2020-06-17 21:50:00,62.09,100.00
129+04216,2020-06-17 22:00:00,65.51,88.50
129+04216,2020-06-17 22:10:00,59.73,65.40
129+04216,2020-06-17 22:20:00,57.62,78.60
129+04216,2020-06-17 22:30:00,58.77,100.00
129+04216,2020-06-17 22:40:00,64.50,100.00
129+04216,2020-06-17 22:50:00,61.23,100.00
129+04216,2020-06-17 23:00:00,57.42,78.70
129+04216,2020-06-17 23:10:00,62.35,87.80
129+04216,2020-06-17 23:20:00,62.97,82.70
129+04216,2020-06-17 23:30:00,63.45,91.30
129+04216,2020-06-17 23:40:00,60.78,87.10
129+04216,2020-06-17 23:50:00,63.94,69.70
129N04444,2020-06-17 00:00:00,70.58,86.00
129N04444,2020-06-17 00:10:00,69.71,93.57
129N04444,2020-06-17 00:20:00,69.59,94.20
129N04444,2020-06-17 00:30:00,68.96,92.43
129N04444,2020-06-17 00:40:00,64.07,62.78
129N04444,2020-06-17 00:50:00,,
129N04444,2020-06-17 01:00:00,67.00,98.00
129N04444,2020-06-17 01:10:00,67.00,95.10
129N04444,2020-06-17 01:20:00,67.80,96.60
129N04444,2020-06-17 01:30:00,68.00,97.75
129N04444,2020-06-17 01:40:00,67.09,98.40
129N04444,2020-06-17 01:50:00,66.00,96.50
129N04444,2020-06-17 02:00:00,,
129N04444,2020-06-17 02:10:00,,
129N04444,2020-06-17 02:20:00,70.00,82.00
129N04444,2020-06-17 02:30:00,65.82,83.00
129N04444,2020-06-17 02:40:00,60.00,70.00
129N04444,2020-06-17 02:50:00,,
129N04444,2020-06-17 03:00:00,,
129N04444,2020-06-17 03:10:00,,
129N04444,2020-06-17 03:20:00,,
129N04444,2020-06-17 03:30:00,63.80,88.67
129N04444,2020-06-17 03:40:00,74.52,42.10
129N04444,2020-06-17 03:50:00,78.00,42.00
129N04444,2020-06-17 04:00:00,,
129N04444,2020-06-17 04:10:00,76.00,
129N04444,2020-06-17 04:20:00,76.00,
129N04444,2020-06-17 04:30:00,69.80,78.40
129N04444,2020-06-17 04:40:00,66.29,84.90
129N04444,2020-06-17 04:50:00,66.50,93.00
129N04444,2020-06-17 05:00:00,64.08,77.11
129N04444,2020-06-17 05:10:00,59.52,54.20
129N04444,2020-06-17 05:20:00,62.10,90.20
129N04444,2020-06-17 05:30:00,65.10,80.89
129N04444,2020-06-17 05:40:00,71.72,43.10
129N04444,2020-06-17 05:50:00,70.00,66.70
129N04444,2020-06-17 06:00:00,64.37,95.90
129N04444,2020-06-17 06:10:00,67.36,90.00
129N04444,2020-06-17 06:20:00,70.15,86.50
129N04444,2020-06-17 06:30:00,66.60,100.00
129N04444,2020-06-17 06:40:00,66.38,99.60
129N04444,2020-06-17 06:50:00,64.00,99.80
129N04444,2020-06-17 07:00:00,67.18,97.70
129N04444,2020-06-17 07:10:00,68.87,87.50
129N04444,2020-06-17 07:20:00,70.23,80.10
129N04444,2020-06-17 07:30:00,69.67,88.80
129N04444,2020-06-17 07:40:00,68.46,94.20
129N04444,2020-06-17 07:50:00,68.38,93.20
129N04444,2020-06-17 08:00:00,66.94,98.30
129N04444,2020-06-17 08:10:00,68.83,98.40
129N04444,2020-06-17 08:20:00,66.94,99.00
129N04444,2020-06-17 08:30:00,65.97,100.00
129N04444,2020-06-17 08:40:00,64.66,98.70
129N04444,2020-06-17 08:50:00,69.10,76.50
129N04444,2020-06-17 09:00:00,64.09,99.70
129N04444,2020-06-17 09:10:00,65.37,99.00
129N04444,2020-06-17 09:20:00,66.39,98.10
129N04444,2020-06-17 09:30:00,67.90,84.00
129N04444,2020-06-17 09:40:00,67.89,93.00
129N04444,2020-06-17 09:50:00,66.36,91.50
129N04444,2020-06-17 10:00:00,65.00,99.00
129N04444,2020-06-17 10:10:00,63.59,100.00
129N04444,2020-06-17 10:20:00,64.68,96.10
129N04444,2020-06-17 10:30:00,64.09,93.80
129N04444,2020-06-17 10:40:00,66.69,88.60
129N04444,2020-06-17 10:50:00,68.36,80.10
129N04444,2020-06-17 11:00:00,66.37,94.40
129N04444,2020-06-17 11:10:00,64.71,91.00
129N04444,2020-06-17 11:20:00,66.28,99.70
129N04444,2020-06-17 11:30:00,67.48,97.10
129N04444,2020-06-17 11:40:00,65.96,100.00
129N04444,2020-06-17 11:50:00,72.29,80.10
129N04444,2020-06-17 12:00:00,68.48,99.90
129N04444,2020-06-17 12:10:00,66.38,100.00
129N04444,2020-06-17 12:20:00,63.59,100.00
129N04444,2020-06-17 12:30:00,66.33,100.00
129N04444,2020-06-17 12:40:00,69.88,98.90
129N04444,2020-06-17 12:50:00,70.19,98.50
129N04444,2020-06-17 13:00:00,65.16,99.10
129N04444,2020-06-17 13:10:00,64.08,99.70
129N04444,2020-06-17 13:20:00,65.80,100.00
129N04444,2020-06-17 13:30:00,65.89,100.00
129N04444,2020-06-17 13:40:00,67.67,94.10
129N04444,2020-06-17 13:50:00,69.98,72.20
129N04444,2020-06-17 14:00:00,67.77,85.20
129N04444,2020-06-17 14:10:00,65.29,100.00
129N04444,2020-06-17 14:20:00,65.97,99.00
129N04444,2020-06-17 14:30:00,65.08,100.00
129N04444,2020-06-17 14:40:00,63.59,100.00
129N04444,2020-06-17 14:50:00,64.16,100.00
129N04444,2020-06-17 15:00:00,67.34,98.90
129N04444,2020-06-17 15:10:00,69.98,97.70
129N04444,2020-06-17 15:20:00,63.68,95.70
129N04444,2020-06-17 15:30:00,57.53,97.80
129N04444,2020-06-17 15:40:00,64.35,100.00
129N04444,2020-06-17 15:50:00,64.87,100.00
129N04444,2020-06-17 16:00:00,64.47,100.00
129N04444,2020-06-17 16:10:00,56.61,100.00
129N04444,2020-06-17 16:20:00,47.29,100.00
129N04444,2020-06-17 16:30:00,36.08,100.00
129N04444,2020-06-17 16:40:00,40.16,100.00
129N04444,2020-06-17 16:50:00,48.55,100.00
129N04444,2020-06-17 17:00:00,53.34,100.00
129N04444,2020-06-17 17:10:00,60.64,79.00
129N04444,2020-06-17 17:20:00,57.46,98.60
129N04444,2020-06-17 17:30:00,43.06,99.00
129N04444,2020-06-17 17:40:00,57.57,84.10
129N04444,2020-06-17 17:50:00,67.37,89.50
129N04444,2020-06-17 18:00:00,68.85,94.70
129N04444,2020-06-17 18:10:00,66.05,97.80
129N04444,2020-06-17 18:20:00,68.07,99.40
129N04444,2020-06-17 18:30:00,70.77,97.30
129N04444,2020-06-17 18:40:00,70.40,99.40
129N04444,2020-06-17 18:50:00,69.58,93.30
129N04444,2020-06-17 19:00:00,67.23,80.20
129N04444,2020-06-17 19:10:00,73.37,79.40
129N04444,2020-06-17 19:20:00,68.22,93.40
129N04444,2020-06-17 19:30:00,67.49,100.00
129N04444,2020-06-17 19:40:00,69.96,95.90
129N04444,2020-06-17 19:50:00,69.55,95.30
129N04444,2020-06-17 20:00:00,67.84,100.00
129N04444,2020-06-17 20:10:00,73.14,76.00
129N04444,2020-06-17 20:20:00,68.03,89.70
129N04444,2020-06-17 20:30:00,66.63,97.60
129N04444,2020-06-17 20:40:00,73.08,80.30
129N04444,2020-06-17 20:50:00,65.63,96.30
129N04444,2020-06-17 21:00:00,64.95,99.00
129N04444,2020-06-17 21:10:00,64.59,100.00
129N04444,2020-06-17 21:20:00,63.68,99.90
129N04444,2020-06-17 21:30:00,63.48,100.00
129N04444,2020-06-17 21:40:00,65.03,91.60
129N04444,2020-06-17 21:50:00,62.76,94.70
129N04444,2020-06-17 22:00:00,62.34,71.20
129N04444,2020-06-17 22:10:00,65.88,94.20
129N04444,2020-06-17 22:20:00,65.00,98.70
129N04444,2020-06-17 22:30:00,69.23,82.80
129N04444,2020-06-17 22:40:00,67.69,97.40
129N04444,2020-06-17 22:50:00,66.48,99.80
129N04444,2020-06-17 23:00:00,68.39,88.90
129N04444,2020-06-17 23:10:00,65.70,92.30
129N04444,2020-06-17 23:20:00,65.19,76.60
129N04444,2020-06-17 23:30:00,70.08,87.20
129N04444,2020-06-17 23:40:00,73.46,72.63
129N04444,2020-06-17 23:50:00,68.15,92.60
129N04445,2020-06-17 00:00:00,69.49,83.90
129N04445,2020-06-17 00:10:00,72.02,89.25
129N04445,2020-06-17 00:20:00,70.40,75.90
129N04445,2020-06-17 00:30:00,67.52,71.20
129N04445,2020-06-17 00:40:00,67.00,82.50
129N04445,2020-06-17 00:50:00,67.00,89.33
129N04445,2020-06-17 01:00:00,67.00,94.00
129N04445,2020-06-17 01:10:00,65.00,97.50
129N04445,2020-06-17 01:20:00,69.00,91.25
129N04445,2020-06-17 01:30:00,69.00,93.89
129N04445,2020-06-17 01:40:00,66.49,98.10
129N04445,2020-06-17 01:50:00,65.00,96.75
129N04445,2020-06-17 02:00:00,,
129N04445,2020-06-17 02:10:00,67.00,99.89
129N04445,2020-06-17 02:20:00,70.92,69.80
129N04445,2020-06-17 02:30:00,68.20,99.00
129N04445,2020-06-17 02:40:00,65.33,82.56
129N04445,2020-06-17 02:50:00,66.60,95.50
129N04445,2020-06-17 03:00:00,65.37,91.13
129N04445,2020-06-17 03:10:00,63.00,79.13
129N04445,2020-06-17 03:20:00,65.07,91.13
129N04445,2020-06-17 03:30:00,66.14,84.70
129N04445,2020-06-17 03:40:00,76.81,14.10
129N04445,2020-06-17 03:50:00,,
129N04445,2020-06-17 04:00:00,69.63,95.78
129N04445,2020-06-17 04:10:00,67.20,82.60
129N04445,2020-06-17 04:20:00,68.59,81.00
129N04445,2020-06-17 04:30:00,64.97,68.80
129N04445,2020-06-17 04:40:00,66.39,95.70
129N04445,2020-06-17 04:50:00,75.15,35.43
129N04445,2020-06-17 05:00:00,66.83,87.90
129N04445,2020-06-17 05:10:00,64.57,79.70
129N04445,2020-06-17 05:20:00,67.08,98.20
129N04445,2020-06-17 05:30:00,71.20,78.20
129N04445,2020-06-17 05:40:00,78.59,16.90
129N04445,2020-06-17 05:50:00,73.53,70.30
129N04445,2020-06-17 06:00:00,70.35,92.80
129N04445,2020-06-17 06:10:00,69.70,89.30
129N04445,2020-06-17 06:20:00,69.47,98.00
129N04445,2020-06-17 06:30:00,65.39,100.00
129N04445,2020-06-17 06:40:00,65.37,94.90
129N04445,2020-06-17 06:50:00,66.98,100.00
129N04445,2020-06-17 07:00:00,72.09,94.90
129N04445,2020-06-17 07:10:00,71.59,96.80
129N04445,2020-06-17 07:20:00,68.77,95.30
129N04445,2020-06-17 07:30:00,70.98,100.00
129N04445,2020-06-17 07:40:00,72.46,100.00
129N04445,2020-06-17 07:50:00,75.37,95.90
129N04445,2020-06-17 08:00:00,68.07,100.00
129N04445,2020-06-17 08:10:00,73.69,100.00
129N04445,2020-06-17 08:20:00,73.53,93.00
129N04445,2020-06-17 08:30:00,70.94,99.80
129N04445,2020-06-17 08:40:00,68.17,99.90
129N04445,2020-06-17 08:50:00,71.18,100.00
129N04445,2020-06-17 09:00:00,71.88,100.00
129N04445,2020-06-17 09:10:00,66.76,100.00
129N04445,2020-06-17 09:20:00,69.01,98.60
129N04445,2020-06-17 09:30:00,66.59,100.00
129N04445,2020-06-17 09:40:00,72.58,84.70
129N04445,2020-06-17 09:50:00,70.79,96.10
129N04445,2020-06-17 10:00:00,64.08,98.60
129N04445,2020-06-17 10:10:00,60.09,100.00
129N04445,2020-06-17 10:20:00,69.31,100.00
129N04445,2020-06-17 10:30:00,70.65,93.10
129N04445,2020-06-17 10:40:00,72.28,64.80
129N04445,2020-06-17 10:50:00,69.78,99.70
129N04445,2020-06-17 11:00:00,70.03,100.00
129N04445,2020-06-17 11:10:00,66.22,100.00
129N04445,2020-06-17 11:20:00,68.35,98.80
129N04445,2020-06-17 11:30:00,68.20,100.00
129N04445,2020-06-17 11:40:00,67.15,100.00
129N04445,2020-06-17 11:50:00,70.78,100.00
129N04445,2020-06-17 12:00:00,69.29,100.00
129N04445,2020-06-17 12:10:00,71.67,100.00
129N04445,2020-06-17 12:20:00,71.29,99.50
129N04445,2020-06-17 12:30:00,70.27,100.00
129N04445,2020-06-17 12:40:00,71.55,100.00
129N04445,2020-06-17 12:50:00,71.16,100.00
129N04445,2020-06-17 13:00:00,69.15,100.00
129N04445,2020-06-17 13:10:00,68.56,100.00
129N04445,2020-06-17 13:20:00,70.98,100.00
129N04445,2020-06-17 13:30:00,70.19,100.00
129N04445,2020-06-17 13:40:00,68.94,98.40
129N04445,2020-06-17 13:50:00,66.59,98.80
129N04445,2020-06-17 14:00:00,68.28,100.00
129N04445,2020-06-17 14:10:00,68.37,100.00
129N04445,2020-06-17 14:20:00,69.05,100.00
129N04445,2020-06-17 14:30:00,68.28,100.00
129N04445,2020-06-17 14:40:00,67.29,100.00
129N04445,2020-06-17 14:50:00,67.29,100.00
129N04445,2020-06-17 15:00:00,69.78,100.00
129N04445,2020-06-17 15:10:00,69.79,100.00
129N04445,2020-06-17 15:20:00,64.28,100.00
129N04445,2020-06-17 15:30:00,68.95,100.00
129N04445,2020-06-17 15:40:00,71.09,100.00
129N04445,2020-06-17 15:50:00,69.58,100.00
129N04445,2020-06-17 16:00:00,68.18,100.00
129N04445,2020-06-17 16:10:00,69.08,100.00
129N04445,2020-06-17 16:20:00,64.79,100.00
129N04445,2020-06-17 16:30:00,65.79,100.00
129N04445,2020-06-17 16:40:00,63.58,100.00
129N04445,2020-06-17 16:50:00,62.84,100.00
129N04445,2020-06-17 17:00:00,67.85,100.00
129N04445,2020-06-17 17:10:00,67.46,100.00
129N04445,2020-06-17 17:20:00,65.66,100.00
129N04445,2020-06-17 17:30:00,67.48,100.00
129N04445,2020-06-17 17:40:00,71.27,95.90
129N04445,2020-06-17 17:50:00,69.35,100.00
129N04445,2020-06-17 18:00:00,70.23,100.00
129N04445,2020-06-17 18:10:00,69.49,100.00
129N04445,2020-06-17 18:20:00,70.16,100.00
129N04445,2020-06-17 18:30:00,74.49,100.00
129N04445,2020-06-17 18:40:00,73.10,100.00
129N04445,2020-06-17 18:50:00,70.25,99.60
129N04445,2020-06-17 19:00:00,69.22,100.00
129N04445,2020-06-17 19:10:00,75.06,100.00
129N04445,2020-06-17 19:20:00,69.63,100.00
129N04445,2020-06-17 19:30:00,72.87,100.00
129N04445,2020-06-17 19:40:00,71.73,100.00
129N04445,2020-06-17 19:50:00,72.79,98.20
129N04445,2020-06-17 20:00:00,73.69,100.00
129N04445,2020-06-17 20:10:00,73.67,98.50
129N04445,2020-06-17 20:20:00,69.52,99.50
129N04445,2020-06-17 20:30:00,70.34,99.60
129N04445,2020-06-17 20:40:00,71.57,100.00
129N04445,2020-06-17 20:50:00,68.91,100.00
129N04445,2020-06-17 21:00:00,71.15,95.20
129N04445,2020-06-17 21:10:00,65.31,100.00
129N04445,2020-06-17 21:20:00,68.19,100.00
129N04445,2020-06-17 21:30:00,68.92,100.00
129N04445,2020-06-17 21:40:00,71.18,95.20
129N04445,2020-06-17 21:50:00,72.57,72.10
129N04445,2020-06-17 22:00:00,82.27,11.80
129N04445,2020-06-17 22:10:00,76.38,90.30
129N04445,2020-06-17 22:20:00,69.50,100.00
129N04445,2020-06-17 22:30:00,73.33,95.60
129N04445,2020-06-17 22:40:00,73.77,97.70
129N04445,2020-06-17 22:50:00,69.69,100.00
129N04445,2020-06-17 23:00:00,70.17,92.60
129N04445,2020-06-17 23:10:00,67.59,78.80
129N04445,2020-06-17 23:20:00,68.07,76.60
129N04445,2020-06-17 23:30:00,60.83,39.50
129N04445,2020-06-17 23:40:00,73.81,29.90
129N04445,2020-06-17 23:50:00,71.11,74.30
129N04467,2020-06-17 00:00:00,68.28,88.50
129N04467,2020-06-17 00:10:00,57.11,38.60
129N04467,2020-06-17 00:20:00,53.00,24.83
129N04467,2020-06-17 00:30:00,61.89,91.00
129N04467,2020-06-17 00:40:00,65.00,99.00
129N04467,2020-06-17 00:50:00,,
129N04467,2020-06-17 01:00:00,54.00,
129N04467,2020-06-17 01:10:00,58.99,93.80
129N04467,2020-06-17 01:20:00,65.00,99.00
129N04467,2020-06-17 01:30:00,63.00,99.00
129N04467,2020-06-17 01:40:00,63.00,99.50
129N04467,2020-06-17 01:50:00,,
129N04467,2020-06-17 02:00:00,59.41,
129N04467,2020-06-17 02:10:00,62.00,
129N04467,2020-06-17 02:20:00,62.10,99.00
129N04467,2020-06-17 02:30:00,62.00,100.00
129N04467,2020-06-17 02:40:00,67.57,87.38
129N04467,2020-06-17 02:50:00,62.83,82.70
129N04467,2020-06-17 03:00:00,59.66,86.17
129N04467,2020-06-17 03:10:00,63.00,100.00
129N04467,2020-06-17 03:20:00,59.89,82.40
129N04467,2020-06-17 03:30:00,52.18,54.30
129N04467,2020-06-17 03:40:00,62.61,75.30
129N04467,2020-06-17 03:50:00,61.32,71.30
129N04467,2020-06-17 04:00:00,55.32,41.70
129N04467,2020-06-17 04:10:00,66.00,59.88
129N04467,2020-06-17 04:20:00,66.66,79.33
129N04467,2020-06-17 04:30:00,67.00,85.50
129N04467,2020-06-17 04:40:00,64.31,94.78
129N04467,2020-06-17 04:50:00,64.99,94.50
129N04467,2020-06-17 05:00:00,58.82,56.80
129N04467,2020-06-17 05:10:00,68.67,60.60
129N04467,2020-06-17 05:20:00,70.94,53.70
129N04467,2020-06-17 05:30:00,66.19,99.90
129N04467,2020-06-17 05:40:00,67.76,94.20
129N04467,2020-06-17 05:50:00,68.37,83.80
129N04467,2020-06-17 06:00:00,71.01,85.00
129N04467,2020-06-17 06:10:00,68.09,99.10
129N04467,2020-06-17 06:20:00,67.23,99.70
129N04467,2020-06-17 06:30:00,67.03,100.00
129N04467,2020-06-17 06:40:00,68.15,98.80
129N04467,2020-06-17 06:50:00,66.78,100.00
129N04467,2020-06-17 07:00:00,68.88,98.40
129N04467,2020-06-17 07:10:00,67.69,98.90
129N04467,2020-06-17 07:20:00,67.89,100.00
129N04467,2020-06-17 07:30:00,63.90,99.50
129N04467,2020-06-17 07:40:00,63.26,100.00
129N04467,2020-06-17 07:50:00,52.89,100.00
129N04467,2020-06-17 08:00:00,60.69,100.00
129N04467,2020-06-17 08:10:00,59.89,100.00
129N04467,2020-06-17 08:20:00,58.85,100.00
129N04467,2020-06-17 08:30:00,62.39,100.00
129N04467,2020-06-17 08:40:00,60.37,100.00
129N04467,2020-06-17 08:50:00,59.64,100.00
129N04467,2020-06-17 09:00:00,58.56,100.00
129N04467,2020-06-17 09:10:00,57.37,78.80
129N04467,2020-06-17 09:20:00,59.85,100.00
129N04467,2020-06-17 09:30:00,60.07,100.00
129N04467,2020-06-17 09:40:00,59.85,100.00
129N04467,2020-06-17 09:50:00,59.79,100.00
129N04467,2020-06-17 10:00:00,59.08,100.00
129N04467,2020-06-17 10:10:00,61.38,100.00
129N04467,2020-06-17 10:20:00,61.00,100.00
129N04467,2020-06-17 10:30:00,61.59,100.00
129N04467,2020-06-17 10:40:00,61.10,100.00
129N04467,2020-06-17 10:50:00,62.26,100.00
129N04467,2020-06-17 11:00:00,63.98,100.00
129N04467,2020-06-17 11:10:00,65.79,86.40
129N04467,2020-06-17 11:20:00,62.58,100.00
129N04467,2020-06-17 11:30:00,64.06,100.00
129N04467,2020-06-17 11:40:00,62.36,100.00
129N04467,2020-06-17 11:50:00,63.18,100.00
129N04467,2020-06-17 12:00:00,64.78,100.00
129N04467,2020-06-17 12:10:00,63.79,99.50
129N04467,2020-06-17 12:20:00,61.00,100.00
129N04467,2020-06-17 12:30:00,60.58,100.00
129N04467,2020-06-17 12:40:00,62.78,100.00
129N04467,2020-06-17 12:50:00,64.56,100.00
129N04467,2020-06-17 13:00:00,62.39,100.00
129N04467,2020-06-17 13:10:00,62.89,100.00
129N04467,2020-06-17 13:20:00,63.97,100.00
129N04467,2020-06-17 13:30:00,65.34,96.80
129N04467,2020-06-17 13:40:00,65.79,100.00
129N04467,2020-06-17 13:50:00,61.99,100.00
129N04467,2020-06-17 14:00:00,61.28,100.00
129N04467,2020-06-17 14:10:00,65.19,95.40
129N04467,2020-06-17 14:20:00,62.94,100.00
129N04467,2020-06-17 14:30:00,64.15,83.30
129N04467,2020-06-17 14:40:00,64.68,100.00
129N04467,2020-06-17 14:50:00,65.66,100.00
129N04467,2020-06-17 15:00:00,63.97,100.00
129N04467,2020-06-17 15:10:00,63.00,100.00
129N04467,2020-06-17 15:20:00,63.53,89.10
129N04467,2020-06-17 15:30:00,64.16,92.70
129N04467,2020-06-17 15:40:00,63.98,100.00
129N04467,2020-06-17 15:50:00,63.24,100.00
129N04467,2020-06-17 16:00:00,65.92,100.00
129N04467,2020-06-17 16:10:00,62.27,100.00
129N04467,2020-06-17 16:20:00,65.39,100.00
129N04467,2020-06-17 16:30:00,63.19,100.00
129N04467,2020-06-17 16:40:00,63.48,100.00
129N04467,2020-06-17 16:50:00,64.46,100.00
129N04467,2020-06-17 17:00:00,61.29,100.00
129N04467,2020-06-17 17:10:00,61.89,100.00
129N04467,2020-06-17 17:20:00,63.86,100.00
129N04467,2020-06-17 17:30:00,63.17,100.00
129N04467,2020-06-17 17:40:00,63.06,100.00
129N04467,2020-06-17 17:50:00,64.89,100.00
129N04467,2020-06-17 18:00:00,62.95,100.00
129N04467,2020-06-17 18:10:00,65.19,100.00
129N04467,2020-06-17 18:20:00,67.44,100.00
129N04467,2020-06-17 18:30:00,68.37,93.40
129N04467,2020-06-17 18:40:00,66.87,88.60
129N04467,2020-06-17 18:50:00,66.99,88.20
129N04467,2020-06-17 19:00:00,68.70,77.60
129N04467,2020-06-17 19:10:00,69.44,91.30
129N04467,2020-06-17 19:20:00,65.70,100.00
129N04467,2020-06-17 19:30:00,65.03,94.60
129N04467,2020-06-17 19:40:00,70.42,78.10
129N04467,2020-06-17 19:50:00,69.15,100.00
129N04467,2020-06-17 20:00:00,62.06,100.00
129N04467,2020-06-17 20:10:00,65.69,100.00
129N04467,2020-06-17 20:20:00,62.37,92.60
129N04467,2020-06-17 20:30:00,60.82,94.40
129N04467,2020-06-17 20:40:00,68.49,92.30
129N04467,2020-06-17 20:50:00,65.27,63.50
129N04467,2020-06-17 21:00:00,61.02,75.40
129N04467,2020-06-17 21:10:00,66.10,100.00
129N04467,2020-06-17 21:20:00,64.55,100.00
129N04467,2020-06-17 21:30:00,56.57,35.50
129N04467,2020-06-17 21:40:00,65.71,85.90
129N04467,2020-06-17 21:50:00,66.04,100.00
129N04467,2020-06-17 22:00:00,62.43,91.20
129N04467,2020-06-17 22:10:00,62.17,100.00
129N04467,2020-06-17 22:20:00,62.05,95.10
129N04467,2020-06-17 22:30:00,65.47,100.00
129N04467,2020-06-17 22:40:00,66.09,68.70
129N04467,2020-06-17 22:50:00,77.73,32.00
129N04467,2020-06-17 23:00:00,70.29,46.30
129N04467,2020-06-17 23:10:00,71.22,91.40
129N04467,2020-06-17 23:20:00,62.68,56.80
129N04467,2020-06-17 23:30:00,63.68,82.10
129N04467,2020-06-17 23:40:00,67.84,84.70
129N04467,2020-06-17 23:50:00,59.71,62.60
129N04442,2020-06-17 00:00:00,70.40,91.70
129N04442,2020-06-17 00:10:00,70.00,91.38
129N04442,2020-06-17 00:20:00,68.79,79.33
129N04442,2020-06-17 00:30:00,70.55,92.30
129N04442,2020-06-17 00:40:00,68.16,91.67
129N04442,2020-06-17 00:50:00,,
129N04442,2020-06-17 01:00:00,68.00,95.33
129N04442,2020-06-17 01:10:00,67.65,94.56
129N04442,2020-06-17 01:20:00,65.00,84.40
129N04442,2020-06-17 01:30:00,,
129N04442,2020-06-17 01:40:00,,
129N04442,2020-06-17 01:50:00,,
129N04442,2020-06-17 02:00:00,,
129N04442,2020-06-17 02:10:00,,
129N04442,2020-06-17 02:20:00,,
129N04442,2020-06-17 02:30:00,81.00,100.00
129N04442,2020-06-17 02:40:00,75.30,67.67
129N04442,2020-06-17 02:50:00,66.64,48.44
129N04442,2020-06-17 03:00:00,69.00,88.50
129N04442,2020-06-17 03:10:00,68.00,77.50
129N04442,2020-06-17 03:20:00,68.00,86.30
129N04442,2020-06-17 03:30:00,67.39,96.60
129N04442,2020-06-17 03:40:00,74.37,46.00
129N04442,2020-06-17 03:50:00,77.00,34.00
129N04442,2020-06-17 04:00:00,,
129N04442,2020-06-17 04:10:00,72.30,98.00
129N04442,2020-06-17 04:20:00,69.00,81.11
129N04442,2020-06-17 04:30:00,70.00,88.25
129N04442,2020-06-17 04:40:00,73.35,83.20
129N04442,2020-06-17 04:50:00,69.49,95.88
129N04442,2020-06-17 05:00:00,66.00,60.60
129N04442,2020-06-17 05:10:00,65.66,67.00
129N04442,2020-06-17 05:20:00,65.00,72.67
129N04442,2020-06-17 05:30:00,73.00,50.00
129N04442,2020-06-17 05:40:00,77.17,20.70
129N04442,2020-06-17 05:50:00,77.26,52.40
129N04442,2020-06-17 06:00:00,74.35,92.90
129N04442,2020-06-17 06:10:00,72.77,87.40
129N04442,2020-06-17 06:20:00,72.42,78.40
129N04442,2020-06-17 06:30:00,71.48,99.70
129N04442,2020-06-17 06:40:00,71.56,99.10
129N04442,2020-06-17 06:50:00,75.00,86.80
129N04442,2020-06-17 07:00:00,71.00,96.20
129N04442,2020-06-17 07:10:00,71.56,96.60
129N04442,2020-06-17 07:20:00,69.91,96.80
129N04442,2020-06-17 07:30:00,70.02,98.40
129N04442,2020-06-17 07:40:00,72.76,87.90
129N04442,2020-06-17 07:50:00,73.69,94.20
129N04442,2020-06-17 08:00:00,73.79,95.30
129N04442,2020-06-17 08:10:00,72.97,93.30
129N04442,2020-06-17 08:20:00,71.20,96.90
129N04442,2020-06-17 08:30:00,73.38,97.70
129N04442,2020-06-17 08:40:00,67.18,97.60
129N04442,2020-06-17 08:50:00,68.75,99.90
129N04442,2020-06-17 09:00:00,71.28,94.50
129N04442,2020-06-17 09:10:00,71.93,86.20
129N04442,2020-06-17 09:20:00,67.20,100.00
129N04442,2020-06-17 09:30:00,68.74,99.20
129N04442,2020-06-17 09:40:00,69.10,99.90
129N04442,2020-06-17 09:50:00,69.80,98.40
129N04442,2020-06-17 10:00:00,73.76,63.30
129N04442,2020-06-17 10:10:00,73.19,83.40
129N04442,2020-06-17 10:20:00,71.20,100.00
129N04442,2020-06-17 10:30:00,70.80,99.80
129N04442,2020-06-17 10:40:00,70.10,99.20
129N04442,2020-06-17 10:50:00,71.20,92.90
129N04442,2020-06-17 11:00:00,69.79,99.50
129N04442,2020-06-17 11:10:00,68.38,99.60
129N04442,2020-06-17 11:20:00,73.59,82.10
129N04442,2020-06-17 11:30:00,68.99,100.00
129N04442,2020-06-17 11:40:00,70.39,99.60
129N04442,2020-06-17 11:50:00,71.99,100.00
129N04442,2020-06-17 12:00:00,70.05,99.50
129N04442,2020-06-17 12:10:00,69.00,100.00
129N04442,2020-06-17 12:20:00,68.79,100.00
129N04442,2020-06-17 12:30:00,69.67,100.00
129N04442,2020-06-17 12:40:00,68.88,100.00
129N04442,2020-06-17 12:50:00,70.80,100.00
129N04442,2020-06-17 13:00:00,70.70,100.00
129N04442,2020-06-17 13:10:00,69.89,100.00
129N04442,2020-06-17 13:20:00,69.37,99.60
129N04442,2020-06-17 13:30:00,68.89,100.00
129N04442,2020-06-17 13:40:00,68.79,100.00
129N04442,2020-06-17 13:50:00,70.17,97.10
129N04442,2020-06-17 14:00:00,70.49,100.00
129N04442,2020-06-17 14:10:00,70.69,97.10
129N04442,2020-06-17 14:20:00,69.35,100.00
129N04442,2020-06-17 14:30:00,68.97,99.30
129N04442,2020-06-17 14:40:00,68.30,100.00
129N04442,2020-06-17 14:50:00,68.09,100.00
129N04442,2020-06-17 15:00:00,67.39,100.00
129N04442,2020-06-17 15:10:00,69.00,100.00
129N04442,2020-06-17 15:20:00,69.88,95.30
129N04442,2020-06-17 15:30:00,69.10,100.00
129N04442,2020-06-17 15:40:00,67.68,100.00
129N04442,2020-06-17 15:50:00,66.35,100.00
129N04442,2020-06-17 16:00:00,64.04,100.00
129N04442,2020-06-17 16:10:00,66.32,100.00
129N04442,2020-06-17 16:20:00,65.08,100.00
129N04442,2020-06-17 16:30:00,64.59,100.00
129N04442,2020-06-17 16:40:00,66.46,94.40
129N04442,2020-06-17 16:50:00,66.90,88.90
129N04442,2020-06-17 17:00:00,59.58,100.00
129N04442,2020-06-17 17:10:00,65.50,98.00
129N04442,2020-06-17 17:20:00,66.79,99.60
129N04442,2020-06-17 17:30:00,68.49,100.00
129N04442,2020-06-17 17:40:00,67.59,98.20
129N04442,2020-06-17 17:50:00,68.69,100.00
129N04442,2020-06-17 18:00:00,73.06,95.30
129N04442,2020-06-17 18:10:00,70.76,84.20
129N04442,2020-06-17 18:20:00,70.40,100.00
129N04442,2020-06-17 18:30:00,71.88,100.00
129N04442,2020-06-17 18:40:00,70.52,96.60
129N04442,2020-06-17 18:50:00,72.11,94.90
129N04442,2020-06-17 19:00:00,68.68,91.20
129N04442,2020-06-17 19:10:00,75.00,86.10
129N04442,2020-06-17 19:20:00,69.30,95.60
129N04442,2020-06-17 19:30:00,68.86,99.90
129N04442,2020-06-17 19:40:00,70.06,99.00
129N04442,2020-06-17 19:50:00,69.00,100.00
129N04442,2020-06-17 20:00:00,71.34,86.30
129N04442,2020-06-17 20:10:00,67.15,92.70
129N04442,2020-06-17 20:20:00,71.61,93.75
129N04442,2020-06-17 20:30:00,69.79,100.00
129N04442,2020-06-17 20:40:00,70.93,100.00
129N04442,2020-06-17 20:50:00,66.98,100.00
129N04442,2020-06-17 21:00:00,67.16,100.00
129N04442,2020-06-17 21:10:00,65.90,100.00
129N04442,2020-06-17 21:20:00,70.88,69.20
129N04442,2020-06-17 21:30:00,71.92,76.30
129N04442,2020-06-17 21:40:00,71.87,82.00
129N04442,2020-06-17 21:50:00,71.92,83.30
129N04442,2020-06-17 22:00:00,70.29,100.00
129N04442,2020-06-17 22:10:00,69.18,100.00
129N04442,2020-06-17 22:20:00,69.56,96.90
129N04442,2020-06-17 22:30:00,70.86,97.10
129N04442,2020-06-17 22:40:00,72.17,90.60
129N04442,2020-06-17 22:50:00,68.00,100.00
129N04442,2020-06-17 23:00:00,74.18,51.20
129N04442,2020-06-17 23:10:00,70.92,89.10
129N04442,2020-06-17 23:20:00,69.39,95.70
129N04442,2020-06-17 23:30:00,68.60,91.10
129N04442,2020-06-17 23:40:00,74.08,52.13
129N04442,2020-06-17 23:50:00,69.59,98.30
129N04464,2020-06-17 00:00:00,74.00,92.80
129N04464,2020-06-17 00:10:00,68.47,69.50
129N04464,2020-06-17 00:20:00,66.00,70.25
129N04464,2020-06-17 00:30:00,67.00,93.33
129N04464,2020-06-17 00:40:00,67.00,96.50
129N04464,2020-06-17 00:50:00,,
129N04464,2020-06-17 01:00:00,,
129N04464,2020-06-17 01:10:00,65.33,89.67
129N04464,2020-06-17 01:20:00,65.40,98.50
129N04464,2020-06-17 01:30:00,64.59,93.67
129N04464,2020-06-17 01:40:00,66.00,98.00
129N04464,2020-06-17 01:50:00,,
129N04464,2020-06-17 02:00:00,,
129N04464,2020-06-17 02:10:00,,
129N04464,2020-06-17 02:20:00,,
129N04464,2020-06-17 02:30:00,,
129N04464,2020-06-17 02:40:00,55.53,89.75
129N04464,2020-06-17 02:50:00,56.17,80.20
129N04464,2020-06-17 03:00:00,62.00,71.00
129N04464,2020-06-17 03:10:00,,
129N04464,2020-06-17 03:20:00,66.00,39.88
129N04464,2020-06-17 03:30:00,66.00,50.00
129N04464,2020-06-17 03:40:00,67.54,88.25
129N04464,2020-06-17 03:50:00,78.55,20.00
129N04464,2020-06-17 04:00:00,50.57,24.10
129N04464,2020-06-17 04:10:00,,
129N04464,2020-06-17 04:20:00,50.00,
129N04464,2020-06-17 04:30:00,70.00,98.11
129N04464,2020-06-17 04:40:00,74.00,62.00
129N04464,2020-06-17 04:50:00,72.78,83.00
129N04464,2020-06-17 05:00:00,67.45,77.20
129N04464,2020-06-17 05:10:00,65.30,74.60
129N04464,2020-06-17 05:20:00,64.00,77.88
129N04464,2020-06-17 05:30:00,,
129N04464,2020-06-17 05:40:00,73.00,54.40
129N04464,2020-06-17 05:50:00,75.69,40.10
129N04464,2020-06-17 06:00:00,75.64,59.22
129N04464,2020-06-17 06:10:00,68.54,87.40
129N04464,2020-06-17 06:20:00,71.81,86.50
129N04464,2020-06-17 06:30:00,74.21,86.50
129N04464,2020-06-17 06:40:00,70.19,97.50
129N04464,2020-06-17 06:50:00,71.88,86.50
129N04464,2020-06-17 07:00:00,77.39,60.30
129N04464,2020-06-17 07:10:00,70.88,90.50
129N04464,2020-06-17 07:20:00,60.70,74.50
129N04464,2020-06-17 07:30:00,58.51,38.80
129N04464,2020-06-17 07:40:00,63.18,91.30
129N04464,2020-06-17 07:50:00,69.07,56.30
129N04464,2020-06-17 08:00:00,65.99,99.00
129N04464,2020-06-17 08:10:00,62.86,95.80
129N04464,2020-06-17 08:20:00,65.58,100.00
129N04464,2020-06-17 08:30:00,67.87,76.50
129N04464,2020-06-17 08:40:00,61.86,74.40
129N04464,2020-06-17 08:50:00,61.47,85.00
129N04464,2020-06-17 09:00:00,62.78,90.10
129N04464,2020-06-17 09:10:00,61.87,95.80
129N04464,2020-06-17 09:20:00,63.48,100.00
129N04464,2020-06-17 09:30:00,60.64,92.50
129N04464,2020-06-17 09:40:00,61.48,92.50
129N04464,2020-06-17 09:50:00,62.39,100.00
129N04464,2020-06-17 10:00:00,60.56,94.00
129N04464,2020-06-17 10:10:00,64.49,72.20
129N04464,2020-06-17 10:20:00,67.16,86.00
129N04464,2020-06-17 10:30:00,61.49,100.00
129N04464,2020-06-17 10:40:00,61.88,100.00
129N04464,2020-06-17 10:50:00,61.99,100.00
129N04464,2020-06-17 11:00:00,60.68,83.20
129N04464,2020-06-17 11:10:00,62.20,100.00
129N04464,2020-06-17 11:20:00,61.98,100.00
129N04464,2020-06-17 11:30:00,60.61,100.00
129N04464,2020-06-17 11:40:00,61.65,98.60
129N04464,2020-06-17 11:50:00,62.10,100.00
129N04464,2020-06-17 12:00:00,61.89,100.00
129N04464,2020-06-17 12:10:00,46.72,70.43
129N04464,2020-06-17 12:20:00,29.32,31.00
129N04464,2020-06-17 12:30:00,56.50,94.30
129N04464,2020-06-17 12:40:00,57.36,84.80
129N04464,2020-06-17 12:50:00,61.49,81.60
129N04464,2020-06-17 13:00:00,57.46,95.70
129N04464,2020-06-17 13:10:00,58.08,92.80
129N04464,2020-06-17 13:20:00,58.36,96.90
129N04464,2020-06-17 13:30:00,62.90,100.00
129N04464,2020-06-17 13:40:00,60.95,98.00
129N04464,2020-06-17 13:50:00,60.72,92.30
129N04464,2020-06-17 14:00:00,59.50,81.70
129N04464,2020-06-17 14:10:00,62.42,97.90
129N04464,2020-06-17 14:20:00,57.94,74.80
129N04464,2020-06-17 14:30:00,59.89,88.60
129N04464,2020-06-17 14:40:00,56.90,89.30
129N04464,2020-06-17 14:50:00,55.07,70.60
129N04464,2020-06-17 15:00:00,57.77,97.20
129N04464,2020-06-17 15:10:00,58.56,98.80
129N04464,2020-06-17 15:20:00,58.95,91.80
129N04464,2020-06-17 15:30:00,55.49,94.30
129N04464,2020-06-17 15:40:00,50.55,90.40
129N04464,2020-06-17 15:50:00,55.50,75.63
129N04464,2020-06-17 16:00:00,61.18,90.30
129N04464,2020-06-17 16:10:00,63.50,100.00
129N04464,2020-06-17 16:20:00,60.30,96.40
129N04464,2020-06-17 16:30:00,59.87,91.10
129N04464,2020-06-17 16:40:00,61.96,98.60
129N04464,2020-06-17 16:50:00,63.28,100.00
129N04464,2020-06-17 17:00:00,59.67,97.60
129N04464,2020-06-17 17:10:00,67.63,78.80
129N04464,2020-06-17 17:20:00,65.98,100.00
129N04464,2020-06-17 17:30:00,68.37,100.00
129N04464,2020-06-17 17:40:00,68.70,100.00
129N04464,2020-06-17 17:50:00,71.00,100.00
129N04464,2020-06-17 18:00:00,74.13,56.10
129N04464,2020-06-17 18:10:00,71.13,85.00
129N04464,2020-06-17 18:20:00,67.98,90.40
129N04464,2020-06-17 18:30:00,71.49,98.80
129N04464,2020-06-17 18:40:00,69.84,100.00
129N04464,2020-06-17 18:50:00,73.61,74.90
129N04464,2020-06-17 19:00:00,76.88,57.70
129N04464,2020-06-17 19:10:00,77.05,19.40
129N04464,2020-06-17 19:20:00,69.64,100.00
129N04464,2020-06-17 19:30:00,63.00,37.40
129N04464,2020-06-17 19:40:00,75.19,94.80
129N04464,2020-06-17 19:50:00,72.38,96.80
129N04464,2020-06-17 20:00:00,67.19,82.00
129N04464,2020-06-17 20:10:00,67.03,100.00
129N04464,2020-06-17 20:20:00,65.70,100.00
129N04464,2020-06-17 20:30:00,71.75,100.00
129N04464,2020-06-17 20:40:00,69.64,93.90
129N04464,2020-06-17 20:50:00,80.47,10.70
129N04464,2020-06-17 21:00:00,72.30,83.20
129N04464,2020-06-17 21:10:00,73.10,100.00
129N04464,2020-06-17 21:20:00,60.71,23.60
129N04464,2020-06-17 21:30:00,57.00,24.75
129N04464,2020-06-17 21:40:00,68.00,100.00
129N04464,2020-06-17 21:50:00,67.01,91.60
129N04464,2020-06-17 22:00:00,67.92,99.60
129N04464,2020-06-17 22:10:00,64.56,97.30
129N04464,2020-06-17 22:20:00,63.73,75.60
129N04464,2020-06-17 22:30:00,75.40,91.70
129N04464,2020-06-17 22:40:00,75.30,100.00
129N04464,2020-06-17 22:50:00,75.00,100.00
129N04464,2020-06-17 23:00:00,64.00,58.80
129N04464,2020-06-17 23:10:00,64.00,48.43
129N04464,2020-06-17 23:20:00,70.00,98.33
129N04464,2020-06-17 23:30:00,70.00,98.57
129N04464,2020-06-17 23:40:00,66.00,95.80
129N04464,2020-06-17 23:50:00,51.00,6.13
129N04465,2020-06-17 00:00:00,71.00,88.90
129N04465,2020-06-17 00:10:00,59.94,45.50
129N04465,2020-06-17 00:20:00,58.28,41.86
129N04465,2020-06-17 00:30:00,66.00,99.43
129N04465,2020-06-17 00:40:00,66.00,99.00
129N04465,2020-06-17 00:50:00,,
129N04465,2020-06-17 01:00:00,,
129N04465,2020-06-17 01:10:00,65.00,91.40
129N04465,2020-06-17 01:20:00,65.00,96.50
129N04465,2020-06-17 01:30:00,65.00,95.83
129N04465,2020-06-17 01:40:00,65.00,97.40
129N04465,2020-06-17 01:50:00,,
129N04465,2020-06-17 02:00:00,,
129N04465,2020-06-17 02:10:00,,
129N04465,2020-06-17 02:20:00,,
129N04465,2020-06-17 02:30:00,,
129N04465,2020-06-17 02:40:00,60.97,88.60
129N04465,2020-06-17 02:50:00,60.80,99.10
129N04465,2020-06-17 03:00:00,61.00,100.00
129N04465,2020-06-17 03:10:00,62.00,97.00
129N04465,2020-06-17 03:20:00,65.00,83.20
129N04465,2020-06-17 03:30:00,65.00,81.00
129N04465,2020-06-17 03:40:00,67.24,72.60
129N04465,2020-06-17 03:50:00,78.38,31.30
129N04465,2020-06-17 04:00:00,50.13,9.44
129N04465,2020-06-17 04:10:00,,
129N04465,2020-06-17 04:20:00,69.00,92.00
129N04465,2020-06-17 04:30:00,69.00,95.25
129N04465,2020-06-17 04:40:00,66.00,94.67
129N04465,2020-06-17 04:50:00,66.87,95.80
129N04465,2020-06-17 05:00:00,62.35,61.80
129N04465,2020-06-17 05:10:00,63.49,89.60
129N04465,2020-06-17 05:20:00,63.82,93.00
129N04465,2020-06-17 05:30:00,70.00,92.00
129N04465,2020-06-17 05:40:00,74.87,29.00
129N04465,2020-06-17 05:50:00,73.79,39.40
129N04465,2020-06-17 06:00:00,72.11,79.50
129N04465,2020-06-17 06:10:00,67.55,95.88
129N04465,2020-06-17 06:20:00,68.37,95.70
129N04465,2020-06-17 06:30:00,69.08,100.00
129N04465,2020-06-17 06:40:00,69.86,97.10
129N04465,2020-06-17 06:50:00,69.74,87.60
129N04465,2020-06-17 07:00:00,70.59,89.00
129N04465,2020-06-17 07:10:00,69.28,98.10
129N04465,2020-06-17 07:20:00,67.18,100.00
129N04465,2020-06-17 07:30:00,64.51,100.00
129N04465,2020-06-17 07:40:00,71.00,87.30
129N04465,2020-06-17 07:50:00,70.88,70.50
129N04465,2020-06-17 08:00:00,64.32,99.00
129N04465,2020-06-17 08:10:00,63.98,100.00
129N04465,2020-06-17 08:20:00,64.13,100.00
129N04465,2020-06-17 08:30:00,65.49,97.80
129N04465,2020-06-17 08:40:00,63.75,97.00
129N04465,2020-06-17 08:50:00,63.29,100.00
129N04465,2020-06-17 09:00:00,63.59,100.00
129N04465,2020-06-17 09:10:00,61.76,100.00
129N04465,2020-06-17 09:20:00,65.21,91.50
129N04465,2020-06-17 09:30:00,63.29,100.00
129N04465,2020-06-17 09:40:00,62.97,100.00
129N04465,2020-06-17 09:50:00,62.39,100.00
129N04465,2020-06-17 10:00:00,59.93,100.00
129N04465,2020-06-17 10:10:00,63.51,73.10
129N04465,2020-06-17 10:20:00,64.20,88.70
129N04465,2020-06-17 10:30:00,65.18,100.00
129N04465,2020-06-17 10:40:00,65.30,99.60
129N04465,2020-06-17 10:50:00,64.25,98.90
129N04465,2020-06-17 11:00:00,66.04,98.00
129N04465,2020-06-17 11:10:00,68.04,95.20
129N04465,2020-06-17 11:20:00,66.07,98.40
129N04465,2020-06-17 11:30:00,66.49,98.00
129N04465,2020-06-17 11:40:00,65.88,99.60
129N04465,2020-06-17 11:50:00,66.87,99.00
129N04465,2020-06-17 12:00:00,65.50,100.00
129N04465,2020-06-17 12:10:00,66.17,96.90
129N04465,2020-06-17 12:20:00,66.88,98.20
129N04465,2020-06-17 12:30:00,69.29,88.20
129N04465,2020-06-17 12:40:00,67.16,99.00
129N04465,2020-06-17 12:50:00,67.77,97.90
129N04465,2020-06-17 13:00:00,67.45,99.60
129N04465,2020-06-17 13:10:00,67.01,100.00
129N04465,2020-06-17 13:20:00,69.69,83.20
129N04465,2020-06-17 13:30:00,68.86,95.10
129N04465,2020-06-17 13:40:00,67.79,100.00
129N04465,2020-06-17 13:50:00,67.89,100.00
129N04465,2020-06-17 14:00:00,66.59,100.00
129N04465,2020-06-17 14:10:00,68.72,100.00
129N04465,2020-06-17 14:20:00,71.20,90.20
129N04465,2020-06-17 14:30:00,69.41,94.00
129N04465,2020-06-17 14:40:00,67.56,100.00
129N04465,2020-06-17 14:50:00,69.17,94.70
129N04465,2020-06-17 15:00:00,68.59,100.00
129N04465,2020-06-17 15:10:00,69.70,100.00
129N04465,2020-06-17 15:20:00,65.98,100.00
129N04465,2020-06-17 15:30:00,69.40,93.20
129N04465,2020-06-17 15:40:00,72.90,90.60
129N04465,2020-06-17 15:50:00,70.15,89.63
129N04465,2020-06-17 16:00:00,70.12,94.90
129N04465,2020-06-17 16:10:00,69.98,97.30
129N04465,2020-06-17 16:20:00,70.96,97.50
129N04465,2020-06-17 16:30:00,69.98,99.80
129N04465,2020-06-17 16:40:00,67.48,100.00
129N04465,2020-06-17 16:50:00,66.98,100.00
129N04465,2020-06-17 17:00:00,65.77,100.00
129N04465,2020-06-17 17:10:00,66.58,100.00
129N04465,2020-06-17 17:20:00,67.59,100.00
129N04465,2020-06-17 17:30:00,63.09,100.00
129N04465,2020-06-17 17:40:00,64.79,96.70
129N04465,2020-06-17 17:50:00,68.20,100.00
129N04465,2020-06-17 18:00:00,69.46,100.00
129N04465,2020-06-17 18:10:00,69.18,100.00
129N04465,2020-06-17 18:20:00,72.26,68.60
129N04465,2020-06-17 18:30:00,71.60,97.80
129N04465,2020-06-17 18:40:00,68.90,100.00
129N04465,2020-06-17 18:50:00,74.83,75.00
129N04465,2020-06-17 19:00:00,72.84,96.80
129N04465,2020-06-17 19:10:00,71.33,95.60
129N04465,2020-06-17 19:20:00,67.69,100.00
129N04465,2020-06-17 19:30:00,72.30,97.90
129N04465,2020-06-17 19:40:00,74.84,74.10
129N04465,2020-06-17 19:50:00,71.57,95.70
129N04465,2020-06-17 20:00:00,64.42,100.00
129N04465,2020-06-17 20:10:00,68.37,100.00
129N04465,2020-06-17 20:20:00,67.00,100.00
129N04465,2020-06-17 20:30:00,70.40,87.70
129N04465,2020-06-17 20:40:00,68.15,92.40
129N04465,2020-06-17 20:50:00,79.20,32.90
129N04465,2020-06-17 21:00:00,69.49,100.00
129N04465,2020-06-17 21:10:00,68.49,100.00
129N04465,2020-06-17 21:20:00,61.59,83.40
129N04465,2020-06-17 21:30:00,56.31,48.40
129N04465,2020-06-17 21:40:00,67.03,89.10
129N04465,2020-06-17 21:50:00,68.74,81.50
129N04465,2020-06-17 22:00:00,65.26,100.00
129N04465,2020-06-17 22:10:00,66.00,100.00
129N04465,2020-06-17 22:20:00,65.97,100.00
129N04465,2020-06-17 22:30:00,70.91,79.70
129N04465,2020-06-17 22:40:00,73.29,87.80
129N04465,2020-06-17 22:50:00,73.00,100.00
129N04465,2020-06-17 23:00:00,59.87,50.63
129N04465,2020-06-17 23:10:00,74.88,51.70
129N04465,2020-06-17 23:20:00,65.69,70.90
129N04465,2020-06-17 23:30:00,65.00,82.00
129N04465,2020-06-17 23:40:00,65.00,82.89
129N04465,2020-06-17 23:50:00,45.00,9.50
129N04443,2020-06-17 00:00:00,76.07,50.40
129N04443,2020-06-17 00:10:00,77.00,64.00
129N04443,2020-06-17 00:20:00,71.00,87.44
129N04443,2020-06-17 00:30:00,69.22,63.00
129N04443,2020-06-17 00:40:00,74.10,97.00
129N04443,2020-06-17 00:50:00,,
129N04443,2020-06-17 01:00:00,,
129N04443,2020-06-17 01:10:00,64.21,83.22
129N04443,2020-06-17 01:20:00,64.50,89.00
129N04443,2020-06-17 01:30:00,,
129N04443,2020-06-17 01:40:00,64.00,89.00
129N04443,2020-06-17 01:50:00,,
129N04443,2020-06-17 02:00:00,,
129N04443,2020-06-17 02:10:00,67.00,84.00
129N04443,2020-06-17 02:20:00,72.78,65.22
129N04443,2020-06-17 02:30:00,75.00,79.63
129N04443,2020-06-17 02:40:00,68.88,55.00
129N04443,2020-06-17 02:50:00,66.31,60.33
129N04443,2020-06-17 03:00:00,67.00,78.00
129N04443,2020-06-17 03:10:00,64.00,53.75
129N04443,2020-06-17 03:20:00,64.00,75.50
129N04443,2020-06-17 03:30:00,65.24,72.40
129N04443,2020-06-17 03:40:00,77.53,25.80
129N04443,2020-06-17 03:50:00,83.00,21.00
129N04443,2020-06-17 04:00:00,,
129N04443,2020-06-17 04:10:00,77.70,70.00
129N04443,2020-06-17 04:20:00,67.00,57.00
129N04443,2020-06-17 04:30:00,70.18,80.00
129N04443,2020-06-17 04:40:00,74.97,58.60
129N04443,2020-06-17 04:50:00,70.80,99.20
129N04443,2020-06-17 05:00:00,63.00,36.20
129N04443,2020-06-17 05:10:00,64.97,63.11
129N04443,2020-06-17 05:20:00,66.00,79.83
129N04443,2020-06-17 05:30:00,73.48,52.67
129N04443,2020-06-17 05:40:00,79.05,26.90
129N04443,2020-06-17 05:50:00,73.26,65.90
129N04443,2020-06-17 06:00:00,74.15,80.00
129N04443,2020-06-17 06:10:00,70.46,82.90
129N04443,2020-06-17 06:20:00,70.96,92.60
129N04443,2020-06-17 06:30:00,69.55,99.70
129N04443,2020-06-17 06:40:00,70.15,95.10
129N04443,2020-06-17 06:50:00,66.69,98.20
129N04443,2020-06-17 07:00:00,70.14,92.00
129N04443,2020-06-17 07:10:00,70.08,97.30
129N04443,2020-06-17 07:20:00,69.17,95.60
129N04443,2020-06-17 07:30:00,70.55,90.80
129N04443,2020-06-17 07:40:00,70.30,99.90
129N04443,2020-06-17 07:50:00,71.68,93.20
129N04443,2020-06-17 08:00:00,71.00,98.60
129N04443,2020-06-17 08:10:00,70.88,97.40
129N04443,2020-06-17 08:20:00,67.06,99.60
129N04443,2020-06-17 08:30:00,65.59,100.00
129N04443,2020-06-17 08:40:00,65.99,100.00
129N04443,2020-06-17 08:50:00,65.70,100.00
129N04443,2020-06-17 09:00:00,64.79,100.00
129N04443,2020-06-17 09:10:00,68.70,73.50
129N04443,2020-06-17 09:20:00,70.59,83.40
129N04443,2020-06-17 09:30:00,66.84,96.20
129N04443,2020-06-17 09:40:00,67.72,95.00
129N04443,2020-06-17 09:50:00,68.17,97.90
129N04443,2020-06-17 10:00:00,66.38,97.80
129N04443,2020-06-17 10:10:00,65.69,99.80
129N04443,2020-06-17 10:20:00,66.29,100.00
129N04443,2020-06-17 10:30:00,64.78,100.00
129N04443,2020-06-17 10:40:00,63.75,97.50
129N04443,2020-06-17 10:50:00,65.61,95.80
129N04443,2020-06-17 11:00:00,65.99,99.60
129N04443,2020-06-17 11:10:00,71.22,56.90
129N04443,2020-06-17 11:20:00,69.27,92.40
129N04443,2020-06-17 11:30:00,66.96,99.20
129N04443,2020-06-17 11:40:00,64.39,100.00
129N04443,2020-06-17 11:50:00,67.13,100.00
129N04443,2020-06-17 12:00:00,65.29,100.00
129N04443,2020-06-17 12:10:00,63.26,99.80
129N04443,2020-06-17 12:20:00,61.79,100.00
129N04443,2020-06-17 12:30:00,64.16,100.00
129N04443,2020-06-17 12:40:00,65.58,100.00
129N04443,2020-06-17 12:50:00,68.29,100.00
129N04443,2020-06-17 13:00:00,66.78,100.00
129N04443,2020-06-17 13:10:00,63.47,100.00
129N04443,2020-06-17 13:20:00,65.14,100.00
129N04443,2020-06-17 13:30:00,67.77,100.00
129N04443,2020-06-17 13:40:00,66.19,100.00
129N04443,2020-06-17 13:50:00,67.65,90.40
129N04443,2020-06-17 14:00:00,68.16,89.10
129N04443,2020-06-17 14:10:00,65.40,100.00
129N04443,2020-06-17 14:20:00,63.47,100.00
129N04443,2020-06-17 14:30:00,63.44,100.00
129N04443,2020-06-17 14:40:00,61.80,100.00
129N04443,2020-06-17 14:50:00,62.39,100.00
129N04443,2020-06-17 15:00:00,64.08,100.00
129N04443,2020-06-17 15:10:00,65.20,100.00
129N04443,2020-06-17 15:20:00,64.47,100.00
129N04443,2020-06-17 15:30:00,62.10,100.00
129N04443,2020-06-17 15:40:00,60.89,100.00
129N04443,2020-06-17 15:50:00,47.23,96.25
129N04443,2020-06-17 16:00:00,43.81,97.00
129N04443,2020-06-17 16:10:00,38.38,100.00
129N04443,2020-06-17 16:20:00,45.62,97.20
129N04443,2020-06-17 16:30:00,57.13,91.40
129N04443,2020-06-17 16:40:00,58.08,100.00
129N04443,2020-06-17 16:50:00,53.88,100.00
129N04443,2020-06-17 17:00:00,27.55,100.00
129N04443,2020-06-17 17:10:00,25.66,100.00
129N04443,2020-06-17 17:20:00,57.68,100.00
129N04443,2020-06-17 17:30:00,64.46,100.00
129N04443,2020-06-17 17:40:00,64.68,91.60
129N04443,2020-06-17 17:50:00,64.27,99.00
129N04443,2020-06-17 18:00:00,69.98,95.20
129N04443,2020-06-17 18:10:00,69.97,77.90
129N04443,2020-06-17 18:20:00,70.34,99.90
129N04443,2020-06-17 18:30:00,70.80,94.50
129N04443,2020-06-17 18:40:00,68.31,99.40
129N04443,2020-06-17 18:50:00,65.02,87.70
129N04443,2020-06-17 19:00:00,61.46,92.80
129N04443,2020-06-17 19:10:00,70.37,92.20
129N04443,2020-06-17 19:20:00,68.85,90.90
129N04443,2020-06-17 19:30:00,67.28,99.90
129N04443,2020-06-17 19:40:00,69.04,89.20
129N04443,2020-06-17 19:50:00,74.76,52.80
129N04443,2020-06-17 20:00:00,72.60,82.60
129N04443,2020-06-17 20:10:00,66.69,99.80
129N04443,2020-06-17 20:20:00,65.49,100.00
129N04443,2020-06-17 20:30:00,68.31,91.70
129N04443,2020-06-17 20:40:00,71.94,86.20
129N04443,2020-06-17 20:50:00,71.49,79.60
129N04443,2020-06-17 21:00:00,67.90,96.70
129N04443,2020-06-17 21:10:00,65.00,100.00
129N04443,2020-06-17 21:20:00,70.22,83.90
129N04443,2020-06-17 21:30:00,68.82,94.80
129N04443,2020-06-17 21:40:00,69.78,92.60
129N04443,2020-06-17 21:50:00,63.35,94.40
129N04443,2020-06-17 22:00:00,73.14,50.50
129N04443,2020-06-17 22:10:00,74.66,63.70
129N04443,2020-06-17 22:20:00,71.21,93.30
129N04443,2020-06-17 22:30:00,70.17,98.30
129N04443,2020-06-17 22:40:00,71.71,98.00
129N04443,2020-06-17 22:50:00,69.00,100.00
129N04443,2020-06-17 23:00:00,73.93,76.70
129N04443,2020-06-17 23:10:00,63.16,47.70
129N04443,2020-06-17 23:20:00,65.95,73.10
129N04443,2020-06-17 23:30:00,69.05,88.60
129N04443,2020-06-17 23:40:00,72.99,55.63
129N04443,2020-06-17 23:50:00,70.79,81.20
129N04440,2020-06-17 00:00:00,71.56,57.10
129N04440,2020-06-17 00:10:00,74.00,96.80
129N04440,2020-06-17 00:20:00,71.41,75.25
129N04440,2020-06-17 00:30:00,69.00,68.00
129N04440,2020-06-17 00:40:00,,
129N04440,2020-06-17 00:50:00,,
129N04440,2020-06-17 01:00:00,,
129N04440,2020-06-17 01:10:00,66.00,80.11
129N04440,2020-06-17 01:20:00,66.00,98.56
129N04440,2020-06-17 01:30:00,,
129N04440,2020-06-17 01:40:00,,
129N04440,2020-06-17 01:50:00,,
129N04440,2020-06-17 02:00:00,,
129N04440,2020-06-17 02:10:00,,
129N04440,2020-06-17 02:20:00,,
129N04440,2020-06-17 02:30:00,74.14,78.57
129N04440,2020-06-17 02:40:00,79.10,72.11
129N04440,2020-06-17 02:50:00,69.07,46.50
129N04440,2020-06-17 03:00:00,68.76,68.40
129N04440,2020-06-17 03:10:00,68.00,71.67
129N04440,2020-06-17 03:20:00,62.00,29.50
129N04440,2020-06-17 03:30:00,66.63,59.60
129N04440,2020-06-17 03:40:00,67.96,44.90
129N04440,2020-06-17 03:50:00,80.98,20.56
129N04440,2020-06-17 04:00:00,,
129N04440,2020-06-17 04:10:00,,
129N04440,2020-06-17 04:20:00,70.00,88.50
129N04440,2020-06-17 04:30:00,68.19,61.10
129N04440,2020-06-17 04:40:00,70.55,86.00
129N04440,2020-06-17 04:50:00,70.30,98.20
129N04440,2020-06-17 05:00:00,70.79,97.80
129N04440,2020-06-17 05:10:00,75.36,52.60
129N04440,2020-06-17 05:20:00,68.82,72.70
129N04440,2020-06-17 05:30:00,71.32,99.00
129N04440,2020-06-17 05:40:00,71.59,93.50
129N04440,2020-06-17 05:50:00,75.55,76.00
129N04440,2020-06-17 06:00:00,77.98,48.80
129N04440,2020-06-17 06:10:00,70.74,88.60
129N04440,2020-06-17 06:20:00,68.75,100.00
129N04440,2020-06-17 06:30:00,71.69,99.10
129N04440,2020-06-17 06:40:00,68.00,100.00
129N04440,2020-06-17 06:50:00,73.10,74.90
129N04440,2020-06-17 07:00:00,77.75,41.30
129N04440,2020-06-17 07:10:00,73.44,87.50
129N04440,2020-06-17 07:20:00,72.83,98.50
129N04440,2020-06-17 07:30:00,71.05,99.20
129N04440,2020-06-17 07:40:00,70.97,97.50
129N04440,2020-06-17 07:50:00,73.82,85.80
129N04440,2020-06-17 08:00:00,75.12,75.00
129N04440,2020-06-17 08:10:00,75.27,91.90
129N04440,2020-06-17 08:20:00,76.58,86.50
129N04440,2020-06-17 08:30:00,79.58,71.10
129N04440,2020-06-17 08:40:00,72.08,72.40
129N04440,2020-06-17 08:50:00,71.12,84.40
129N04440,2020-06-17 09:00:00,70.19,70.90
129N04440,2020-06-17 09:10:00,71.06,95.80
129N04440,2020-06-17 09:20:00,69.93,98.90
129N04440,2020-06-17 09:30:00,69.78,99.90
129N04440,2020-06-17 09:40:00,69.59,100.00
129N04440,2020-06-17 09:50:00,69.70,100.00
129N04440,2020-06-17 10:00:00,73.19,66.30
129N04440,2020-06-17 10:10:00,76.43,58.00
129N04440,2020-06-17 10:20:00,71.15,100.00
129N04440,2020-06-17 10:30:00,75.67,100.00
129N04440,2020-06-17 10:40:00,72.65,87.70
129N04440,2020-06-17 10:50:00,73.23,73.40
129N04440,2020-06-17 11:00:00,73.39,99.80
129N04440,2020-06-17 11:10:00,74.03,93.70
129N04440,2020-06-17 11:20:00,76.31,80.40
129N04440,2020-06-17 11:30:00,73.26,89.20
129N04440,2020-06-17 11:40:00,70.92,98.90
129N04440,2020-06-17 11:50:00,69.73,100.00
129N04440,2020-06-17 12:00:00,73.59,100.00
129N04440,2020-06-17 12:10:00,70.90,96.60
129N04440,2020-06-17 12:20:00,72.07,97.00
129N04440,2020-06-17 12:30:00,71.78,97.30
129N04440,2020-06-17 12:40:00,70.99,99.70
129N04440,2020-06-17 12:50:00,73.67,100.00
129N04440,2020-06-17 13:00:00,73.78,100.00
129N04440,2020-06-17 13:10:00,72.35,100.00
129N04440,2020-06-17 13:20:00,70.92,98.60
129N04440,2020-06-17 13:30:00,69.46,100.00
129N04440,2020-06-17 13:40:00,71.55,100.00
129N04440,2020-06-17 13:50:00,72.39,97.80
129N04440,2020-06-17 14:00:00,70.19,100.00
129N04440,2020-06-17 14:10:00,72.85,100.00
129N04440,2020-06-17 14:20:00,76.19,74.30
129N04440,2020-06-17 14:30:00,71.22,97.30
129N04440,2020-06-17 14:40:00,73.50,94.10
129N04440,2020-06-17 14:50:00,73.75,98.90
129N04440,2020-06-17 15:00:00,70.77,100.00
129N04440,2020-06-17 15:10:00,71.07,100.00
129N04440,2020-06-17 15:20:00,74.33,71.10
129N04440,2020-06-17 15:30:00,74.77,94.20
129N04440,2020-06-17 15:40:00,75.00,100.00
129N04440,2020-06-17 15:50:00,73.99,95.25
129N04440,2020-06-17 16:00:00,69.87,100.00
129N04440,2020-06-17 16:10:00,70.79,100.00
129N04440,2020-06-17 16:20:00,70.43,100.00
129N04440,2020-06-17 16:30:00,69.10,100.00
129N04440,2020-06-17 16:40:00,71.47,100.00
129N04440,2020-06-17 16:50:00,70.78,100.00
129N04440,2020-06-17 17:00:00,68.08,100.00
129N04440,2020-06-17 17:10:00,67.38,100.00
129N04440,2020-06-17 17:20:00,68.10,86.40
129N04440,2020-06-17 17:30:00,70.98,100.00
129N04440,2020-06-17 17:40:00,72.24,95.40
129N04440,2020-06-17 17:50:00,70.19,100.00
129N04440,2020-06-17 18:00:00,73.05,100.00
129N04440,2020-06-17 18:10:00,74.30,86.70
129N04440,2020-06-17 18:20:00,70.86,100.00
129N04440,2020-06-17 18:30:00,69.90,100.00
129N04440,2020-06-17 18:40:00,70.47,94.90
129N04440,2020-06-17 18:50:00,71.78,98.60
129N04440,2020-06-17 19:00:00,64.09,80.00
129N04440,2020-06-17 19:10:00,71.43,95.60
129N04440,2020-06-17 19:20:00,69.88,100.00
129N04440,2020-06-17 19:30:00,71.03,93.40
129N04440,2020-06-17 19:40:00,72.18,100.00
129N04440,2020-06-17 19:50:00,69.87,100.00
129N04440,2020-06-17 20:00:00,68.59,100.00
129N04440,2020-06-17 20:10:00,66.29,100.00
129N04440,2020-06-17 20:20:00,72.00,72.90
129N04440,2020-06-17 20:30:00,76.98,42.60
129N04440,2020-06-17 20:40:00,76.82,65.50
129N04440,2020-06-17 20:50:00,68.56,100.00
129N04440,2020-06-17 21:00:00,71.78,100.00
129N04440,2020-06-17 21:10:00,70.96,99.80
129N04440,2020-06-17 21:20:00,67.49,92.10
129N04440,2020-06-17 21:30:00,65.76,64.60
129N04440,2020-06-17 21:40:00,71.76,88.70
129N04440,2020-06-17 21:50:00,73.18,75.40
129N04440,2020-06-17 22:00:00,60.18,33.50
129N04440,2020-06-17 22:10:00,69.51,100.00
129N04440,2020-06-17 22:20:00,69.25,100.00
129N04440,2020-06-17 22:30:00,71.54,100.00
129N04440,2020-06-17 22:40:00,75.73,67.67
129N04440,2020-06-17 22:50:00,65.00,100.00
129N04440,2020-06-17 23:00:00,65.87,72.70
129N04440,2020-06-17 23:10:00,73.05,66.60
129N04440,2020-06-17 23:20:00,72.00,98.10
129N04440,2020-06-17 23:30:00,72.39,95.80
129N04440,2020-06-17 23:40:00,71.49,98.00
129N04440,2020-06-17 23:50:00,82.19,25.20
129N04463,2020-06-17 00:00:00,50.28,67.80
129N04463,2020-06-17 00:10:00,52.05,84.00
129N04463,2020-06-17 00:20:00,58.00,71.30
129N04463,2020-06-17 00:30:00,57.09,89.22
129N04463,2020-06-17 00:40:00,56.00,99.50
129N04463,2020-06-17 00:50:00,,
129N04463,2020-06-17 01:00:00,,
129N04463,2020-06-17 01:10:00,56.00,100.00
129N04463,2020-06-17 01:20:00,60.00,97.60
129N04463,2020-06-17 01:30:00,53.30,83.86
129N04463,2020-06-17 01:40:00,53.00,97.75
129N04463,2020-06-17 01:50:00,,
129N04463,2020-06-17 02:00:00,,
129N04463,2020-06-17 02:10:00,,
129N04463,2020-06-17 02:20:00,,
129N04463,2020-06-17 02:30:00,,
129N04463,2020-06-17 02:40:00,45.12,63.00
129N04463,2020-06-17 02:50:00,42.00,97.60
129N04463,2020-06-17 03:00:00,50.00,84.90
129N04463,2020-06-17 03:10:00,,
129N04463,2020-06-17 03:20:00,52.96,71.00
129N04463,2020-06-17 03:30:00,49.43,91.75
129N04463,2020-06-17 03:40:00,53.49,83.00
129N04463,2020-06-17 03:50:00,64.10,19.00
129N04463,2020-06-17 04:00:00,50.39,42.20
129N04463,2020-06-17 04:10:00,46.45,62.50
129N04463,2020-06-17 04:20:00,48.00,83.00
129N04463,2020-06-17 04:30:00,60.00,87.78
129N04463,2020-06-17 04:40:00,62.73,45.00
129N04463,2020-06-17 04:50:00,52.33,70.00
129N04463,2020-06-17 05:00:00,56.00,98.50
129N04463,2020-06-17 05:10:00,54.51,89.50
129N04463,2020-06-17 05:20:00,60.00,89.10
129N04463,2020-06-17 05:30:00,57.33,63.80
129N04463,2020-06-17 05:40:00,60.78,69.30
129N04463,2020-06-17 05:50:00,58.66,75.50
129N04463,2020-06-17 06:00:00,59.22,90.20
129N04463,2020-06-17 06:10:00,67.54,97.20
129N04463,2020-06-17 06:20:00,59.62,95.40
129N04463,2020-06-17 06:30:00,58.56,95.30
129N04463,2020-06-17 06:40:00,56.59,100.00
129N04463,2020-06-17 06:50:00,58.55,95.80
129N04463,2020-06-17 07:00:00,59.89,100.00
129N04463,2020-06-17 07:10:00,58.14,76.40
129N04463,2020-06-17 07:20:00,56.17,95.10
129N04463,2020-06-17 07:30:00,54.98,100.00
129N04463,2020-06-17 07:40:00,56.39,100.00
129N04463,2020-06-17 07:50:00,58.88,99.20
129N04463,2020-06-17 08:00:00,55.53,85.90
129N04463,2020-06-17 08:10:00,61.72,84.20
129N04463,2020-06-17 08:20:00,57.09,100.00
129N04463,2020-06-17 08:30:00,54.96,100.00
129N04463,2020-06-17 08:40:00,57.96,98.40
129N04463,2020-06-17 08:50:00,56.26,97.00
129N04463,2020-06-17 09:00:00,55.70,100.00
129N04463,2020-06-17 09:10:00,53.48,100.00
129N04463,2020-06-17 09:20:00,54.99,100.00
129N04463,2020-06-17 09:30:00,53.77,100.00
129N04463,2020-06-17 09:40:00,56.04,100.00
129N04463,2020-06-17 09:50:00,58.87,100.00
129N04463,2020-06-17 10:00:00,56.52,91.40
129N04463,2020-06-17 10:10:00,53.26,99.60
129N04463,2020-06-17 10:20:00,53.86,100.00
129N04463,2020-06-17 10:30:00,53.93,100.00
129N04463,2020-06-17 10:40:00,55.10,100.00
129N04463,2020-06-17 10:50:00,53.00,100.00
129N04463,2020-06-17 11:00:00,54.25,91.20
129N04463,2020-06-17 11:10:00,54.17,100.00
129N04463,2020-06-17 11:20:00,53.68,100.00
129N04463,2020-06-17 11:30:00,53.98,100.00
129N04463,2020-06-17 11:40:00,53.24,100.00
129N04463,2020-06-17 11:50:00,53.37,100.00
129N04463,2020-06-17 12:00:00,55.58,100.00
129N04463,2020-06-17 12:10:00,54.76,98.20
129N04463,2020-06-17 12:20:00,55.30,100.00
129N04463,2020-06-17 12:30:00,53.94,100.00
129N04463,2020-06-17 12:40:00,56.39,100.00
129N04463,2020-06-17 12:50:00,54.57,99.00
129N04463,2020-06-17 13:00:00,53.56,100.00
129N04463,2020-06-17 13:10:00,54.54,96.90
129N04463,2020-06-17 13:20:00,57.89,100.00
129N04463,2020-06-17 13:30:00,55.21,100.00
129N04463,2020-06-17 13:40:00,55.19,100.00
129N04463,2020-06-17 13:50:00,57.88,71.10
129N04463,2020-06-17 14:00:00,57.44,88.80
129N04463,2020-06-17 14:10:00,54.76,99.80
129N04463,2020-06-17 14:20:00,53.37,100.00
129N04463,2020-06-17 14:30:00,53.34,100.00
129N04463,2020-06-17 14:40:00,53.39,100.00
129N04463,2020-06-17 14:50:00,54.48,100.00
129N04463,2020-06-17 15:00:00,55.07,100.00
129N04463,2020-06-17 15:10:00,55.27,100.00
129N04463,2020-06-17 15:20:00,56.00,100.00
129N04463,2020-06-17 15:30:00,54.25,100.00
129N04463,2020-06-17 15:40:00,55.28,100.00
129N04463,2020-06-17 15:50:00,56.12,100.00
129N04463,2020-06-17 16:00:00,57.42,85.20
129N04463,2020-06-17 16:10:00,56.19,100.00
129N04463,2020-06-17 16:20:00,54.78,100.00
129N04463,2020-06-17 16:30:00,56.58,96.70
129N04463,2020-06-17 16:40:00,56.10,94.10
129N04463,2020-06-17 16:50:00,54.97,100.00
129N04463,2020-06-17 17:00:00,54.77,100.00
129N04463,2020-06-17 17:10:00,53.87,100.00
129N04463,2020-06-17 17:20:00,52.36,100.00
129N04463,2020-06-17 17:30:00,54.04,100.00
129N04463,2020-06-17 17:40:00,52.96,100.00
129N04463,2020-06-17 17:50:00,54.85,100.00
129N04463,2020-06-17 18:00:00,56.69,100.00
129N04463,2020-06-17 18:10:00,55.08,84.10
129N04463,2020-06-17 18:20:00,55.22,93.80
129N04463,2020-06-17 18:30:00,54.71,96.30
129N04463,2020-06-17 18:40:00,51.58,100.00
129N04463,2020-06-17 18:50:00,55.10,100.00
129N04463,2020-06-17 19:00:00,55.36,100.00
129N04463,2020-06-17 19:10:00,59.51,87.10
129N04463,2020-06-17 19:20:00,61.06,92.70
129N04463,2020-06-17 19:30:00,55.27,93.00
129N04463,2020-06-17 19:40:00,58.93,85.40
129N04463,2020-06-17 19:50:00,59.71,95.50
129N04463,2020-06-17 20:00:00,54.70,90.60
129N04463,2020-06-17 20:10:00,56.06,100.00
129N04463,2020-06-17 20:20:00,54.93,100.00
129N04463,2020-06-17 20:30:00,60.59,80.70
129N04463,2020-06-17 20:40:00,60.96,74.60
129N04463,2020-06-17 20:50:00,60.59,87.30
129N04463,2020-06-17 21:00:00,54.32,99.90
129N04463,2020-06-17 21:10:00,58.00,99.70
129N04463,2020-06-17 21:20:00,52.92,83.00
129N04463,2020-06-17 21:30:00,50.38,59.40
129N04463,2020-06-17 21:40:00,53.00,100.00
129N04463,2020-06-17 21:50:00,56.33,100.00
129N04463,2020-06-17 22:00:00,55.10,97.90
129N04463,2020-06-17 22:10:00,54.76,100.00
129N04463,2020-06-17 22:20:00,56.39,100.00
129N04463,2020-06-17 22:30:00,55.77,100.00
129N04463,2020-06-17 22:40:00,56.59,92.80
129N04463,2020-06-17 22:50:00,52.81,72.70
129N04463,2020-06-17 23:00:00,46.06,38.90
129N04463,2020-06-17 23:10:00,48.00,100.00
129N04463,2020-06-17 23:20:00,57.13,78.86
129N04463,2020-06-17 23:30:00,56.19,95.10
129N04463,2020-06-17 23:40:00,53.87,99.90
129N04463,2020-06-17 23:50:00,47.61,62.75
129N04441,2020-06-17 00:00:00,72.79,97.90
129N04441,2020-06-17 00:10:00,72.00,98.33
129N04441,2020-06-17 00:20:00,67.00,56.60
129N04441,2020-06-17 00:30:00,67.00,60.00
129N04441,2020-06-17 00:40:00,,
129N04441,2020-06-17 00:50:00,,
129N04441,2020-06-17 01:00:00,65.00,75.67
129N04441,2020-06-17 01:10:00,65.00,97.80
129N04441,2020-06-17 01:20:00,65.00,100.00
129N04441,2020-06-17 01:30:00,,
129N04441,2020-06-17 01:40:00,,
129N04441,2020-06-17 01:50:00,,
129N04441,2020-06-17 02:00:00,,
129N04441,2020-06-17 02:10:00,,
129N04441,2020-06-17 02:20:00,,
129N04441,2020-06-17 02:30:00,75.92,86.44
129N04441,2020-06-17 02:40:00,75.15,70.10
129N04441,2020-06-17 02:50:00,70.94,61.70
129N04441,2020-06-17 03:00:00,69.20,71.10
129N04441,2020-06-17 03:10:00,64.75,41.50
129N04441,2020-06-17 03:20:00,61.00,25.00
129N04441,2020-06-17 03:30:00,66.56,77.80
129N04441,2020-06-17 03:40:00,70.54,38.10
129N04441,2020-06-17 03:50:00,79.13,22.57
129N04441,2020-06-17 04:00:00,,
129N04441,2020-06-17 04:10:00,,
129N04441,2020-06-17 04:20:00,71.00,94.56
129N04441,2020-06-17 04:30:00,67.97,50.67
129N04441,2020-06-17 04:40:00,75.60,67.40
129N04441,2020-06-17 04:50:00,71.95,92.60
129N04441,2020-06-17 05:00:00,70.84,93.90
129N04441,2020-06-17 05:10:00,75.78,43.20
129N04441,2020-06-17 05:20:00,66.42,48.10
129N04441,2020-06-17 05:30:00,65.00,44.00
129N04441,2020-06-17 05:40:00,74.75,75.33
129N04441,2020-06-17 05:50:00,78.27,58.60
129N04441,2020-06-17 06:00:00,74.01,89.20
129N04441,2020-06-17 06:10:00,72.54,83.40
129N04441,2020-06-17 06:20:00,72.01,92.90
129N04441,2020-06-17 06:30:00,71.64,96.30
129N04441,2020-06-17 06:40:00,70.78,99.10
129N04441,2020-06-17 06:50:00,75.67,76.30
129N04441,2020-06-17 07:00:00,74.62,77.40
129N04441,2020-06-17 07:10:00,71.36,99.60
129N04441,2020-06-17 07:20:00,69.30,99.50
129N04441,2020-06-17 07:30:00,70.16,99.80
129N04441,2020-06-17 07:40:00,69.79,100.00
129N04441,2020-06-17 07:50:00,71.79,97.60
129N04441,2020-06-17 08:00:00,74.08,72.40
129N04441,2020-06-17 08:10:00,73.20,90.40
129N04441,2020-06-17 08:20:00,71.46,99.10
129N04441,2020-06-17 08:30:00,71.48,93.20
129N04441,2020-06-17 08:40:00,72.38,99.10
129N04441,2020-06-17 08:50:00,70.30,99.00
129N04441,2020-06-17 09:00:00,69.35,98.90
129N04441,2020-06-17 09:10:00,71.34,91.80
129N04441,2020-06-17 09:20:00,71.13,96.60
129N04441,2020-06-17 09:30:00,71.49,99.90
129N04441,2020-06-17 09:40:00,69.58,100.00
129N04441,2020-06-17 09:50:00,69.00,100.00
129N04441,2020-06-17 10:00:00,74.60,58.10
129N04441,2020-06-17 10:10:00,76.37,77.80
129N04441,2020-06-17 10:20:00,71.53,100.00
129N04441,2020-06-17 10:30:00,71.59,100.00
129N04441,2020-06-17 10:40:00,70.19,99.00
129N04441,2020-06-17 10:50:00,72.71,75.80
129N04441,2020-06-17 11:00:00,71.00,99.20
129N04441,2020-06-17 11:10:00,70.07,98.60
129N04441,2020-06-17 11:20:00,74.42,84.40
129N04441,2020-06-17 11:30:00,70.35,99.90
129N04441,2020-06-17 11:40:00,68.48,100.00
129N04441,2020-06-17 11:50:00,71.27,100.00
129N04441,2020-06-17 12:00:00,73.17,84.10
129N04441,2020-06-17 12:10:00,68.07,99.90
129N04441,2020-06-17 12:20:00,69.94,99.10
129N04441,2020-06-17 12:30:00,70.27,99.00
129N04441,2020-06-17 12:40:00,68.46,100.00
129N04441,2020-06-17 12:50:00,73.26,100.00
129N04441,2020-06-17 13:00:00,75.06,100.00
129N04441,2020-06-17 13:10:00,71.78,100.00
129N04441,2020-06-17 13:20:00,71.16,99.80
129N04441,2020-06-17 13:30:00,69.71,100.00
129N04441,2020-06-17 13:40:00,72.05,100.00
129N04441,2020-06-17 13:50:00,69.97,100.00
129N04441,2020-06-17 14:00:00,69.08,100.00
129N04441,2020-06-17 14:10:00,71.33,100.00
129N04441,2020-06-17 14:20:00,70.86,97.40
129N04441,2020-06-17 14:30:00,69.69,100.00
129N04441,2020-06-17 14:40:00,71.15,100.00
129N04441,2020-06-17 14:50:00,70.09,100.00
129N04441,2020-06-17 15:00:00,71.20,100.00
129N04441,2020-06-17 15:10:00,70.97,96.30
129N04441,2020-06-17 15:20:00,73.36,86.90
129N04441,2020-06-17 15:30:00,71.59,97.30
129N04441,2020-06-17 15:40:00,71.06,100.00
129N04441,2020-06-17 15:50:00,71.34,96.88
129N04441,2020-06-17 16:00:00,71.36,100.00
129N04441,2020-06-17 16:10:00,72.38,99.20
129N04441,2020-06-17 16:20:00,69.77,100.00
129N04441,2020-06-17 16:30:00,68.49,100.00
129N04441,2020-06-17 16:40:00,70.28,99.00
129N04441,2020-06-17 16:50:00,68.37,99.80
129N04441,2020-06-17 17:00:00,67.98,100.00
129N04441,2020-06-17 17:10:00,68.38,100.00
129N04441,2020-06-17 17:20:00,70.18,100.00
129N04441,2020-06-17 17:30:00,71.48,100.00
129N04441,2020-06-17 17:40:00,70.29,100.00
129N04441,2020-06-17 17:50:00,72.57,92.20
129N04441,2020-06-17 18:00:00,75.18,100.00
129N04441,2020-06-17 18:10:00,74.42,89.20
129N04441,2020-06-17 18:20:00,72.56,99.80
129N04441,2020-06-17 18:30:00,71.99,99.80
129N04441,2020-06-17 18:40:00,71.81,96.10
129N04441,2020-06-17 18:50:00,72.66,97.30
129N04441,2020-06-17 19:00:00,65.56,72.20
129N04441,2020-06-17 19:10:00,72.47,90.20
129N04441,2020-06-17 19:20:00,72.43,51.80
129N04441,2020-06-17 19:30:00,67.11,38.20
129N04441,2020-06-17 19:40:00,72.92,86.00
129N04441,2020-06-17 19:50:00,70.19,100.00
129N04441,2020-06-17 20:00:00,69.07,100.00
129N04441,2020-06-17 20:10:00,68.08,88.60
129N04441,2020-06-17 20:20:00,75.69,60.10
129N04441,2020-06-17 20:30:00,73.69,91.70
129N04441,2020-06-17 20:40:00,72.37,92.60
129N04441,2020-06-17 20:50:00,66.32,100.00
129N04441,2020-06-17 21:00:00,70.55,100.00
129N04441,2020-06-17 21:10:00,70.58,100.00
129N04441,2020-06-17 21:20:00,66.24,100.00
129N04441,2020-06-17 21:30:00,67.06,94.60
129N04441,2020-06-17 21:40:00,70.67,90.40
129N04441,2020-06-17 21:50:00,69.40,77.10
129N04441,2020-06-17 22:00:00,65.71,57.60
129N04441,2020-06-17 22:10:00,70.04,86.50
129N04441,2020-06-17 22:20:00,69.69,100.00
129N04441,2020-06-17 22:30:00,72.99,64.50
129N04441,2020-06-17 22:40:00,79.56,20.29
129N04441,2020-06-17 22:50:00,71.00,100.00
129N04441,2020-06-17 23:00:00,74.09,86.70
129N04441,2020-06-17 23:10:00,73.72,91.10
129N04441,2020-06-17 23:20:00,71.58,91.60
129N04441,2020-06-17 23:30:00,69.56,84.70
129N04441,2020-06-17 23:40:00,71.37,67.63
129N04441,2020-06-17 23:50:00,82.19,20.10
129-04449,2020-06-17 00:00:00,65.29,72.20
129-04449,2020-06-17 00:10:00,68.15,89.80
129-04449,2020-06-17 00:20:00,68.88,91.60
129-04449,2020-06-17 00:30:00,68.86,87.00
129-04449,2020-06-17 00:40:00,60.41,41.60
129-04449,2020-06-17 00:50:00,69.86,69.20
129-04449,2020-06-17 01:00:00,70.00,89.40
129-04449,2020-06-17 01:10:00,70.00,90.78
129-04449,2020-06-17 01:20:00,69.66,92.67
129-04449,2020-06-17 01:30:00,66.80,93.20
129-04449,2020-06-17 01:40:00,65.95,84.25
129-04449,2020-06-17 01:50:00,63.87,74.00
129-04449,2020-06-17 02:00:00,66.29,97.80
129-04449,2020-06-17 02:10:00,66.60,69.70
129-04449,2020-06-17 02:20:00,69.87,80.70
129-04449,2020-06-17 02:30:00,66.99,99.20
129-04449,2020-06-17 02:40:00,67.36,90.30
129-04449,2020-06-17 02:50:00,68.37,92.60
129-04449,2020-06-17 03:00:00,69.79,96.60
129-04449,2020-06-17 03:10:00,68.77,92.80
129-04449,2020-06-17 03:20:00,69.65,78.60
129-04449,2020-06-17 03:30:00,77.08,22.30
129-04449,2020-06-17 03:40:00,62.35,47.40
129-04449,2020-06-17 03:50:00,67.53,91.00
129-04449,2020-06-17 04:00:00,73.40,61.60
129-04449,2020-06-17 04:10:00,77.00,74.20
129-04449,2020-06-17 04:20:00,66.86,81.00
129-04449,2020-06-17 04:30:00,68.38,92.00
129-04449,2020-06-17 04:40:00,66.93,45.00
129-04449,2020-06-17 04:50:00,70.14,94.50
129-04449,2020-06-17 05:00:00,65.86,88.86
129-04449,2020-06-17 05:10:00,65.68,87.90
129-04449,2020-06-17 05:20:00,71.71,64.80
129-04449,2020-06-17 05:30:00,78.76,23.60
129-04449,2020-06-17 05:40:00,69.95,81.40
129-04449,2020-06-17 05:50:00,69.04,83.60
129-04449,2020-06-17 06:00:00,71.82,79.00
129-04449,2020-06-17 06:10:00,71.96,96.90
129-04449,2020-06-17 06:20:00,73.25,92.20
129-04449,2020-06-17 06:30:00,74.64,79.30
129-04449,2020-06-17 06:40:00,70.84,95.50
129-04449,2020-06-17 06:50:00,73.33,96.30
129-04449,2020-06-17 07:00:00,72.29,100.00
129-04449,2020-06-17 07:10:00,69.68,100.00
129-04449,2020-06-17 07:20:00,69.49,100.00
129-04449,2020-06-17 07:30:00,71.69,100.00
129-04449,2020-06-17 07:40:00,71.56,92.20
129-04449,2020-06-17 07:50:00,69.67,100.00
129-04449,2020-06-17 08:00:00,71.48,99.20
129-04449,2020-06-17 08:10:00,71.73,94.60
129-04449,2020-06-17 08:20:00,62.87,100.00
129-04449,2020-06-17 08:30:00,61.22,100.00
129-04449,2020-06-17 08:40:00,69.08,100.00
129-04449,2020-06-17 08:50:00,71.91,100.00
129-04449,2020-06-17 09:00:00,66.37,100.00
129-04449,2020-06-17 09:10:00,66.77,100.00
129-04449,2020-06-17 09:20:00,67.60,100.00
129-04449,2020-06-17 09:30:00,68.19,100.00
129-04449,2020-06-17 09:40:00,73.19,100.00
129-04449,2020-06-17 09:50:00,71.05,100.00
129-04449,2020-06-17 10:00:00,68.48,100.00
129-04449,2020-06-17 10:10:00,68.98,100.00
129-04449,2020-06-17 10:20:00,67.76,100.00
129-04449,2020-06-17 10:30:00,69.18,100.00
129-04449,2020-06-17 10:40:00,69.29,100.00
129-04449,2020-06-17 10:50:00,69.98,100.00
129-04449,2020-06-17 11:00:00,70.10,100.00
129-04449,2020-06-17 11:10:00,71.69,100.00
129-04449,2020-06-17 11:20:00,68.00,100.00
129-04449,2020-06-17 11:30:00,68.59,100.00
129-04449,2020-06-17 11:40:00,66.78,100.00
129-04449,2020-06-17 11:50:00,37.56,100.00
129-04449,2020-06-17 12:00:00,25.67,100.00
129-04449,2020-06-17 12:10:00,32.58,100.00
129-04449,2020-06-17 12:20:00,65.89,100.00
129-04449,2020-06-17 12:30:00,70.06,100.00
129-04449,2020-06-17 12:40:00,70.99,100.00
129-04449,2020-06-17 12:50:00,69.80,100.00
129-04449,2020-06-17 13:00:00,70.39,100.00
129-04449,2020-06-17 13:10:00,68.99,100.00
129-04449,2020-06-17 13:20:00,43.53,100.00
129-04449,2020-06-17 13:30:00,25.38,100.00
129-04449,2020-06-17 13:40:00,33.85,100.00
129-04449,2020-06-17 13:50:00,54.39,100.00
129-04449,2020-06-17 14:00:00,66.55,100.00
129-04449,2020-06-17 14:10:00,67.98,100.00
129-04449,2020-06-17 14:20:00,68.69,100.00
129-04449,2020-06-17 14:30:00,67.77,100.00
129-04449,2020-06-17 14:40:00,66.05,100.00
129-04449,2020-06-17 14:50:00,60.83,100.00
129-04449,2020-06-17 15:00:00,63.11,100.00
129-04449,2020-06-17 15:10:00,66.00,100.00
129-04449,2020-06-17 15:20:00,63.68,100.00
129-04449,2020-06-17 15:30:00,65.78,100.00
129-04449,2020-06-17 15:40:00,43.96,100.00
129-04449,2020-06-17 15:50:00,26.78,100.00
129-04449,2020-06-17 16:00:00,37.42,100.00
129-04449,2020-06-17 16:10:00,42.03,100.00
129-04449,2020-06-17 16:20:00,40.30,100.00
129-04449,2020-06-17 16:30:00,59.20,100.00
129-04449,2020-06-17 16:40:00,65.77,100.00
129-04449,2020-06-17 16:50:00,65.90,100.00
129-04449,2020-06-17 17:00:00,63.95,100.00
129-04449,2020-06-17 17:10:00,54.49,100.00
129-04449,2020-06-17 17:20:00,54.22,100.00
129-04449,2020-06-17 17:30:00,59.80,100.00
129-04449,2020-06-17 17:40:00,68.54,100.00
129-04449,2020-06-17 17:50:00,68.39,100.00
129-04449,2020-06-17 18:00:00,66.28,100.00
129-04449,2020-06-17 18:10:00,70.16,100.00
129-04449,2020-06-17 18:20:00,69.48,100.00
129-04449,2020-06-17 18:30:00,68.59,100.00
129-04449,2020-06-17 18:40:00,69.06,100.00
129-04449,2020-06-17 18:50:00,69.77,100.00
129-04449,2020-06-17 19:00:00,70.27,100.00
129-04449,2020-06-17 19:10:00,70.72,100.00
129-04449,2020-06-17 19:20:00,73.79,100.00
129-04449,2020-06-17 19:30:00,74.60,100.00
129-04449,2020-06-17 19:40:00,73.43,100.00
129-04449,2020-06-17 19:50:00,73.47,100.00
129-04449,2020-06-17 20:00:00,74.95,100.00
129-04449,2020-06-17 20:10:00,71.89,100.00
129-04449,2020-06-17 20:20:00,70.87,100.00
129-04449,2020-06-17 20:30:00,74.62,94.30
129-04449,2020-06-17 20:40:00,69.88,97.00
129-04449,2020-06-17 20:50:00,71.38,99.90
129-04449,2020-06-17 21:00:00,70.97,100.00
129-04449,2020-06-17 21:10:00,71.63,95.10
129-04449,2020-06-17 21:20:00,69.29,99.40
129-04449,2020-06-17 21:30:00,67.69,99.80
129-04449,2020-06-17 21:40:00,69.23,94.90
129-04449,2020-06-17 21:50:00,70.19,93.60
129-04449,2020-06-17 22:00:00,71.49,82.90
129-04449,2020-06-17 22:10:00,71.13,86.40
129-04449,2020-06-17 22:20:00,71.64,82.80
129-04449,2020-06-17 22:30:00,73.80,79.30
129-04449,2020-06-17 22:40:00,70.79,100.00
129-04449,2020-06-17 22:50:00,68.79,100.00
129-04449,2020-06-17 23:00:00,64.70,53.40
129-04449,2020-06-17 23:10:00,72.42,79.10
129-04449,2020-06-17 23:20:00,66.73,64.40
129-04449,2020-06-17 23:30:00,75.19,51.75
129-04449,2020-06-17 23:40:00,69.60,85.90
129-04449,2020-06-17 23:50:00,63.29,46.90
