tmc,tstamp,speed,cvalue
129-04403,2020-06-24 00:00:00,,
129-04403,2020-06-24 00:10:00,63.00,83.25
129-04403,2020-06-24 00:20:00,37.06,74.38
129-04403,2020-06-24 00:30:00,18.00,24.11
129-04403,2020-06-24 00:40:00,60.00,79.63
129-04403,2020-06-24 00:50:00,60.00,78.00
129-04403,2020-06-24 01:00:00,,
129-04403,2020-06-24 01:10:00,62.58,82.00
129-04403,2020-06-24 01:20:00,59.00,93.20
129-04403,2020-06-24 01:30:00,59.00,100.00
129-04403,2020-06-24 01:40:00,,
129-04403,2020-06-24 01:50:00,63.00,
129-04403,2020-06-24 02:00:00,63.00,
129-04403,2020-06-24 02:10:00,63.00,
129-04403,2020-06-24 02:20:00,63.00,
129-04403,2020-06-24 02:30:00,62.50,
129-04403,2020-06-24 02:40:00,60.98,100.00
129-04403,2020-06-24 02:50:00,60.00,100.00
129-04403,2020-06-24 03:00:00,,
129-04403,2020-06-24 03:10:00,63.00,
129-04403,2020-06-24 03:20:00,63.00,
129-04403,2020-06-24 03:30:00,63.00,98.83
129-04403,2020-06-24 03:40:00,63.00,100.00
129-04403,2020-06-24 03:50:00,66.94,91.80
129-04403,2020-06-24 04:00:00,63.49,99.25
129-04403,2020-06-24 04:10:00,59.00,91.00
129-04403,2020-06-24 04:20:00,52.00,63.80
129-04403,2020-06-24 04:30:00,52.00,73.67
129-04403,2020-06-24 04:40:00,69.00,57.17
129-04403,2020-06-24 04:50:00,67.68,63.70
129-04403,2020-06-24 05:00:00,67.08,79.90
129-04403,2020-06-24 05:10:00,71.36,55.90
129-04403,2020-06-24 05:20:00,67.23,89.90
129-04403,2020-06-24 05:30:00,64.15,75.70
129-04403,2020-06-24 05:40:00,67.59,99.10
129-04403,2020-06-24 05:50:00,70.77,76.30
129-04403,2020-06-24 06:00:00,73.30,57.40
129-04403,2020-06-24 06:10:00,76.92,46.10
129-04403,2020-06-24 06:20:00,74.17,89.00
129-04403,2020-06-24 06:30:00,66.94,100.00
129-04403,2020-06-24 06:40:00,67.17,100.00
129-04403,2020-06-24 06:50:00,66.38,100.00
129-04403,2020-06-24 07:00:00,63.59,100.00
129-04403,2020-06-24 07:10:00,65.92,85.70
129-04403,2020-06-24 07:20:00,66.65,87.90
129-04403,2020-06-24 07:30:00,65.16,100.00
129-04403,2020-06-24 07:40:00,62.58,100.00
129-04403,2020-06-24 07:50:00,69.09,88.30
129-04403,2020-06-24 08:00:00,66.12,89.00
129-04403,2020-06-24 08:10:00,63.59,100.00
129-04403,2020-06-24 08:20:00,64.61,87.90
129-04403,2020-06-24 08:30:00,67.26,85.50
129-04403,2020-06-24 08:40:00,63.53,100.00
129-04403,2020-06-24 08:50:00,63.77,100.00
129-04403,2020-06-24 09:00:00,63.79,100.00
129-04403,2020-06-24 09:10:00,67.00,100.00
129-04403,2020-06-24 09:20:00,63.17,100.00
129-04403,2020-06-24 09:30:00,61.76,88.20
129-04403,2020-06-24 09:40:00,63.77,100.00
129-04403,2020-06-24 09:50:00,63.12,100.00
129-04403,2020-06-24 10:00:00,62.25,100.00
129-04403,2020-06-24 10:10:00,57.47,95.30
129-04403,2020-06-24 10:20:00,60.38,89.20
129-04403,2020-06-24 10:30:00,62.11,100.00
129-04403,2020-06-24 10:40:00,63.72,100.00
129-04403,2020-06-24 10:50:00,64.31,100.00
129-04403,2020-06-24 11:00:00,65.19,100.00
129-04403,2020-06-24 11:10:00,63.18,100.00
129-04403,2020-06-24 11:20:00,63.00,100.00
129-04403,2020-06-24 11:30:00,62.01,100.00
129-04403,2020-06-24 11:40:00,61.93,100.00
129-04403,2020-06-24 11:50:00,66.25,72.00
129-04403,2020-06-24 12:00:00,61.83,92.80
129-04403,2020-06-24 12:10:00,63.19,100.00
129-04403,2020-06-24 12:20:00,64.78,100.00
129-04403,2020-06-24 12:30:00,63.38,100.00
129-04403,2020-06-24 12:40:00,66.69,82.90
129-04403,2020-06-24 12:50:00,66.51,96.90
129-04403,2020-06-24 13:00:00,65.93,95.90
129-04403,2020-06-24 13:10:00,65.32,96.40
129-04403,2020-06-24 13:20:00,63.38,99.50
129-04403,2020-06-24 13:30:00,64.73,100.00
129-04403,2020-06-24 13:40:00,63.26,100.00
129-04403,2020-06-24 13:50:00,63.94,95.80
129-04403,2020-06-24 14:00:00,69.44,67.40
129-04403,2020-06-24 14:10:00,64.35,100.00
129-04403,2020-06-24 14:20:00,65.97,100.00
129-04403,2020-06-24 14:30:00,65.38,100.00
129-04403,2020-06-24 14:40:00,63.07,100.00
129-04403,2020-06-24 14:50:00,63.00,100.00
129-04403,2020-06-24 15:00:00,63.20,66.50
129-04403,2020-06-24 15:10:00,62.46,100.00
129-04403,2020-06-24 15:20:00,60.40,95.30
129-04403,2020-06-24 15:30:00,62.25,96.10
129-04403,2020-06-24 15:40:00,67.23,69.40
129-04403,2020-06-24 15:50:00,70.14,60.50
129-04403,2020-06-24 16:00:00,66.39,100.00
129-04403,2020-06-24 16:10:00,64.96,100.00
129-04403,2020-06-24 16:20:00,63.32,98.70
129-04403,2020-06-24 16:30:00,60.94,100.00
129-04403,2020-06-24 16:40:00,63.77,100.00
129-04403,2020-06-24 16:50:00,65.31,91.80
129-04403,2020-06-24 17:00:00,65.77,100.00
129-04403,2020-06-24 17:10:00,60.34,100.00
129-04403,2020-06-24 17:20:00,62.27,95.00
129-04403,2020-06-24 17:30:00,63.85,100.00
129-04403,2020-06-24 17:40:00,64.04,86.10
129-04403,2020-06-24 17:50:00,69.95,54.10
129-04403,2020-06-24 18:00:00,65.54,96.10
129-04403,2020-06-24 18:10:00,63.93,99.50
129-04403,2020-06-24 18:20:00,63.96,98.60
129-04403,2020-06-24 18:30:00,68.35,96.90
129-04403,2020-06-24 18:40:00,69.70,81.40
129-04403,2020-06-24 18:50:00,70.58,78.40
129-04403,2020-06-24 19:00:00,64.49,93.80
129-04403,2020-06-24 19:10:00,63.79,100.00
129-04403,2020-06-24 19:20:00,63.30,100.00
129-04403,2020-06-24 19:30:00,61.34,100.00
129-04403,2020-06-24 19:40:00,63.19,100.00
129-04403,2020-06-24 19:50:00,63.00,100.00
129-04403,2020-06-24 20:00:00,61.80,91.10
129-04403,2020-06-24 20:10:00,59.31,94.80
129-04403,2020-06-24 20:20:00,57.40,80.50
129-04403,2020-06-24 20:30:00,58.41,100.00
129-04403,2020-06-24 20:40:00,62.22,100.00
129-04403,2020-06-24 20:50:00,53.30,62.10
129-04403,2020-06-24 21:00:00,57.66,95.10
129-04403,2020-06-24 21:10:00,60.70,100.00
129-04403,2020-06-24 21:20:00,59.16,100.00
129-04403,2020-06-24 21:30:00,55.67,100.00
129-04403,2020-06-24 21:40:00,58.99,100.00
129-04403,2020-06-24 21:50:00,56.99,100.00
129-04403,2020-06-24 22:00:00,58.00,100.00
129-04403,2020-06-24 22:10:00,58.00,100.00
129-04403,2020-06-24 22:20:00,55.00,100.00
129-04403,2020-06-24 22:30:00,48.37,100.00
129-04403,2020-06-24 22:40:00,,
129-04403,2020-06-24 22:50:00,53.92,100.00
129-04403,2020-06-24 23:00:00,59.76,71.10
129-04403,2020-06-24 23:10:00,56.00,99.00
129-04403,2020-06-24 23:20:00,63.00,79.67
129-04403,2020-06-24 23:30:00,63.00,90.86
129-04403,2020-06-24 23:40:00,,
129-04403,2020-06-24 23:50:00,38.00,22.78
129-04404,2020-06-24 00:00:00,,
129-04404,2020-06-24 00:10:00,43.81,64.50
129-04404,2020-06-24 00:20:00,57.84,83.00
129-04404,2020-06-24 00:30:00,,
129-04404,2020-06-24 00:40:00,61.00,92.88
129-04404,2020-06-24 00:50:00,61.00,92.00
129-04404,2020-06-24 01:00:00,,
129-04404,2020-06-24 01:10:00,62.79,93.00
129-04404,2020-06-24 01:20:00,61.00,100.00
129-04404,2020-06-24 01:30:00,61.00,100.00
129-04404,2020-06-24 01:40:00,,
129-04404,2020-06-24 01:50:00,63.00,
129-04404,2020-06-24 02:00:00,63.00,
129-04404,2020-06-24 02:10:00,63.00,
129-04404,2020-06-24 02:20:00,63.00,
129-04404,2020-06-24 02:30:00,62.50,
129-04404,2020-06-24 02:40:00,28.53,61.88
129-04404,2020-06-24 02:50:00,62.33,78.33
129-04404,2020-06-24 03:00:00,,
129-04404,2020-06-24 03:10:00,63.00,
129-04404,2020-06-24 03:20:00,63.00,
129-04404,2020-06-24 03:30:00,63.60,97.00
129-04404,2020-06-24 03:40:00,64.00,99.20
129-04404,2020-06-24 03:50:00,68.94,91.00
129-04404,2020-06-24 04:00:00,65.59,97.67
129-04404,2020-06-24 04:10:00,60.00,83.75
129-04404,2020-06-24 04:20:00,52.00,60.10
129-04404,2020-06-24 04:30:00,52.00,70.00
129-04404,2020-06-24 04:40:00,70.37,57.14
129-04404,2020-06-24 04:50:00,68.64,70.50
129-04404,2020-06-24 05:00:00,67.45,85.30
129-04404,2020-06-24 05:10:00,74.81,57.10
129-04404,2020-06-24 05:20:00,67.41,93.00
129-04404,2020-06-24 05:30:00,70.35,94.80
129-04404,2020-06-24 05:40:00,66.72,96.60
129-04404,2020-06-24 05:50:00,72.44,79.90
129-04404,2020-06-24 06:00:00,74.68,68.80
129-04404,2020-06-24 06:10:00,77.83,61.60
129-04404,2020-06-24 06:20:00,73.32,91.80
129-04404,2020-06-24 06:30:00,68.15,100.00
129-04404,2020-06-24 06:40:00,69.69,100.00
129-04404,2020-06-24 06:50:00,69.07,100.00
129-04404,2020-06-24 07:00:00,67.01,93.50
129-04404,2020-06-24 07:10:00,69.08,83.60
129-04404,2020-06-24 07:20:00,70.13,76.90
129-04404,2020-06-24 07:30:00,67.25,100.00
129-04404,2020-06-24 07:40:00,64.88,100.00
129-04404,2020-06-24 07:50:00,72.53,93.10
129-04404,2020-06-24 08:00:00,67.01,96.30
129-04404,2020-06-24 08:10:00,66.49,100.00
129-04404,2020-06-24 08:20:00,66.92,100.00
129-04404,2020-06-24 08:30:00,70.17,91.30
129-04404,2020-06-24 08:40:00,66.63,100.00
129-04404,2020-06-24 08:50:00,67.27,100.00
129-04404,2020-06-24 09:00:00,66.49,100.00
129-04404,2020-06-24 09:10:00,69.68,100.00
129-04404,2020-06-24 09:20:00,64.97,100.00
129-04404,2020-06-24 09:30:00,63.59,100.00
129-04404,2020-06-24 09:40:00,64.88,100.00
129-04404,2020-06-24 09:50:00,61.06,84.40
129-04404,2020-06-24 10:00:00,62.83,100.00
129-04404,2020-06-24 10:10:00,58.68,94.80
129-04404,2020-06-24 10:20:00,60.35,92.60
129-04404,2020-06-24 10:30:00,63.79,100.00
129-04404,2020-06-24 10:40:00,65.37,100.00
129-04404,2020-06-24 10:50:00,65.44,100.00
129-04404,2020-06-24 11:00:00,67.48,100.00
129-04404,2020-06-24 11:10:00,64.37,100.00
129-04404,2020-06-24 11:20:00,64.43,96.00
129-04404,2020-06-24 11:30:00,65.08,97.30
129-04404,2020-06-24 11:40:00,63.08,100.00
129-04404,2020-06-24 11:50:00,63.97,100.00
129-04404,2020-06-24 12:00:00,63.17,100.00
129-04404,2020-06-24 12:10:00,65.10,100.00
129-04404,2020-06-24 12:20:00,65.25,100.00
129-04404,2020-06-24 12:30:00,65.33,100.00
129-04404,2020-06-24 12:40:00,65.49,100.00
129-04404,2020-06-24 12:50:00,67.74,100.00
129-04404,2020-06-24 13:00:00,67.17,93.30
129-04404,2020-06-24 13:10:00,65.27,99.30
129-04404,2020-06-24 13:20:00,64.99,100.00
129-04404,2020-06-24 13:30:00,64.64,100.00
129-04404,2020-06-24 13:40:00,65.12,96.00
129-04404,2020-06-24 13:50:00,69.12,90.50
129-04404,2020-06-24 14:00:00,74.53,48.30
129-04404,2020-06-24 14:10:00,67.49,99.90
129-04404,2020-06-24 14:20:00,66.09,100.00
129-04404,2020-06-24 14:30:00,66.99,100.00
129-04404,2020-06-24 14:40:00,63.68,100.00
129-04404,2020-06-24 14:50:00,61.27,94.10
129-04404,2020-06-24 15:00:00,61.41,63.80
129-04404,2020-06-24 15:10:00,62.79,100.00
129-04404,2020-06-24 15:20:00,60.74,100.00
129-04404,2020-06-24 15:30:00,63.15,100.00
129-04404,2020-06-24 15:40:00,63.03,100.00
129-04404,2020-06-24 15:50:00,63.51,100.00
129-04404,2020-06-24 16:00:00,66.50,100.00
129-04404,2020-06-24 16:10:00,68.04,100.00
129-04404,2020-06-24 16:20:00,66.84,97.10
129-04404,2020-06-24 16:30:00,66.66,97.70
129-04404,2020-06-24 16:40:00,69.60,86.80
129-04404,2020-06-24 16:50:00,67.02,99.80
129-04404,2020-06-24 17:00:00,67.23,98.50
129-04404,2020-06-24 17:10:00,64.93,99.20
129-04404,2020-06-24 17:20:00,65.35,100.00
129-04404,2020-06-24 17:30:00,63.05,100.00
129-04404,2020-06-24 17:40:00,65.09,92.50
129-04404,2020-06-24 17:50:00,66.75,97.70
129-04404,2020-06-24 18:00:00,65.00,100.00
129-04404,2020-06-24 18:10:00,67.77,87.60
129-04404,2020-06-24 18:20:00,65.91,100.00
129-04404,2020-06-24 18:30:00,67.48,99.70
129-04404,2020-06-24 18:40:00,71.99,76.50
129-04404,2020-06-24 18:50:00,72.19,78.80
129-04404,2020-06-24 19:00:00,66.48,96.70
129-04404,2020-06-24 19:10:00,64.52,98.60
129-04404,2020-06-24 19:20:00,66.50,100.00
129-04404,2020-06-24 19:30:00,64.84,100.00
129-04404,2020-06-24 19:40:00,64.66,100.00
129-04404,2020-06-24 19:50:00,65.60,100.00
129-04404,2020-06-24 20:00:00,58.97,100.00
129-04404,2020-06-24 20:10:00,62.78,100.00
129-04404,2020-06-24 20:20:00,61.86,100.00
129-04404,2020-06-24 20:30:00,64.16,100.00
129-04404,2020-06-24 20:40:00,63.25,100.00
129-04404,2020-06-24 20:50:00,59.89,100.00
129-04404,2020-06-24 21:00:00,62.49,100.00
129-04404,2020-06-24 21:10:00,61.86,100.00
129-04404,2020-06-24 21:20:00,58.39,100.00
129-04404,2020-06-24 21:30:00,60.30,91.90
129-04404,2020-06-24 21:40:00,66.24,79.90
129-04404,2020-06-24 21:50:00,62.90,96.00
129-04404,2020-06-24 22:00:00,59.99,100.00
129-04404,2020-06-24 22:10:00,60.50,100.00
129-04404,2020-06-24 22:20:00,49.00,100.00
129-04404,2020-06-24 22:30:00,49.00,100.00
129-04404,2020-06-24 22:40:00,,
129-04404,2020-06-24 22:50:00,57.39,100.00
129-04404,2020-06-24 23:00:00,62.01,77.20
129-04404,2020-06-24 23:10:00,57.00,99.00
129-04404,2020-06-24 23:20:00,74.79,30.40
129-04404,2020-06-24 23:30:00,73.56,51.86
129-04404,2020-06-24 23:40:00,,
129-04404,2020-06-24 23:50:00,39.00,34.11
129-04401,2020-06-24 00:00:00,79.00,53.00
129-04401,2020-06-24 00:10:00,77.00,73.00
129-04401,2020-06-24 00:20:00,77.00,94.44
129-04401,2020-06-24 00:30:00,,
129-04401,2020-06-24 00:40:00,65.00,
129-04401,2020-06-24 00:50:00,65.00,
129-04401,2020-06-24 01:00:00,65.00,
129-04401,2020-06-24 01:10:00,65.00,
129-04401,2020-06-24 01:20:00,68.58,100.00
129-04401,2020-06-24 01:30:00,69.00,100.00
129-04401,2020-06-24 01:40:00,,
129-04401,2020-06-24 01:50:00,63.00,
129-04401,2020-06-24 02:00:00,59.41,
129-04401,2020-06-24 02:10:00,56.93,
129-04401,2020-06-24 02:20:00,53.00,
129-04401,2020-06-24 02:30:00,50.86,
129-04401,2020-06-24 02:40:00,50.20,
129-04401,2020-06-24 02:50:00,51.00,
129-04401,2020-06-24 03:00:00,51.70,
129-04401,2020-06-24 03:10:00,56.52,100.00
129-04401,2020-06-24 03:20:00,65.00,100.00
129-04401,2020-06-24 03:30:00,69.00,90.80
129-04401,2020-06-24 03:40:00,69.00,94.00
129-04401,2020-06-24 03:50:00,71.96,90.13
129-04401,2020-06-24 04:00:00,69.00,45.22
129-04401,2020-06-24 04:10:00,27.00,
129-04401,2020-06-24 04:20:00,,
129-04401,2020-06-24 04:30:00,35.00,
129-04401,2020-06-24 04:40:00,44.28,35.50
129-04401,2020-06-24 04:50:00,74.07,69.60
129-04401,2020-06-24 05:00:00,70.97,93.30
129-04401,2020-06-24 05:10:00,73.96,89.20
129-04401,2020-06-24 05:20:00,72.12,98.60
129-04401,2020-06-24 05:30:00,73.91,93.00
129-04401,2020-06-24 05:40:00,76.19,81.50
129-04401,2020-06-24 05:50:00,78.39,62.30
129-04401,2020-06-24 06:00:00,76.97,100.00
129-04401,2020-06-24 06:10:00,76.29,100.00
129-04401,2020-06-24 06:20:00,73.17,100.00
129-04401,2020-06-24 06:30:00,72.97,100.00
129-04401,2020-06-24 06:40:00,74.59,100.00
129-04401,2020-06-24 06:50:00,72.58,100.00
129-04401,2020-06-24 07:00:00,70.58,100.00
129-04401,2020-06-24 07:10:00,71.73,97.10
129-04401,2020-06-24 07:20:00,70.86,100.00
129-04401,2020-06-24 07:30:00,69.54,100.00
129-04401,2020-06-24 07:40:00,71.35,100.00
129-04401,2020-06-24 07:50:00,71.32,93.60
129-04401,2020-06-24 08:00:00,73.94,62.90
129-04401,2020-06-24 08:10:00,70.98,97.70
129-04401,2020-06-24 08:20:00,68.22,96.00
129-04401,2020-06-24 08:30:00,72.72,92.40
129-04401,2020-06-24 08:40:00,68.74,98.40
129-04401,2020-06-24 08:50:00,70.59,100.00
129-04401,2020-06-24 09:00:00,70.79,97.20
129-04401,2020-06-24 09:10:00,70.59,99.60
129-04401,2020-06-24 09:20:00,69.59,100.00
129-04401,2020-06-24 09:30:00,68.58,100.00
129-04401,2020-06-24 09:40:00,69.17,100.00
129-04401,2020-06-24 09:50:00,71.18,97.00
129-04401,2020-06-24 10:00:00,69.14,100.00
129-04401,2020-06-24 10:10:00,67.98,96.20
129-04401,2020-06-24 10:20:00,65.02,83.90
129-04401,2020-06-24 10:30:00,68.28,100.00
129-04401,2020-06-24 10:40:00,71.79,100.00
129-04401,2020-06-24 10:50:00,69.91,100.00
129-04401,2020-06-24 11:00:00,70.14,100.00
129-04401,2020-06-24 11:10:00,69.93,100.00
129-04401,2020-06-24 11:20:00,67.00,100.00
129-04401,2020-06-24 11:30:00,66.38,100.00
129-04401,2020-06-24 11:40:00,68.16,100.00
129-04401,2020-06-24 11:50:00,74.53,60.30
129-04401,2020-06-24 12:00:00,74.97,67.50
129-04401,2020-06-24 12:10:00,70.04,100.00
129-04401,2020-06-24 12:20:00,68.39,100.00
129-04401,2020-06-24 12:30:00,67.79,100.00
129-04401,2020-06-24 12:40:00,68.92,97.00
129-04401,2020-06-24 12:50:00,69.15,100.00
129-04401,2020-06-24 13:00:00,64.68,100.00
129-04401,2020-06-24 13:10:00,67.00,100.00
129-04401,2020-06-24 13:20:00,68.57,100.00
129-04401,2020-06-24 13:30:00,67.37,100.00
129-04401,2020-06-24 13:40:00,67.19,100.00
129-04401,2020-06-24 13:50:00,71.60,82.90
129-04401,2020-06-24 14:00:00,70.39,81.60
129-04401,2020-06-24 14:10:00,69.11,83.40
129-04401,2020-06-24 14:20:00,71.00,100.00
129-04401,2020-06-24 14:30:00,70.18,97.40
129-04401,2020-06-24 14:40:00,65.48,90.20
129-04401,2020-06-24 14:50:00,69.54,100.00
129-04401,2020-06-24 15:00:00,69.79,100.00
129-04401,2020-06-24 15:10:00,59.28,91.10
129-04401,2020-06-24 15:20:00,62.60,91.50
129-04401,2020-06-24 15:30:00,66.62,100.00
129-04401,2020-06-24 15:40:00,62.10,100.00
129-04401,2020-06-24 15:50:00,66.53,53.43
129-04401,2020-06-24 16:00:00,69.15,100.00
129-04401,2020-06-24 16:10:00,72.79,95.50
129-04401,2020-06-24 16:20:00,70.58,95.70
129-04401,2020-06-24 16:30:00,62.88,100.00
129-04401,2020-06-24 16:40:00,70.24,73.60
129-04401,2020-06-24 16:50:00,71.99,90.50
129-04401,2020-06-24 17:00:00,68.17,100.00
129-04401,2020-06-24 17:10:00,67.56,100.00
129-04401,2020-06-24 17:20:00,65.12,90.50
129-04401,2020-06-24 17:30:00,68.16,100.00
129-04401,2020-06-24 17:40:00,71.20,83.50
129-04401,2020-06-24 17:50:00,74.58,59.00
129-04401,2020-06-24 18:00:00,75.00,88.60
129-04401,2020-06-24 18:10:00,71.13,100.00
129-04401,2020-06-24 18:20:00,70.78,100.00
129-04401,2020-06-24 18:30:00,73.15,99.10
129-04401,2020-06-24 18:40:00,74.88,79.10
129-04401,2020-06-24 18:50:00,75.14,82.40
129-04401,2020-06-24 19:00:00,75.21,86.30
129-04401,2020-06-24 19:10:00,69.78,100.00
129-04401,2020-06-24 19:20:00,73.00,100.00
129-04401,2020-06-24 19:30:00,71.24,100.00
129-04401,2020-06-24 19:40:00,75.16,73.40
129-04401,2020-06-24 19:50:00,76.17,95.80
129-04401,2020-06-24 20:00:00,72.74,100.00
129-04401,2020-06-24 20:10:00,69.48,100.00
129-04401,2020-06-24 20:20:00,69.66,100.00
129-04401,2020-06-24 20:30:00,71.94,90.80
129-04401,2020-06-24 20:40:00,71.56,93.60
129-04401,2020-06-24 20:50:00,69.00,100.00
129-04401,2020-06-24 21:00:00,35.00,40.00
129-04401,2020-06-24 21:10:00,51.26,68.13
129-04401,2020-06-24 21:20:00,60.50,90.10
129-04401,2020-06-24 21:30:00,66.93,98.88
129-04401,2020-06-24 21:40:00,64.42,100.00
129-04401,2020-06-24 21:50:00,61.00,100.00
129-04401,2020-06-24 22:00:00,63.00,100.00
129-04401,2020-06-24 22:10:00,63.00,100.00
129-04401,2020-06-24 22:20:00,,
129-04401,2020-06-24 22:30:00,55.00,
129-04401,2020-06-24 22:40:00,55.00,
129-04401,2020-06-24 22:50:00,57.66,100.00
129-04401,2020-06-24 23:00:00,74.16,70.40
129-04401,2020-06-24 23:10:00,77.00,94.67
129-04401,2020-06-24 23:20:00,,
129-04401,2020-06-24 23:30:00,65.00,
129-04401,2020-06-24 23:40:00,65.00,
129-04401,2020-06-24 23:50:00,65.00,
129-04643,2020-06-24 00:00:00,57.00,92.00
129-04643,2020-06-24 00:10:00,57.00,95.67
129-04643,2020-06-24 00:20:00,54.25,79.20
129-04643,2020-06-24 00:30:00,59.45,80.30
129-04643,2020-06-24 00:40:00,59.27,77.50
129-04643,2020-06-24 00:50:00,54.00,76.30
129-04643,2020-06-24 01:00:00,,
129-04643,2020-06-24 01:10:00,,
129-04643,2020-06-24 01:20:00,,
129-04643,2020-06-24 01:30:00,,
129-04643,2020-06-24 01:40:00,,
129-04643,2020-06-24 01:50:00,,
129-04643,2020-06-24 02:00:00,,
129-04643,2020-06-24 02:10:00,,
129-04643,2020-06-24 02:20:00,60.60,62.80
129-04643,2020-06-24 02:30:00,60.20,83.00
129-04643,2020-06-24 02:40:00,67.00,65.43
129-04643,2020-06-24 02:50:00,57.12,71.38
129-04643,2020-06-24 03:00:00,,
129-04643,2020-06-24 03:10:00,68.00,59.86
129-04643,2020-06-24 03:20:00,46.00,48.40
129-04643,2020-06-24 03:30:00,,
129-04643,2020-06-24 03:40:00,62.00,70.50
129-04643,2020-06-24 03:50:00,62.00,70.00
129-04643,2020-06-24 04:00:00,75.00,26.00
129-04643,2020-06-24 04:10:00,70.33,77.88
129-04643,2020-06-24 04:20:00,63.55,76.20
129-04643,2020-06-24 04:30:00,62.31,71.70
129-04643,2020-06-24 04:40:00,71.67,60.10
129-04643,2020-06-24 04:50:00,74.84,46.80
129-04643,2020-06-24 05:00:00,68.49,97.30
129-04643,2020-06-24 05:10:00,68.96,97.60
129-04643,2020-06-24 05:20:00,67.07,98.10
129-04643,2020-06-24 05:30:00,67.08,91.70
129-04643,2020-06-24 05:40:00,67.07,94.30
129-04643,2020-06-24 05:50:00,66.89,100.00
129-04643,2020-06-24 06:00:00,67.99,100.00
129-04643,2020-06-24 06:10:00,65.89,100.00
129-04643,2020-06-24 06:20:00,62.68,100.00
129-04643,2020-06-24 06:30:00,62.19,100.00
129-04643,2020-06-24 06:40:00,62.07,100.00
129-04643,2020-06-24 06:50:00,65.38,98.60
129-04643,2020-06-24 07:00:00,64.26,96.70
129-04643,2020-06-24 07:10:00,65.57,86.60
129-04643,2020-06-24 07:20:00,65.68,94.90
129-04643,2020-06-24 07:30:00,65.18,97.00
129-04643,2020-06-24 07:40:00,64.19,100.00
129-04643,2020-06-24 07:50:00,66.34,95.50
129-04643,2020-06-24 08:00:00,64.98,98.00
129-04643,2020-06-24 08:10:00,63.47,99.40
129-04643,2020-06-24 08:20:00,62.26,99.60
129-04643,2020-06-24 08:30:00,63.03,97.80
129-04643,2020-06-24 08:40:00,65.53,99.30
129-04643,2020-06-24 08:50:00,63.27,96.90
129-04643,2020-06-24 09:00:00,63.09,100.00
129-04643,2020-06-24 09:10:00,63.59,100.00
129-04643,2020-06-24 09:20:00,63.24,99.40
129-04643,2020-06-24 09:30:00,61.81,99.50
129-04643,2020-06-24 09:40:00,62.89,90.60
129-04643,2020-06-24 09:50:00,61.29,100.00
129-04643,2020-06-24 10:00:00,63.19,99.90
129-04643,2020-06-24 10:10:00,61.65,99.40
129-04643,2020-06-24 10:20:00,60.78,97.70
129-04643,2020-06-24 10:30:00,66.65,58.30
129-04643,2020-06-24 10:40:00,66.75,82.50
129-04643,2020-06-24 10:50:00,65.37,92.40
129-04643,2020-06-24 11:00:00,61.98,99.90
129-04643,2020-06-24 11:10:00,63.07,99.10
129-04643,2020-06-24 11:20:00,68.18,100.00
129-04643,2020-06-24 11:30:00,64.03,97.20
129-04643,2020-06-24 11:40:00,65.34,92.10
129-04643,2020-06-24 11:50:00,63.26,90.00
129-04643,2020-06-24 12:00:00,63.05,97.60
129-04643,2020-06-24 12:10:00,64.01,91.80
129-04643,2020-06-24 12:20:00,66.16,86.50
129-04643,2020-06-24 12:30:00,61.98,100.00
129-04643,2020-06-24 12:40:00,63.49,92.10
129-04643,2020-06-24 12:50:00,64.58,88.80
129-04643,2020-06-24 13:00:00,64.28,100.00
129-04643,2020-06-24 13:10:00,67.63,68.20
129-04643,2020-06-24 13:20:00,64.07,100.00
129-04643,2020-06-24 13:30:00,61.86,97.60
129-04643,2020-06-24 13:40:00,62.33,97.40
129-04643,2020-06-24 13:50:00,62.90,99.60
129-04643,2020-06-24 14:00:00,65.49,74.90
129-04643,2020-06-24 14:10:00,67.96,70.40
129-04643,2020-06-24 14:20:00,66.89,97.30
129-04643,2020-06-24 14:30:00,64.41,98.50
129-04643,2020-06-24 14:40:00,65.68,99.00
129-04643,2020-06-24 14:50:00,65.46,98.70
129-04643,2020-06-24 15:00:00,64.17,99.80
129-04643,2020-06-24 15:10:00,64.58,99.80
129-04643,2020-06-24 15:20:00,64.87,99.30
129-04643,2020-06-24 15:30:00,67.84,100.00
129-04643,2020-06-24 15:40:00,67.55,98.30
129-04643,2020-06-24 15:50:00,68.35,88.20
129-04643,2020-06-24 16:00:00,65.39,98.50
129-04643,2020-06-24 16:10:00,66.05,99.10
129-04643,2020-06-24 16:20:00,64.94,98.00
129-04643,2020-06-24 16:30:00,65.12,99.10
129-04643,2020-06-24 16:40:00,62.70,90.20
129-04643,2020-06-24 16:50:00,65.73,89.80
129-04643,2020-06-24 17:00:00,69.64,69.70
129-04643,2020-06-24 17:10:00,69.20,78.90
129-04643,2020-06-24 17:20:00,67.49,95.60
129-04643,2020-06-24 17:30:00,64.80,96.70
129-04643,2020-06-24 17:40:00,64.87,96.70
129-04643,2020-06-24 17:50:00,63.98,99.30
129-04643,2020-06-24 18:00:00,62.79,98.90
129-04643,2020-06-24 18:10:00,59.93,77.10
129-04643,2020-06-24 18:20:00,68.69,66.70
129-04643,2020-06-24 18:30:00,67.70,94.70
129-04643,2020-06-24 18:40:00,66.48,91.20
129-04643,2020-06-24 18:50:00,72.52,48.10
129-04643,2020-06-24 19:00:00,65.58,98.90
129-04643,2020-06-24 19:10:00,65.79,90.60
129-04643,2020-06-24 19:20:00,63.69,100.00
129-04643,2020-06-24 19:30:00,62.79,100.00
129-04643,2020-06-24 19:40:00,69.31,63.30
129-04643,2020-06-24 19:50:00,64.36,88.10
129-04643,2020-06-24 20:00:00,62.92,84.30
129-04643,2020-06-24 20:10:00,65.59,81.30
129-04643,2020-06-24 20:20:00,64.77,63.10
129-04643,2020-06-24 20:30:00,58.37,44.10
129-04643,2020-06-24 20:40:00,57.74,79.20
129-04643,2020-06-24 20:50:00,65.27,96.30
129-04643,2020-06-24 21:00:00,60.36,98.80
129-04643,2020-06-24 21:10:00,62.90,100.00
129-04643,2020-06-24 21:20:00,62.00,99.89
129-04643,2020-06-24 21:30:00,59.71,100.00
129-04643,2020-06-24 21:40:00,66.12,67.30
129-04643,2020-06-24 21:50:00,65.28,83.40
129-04643,2020-06-24 22:00:00,65.63,87.56
129-04643,2020-06-24 22:10:00,62.09,98.80
129-04643,2020-06-24 22:20:00,62.69,99.50
129-04643,2020-06-24 22:30:00,64.00,98.13
129-04643,2020-06-24 22:40:00,46.99,74.50
129-04643,2020-06-24 22:50:00,61.87,82.90
129-04643,2020-06-24 23:00:00,55.50,85.00
129-04643,2020-06-24 23:10:00,55.00,72.10
129-04643,2020-06-24 23:20:00,56.24,87.75
129-04643,2020-06-24 23:30:00,56.25,89.25
129-04643,2020-06-24 23:40:00,55.00,86.25
129-04643,2020-06-24 23:50:00,60.15,71.20
129-04402,2020-06-24 00:00:00,,
129-04402,2020-06-24 00:10:00,69.00,98.25
129-04402,2020-06-24 00:20:00,69.00,99.89
129-04402,2020-06-24 00:30:00,,
129-04402,2020-06-24 00:40:00,59.00,73.88
129-04402,2020-06-24 00:50:00,59.00,86.50
129-04402,2020-06-24 01:00:00,,
129-04402,2020-06-24 01:10:00,64.00,
129-04402,2020-06-24 01:20:00,57.63,96.56
129-04402,2020-06-24 01:30:00,57.00,100.00
129-04402,2020-06-24 01:40:00,,
129-04402,2020-06-24 01:50:00,64.00,
129-04402,2020-06-24 02:00:00,64.00,
129-04402,2020-06-24 02:10:00,64.00,
129-04402,2020-06-24 02:20:00,64.00,
129-04402,2020-06-24 02:30:00,63.50,
129-04402,2020-06-24 02:40:00,62.16,97.50
129-04402,2020-06-24 02:50:00,63.00,99.33
129-04402,2020-06-24 03:00:00,,
129-04402,2020-06-24 03:10:00,52.00,63.60
129-04402,2020-06-24 03:20:00,52.00,85.00
129-04402,2020-06-24 03:30:00,63.00,81.67
129-04402,2020-06-24 03:40:00,63.00,83.00
129-04402,2020-06-24 03:50:00,63.08,74.10
129-04402,2020-06-24 04:00:00,65.00,86.50
129-04402,2020-06-24 04:10:00,60.00,96.90
129-04402,2020-06-24 04:20:00,49.00,26.38
129-04402,2020-06-24 04:30:00,49.00,37.00
129-04402,2020-06-24 04:40:00,69.00,49.33
129-04402,2020-06-24 04:50:00,68.20,60.20
129-04402,2020-06-24 05:00:00,64.41,87.90
129-04402,2020-06-24 05:10:00,70.47,68.50
129-04402,2020-06-24 05:20:00,70.41,72.60
129-04402,2020-06-24 05:30:00,67.95,89.80
129-04402,2020-06-24 05:40:00,66.97,96.00
129-04402,2020-06-24 05:50:00,67.73,89.30
129-04402,2020-06-24 06:00:00,69.96,96.00
129-04402,2020-06-24 06:10:00,73.77,68.70
129-04402,2020-06-24 06:20:00,71.00,100.00
129-04402,2020-06-24 06:30:00,68.99,100.00
129-04402,2020-06-24 06:40:00,67.38,100.00
129-04402,2020-06-24 06:50:00,65.79,100.00
129-04402,2020-06-24 07:00:00,67.38,100.00
129-04402,2020-06-24 07:10:00,66.56,86.20
129-04402,2020-06-24 07:20:00,67.35,86.00
129-04402,2020-06-24 07:30:00,64.39,100.00
129-04402,2020-06-24 07:40:00,63.59,100.00
129-04402,2020-06-24 07:50:00,69.14,100.00
129-04402,2020-06-24 08:00:00,71.12,82.90
129-04402,2020-06-24 08:10:00,64.95,100.00
129-04402,2020-06-24 08:20:00,66.72,97.60
129-04402,2020-06-24 08:30:00,68.77,98.40
129-04402,2020-06-24 08:40:00,64.58,100.00
129-04402,2020-06-24 08:50:00,65.79,100.00
129-04402,2020-06-24 09:00:00,66.39,100.00
129-04402,2020-06-24 09:10:00,64.35,100.00
129-04402,2020-06-24 09:20:00,64.59,100.00
129-04402,2020-06-24 09:30:00,63.77,100.00
129-04402,2020-06-24 09:40:00,66.17,100.00
129-04402,2020-06-24 09:50:00,63.10,100.00
129-04402,2020-06-24 10:00:00,63.52,100.00
129-04402,2020-06-24 10:10:00,59.79,77.80
129-04402,2020-06-24 10:20:00,61.62,78.00
129-04402,2020-06-24 10:30:00,64.57,100.00
129-04402,2020-06-24 10:40:00,64.20,100.00
129-04402,2020-06-24 10:50:00,62.03,100.00
129-04402,2020-06-24 11:00:00,66.36,89.90
129-04402,2020-06-24 11:10:00,65.17,100.00
129-04402,2020-06-24 11:20:00,65.97,100.00
129-04402,2020-06-24 11:30:00,60.17,80.10
129-04402,2020-06-24 11:40:00,62.74,100.00
129-04402,2020-06-24 11:50:00,65.63,77.20
129-04402,2020-06-24 12:00:00,62.75,97.00
129-04402,2020-06-24 12:10:00,63.34,100.00
129-04402,2020-06-24 12:20:00,64.99,100.00
129-04402,2020-06-24 12:30:00,63.77,100.00
129-04402,2020-06-24 12:40:00,65.23,100.00
129-04402,2020-06-24 12:50:00,65.38,100.00
129-04402,2020-06-24 13:00:00,62.91,94.90
129-04402,2020-06-24 13:10:00,61.62,93.20
129-04402,2020-06-24 13:20:00,60.41,88.10
129-04402,2020-06-24 13:30:00,62.53,94.90
129-04402,2020-06-24 13:40:00,61.37,100.00
129-04402,2020-06-24 13:50:00,62.28,100.00
129-04402,2020-06-24 14:00:00,71.91,22.30
129-04402,2020-06-24 14:10:00,58.32,78.40
129-04402,2020-06-24 14:20:00,65.39,100.00
129-04402,2020-06-24 14:30:00,64.18,100.00
129-04402,2020-06-24 14:40:00,61.05,94.70
129-04402,2020-06-24 14:50:00,64.18,100.00
129-04402,2020-06-24 15:00:00,68.20,63.30
129-04402,2020-06-24 15:10:00,49.20,7.70
129-04402,2020-06-24 15:20:00,57.52,80.20
129-04402,2020-06-24 15:30:00,63.76,100.00
129-04402,2020-06-24 15:40:00,62.64,98.20
129-04402,2020-06-24 15:50:00,68.35,57.10
129-04402,2020-06-24 16:00:00,59.91,77.60
129-04402,2020-06-24 16:10:00,62.73,84.40
129-04402,2020-06-24 16:20:00,62.21,100.00
129-04402,2020-06-24 16:30:00,57.16,64.80
129-04402,2020-06-24 16:40:00,65.55,91.60
129-04402,2020-06-24 16:50:00,64.74,100.00
129-04402,2020-06-24 17:00:00,62.55,100.00
129-04402,2020-06-24 17:10:00,54.06,37.10
129-04402,2020-06-24 17:20:00,61.70,45.40
129-04402,2020-06-24 17:30:00,62.38,100.00
129-04402,2020-06-24 17:40:00,63.01,80.40
129-04402,2020-06-24 17:50:00,66.76,90.20
129-04402,2020-06-24 18:00:00,62.72,95.60
129-04402,2020-06-24 18:10:00,63.71,100.00
129-04402,2020-06-24 18:20:00,65.27,86.20
129-04402,2020-06-24 18:30:00,67.56,94.80
129-04402,2020-06-24 18:40:00,68.79,95.50
129-04402,2020-06-24 18:50:00,69.17,89.80
129-04402,2020-06-24 19:00:00,66.19,90.80
129-04402,2020-06-24 19:10:00,64.11,96.90
129-04402,2020-06-24 19:20:00,67.16,98.80
129-04402,2020-06-24 19:30:00,56.81,100.00
129-04402,2020-06-24 19:40:00,63.59,100.00
129-04402,2020-06-24 19:50:00,54.06,87.63
129-04402,2020-06-24 20:00:00,55.88,94.78
129-04402,2020-06-24 20:10:00,60.64,100.00
129-04402,2020-06-24 20:20:00,55.38,82.50
129-04402,2020-06-24 20:30:00,57.06,97.90
129-04402,2020-06-24 20:40:00,61.13,100.00
129-04402,2020-06-24 20:50:00,49.57,42.10
129-04402,2020-06-24 21:00:00,53.96,87.20
129-04402,2020-06-24 21:10:00,62.19,65.70
129-04402,2020-06-24 21:20:00,53.23,100.00
129-04402,2020-06-24 21:30:00,59.55,100.00
129-04402,2020-06-24 21:40:00,62.34,91.20
129-04402,2020-06-24 21:50:00,54.81,94.60
129-04402,2020-06-24 22:00:00,52.40,100.00
129-04402,2020-06-24 22:10:00,54.00,100.00
129-04402,2020-06-24 22:20:00,49.00,100.00
129-04402,2020-06-24 22:30:00,49.00,100.00
129-04402,2020-06-24 22:40:00,53.10,100.00
129-04402,2020-06-24 22:50:00,49.92,100.00
129-04402,2020-06-24 23:00:00,52.29,96.70
129-04402,2020-06-24 23:10:00,55.00,93.29
129-04402,2020-06-24 23:20:00,56.66,90.38
129-04402,2020-06-24 23:30:00,55.94,61.30
129-04402,2020-06-24 23:40:00,42.59,36.00
129-04402,2020-06-24 23:50:00,53.16,91.30
129-04644,2020-06-24 00:00:00,56.00,95.25
129-04644,2020-06-24 00:10:00,56.97,94.33
129-04644,2020-06-24 00:20:00,57.50,87.80
129-04644,2020-06-24 00:30:00,59.85,75.10
129-04644,2020-06-24 00:40:00,61.59,55.30
129-04644,2020-06-24 00:50:00,51.29,51.30
129-04644,2020-06-24 01:00:00,,
129-04644,2020-06-24 01:10:00,,
129-04644,2020-06-24 01:20:00,,
129-04644,2020-06-24 01:30:00,,
129-04644,2020-06-24 01:40:00,55.00,99.50
129-04644,2020-06-24 01:50:00,55.00,100.00
129-04644,2020-06-24 02:00:00,,
129-04644,2020-06-24 02:10:00,,
129-04644,2020-06-24 02:20:00,58.83,82.67
129-04644,2020-06-24 02:30:00,58.00,91.80
129-04644,2020-06-24 02:40:00,63.00,85.78
129-04644,2020-06-24 02:50:00,53.00,62.25
129-04644,2020-06-24 03:00:00,,
129-04644,2020-06-24 03:10:00,69.00,34.00
129-04644,2020-06-24 03:20:00,64.42,64.63
129-04644,2020-06-24 03:30:00,58.00,80.20
129-04644,2020-06-24 03:40:00,61.00,85.50
129-04644,2020-06-24 03:50:00,61.00,80.33
129-04644,2020-06-24 04:00:00,73.00,21.25
129-04644,2020-06-24 04:10:00,68.69,65.63
129-04644,2020-06-24 04:20:00,59.63,65.40
129-04644,2020-06-24 04:30:00,60.10,75.00
129-04644,2020-06-24 04:40:00,70.01,60.60
129-04644,2020-06-24 04:50:00,74.10,47.70
129-04644,2020-06-24 05:00:00,67.26,99.80
129-04644,2020-06-24 05:10:00,68.76,99.50
129-04644,2020-06-24 05:20:00,67.15,99.80
129-04644,2020-06-24 05:30:00,65.29,88.60
129-04644,2020-06-24 05:40:00,66.03,92.60
129-04644,2020-06-24 05:50:00,67.06,100.00
129-04644,2020-06-24 06:00:00,66.07,100.00
129-04644,2020-06-24 06:10:00,65.40,100.00
129-04644,2020-06-24 06:20:00,59.30,100.00
129-04644,2020-06-24 06:30:00,59.95,100.00
129-04644,2020-06-24 06:40:00,61.36,100.00
129-04644,2020-06-24 06:50:00,62.19,100.00
129-04644,2020-06-24 07:00:00,61.12,100.00
129-04644,2020-06-24 07:10:00,61.73,100.00
129-04644,2020-06-24 07:20:00,62.39,100.00
129-04644,2020-06-24 07:30:00,61.77,99.00
129-04644,2020-06-24 07:40:00,62.36,100.00
129-04644,2020-06-24 07:50:00,65.43,99.70
129-04644,2020-06-24 08:00:00,61.05,97.50
129-04644,2020-06-24 08:10:00,59.31,100.00
129-04644,2020-06-24 08:20:00,58.36,100.00
129-04644,2020-06-24 08:30:00,61.51,99.30
129-04644,2020-06-24 08:40:00,62.79,99.20
129-04644,2020-06-24 08:50:00,63.64,97.40
129-04644,2020-06-24 09:00:00,60.08,100.00
129-04644,2020-06-24 09:10:00,60.54,99.80
129-04644,2020-06-24 09:20:00,59.30,100.00
129-04644,2020-06-24 09:30:00,58.92,100.00
129-04644,2020-06-24 09:40:00,60.41,99.00
129-04644,2020-06-24 09:50:00,57.79,100.00
129-04644,2020-06-24 10:00:00,59.27,100.00
129-04644,2020-06-24 10:10:00,57.99,100.00
129-04644,2020-06-24 10:20:00,57.60,100.00
129-04644,2020-06-24 10:30:00,61.66,69.60
129-04644,2020-06-24 10:40:00,63.18,83.90
129-04644,2020-06-24 10:50:00,60.42,88.40
129-04644,2020-06-24 11:00:00,59.93,99.20
129-04644,2020-06-24 11:10:00,61.09,99.20
129-04644,2020-06-24 11:20:00,62.47,100.00
129-04644,2020-06-24 11:30:00,61.63,97.50
129-04644,2020-06-24 11:40:00,62.44,93.30
129-04644,2020-06-24 11:50:00,60.09,100.00
129-04644,2020-06-24 12:00:00,59.27,100.00
129-04644,2020-06-24 12:10:00,56.53,100.00
129-04644,2020-06-24 12:20:00,60.96,97.00
129-04644,2020-06-24 12:30:00,58.99,100.00
129-04644,2020-06-24 12:40:00,60.41,87.60
129-04644,2020-06-24 12:50:00,58.24,100.00
129-04644,2020-06-24 13:00:00,60.82,100.00
129-04644,2020-06-24 13:10:00,57.44,100.00
129-04644,2020-06-24 13:20:00,60.17,100.00
129-04644,2020-06-24 13:30:00,57.44,100.00
129-04644,2020-06-24 13:40:00,58.84,100.00
129-04644,2020-06-24 13:50:00,59.07,100.00
129-04644,2020-06-24 14:00:00,62.15,85.60
129-04644,2020-06-24 14:10:00,64.39,75.30
129-04644,2020-06-24 14:20:00,62.91,96.40
129-04644,2020-06-24 14:30:00,59.64,100.00
129-04644,2020-06-24 14:40:00,62.39,100.00
129-04644,2020-06-24 14:50:00,62.55,100.00
129-04644,2020-06-24 15:00:00,59.39,100.00
129-04644,2020-06-24 15:10:00,58.96,100.00
129-04644,2020-06-24 15:20:00,62.69,97.60
129-04644,2020-06-24 15:30:00,66.49,100.00
129-04644,2020-06-24 15:40:00,63.26,100.00
129-04644,2020-06-24 15:50:00,65.32,94.70
129-04644,2020-06-24 16:00:00,60.67,100.00
129-04644,2020-06-24 16:10:00,62.59,100.00
129-04644,2020-06-24 16:20:00,61.17,100.00
129-04644,2020-06-24 16:30:00,60.55,100.00
129-04644,2020-06-24 16:40:00,58.74,100.00
129-04644,2020-06-24 16:50:00,61.14,100.00
129-04644,2020-06-24 17:00:00,67.38,81.60
129-04644,2020-06-24 17:10:00,65.26,89.10
129-04644,2020-06-24 17:20:00,64.57,95.70
129-04644,2020-06-24 17:30:00,61.39,100.00
129-04644,2020-06-24 17:40:00,58.68,100.00
129-04644,2020-06-24 17:50:00,61.78,100.00
129-04644,2020-06-24 18:00:00,60.14,100.00
129-04644,2020-06-24 18:10:00,55.19,62.20
129-04644,2020-06-24 18:20:00,62.98,90.10
129-04644,2020-06-24 18:30:00,61.95,100.00
129-04644,2020-06-24 18:40:00,64.35,76.10
129-04644,2020-06-24 18:50:00,71.63,31.40
129-04644,2020-06-24 19:00:00,62.73,100.00
129-04644,2020-06-24 19:10:00,61.69,100.00
129-04644,2020-06-24 19:20:00,59.69,100.00
129-04644,2020-06-24 19:30:00,62.47,100.00
129-04644,2020-06-24 19:40:00,63.71,73.80
129-04644,2020-06-24 19:50:00,58.65,100.00
129-04644,2020-06-24 20:00:00,62.27,91.40
129-04644,2020-06-24 20:10:00,64.68,74.20
129-04644,2020-06-24 20:20:00,69.92,37.50
129-04644,2020-06-24 20:30:00,62.39,63.60
129-04644,2020-06-24 20:40:00,58.39,100.00
129-04644,2020-06-24 20:50:00,64.17,100.00
129-04644,2020-06-24 21:00:00,59.97,100.00
129-04644,2020-06-24 21:10:00,60.55,100.00
129-04644,2020-06-24 21:20:00,60.34,99.50
129-04644,2020-06-24 21:30:00,53.00,100.00
129-04644,2020-06-24 21:40:00,61.23,62.00
129-04644,2020-06-24 21:50:00,62.40,77.70
129-04644,2020-06-24 22:00:00,63.43,83.56
129-04644,2020-06-24 22:10:00,61.39,97.40
129-04644,2020-06-24 22:20:00,61.98,98.70
129-04644,2020-06-24 22:30:00,63.00,99.25
129-04644,2020-06-24 22:40:00,64.64,93.25
129-04644,2020-06-24 22:50:00,60.44,92.00
129-04644,2020-06-24 23:00:00,48.00,51.00
129-04644,2020-06-24 23:10:00,48.00,25.60
129-04644,2020-06-24 23:20:00,50.94,77.25
129-04644,2020-06-24 23:30:00,52.00,94.25
129-04644,2020-06-24 23:40:00,55.25,81.75
129-04644,2020-06-24 23:50:00,58.77,39.30
129-04641,2020-06-24 00:00:00,21.58,94.40
129-04641,2020-06-24 00:10:00,15.00,97.80
129-04641,2020-06-24 00:20:00,20.37,13.83
129-04641,2020-06-24 00:30:00,12.27,37.86
129-04641,2020-06-24 00:40:00,,
129-04641,2020-06-24 00:50:00,33.00,
129-04641,2020-06-24 01:00:00,37.10,28.00
129-04641,2020-06-24 01:10:00,57.00,46.00
129-04641,2020-06-24 01:20:00,,
129-04641,2020-06-24 01:30:00,35.73,14.17
129-04641,2020-06-24 01:40:00,61.00,88.90
129-04641,2020-06-24 01:50:00,61.50,91.00
129-04641,2020-06-24 02:00:00,,
129-04641,2020-06-24 02:10:00,31.40,
129-04641,2020-06-24 02:20:00,38.32,65.20
129-04641,2020-06-24 02:30:00,63.00,92.17
129-04641,2020-06-24 02:40:00,,
129-04641,2020-06-24 02:50:00,32.33,84.40
129-04641,2020-06-24 03:00:00,21.76,76.00
129-04641,2020-06-24 03:10:00,63.80,87.60
129-04641,2020-06-24 03:20:00,64.00,88.57
129-04641,2020-06-24 03:30:00,67.00,69.00
129-04641,2020-06-24 03:40:00,15.00,22.00
129-04641,2020-06-24 03:50:00,15.00,29.00
129-04641,2020-06-24 04:00:00,15.00,73.00
129-04641,2020-06-24 04:10:00,15.00,85.00
129-04641,2020-06-24 04:20:00,27.28,53.44
129-04641,2020-06-24 04:30:00,65.18,43.40
129-04641,2020-06-24 04:40:00,70.44,60.90
129-04641,2020-06-24 04:50:00,67.94,82.70
129-04641,2020-06-24 05:00:00,66.69,96.20
129-04641,2020-06-24 05:10:00,69.75,95.70
129-04641,2020-06-24 05:20:00,71.77,84.60
129-04641,2020-06-24 05:30:00,69.44,93.90
129-04641,2020-06-24 05:40:00,69.53,92.70
129-04641,2020-06-24 05:50:00,68.87,100.00
129-04641,2020-06-24 06:00:00,69.86,99.70
129-04641,2020-06-24 06:10:00,71.09,100.00
129-04641,2020-06-24 06:20:00,64.20,100.00
129-04641,2020-06-24 06:30:00,64.27,100.00
129-04641,2020-06-24 06:40:00,67.18,99.80
129-04641,2020-06-24 06:50:00,66.86,99.60
129-04641,2020-06-24 07:00:00,67.19,99.50
129-04641,2020-06-24 07:10:00,67.79,93.20
129-04641,2020-06-24 07:20:00,65.69,99.40
129-04641,2020-06-24 07:30:00,67.82,85.50
129-04641,2020-06-24 07:40:00,66.98,99.60
129-04641,2020-06-24 07:50:00,64.35,100.00
129-04641,2020-06-24 08:00:00,66.59,99.30
129-04641,2020-06-24 08:10:00,66.38,99.80
129-04641,2020-06-24 08:20:00,66.39,99.30
129-04641,2020-06-24 08:30:00,63.64,77.90
129-04641,2020-06-24 08:40:00,68.73,94.30
129-04641,2020-06-24 08:50:00,69.44,96.10
129-04641,2020-06-24 09:00:00,69.82,92.20
129-04641,2020-06-24 09:10:00,65.05,98.30
129-04641,2020-06-24 09:20:00,66.86,100.00
129-04641,2020-06-24 09:30:00,62.28,99.80
129-04641,2020-06-24 09:40:00,62.87,88.00
129-04641,2020-06-24 09:50:00,66.59,98.80
129-04641,2020-06-24 10:00:00,66.47,93.30
129-04641,2020-06-24 10:10:00,65.09,97.90
129-04641,2020-06-24 10:20:00,63.49,99.90
129-04641,2020-06-24 10:30:00,64.56,92.90
129-04641,2020-06-24 10:40:00,67.68,84.20
129-04641,2020-06-24 10:50:00,64.27,99.90
129-04641,2020-06-24 11:00:00,66.68,95.00
129-04641,2020-06-24 11:10:00,65.59,99.80
129-04641,2020-06-24 11:20:00,65.40,99.90
129-04641,2020-06-24 11:30:00,62.92,99.60
129-04641,2020-06-24 11:40:00,61.30,100.00
129-04641,2020-06-24 11:50:00,61.46,99.00
129-04641,2020-06-24 12:00:00,63.68,99.40
129-04641,2020-06-24 12:10:00,63.11,90.80
129-04641,2020-06-24 12:20:00,66.64,95.50
129-04641,2020-06-24 12:30:00,67.49,90.60
129-04641,2020-06-24 12:40:00,65.98,96.70
129-04641,2020-06-24 12:50:00,66.42,88.60
129-04641,2020-06-24 13:00:00,63.01,100.00
129-04641,2020-06-24 13:10:00,62.56,99.90
129-04641,2020-06-24 13:20:00,65.69,98.10
129-04641,2020-06-24 13:30:00,64.50,93.80
129-04641,2020-06-24 13:40:00,66.19,89.20
129-04641,2020-06-24 13:50:00,63.78,96.20
129-04641,2020-06-24 14:00:00,63.10,94.30
129-04641,2020-06-24 14:10:00,68.35,73.70
129-04641,2020-06-24 14:20:00,66.16,95.40
129-04641,2020-06-24 14:30:00,64.69,100.00
129-04641,2020-06-24 14:40:00,66.94,98.20
129-04641,2020-06-24 14:50:00,64.73,93.50
129-04641,2020-06-24 15:00:00,66.30,95.00
129-04641,2020-06-24 15:10:00,68.99,88.00
129-04641,2020-06-24 15:20:00,66.96,94.50
129-04641,2020-06-24 15:30:00,63.33,99.90
129-04641,2020-06-24 15:40:00,65.99,100.00
129-04641,2020-06-24 15:50:00,69.93,88.60
129-04641,2020-06-24 16:00:00,69.72,78.70
129-04641,2020-06-24 16:10:00,65.49,99.30
129-04641,2020-06-24 16:20:00,66.28,99.10
129-04641,2020-06-24 16:30:00,68.40,97.50
129-04641,2020-06-24 16:40:00,65.88,97.60
129-04641,2020-06-24 16:50:00,69.88,80.30
129-04641,2020-06-24 17:00:00,72.58,67.10
129-04641,2020-06-24 17:10:00,71.77,87.00
129-04641,2020-06-24 17:20:00,71.99,96.80
129-04641,2020-06-24 17:30:00,70.10,93.10
129-04641,2020-06-24 17:40:00,67.11,94.40
129-04641,2020-06-24 17:50:00,64.16,96.40
129-04641,2020-06-24 18:00:00,68.68,88.40
129-04641,2020-06-24 18:10:00,66.14,94.20
129-04641,2020-06-24 18:20:00,70.58,74.30
129-04641,2020-06-24 18:30:00,68.58,98.10
129-04641,2020-06-24 18:40:00,67.90,99.90
129-04641,2020-06-24 18:50:00,71.95,83.70
129-04641,2020-06-24 19:00:00,67.56,93.90
129-04641,2020-06-24 19:10:00,65.20,100.00
129-04641,2020-06-24 19:20:00,63.39,100.00
129-04641,2020-06-24 19:30:00,62.08,80.10
129-04641,2020-06-24 19:40:00,64.98,62.50
129-04641,2020-06-24 19:50:00,69.32,73.30
129-04641,2020-06-24 20:00:00,66.27,98.40
129-04641,2020-06-24 20:10:00,67.19,100.00
129-04641,2020-06-24 20:20:00,70.70,68.30
129-04641,2020-06-24 20:30:00,71.34,73.11
129-04641,2020-06-24 20:40:00,65.00,86.70
129-04641,2020-06-24 20:50:00,66.83,94.20
129-04641,2020-06-24 21:00:00,65.41,98.70
129-04641,2020-06-24 21:10:00,62.50,100.00
129-04641,2020-06-24 21:20:00,61.50,93.50
129-04641,2020-06-24 21:30:00,65.00,100.00
129-04641,2020-06-24 21:40:00,66.47,84.10
129-04641,2020-06-24 21:50:00,69.68,49.20
129-04641,2020-06-24 22:00:00,69.13,62.30
129-04641,2020-06-24 22:10:00,63.89,99.80
129-04641,2020-06-24 22:20:00,65.69,98.30
129-04641,2020-06-24 22:30:00,65.00,99.30
129-04641,2020-06-24 22:40:00,66.18,98.71
129-04641,2020-06-24 22:50:00,62.49,99.90
129-04641,2020-06-24 23:00:00,57.00,67.25
129-04641,2020-06-24 23:10:00,58.11,78.00
129-04641,2020-06-24 23:20:00,58.00,86.00
129-04641,2020-06-24 23:30:00,58.65,95.33
129-04641,2020-06-24 23:40:00,58.00,99.00
129-04641,2020-06-24 23:50:00,58.57,91.60
129-04400,2020-06-24 00:00:00,79.00,54.00
129-04400,2020-06-24 00:10:00,68.00,84.00
129-04400,2020-06-24 00:20:00,68.00,99.30
129-04400,2020-06-24 00:30:00,,
129-04400,2020-06-24 00:40:00,60.00,
129-04400,2020-06-24 00:50:00,60.00,
129-04400,2020-06-24 01:00:00,60.00,
129-04400,2020-06-24 01:10:00,60.00,
129-04400,2020-06-24 01:20:00,61.59,100.00
129-04400,2020-06-24 01:30:00,62.00,100.00
129-04400,2020-06-24 01:40:00,,
129-04400,2020-06-24 01:50:00,58.00,
129-04400,2020-06-24 02:00:00,55.87,
129-04400,2020-06-24 02:10:00,53.92,
129-04400,2020-06-24 02:20:00,50.00,
129-04400,2020-06-24 02:30:00,50.00,
129-04400,2020-06-24 02:40:00,50.39,
129-04400,2020-06-24 02:50:00,52.00,
129-04400,2020-06-24 03:00:00,52.70,
129-04400,2020-06-24 03:10:00,54.53,100.00
129-04400,2020-06-24 03:20:00,57.00,100.00
129-04400,2020-06-24 03:30:00,61.18,92.80
129-04400,2020-06-24 03:40:00,61.97,93.22
129-04400,2020-06-24 03:50:00,62.76,94.10
129-04400,2020-06-24 04:00:00,60.78,99.60
129-04400,2020-06-24 04:10:00,,
129-04400,2020-06-24 04:20:00,,
129-04400,2020-06-24 04:30:00,,
129-04400,2020-06-24 04:40:00,62.00,100.00
129-04400,2020-06-24 04:50:00,62.49,94.60
129-04400,2020-06-24 05:00:00,62.88,78.80
129-04400,2020-06-24 05:10:00,69.66,63.20
129-04400,2020-06-24 05:20:00,63.96,95.00
129-04400,2020-06-24 05:30:00,65.07,96.60
129-04400,2020-06-24 05:40:00,66.99,95.20
129-04400,2020-06-24 05:50:00,73.71,43.40
129-04400,2020-06-24 06:00:00,65.84,100.00
129-04400,2020-06-24 06:10:00,65.86,98.70
129-04400,2020-06-24 06:20:00,67.69,99.10
129-04400,2020-06-24 06:30:00,65.18,100.00
129-04400,2020-06-24 06:40:00,65.19,100.00
129-04400,2020-06-24 06:50:00,63.71,100.00
129-04400,2020-06-24 07:00:00,65.18,100.00
129-04400,2020-06-24 07:10:00,67.21,85.00
129-04400,2020-06-24 07:20:00,64.32,97.80
129-04400,2020-06-24 07:30:00,63.19,100.00
129-04400,2020-06-24 07:40:00,62.38,100.00
129-04400,2020-06-24 07:50:00,64.08,97.90
129-04400,2020-06-24 08:00:00,66.49,73.80
129-04400,2020-06-24 08:10:00,63.05,97.40
129-04400,2020-06-24 08:20:00,66.24,88.20
129-04400,2020-06-24 08:30:00,67.87,87.70
129-04400,2020-06-24 08:40:00,63.28,98.60
129-04400,2020-06-24 08:50:00,64.80,99.60
129-04400,2020-06-24 09:00:00,65.19,96.30
129-04400,2020-06-24 09:10:00,63.88,98.90
129-04400,2020-06-24 09:20:00,62.57,100.00
129-04400,2020-06-24 09:30:00,62.95,99.40
129-04400,2020-06-24 09:40:00,61.79,100.00
129-04400,2020-06-24 09:50:00,62.58,99.30
129-04400,2020-06-24 10:00:00,65.48,91.10
129-04400,2020-06-24 10:10:00,62.68,93.20
129-04400,2020-06-24 10:20:00,60.76,100.00
129-04400,2020-06-24 10:30:00,62.99,100.00
129-04400,2020-06-24 10:40:00,63.98,100.00
129-04400,2020-06-24 10:50:00,66.87,83.40
129-04400,2020-06-24 11:00:00,65.89,99.10
129-04400,2020-06-24 11:10:00,63.38,99.20
129-04400,2020-06-24 11:20:00,62.00,100.00
129-04400,2020-06-24 11:30:00,61.78,100.00
129-04400,2020-06-24 11:40:00,62.80,100.00
129-04400,2020-06-24 11:50:00,64.48,93.10
129-04400,2020-06-24 12:00:00,65.99,84.60
129-04400,2020-06-24 12:10:00,60.25,100.00
129-04400,2020-06-24 12:20:00,62.60,100.00
129-04400,2020-06-24 12:30:00,64.28,100.00
129-04400,2020-06-24 12:40:00,64.50,90.60
129-04400,2020-06-24 12:50:00,65.13,85.80
129-04400,2020-06-24 13:00:00,63.44,98.70
129-04400,2020-06-24 13:10:00,62.50,100.00
129-04400,2020-06-24 13:20:00,65.03,90.30
129-04400,2020-06-24 13:30:00,66.80,88.10
129-04400,2020-06-24 13:40:00,62.29,100.00
129-04400,2020-06-24 13:50:00,64.69,100.00
129-04400,2020-06-24 14:00:00,65.78,85.60
129-04400,2020-06-24 14:10:00,66.54,72.60
129-04400,2020-06-24 14:20:00,65.07,100.00
129-04400,2020-06-24 14:30:00,65.06,98.30
129-04400,2020-06-24 14:40:00,64.13,91.50
129-04400,2020-06-24 14:50:00,63.34,94.30
129-04400,2020-06-24 15:00:00,64.47,98.30
129-04400,2020-06-24 15:10:00,62.19,100.00
129-04400,2020-06-24 15:20:00,60.57,100.00
129-04400,2020-06-24 15:30:00,60.62,100.00
129-04400,2020-06-24 15:40:00,61.54,100.00
129-04400,2020-06-24 15:50:00,61.67,87.14
129-04400,2020-06-24 16:00:00,59.40,100.00
129-04400,2020-06-24 16:10:00,64.69,100.00
129-04400,2020-06-24 16:20:00,63.58,100.00
129-04400,2020-06-24 16:30:00,61.15,100.00
129-04400,2020-06-24 16:40:00,66.55,72.20
129-04400,2020-06-24 16:50:00,65.25,100.00
129-04400,2020-06-24 17:00:00,62.48,100.00
129-04400,2020-06-24 17:10:00,60.30,100.00
129-04400,2020-06-24 17:20:00,66.58,78.00
129-04400,2020-06-24 17:30:00,64.58,97.50
129-04400,2020-06-24 17:40:00,62.37,91.60
129-04400,2020-06-24 17:50:00,65.78,91.70
129-04400,2020-06-24 18:00:00,65.10,98.00
129-04400,2020-06-24 18:10:00,64.58,99.40
129-04400,2020-06-24 18:20:00,63.14,96.80
129-04400,2020-06-24 18:30:00,65.79,90.50
129-04400,2020-06-24 18:40:00,69.36,86.40
129-04400,2020-06-24 18:50:00,66.62,90.90
129-04400,2020-06-24 19:00:00,65.10,96.40
129-04400,2020-06-24 19:10:00,63.48,100.00
129-04400,2020-06-24 19:20:00,68.00,97.30
129-04400,2020-06-24 19:30:00,64.72,99.75
129-04400,2020-06-24 19:40:00,69.29,60.90
129-04400,2020-06-24 19:50:00,63.79,100.00
129-04400,2020-06-24 20:00:00,65.00,100.00
129-04400,2020-06-24 20:10:00,56.77,45.56
129-04400,2020-06-24 20:20:00,62.96,100.00
129-04400,2020-06-24 20:30:00,66.19,79.30
129-04400,2020-06-24 20:40:00,65.08,93.10
129-04400,2020-06-24 20:50:00,63.66,100.00
129-04400,2020-06-24 21:00:00,29.00,43.00
129-04400,2020-06-24 21:10:00,45.63,81.75
129-04400,2020-06-24 21:20:00,54.98,95.10
129-04400,2020-06-24 21:30:00,59.42,99.63
129-04400,2020-06-24 21:40:00,57.45,100.00
129-04400,2020-06-24 21:50:00,55.00,100.00
129-04400,2020-06-24 22:00:00,57.47,100.00
129-04400,2020-06-24 22:10:00,55.00,100.00
129-04400,2020-06-24 22:20:00,,
129-04400,2020-06-24 22:30:00,55.47,97.00
129-04400,2020-06-24 22:40:00,64.00,83.90
129-04400,2020-06-24 22:50:00,64.00,93.50
129-04400,2020-06-24 23:00:00,67.20,80.80
129-04400,2020-06-24 23:10:00,68.00,93.67
129-04400,2020-06-24 23:20:00,,
129-04400,2020-06-24 23:30:00,60.00,
129-04400,2020-06-24 23:40:00,60.00,
129-04400,2020-06-24 23:50:00,60.00,
129-04642,2020-06-24 00:00:00,59.71,85.14
129-04642,2020-06-24 00:10:00,60.00,91.00
129-04642,2020-06-24 00:20:00,54.83,71.60
129-04642,2020-06-24 00:30:00,59.21,85.14
129-04642,2020-06-24 00:40:00,,
129-04642,2020-06-24 00:50:00,48.00,
129-04642,2020-06-24 01:00:00,54.14,99.29
129-04642,2020-06-24 01:10:00,57.00,98.80
129-04642,2020-06-24 01:20:00,,
129-04642,2020-06-24 01:30:00,57.00,99.00
129-04642,2020-06-24 01:40:00,57.20,100.00
129-04642,2020-06-24 01:50:00,60.00,93.00
129-04642,2020-06-24 02:00:00,,
129-04642,2020-06-24 02:10:00,,
129-04642,2020-06-24 02:20:00,62.80,64.80
129-04642,2020-06-24 02:30:00,63.00,87.00
129-04642,2020-06-24 02:40:00,70.00,52.75
129-04642,2020-06-24 02:50:00,61.10,73.50
129-04642,2020-06-24 03:00:00,,
129-04642,2020-06-24 03:10:00,70.48,54.67
129-04642,2020-06-24 03:20:00,71.00,70.00
129-04642,2020-06-24 03:30:00,71.00,88.00
129-04642,2020-06-24 03:40:00,63.00,41.00
129-04642,2020-06-24 03:50:00,63.00,44.63
129-04642,2020-06-24 04:00:00,75.00,28.75
129-04642,2020-06-24 04:10:00,69.11,88.22
129-04642,2020-06-24 04:20:00,66.57,91.90
129-04642,2020-06-24 04:30:00,63.87,80.50
129-04642,2020-06-24 04:40:00,73.93,49.20
129-04642,2020-06-24 04:50:00,74.57,57.80
129-04642,2020-06-24 05:00:00,67.32,98.60
129-04642,2020-06-24 05:10:00,68.92,98.30
129-04642,2020-06-24 05:20:00,70.50,100.00
129-04642,2020-06-24 05:30:00,67.99,100.00
129-04642,2020-06-24 05:40:00,67.68,100.00
129-04642,2020-06-24 05:50:00,67.97,100.00
129-04642,2020-06-24 06:00:00,69.39,100.00
129-04642,2020-06-24 06:10:00,69.40,100.00
129-04642,2020-06-24 06:20:00,63.47,100.00
129-04642,2020-06-24 06:30:00,63.59,100.00
129-04642,2020-06-24 06:40:00,64.48,100.00
129-04642,2020-06-24 06:50:00,65.03,100.00
129-04642,2020-06-24 07:00:00,64.88,100.00
129-04642,2020-06-24 07:10:00,66.14,93.40
129-04642,2020-06-24 07:20:00,66.17,100.00
129-04642,2020-06-24 07:30:00,66.06,99.30
129-04642,2020-06-24 07:40:00,66.19,100.00
129-04642,2020-06-24 07:50:00,68.21,92.10
129-04642,2020-06-24 08:00:00,68.57,100.00
129-04642,2020-06-24 08:10:00,66.69,100.00
129-04642,2020-06-24 08:20:00,65.65,100.00
129-04642,2020-06-24 08:30:00,62.72,100.00
129-04642,2020-06-24 08:40:00,68.83,100.00
129-04642,2020-06-24 08:50:00,67.42,100.00
129-04642,2020-06-24 09:00:00,68.31,100.00
129-04642,2020-06-24 09:10:00,65.19,100.00
129-04642,2020-06-24 09:20:00,65.76,100.00
129-04642,2020-06-24 09:30:00,62.59,100.00
129-04642,2020-06-24 09:40:00,63.73,99.10
129-04642,2020-06-24 09:50:00,62.20,100.00
129-04642,2020-06-24 10:00:00,64.59,98.90
129-04642,2020-06-24 10:10:00,64.24,95.50
129-04642,2020-06-24 10:20:00,64.29,99.30
129-04642,2020-06-24 10:30:00,67.85,74.70
129-04642,2020-06-24 10:40:00,69.89,70.60
129-04642,2020-06-24 10:50:00,69.29,89.60
129-04642,2020-06-24 11:00:00,63.66,100.00
129-04642,2020-06-24 11:10:00,63.23,100.00
129-04642,2020-06-24 11:20:00,67.88,100.00
129-04642,2020-06-24 11:30:00,64.90,96.50
129-04642,2020-06-24 11:40:00,64.88,100.00
129-04642,2020-06-24 11:50:00,65.03,100.00
129-04642,2020-06-24 12:00:00,61.39,100.00
129-04642,2020-06-24 12:10:00,67.70,100.00
129-04642,2020-06-24 12:20:00,67.09,95.00
129-04642,2020-06-24 12:30:00,65.59,99.60
129-04642,2020-06-24 12:40:00,67.35,97.40
129-04642,2020-06-24 12:50:00,69.47,86.80
129-04642,2020-06-24 13:00:00,65.35,100.00
129-04642,2020-06-24 13:10:00,66.40,95.60
129-04642,2020-06-24 13:20:00,64.64,100.00
129-04642,2020-06-24 13:30:00,65.61,87.10
129-04642,2020-06-24 13:40:00,66.68,96.30
129-04642,2020-06-24 13:50:00,63.95,100.00
129-04642,2020-06-24 14:00:00,63.77,95.40
129-04642,2020-06-24 14:10:00,69.47,90.90
129-04642,2020-06-24 14:20:00,67.49,100.00
129-04642,2020-06-24 14:30:00,66.45,100.00
129-04642,2020-06-24 14:40:00,67.12,100.00
129-04642,2020-06-24 14:50:00,68.76,94.40
129-04642,2020-06-24 15:00:00,66.19,100.00
129-04642,2020-06-24 15:10:00,69.39,100.00
129-04642,2020-06-24 15:20:00,69.12,99.60
129-04642,2020-06-24 15:30:00,66.70,100.00
129-04642,2020-06-24 15:40:00,70.60,100.00
129-04642,2020-06-24 15:50:00,71.43,99.80
129-04642,2020-06-24 16:00:00,68.35,98.80
129-04642,2020-06-24 16:10:00,67.97,99.00
129-04642,2020-06-24 16:20:00,67.98,100.00
129-04642,2020-06-24 16:30:00,71.00,96.40
129-04642,2020-06-24 16:40:00,62.87,100.00
129-04642,2020-06-24 16:50:00,68.19,95.70
129-04642,2020-06-24 17:00:00,71.61,74.10
129-04642,2020-06-24 17:10:00,71.95,88.80
129-04642,2020-06-24 17:20:00,70.09,98.60
129-04642,2020-06-24 17:30:00,66.38,96.50
129-04642,2020-06-24 17:40:00,67.61,93.10
129-04642,2020-06-24 17:50:00,68.72,94.00
129-04642,2020-06-24 18:00:00,67.03,94.50
129-04642,2020-06-24 18:10:00,62.93,93.70
129-04642,2020-06-24 18:20:00,69.13,89.00
129-04642,2020-06-24 18:30:00,69.73,100.00
129-04642,2020-06-24 18:40:00,70.05,84.50
129-04642,2020-06-24 18:50:00,72.16,90.60
129-04642,2020-06-24 19:00:00,69.08,98.70
129-04642,2020-06-24 19:10:00,65.38,100.00
129-04642,2020-06-24 19:20:00,63.99,100.00
129-04642,2020-06-24 19:30:00,62.99,100.00
129-04642,2020-06-24 19:40:00,70.83,47.60
129-04642,2020-06-24 19:50:00,69.29,84.30
129-04642,2020-06-24 20:00:00,65.33,97.50
129-04642,2020-06-24 20:10:00,67.34,97.70
129-04642,2020-06-24 20:20:00,61.48,100.00
129-04642,2020-06-24 20:30:00,62.81,93.20
129-04642,2020-06-24 20:40:00,60.49,100.00
129-04642,2020-06-24 20:50:00,66.06,100.00
129-04642,2020-06-24 21:00:00,65.07,95.30
129-04642,2020-06-24 21:10:00,63.70,100.00
129-04642,2020-06-24 21:20:00,63.00,100.00
129-04642,2020-06-24 21:30:00,66.78,87.50
129-04642,2020-06-24 21:40:00,69.71,62.60
129-04642,2020-06-24 21:50:00,67.58,91.50
129-04642,2020-06-24 22:00:00,67.84,81.30
129-04642,2020-06-24 22:10:00,62.68,95.80
129-04642,2020-06-24 22:20:00,63.87,99.70
129-04642,2020-06-24 22:30:00,66.00,99.80
129-04642,2020-06-24 22:40:00,69.81,62.25
129-04642,2020-06-24 22:50:00,64.21,74.50
129-04642,2020-06-24 23:00:00,55.00,39.50
129-04642,2020-06-24 23:10:00,55.90,45.30
129-04642,2020-06-24 23:20:00,56.69,76.57
129-04642,2020-06-24 23:30:00,58.00,94.17
129-04642,2020-06-24 23:40:00,57.00,97.00
129-04642,2020-06-24 23:50:00,59.16,90.00
129-04640,2020-06-24 00:00:00,58.61,76.50
129-04640,2020-06-24 00:10:00,62.00,88.25
129-04640,2020-06-24 00:20:00,47.75,65.50
129-04640,2020-06-24 00:30:00,35.97,29.60
129-04640,2020-06-24 00:40:00,27.00,11.00
129-04640,2020-06-24 00:50:00,,
129-04640,2020-06-24 01:00:00,31.94,65.50
129-04640,2020-06-24 01:10:00,58.00,55.00
129-04640,2020-06-24 01:20:00,60.00,42.00
129-04640,2020-06-24 01:30:00,60.89,74.67
129-04640,2020-06-24 01:40:00,63.00,75.88
129-04640,2020-06-24 01:50:00,63.25,82.75
129-04640,2020-06-24 02:00:00,,
129-04640,2020-06-24 02:10:00,24.00,
129-04640,2020-06-24 02:20:00,28.55,44.50
129-04640,2020-06-24 02:30:00,52.13,88.00
129-04640,2020-06-24 02:40:00,67.99,22.40
129-04640,2020-06-24 02:50:00,70.00,38.25
129-04640,2020-06-24 03:00:00,17.68,39.00
129-04640,2020-06-24 03:10:00,24.47,46.00
129-04640,2020-06-24 03:20:00,70.00,61.40
129-04640,2020-06-24 03:30:00,68.00,76.00
129-04640,2020-06-24 03:40:00,65.27,76.00
129-04640,2020-06-24 03:50:00,60.00,92.00
129-04640,2020-06-24 04:00:00,70.14,84.22
129-04640,2020-06-24 04:10:00,71.98,73.10
129-04640,2020-06-24 04:20:00,67.62,72.80
129-04640,2020-06-24 04:30:00,63.40,59.30
129-04640,2020-06-24 04:40:00,69.06,66.86
129-04640,2020-06-24 04:50:00,73.71,62.70
129-04640,2020-06-24 05:00:00,72.36,76.60
129-04640,2020-06-24 05:10:00,69.07,99.10
129-04640,2020-06-24 05:20:00,71.36,98.20
129-04640,2020-06-24 05:30:00,70.59,99.30
129-04640,2020-06-24 05:40:00,70.59,99.70
129-04640,2020-06-24 05:50:00,70.39,100.00
129-04640,2020-06-24 06:00:00,69.48,99.70
129-04640,2020-06-24 06:10:00,70.00,100.00
129-04640,2020-06-24 06:20:00,66.33,100.00
129-04640,2020-06-24 06:30:00,64.90,100.00
129-04640,2020-06-24 06:40:00,67.78,99.80
129-04640,2020-06-24 06:50:00,69.48,99.60
129-04640,2020-06-24 07:00:00,67.19,99.50
129-04640,2020-06-24 07:10:00,71.24,80.30
129-04640,2020-06-24 07:20:00,69.67,93.30
129-04640,2020-06-24 07:30:00,67.52,94.10
129-04640,2020-06-24 07:40:00,72.29,98.20
129-04640,2020-06-24 07:50:00,67.78,98.30
129-04640,2020-06-24 08:00:00,70.37,98.40
129-04640,2020-06-24 08:10:00,68.12,99.80
129-04640,2020-06-24 08:20:00,65.50,99.70
129-04640,2020-06-24 08:30:00,65.15,98.90
129-04640,2020-06-24 08:40:00,66.19,97.50
129-04640,2020-06-24 08:50:00,66.98,97.00
129-04640,2020-06-24 09:00:00,69.48,90.90
129-04640,2020-06-24 09:10:00,66.47,95.40
129-04640,2020-06-24 09:20:00,66.68,99.10
129-04640,2020-06-24 09:30:00,65.69,99.80
129-04640,2020-06-24 09:40:00,65.35,100.00
129-04640,2020-06-24 09:50:00,67.28,98.80
129-04640,2020-06-24 10:00:00,65.30,99.50
129-04640,2020-06-24 10:10:00,65.77,95.20
129-04640,2020-06-24 10:20:00,62.69,100.00
129-04640,2020-06-24 10:30:00,64.19,99.20
129-04640,2020-06-24 10:40:00,65.58,86.80
129-04640,2020-06-24 10:50:00,67.25,88.30
129-04640,2020-06-24 11:00:00,67.32,87.70
129-04640,2020-06-24 11:10:00,65.68,99.60
129-04640,2020-06-24 11:20:00,65.69,100.00
129-04640,2020-06-24 11:30:00,65.90,99.80
129-04640,2020-06-24 11:40:00,65.57,96.50
129-04640,2020-06-24 11:50:00,63.57,99.00
129-04640,2020-06-24 12:00:00,62.29,99.70
129-04640,2020-06-24 12:10:00,65.00,87.00
129-04640,2020-06-24 12:20:00,65.19,99.60
129-04640,2020-06-24 12:30:00,66.79,89.30
129-04640,2020-06-24 12:40:00,67.77,83.00
129-04640,2020-06-24 12:50:00,71.57,86.30
129-04640,2020-06-24 13:00:00,66.95,99.10
129-04640,2020-06-24 13:10:00,63.10,99.40
129-04640,2020-06-24 13:20:00,66.06,100.00
129-04640,2020-06-24 13:30:00,63.67,92.00
129-04640,2020-06-24 13:40:00,66.89,92.50
129-04640,2020-06-24 13:50:00,63.75,97.70
129-04640,2020-06-24 14:00:00,60.69,98.50
129-04640,2020-06-24 14:10:00,68.27,59.20
129-04640,2020-06-24 14:20:00,67.71,79.40
129-04640,2020-06-24 14:30:00,67.58,100.00
129-04640,2020-06-24 14:40:00,67.48,100.00
129-04640,2020-06-24 14:50:00,66.36,94.10
129-04640,2020-06-24 15:00:00,63.47,95.60
129-04640,2020-06-24 15:10:00,68.16,93.40
129-04640,2020-06-24 15:20:00,69.36,86.20
129-04640,2020-06-24 15:30:00,66.76,95.50
129-04640,2020-06-24 15:40:00,68.87,100.00
129-04640,2020-06-24 15:50:00,67.29,99.60
129-04640,2020-06-24 16:00:00,69.38,95.30
129-04640,2020-06-24 16:10:00,64.88,99.90
129-04640,2020-06-24 16:20:00,67.06,96.60
129-04640,2020-06-24 16:30:00,68.30,99.60
129-04640,2020-06-24 16:40:00,65.36,98.10
129-04640,2020-06-24 16:50:00,66.33,93.00
129-04640,2020-06-24 17:00:00,71.78,82.50
129-04640,2020-06-24 17:10:00,72.57,71.40
129-04640,2020-06-24 17:20:00,69.79,98.20
129-04640,2020-06-24 17:30:00,68.69,97.00
129-04640,2020-06-24 17:40:00,67.98,95.40
129-04640,2020-06-24 17:50:00,71.46,88.70
129-04640,2020-06-24 18:00:00,69.38,97.40
129-04640,2020-06-24 18:10:00,66.43,99.90
129-04640,2020-06-24 18:20:00,71.36,83.60
129-04640,2020-06-24 18:30:00,69.39,99.40
129-04640,2020-06-24 18:40:00,69.79,99.90
129-04640,2020-06-24 18:50:00,72.09,99.40
129-04640,2020-06-24 19:00:00,73.04,90.30
129-04640,2020-06-24 19:10:00,66.76,99.60
129-04640,2020-06-24 19:20:00,65.70,100.00
129-04640,2020-06-24 19:30:00,66.40,99.00
129-04640,2020-06-24 19:40:00,64.79,99.00
129-04640,2020-06-24 19:50:00,67.74,89.60
129-04640,2020-06-24 20:00:00,64.27,98.20
129-04640,2020-06-24 20:10:00,60.53,80.50
129-04640,2020-06-24 20:20:00,67.74,52.60
129-04640,2020-06-24 20:30:00,69.71,55.60
129-04640,2020-06-24 20:40:00,56.94,63.90
129-04640,2020-06-24 20:50:00,60.98,67.00
129-04640,2020-06-24 21:00:00,68.10,90.90
129-04640,2020-06-24 21:10:00,64.11,98.70
129-04640,2020-06-24 21:20:00,48.66,94.38
129-04640,2020-06-24 21:30:00,50.23,97.78
129-04640,2020-06-24 21:40:00,61.79,99.90
129-04640,2020-06-24 21:50:00,63.03,94.00
129-04640,2020-06-24 22:00:00,65.66,76.80
129-04640,2020-06-24 22:10:00,60.49,100.00
129-04640,2020-06-24 22:20:00,64.00,98.00
129-04640,2020-06-24 22:30:00,62.10,100.00
129-04640,2020-06-24 22:40:00,59.61,100.00
129-04640,2020-06-24 22:50:00,59.79,100.00
129-04640,2020-06-24 23:00:00,57.83,77.67
129-04640,2020-06-24 23:10:00,59.09,75.70
129-04640,2020-06-24 23:20:00,55.10,76.00
129-04640,2020-06-24 23:30:00,55.33,81.83
129-04640,2020-06-24 23:40:00,62.00,69.00
129-04640,2020-06-24 23:50:00,58.81,78.70
129-04480,2020-06-24 00:00:00,66.00,65.50
129-04480,2020-06-24 00:10:00,66.00,88.00
129-04480,2020-06-24 00:20:00,62.75,86.75
129-04480,2020-06-24 00:30:00,63.12,93.13
129-04480,2020-06-24 00:40:00,,
129-04480,2020-06-24 00:50:00,,
129-04480,2020-06-24 01:00:00,,
129-04480,2020-06-24 01:10:00,,
129-04480,2020-06-24 01:20:00,68.49,92.75
129-04480,2020-06-24 01:30:00,68.00,100.00
129-04480,2020-06-24 01:40:00,,
129-04480,2020-06-24 01:50:00,60.40,16.00
129-04480,2020-06-24 02:00:00,62.80,43.00
129-04480,2020-06-24 02:10:00,62.00,61.00
129-04480,2020-06-24 02:20:00,,
129-04480,2020-06-24 02:30:00,68.00,
129-04480,2020-06-24 02:40:00,68.00,
129-04480,2020-06-24 02:50:00,58.16,66.33
129-04480,2020-06-24 03:00:00,,
129-04480,2020-06-24 03:10:00,68.00,
129-04480,2020-06-24 03:20:00,68.60,46.00
129-04480,2020-06-24 03:30:00,67.53,84.67
129-04480,2020-06-24 03:40:00,66.75,98.25
129-04480,2020-06-24 03:50:00,,
129-04480,2020-06-24 04:00:00,65.00,86.50
129-04480,2020-06-24 04:10:00,,
129-04480,2020-06-24 04:20:00,71.00,62.00
129-04480,2020-06-24 04:30:00,72.76,68.40
129-04480,2020-06-24 04:40:00,71.94,85.20
129-04480,2020-06-24 04:50:00,78.28,56.00
129-04480,2020-06-24 05:00:00,73.62,73.10
129-04480,2020-06-24 05:10:00,72.79,84.70
129-04480,2020-06-24 05:20:00,72.46,90.80
129-04480,2020-06-24 05:30:00,71.98,100.00
129-04480,2020-06-24 05:40:00,71.49,98.90
129-04480,2020-06-24 05:50:00,72.03,97.30
129-04480,2020-06-24 06:00:00,74.59,94.10
129-04480,2020-06-24 06:10:00,72.08,97.60
129-04480,2020-06-24 06:20:00,70.19,99.50
129-04480,2020-06-24 06:30:00,66.98,100.00
129-04480,2020-06-24 06:40:00,67.19,100.00
129-04480,2020-06-24 06:50:00,66.69,100.00
129-04480,2020-06-24 07:00:00,70.10,100.00
129-04480,2020-06-24 07:10:00,67.29,100.00
129-04480,2020-06-24 07:20:00,65.79,100.00
129-04480,2020-06-24 07:30:00,68.09,100.00
129-04480,2020-06-24 07:40:00,67.38,100.00
129-04480,2020-06-24 07:50:00,67.08,100.00
129-04480,2020-06-24 08:00:00,68.29,99.90
129-04480,2020-06-24 08:10:00,68.56,100.00
129-04480,2020-06-24 08:20:00,69.19,100.00
129-04480,2020-06-24 08:30:00,69.07,99.80
129-04480,2020-06-24 08:40:00,66.15,97.70
129-04480,2020-06-24 08:50:00,67.03,95.00
129-04480,2020-06-24 09:00:00,69.18,94.10
129-04480,2020-06-24 09:10:00,66.07,99.40
129-04480,2020-06-24 09:20:00,63.98,100.00
129-04480,2020-06-24 09:30:00,66.79,100.00
129-04480,2020-06-24 09:40:00,67.55,97.60
129-04480,2020-06-24 09:50:00,68.39,91.50
129-04480,2020-06-24 10:00:00,63.79,100.00
129-04480,2020-06-24 10:10:00,63.60,100.00
129-04480,2020-06-24 10:20:00,67.42,85.90
129-04480,2020-06-24 10:30:00,67.21,90.10
129-04480,2020-06-24 10:40:00,65.00,100.00
129-04480,2020-06-24 10:50:00,65.39,100.00
129-04480,2020-06-24 11:00:00,65.55,96.20
129-04480,2020-06-24 11:10:00,65.37,100.00
129-04480,2020-06-24 11:20:00,67.03,87.80
129-04480,2020-06-24 11:30:00,65.19,100.00
129-04480,2020-06-24 11:40:00,67.18,95.90
129-04480,2020-06-24 11:50:00,65.40,100.00
129-04480,2020-06-24 12:00:00,63.23,100.00
129-04480,2020-06-24 12:10:00,67.08,82.90
129-04480,2020-06-24 12:20:00,65.29,98.00
129-04480,2020-06-24 12:30:00,65.79,100.00
129-04480,2020-06-24 12:40:00,60.32,80.70
129-04480,2020-06-24 12:50:00,57.60,85.20
129-04480,2020-06-24 13:00:00,60.00,81.90
129-04480,2020-06-24 13:10:00,63.00,100.00
129-04480,2020-06-24 13:20:00,62.79,100.00
129-04480,2020-06-24 13:30:00,62.77,100.00
129-04480,2020-06-24 13:40:00,64.34,96.50
129-04480,2020-06-24 13:50:00,66.18,88.20
129-04480,2020-06-24 14:00:00,68.64,72.10
129-04480,2020-06-24 14:10:00,68.45,85.60
129-04480,2020-06-24 14:20:00,69.35,90.40
129-04480,2020-06-24 14:30:00,71.88,100.00
129-04480,2020-06-24 14:40:00,67.02,100.00
129-04480,2020-06-24 14:50:00,69.26,94.40
129-04480,2020-06-24 15:00:00,63.47,100.00
129-04480,2020-06-24 15:10:00,68.41,76.60
129-04480,2020-06-24 15:20:00,67.97,75.60
129-04480,2020-06-24 15:30:00,65.64,98.50
129-04480,2020-06-24 15:40:00,71.48,78.30
129-04480,2020-06-24 15:50:00,68.66,97.40
129-04480,2020-06-24 16:00:00,65.90,100.00
129-04480,2020-06-24 16:10:00,63.55,95.30
129-04480,2020-06-24 16:20:00,68.64,93.60
129-04480,2020-06-24 16:30:00,68.04,81.70
129-04480,2020-06-24 16:40:00,65.40,100.00
129-04480,2020-06-24 16:50:00,64.77,99.40
129-04480,2020-06-24 17:00:00,63.57,98.70
129-04480,2020-06-24 17:10:00,62.93,94.10
129-04480,2020-06-24 17:20:00,64.55,95.50
129-04480,2020-06-24 17:30:00,65.59,100.00
129-04480,2020-06-24 17:40:00,66.68,93.30
129-04480,2020-06-24 17:50:00,65.29,100.00
129-04480,2020-06-24 18:00:00,69.27,58.90
129-04480,2020-06-24 18:10:00,68.14,94.80
129-04480,2020-06-24 18:20:00,63.79,100.00
129-04480,2020-06-24 18:30:00,66.57,100.00
129-04480,2020-06-24 18:40:00,67.28,100.00
129-04480,2020-06-24 18:50:00,67.33,98.90
129-04480,2020-06-24 19:00:00,70.49,100.00
129-04480,2020-06-24 19:10:00,68.95,91.60
129-04480,2020-06-24 19:20:00,67.09,100.00
129-04480,2020-06-24 19:30:00,66.39,100.00
129-04480,2020-06-24 19:40:00,63.87,89.60
129-04480,2020-06-24 19:50:00,66.99,98.80
129-04480,2020-06-24 20:00:00,64.29,100.00
129-04480,2020-06-24 20:10:00,67.24,86.30
129-04480,2020-06-24 20:20:00,64.96,98.40
129-04480,2020-06-24 20:30:00,59.19,55.70
129-04480,2020-06-24 20:40:00,49.77,11.20
129-04480,2020-06-24 20:50:00,52.48,54.25
129-04480,2020-06-24 21:00:00,64.18,100.00
129-04480,2020-06-24 21:10:00,64.88,100.00
129-04480,2020-06-24 21:20:00,66.60,100.00
129-04480,2020-06-24 21:30:00,65.16,84.00
129-04480,2020-06-24 21:40:00,82.00,27.67
129-04480,2020-06-24 21:50:00,79.85,26.33
129-04480,2020-06-24 22:00:00,67.38,90.80
129-04480,2020-06-24 22:10:00,65.83,87.80
129-04480,2020-06-24 22:20:00,63.75,87.50
129-04480,2020-06-24 22:30:00,65.17,93.90
129-04480,2020-06-24 22:40:00,60.20,100.00
129-04480,2020-06-24 22:50:00,,
129-04480,2020-06-24 23:00:00,73.00,
129-04480,2020-06-24 23:10:00,69.82,95.50
129-04480,2020-06-24 23:20:00,57.57,80.20
129-04480,2020-06-24 23:30:00,55.00,71.00
129-04480,2020-06-24 23:40:00,58.00,99.50
129-04480,2020-06-24 23:50:00,58.00,99.33
129N04747,2020-06-24 00:00:00,62.14,79.00
129N04747,2020-06-24 00:10:00,58.40,69.90
129N04747,2020-06-24 00:20:00,59.00,78.00
129N04747,2020-06-24 00:30:00,58.00,95.75
129N04747,2020-06-24 00:40:00,58.00,100.00
129N04747,2020-06-24 00:50:00,,
129N04747,2020-06-24 01:00:00,44.00,65.88
129N04747,2020-06-24 01:10:00,44.00,81.20
129N04747,2020-06-24 01:20:00,,
129N04747,2020-06-24 01:30:00,49.43,95.30
129N04747,2020-06-24 01:40:00,48.43,98.67
129N04747,2020-06-24 01:50:00,,
129N04747,2020-06-24 02:00:00,,
129N04747,2020-06-24 02:10:00,57.00,81.50
129N04747,2020-06-24 02:20:00,57.00,94.00
129N04747,2020-06-24 02:30:00,46.12,75.29
129N04747,2020-06-24 02:40:00,45.09,77.13
129N04747,2020-06-24 02:50:00,,
129N04747,2020-06-24 03:00:00,,
129N04747,2020-06-24 03:10:00,,
129N04747,2020-06-24 03:20:00,51.00,52.50
129N04747,2020-06-24 03:30:00,50.79,84.40
129N04747,2020-06-24 03:40:00,52.21,70.50
129N04747,2020-06-24 03:50:00,63.49,77.63
129N04747,2020-06-24 04:00:00,,
129N04747,2020-06-24 04:10:00,65.00,80.00
129N04747,2020-06-24 04:20:00,63.00,99.25
129N04747,2020-06-24 04:30:00,61.65,99.33
129N04747,2020-06-24 04:40:00,61.13,85.70
129N04747,2020-06-24 04:50:00,62.79,85.70
129N04747,2020-06-24 05:00:00,65.12,68.50
129N04747,2020-06-24 05:10:00,68.74,54.00
129N04747,2020-06-24 05:20:00,73.01,51.50
129N04747,2020-06-24 05:30:00,59.49,100.00
129N04747,2020-06-24 05:40:00,62.67,97.10
129N04747,2020-06-24 05:50:00,53.53,100.00
129N04747,2020-06-24 06:00:00,46.02,99.00
129N04747,2020-06-24 06:10:00,45.64,100.00
129N04747,2020-06-24 06:20:00,51.48,100.00
129N04747,2020-06-24 06:30:00,47.87,100.00
129N04747,2020-06-24 06:40:00,41.12,100.00
129N04747,2020-06-24 06:50:00,38.81,100.00
129N04747,2020-06-24 07:00:00,38.00,100.00
129N04747,2020-06-24 07:10:00,38.49,100.00
129N04747,2020-06-24 07:20:00,42.43,100.00
129N04747,2020-06-24 07:30:00,43.22,100.00
129N04747,2020-06-24 07:40:00,43.89,100.00
129N04747,2020-06-24 07:50:00,42.37,100.00
129N04747,2020-06-24 08:00:00,33.13,100.00
129N04747,2020-06-24 08:10:00,28.82,100.00
129N04747,2020-06-24 08:20:00,33.14,100.00
129N04747,2020-06-24 08:30:00,32.11,100.00
129N04747,2020-06-24 08:40:00,42.35,100.00
129N04747,2020-06-24 08:50:00,32.28,95.60
129N04747,2020-06-24 09:00:00,31.11,96.00
129N04747,2020-06-24 09:10:00,44.57,90.70
129N04747,2020-06-24 09:20:00,43.70,100.00
129N04747,2020-06-24 09:30:00,27.35,100.00
129N04747,2020-06-24 09:40:00,41.87,100.00
129N04747,2020-06-24 09:50:00,30.00,100.00
129N04747,2020-06-24 10:00:00,22.61,100.00
129N04747,2020-06-24 10:10:00,27.77,98.70
129N04747,2020-06-24 10:20:00,35.95,90.80
129N04747,2020-06-24 10:30:00,31.29,100.00
129N04747,2020-06-24 10:40:00,32.49,95.80
129N04747,2020-06-24 10:50:00,44.27,100.00
129N04747,2020-06-24 11:00:00,35.62,97.80
129N04747,2020-06-24 11:10:00,42.46,65.50
129N04747,2020-06-24 11:20:00,33.24,88.90
129N04747,2020-06-24 11:30:00,37.55,97.60
129N04747,2020-06-24 11:40:00,27.65,96.90
129N04747,2020-06-24 11:50:00,27.46,100.00
129N04747,2020-06-24 12:00:00,34.68,100.00
129N04747,2020-06-24 12:10:00,33.02,93.10
129N04747,2020-06-24 12:20:00,28.34,100.00
129N04747,2020-06-24 12:30:00,35.75,100.00
129N04747,2020-06-24 12:40:00,35.19,100.00
129N04747,2020-06-24 12:50:00,42.46,93.70
129N04747,2020-06-24 13:00:00,51.84,87.40
129N04747,2020-06-24 13:10:00,43.48,100.00
129N04747,2020-06-24 13:20:00,36.36,100.00
129N04747,2020-06-24 13:30:00,36.35,97.80
129N04747,2020-06-24 13:40:00,44.51,86.50
129N04747,2020-06-24 13:50:00,44.76,86.30
129N04747,2020-06-24 14:00:00,46.88,90.80
129N04747,2020-06-24 14:10:00,42.06,100.00
129N04747,2020-06-24 14:20:00,30.79,100.00
129N04747,2020-06-24 14:30:00,28.07,100.00
129N04747,2020-06-24 14:40:00,33.73,100.00
129N04747,2020-06-24 14:50:00,22.60,100.00
129N04747,2020-06-24 15:00:00,34.07,76.40
129N04747,2020-06-24 15:10:00,49.33,24.80
129N04747,2020-06-24 15:20:00,40.96,98.90
129N04747,2020-06-24 15:30:00,47.14,77.40
129N04747,2020-06-24 15:40:00,46.55,73.50
129N04747,2020-06-24 15:50:00,38.28,98.00
129N04747,2020-06-24 16:00:00,37.68,98.90
129N04747,2020-06-24 16:10:00,39.10,100.00
129N04747,2020-06-24 16:20:00,28.64,98.90
129N04747,2020-06-24 16:30:00,28.57,96.20
129N04747,2020-06-24 16:40:00,50.01,100.00
129N04747,2020-06-24 16:50:00,22.65,100.00
129N04747,2020-06-24 17:00:00,11.35,68.90
129N04747,2020-06-24 17:10:00,16.29,100.00
129N04747,2020-06-24 17:20:00,36.84,98.60
129N04747,2020-06-24 17:30:00,43.02,64.50
129N04747,2020-06-24 17:40:00,28.16,82.80
129N04747,2020-06-24 17:50:00,17.43,99.80
129N04747,2020-06-24 18:00:00,13.94,100.00
129N04747,2020-06-24 18:10:00,29.30,41.90
129N04747,2020-06-24 18:20:00,36.11,90.10
129N04747,2020-06-24 18:30:00,20.05,99.60
129N04747,2020-06-24 18:40:00,26.13,88.80
129N04747,2020-06-24 18:50:00,43.01,90.60
129N04747,2020-06-24 19:00:00,49.69,59.90
129N04747,2020-06-24 19:10:00,55.32,75.20
129N04747,2020-06-24 19:20:00,27.55,90.10
129N04747,2020-06-24 19:30:00,46.60,99.80
129N04747,2020-06-24 19:40:00,41.78,99.80
129N04747,2020-06-24 19:50:00,31.35,100.00
129N04747,2020-06-24 20:00:00,37.71,100.00
129N04747,2020-06-24 20:10:00,42.07,93.70
129N04747,2020-06-24 20:20:00,37.82,100.00
129N04747,2020-06-24 20:30:00,31.95,100.00
129N04747,2020-06-24 20:40:00,30.95,97.20
129N04747,2020-06-24 20:50:00,34.44,100.00
129N04747,2020-06-24 21:00:00,27.75,100.00
129N04747,2020-06-24 21:10:00,44.49,100.00
129N04747,2020-06-24 21:20:00,15.70,86.70
129N04747,2020-06-24 21:30:00,6.79,29.40
129N04747,2020-06-24 21:40:00,52.37,57.00
129N04747,2020-06-24 21:50:00,43.00,100.00
129N04747,2020-06-24 22:00:00,43.00,100.00
129N04747,2020-06-24 22:10:00,49.91,67.50
129N04747,2020-06-24 22:20:00,43.75,61.90
129N04747,2020-06-24 22:30:00,29.79,100.00
129N04747,2020-06-24 22:40:00,37.73,100.00
129N04747,2020-06-24 22:50:00,44.74,100.00
129N04747,2020-06-24 23:00:00,58.93,43.50
129N04747,2020-06-24 23:10:00,53.95,80.50
129N04747,2020-06-24 23:20:00,54.92,94.90
129N04747,2020-06-24 23:30:00,50.40,87.30
129N04747,2020-06-24 23:40:00,48.39,72.40
129N04747,2020-06-24 23:50:00,,
129N04756,2020-06-24 00:00:00,58.00,58.38
129N04756,2020-06-24 00:10:00,58.00,71.25
129N04756,2020-06-24 00:20:00,,
129N04756,2020-06-24 00:30:00,43.00,
129N04756,2020-06-24 00:40:00,43.00,
129N04756,2020-06-24 00:50:00,43.00,
129N04756,2020-06-24 01:00:00,43.00,
129N04756,2020-06-24 01:10:00,43.00,
129N04756,2020-06-24 01:20:00,49.25,100.00
129N04756,2020-06-24 01:30:00,63.00,100.00
129N04756,2020-06-24 01:40:00,,
129N04756,2020-06-24 01:50:00,62.00,
129N04756,2020-06-24 02:00:00,52.69,38.50
129N04756,2020-06-24 02:10:00,43.00,68.63
129N04756,2020-06-24 02:20:00,,
129N04756,2020-06-24 02:30:00,43.00,
129N04756,2020-06-24 02:40:00,43.00,
129N04756,2020-06-24 02:50:00,43.00,
129N04756,2020-06-24 03:00:00,43.00,
129N04756,2020-06-24 03:10:00,43.00,
129N04756,2020-06-24 03:20:00,45.21,100.00
129N04756,2020-06-24 03:30:00,49.00,100.00
129N04756,2020-06-24 03:40:00,63.00,66.67
129N04756,2020-06-24 03:50:00,,
129N04756,2020-06-24 04:00:00,57.00,99.00
129N04756,2020-06-24 04:10:00,57.00,99.00
129N04756,2020-06-24 04:20:00,65.00,84.50
129N04756,2020-06-24 04:30:00,65.00,92.50
129N04756,2020-06-24 04:40:00,64.93,93.40
129N04756,2020-06-24 04:50:00,26.17,38.38
129N04756,2020-06-24 05:00:00,32.58,45.40
129N04756,2020-06-24 05:10:00,67.71,76.80
129N04756,2020-06-24 05:20:00,65.03,88.90
129N04756,2020-06-24 05:30:00,61.84,98.70
129N04756,2020-06-24 05:40:00,60.12,99.10
129N04756,2020-06-24 05:50:00,58.63,96.50
129N04756,2020-06-24 06:00:00,53.59,99.00
129N04756,2020-06-24 06:10:00,60.68,81.30
129N04756,2020-06-24 06:20:00,58.16,91.00
129N04756,2020-06-24 06:30:00,44.55,100.00
129N04756,2020-06-24 06:40:00,43.90,100.00
129N04756,2020-06-24 06:50:00,48.30,97.60
129N04756,2020-06-24 07:00:00,52.61,100.00
129N04756,2020-06-24 07:10:00,41.54,100.00
129N04756,2020-06-24 07:20:00,47.93,95.70
129N04756,2020-06-24 07:30:00,43.64,100.00
129N04756,2020-06-24 07:40:00,40.97,100.00
129N04756,2020-06-24 07:50:00,45.35,100.00
129N04756,2020-06-24 08:00:00,42.16,82.20
129N04756,2020-06-24 08:10:00,40.40,59.30
129N04756,2020-06-24 08:20:00,50.27,59.80
129N04756,2020-06-24 08:30:00,46.35,85.40
129N04756,2020-06-24 08:40:00,43.79,100.00
129N04756,2020-06-24 08:50:00,58.78,37.60
129N04756,2020-06-24 09:00:00,48.23,82.30
129N04756,2020-06-24 09:10:00,39.80,100.00
129N04756,2020-06-24 09:20:00,34.22,99.90
129N04756,2020-06-24 09:30:00,47.98,76.60
129N04756,2020-06-24 09:40:00,31.56,100.00
129N04756,2020-06-24 09:50:00,30.05,93.50
129N04756,2020-06-24 10:00:00,31.35,93.40
129N04756,2020-06-24 10:10:00,46.72,54.30
129N04756,2020-06-24 10:20:00,37.07,64.60
129N04756,2020-06-24 10:30:00,34.22,100.00
129N04756,2020-06-24 10:40:00,42.49,90.50
129N04756,2020-06-24 10:50:00,44.53,70.20
129N04756,2020-06-24 11:00:00,57.97,41.60
129N04756,2020-06-24 11:10:00,56.31,48.80
129N04756,2020-06-24 11:20:00,29.29,64.00
129N04756,2020-06-24 11:30:00,41.90,96.60
129N04756,2020-06-24 11:40:00,36.95,100.00
129N04756,2020-06-24 11:50:00,28.53,100.00
129N04756,2020-06-24 12:00:00,24.78,62.80
129N04756,2020-06-24 12:10:00,22.38,53.50
129N04756,2020-06-24 12:20:00,33.63,100.00
129N04756,2020-06-24 12:30:00,28.97,92.10
129N04756,2020-06-24 12:40:00,28.41,91.40
129N04756,2020-06-24 12:50:00,30.14,94.80
129N04756,2020-06-24 13:00:00,42.80,100.00
129N04756,2020-06-24 13:10:00,24.33,58.60
129N04756,2020-06-24 13:20:00,24.84,74.40
129N04756,2020-06-24 13:30:00,31.76,98.50
129N04756,2020-06-24 13:40:00,43.24,100.00
129N04756,2020-06-24 13:50:00,49.05,71.00
129N04756,2020-06-24 14:00:00,40.61,100.00
129N04756,2020-06-24 14:10:00,24.18,41.90
129N04756,2020-06-24 14:20:00,24.84,67.30
129N04756,2020-06-24 14:30:00,36.34,100.00
129N04756,2020-06-24 14:40:00,23.69,73.00
129N04756,2020-06-24 14:50:00,31.01,85.70
129N04756,2020-06-24 15:00:00,24.75,74.20
129N04756,2020-06-24 15:10:00,20.32,62.60
129N04756,2020-06-24 15:20:00,30.50,60.50
129N04756,2020-06-24 15:30:00,22.38,72.30
129N04756,2020-06-24 15:40:00,47.08,71.60
129N04756,2020-06-24 15:50:00,27.21,88.70
129N04756,2020-06-24 16:00:00,24.96,83.00
129N04756,2020-06-24 16:10:00,21.95,79.00
129N04756,2020-06-24 16:20:00,33.03,93.30
129N04756,2020-06-24 16:30:00,42.52,20.50
129N04756,2020-06-24 16:40:00,12.61,65.40
129N04756,2020-06-24 16:50:00,56.50,55.70
129N04756,2020-06-24 17:00:00,15.51,50.60
129N04756,2020-06-24 17:10:00,15.41,66.70
129N04756,2020-06-24 17:20:00,60.79,41.90
129N04756,2020-06-24 17:30:00,34.73,100.00
129N04756,2020-06-24 17:40:00,35.58,97.30
129N04756,2020-06-24 17:50:00,43.64,94.90
129N04756,2020-06-24 18:00:00,25.84,100.00
129N04756,2020-06-24 18:10:00,30.26,100.00
129N04756,2020-06-24 18:20:00,20.91,100.00
129N04756,2020-06-24 18:30:00,17.34,100.00
129N04756,2020-06-24 18:40:00,38.86,63.89
129N04756,2020-06-24 18:50:00,57.43,33.40
129N04756,2020-06-24 19:00:00,38.35,100.00
129N04756,2020-06-24 19:10:00,16.45,61.40
129N04756,2020-06-24 19:20:00,38.64,90.10
129N04756,2020-06-24 19:30:00,22.55,83.40
129N04756,2020-06-24 19:40:00,48.29,87.20
129N04756,2020-06-24 19:50:00,41.81,64.70
129N04756,2020-06-24 20:00:00,25.63,81.22
129N04756,2020-06-24 20:10:00,31.63,84.44
129N04756,2020-06-24 20:20:00,57.32,40.90
129N04756,2020-06-24 20:30:00,42.80,69.30
129N04756,2020-06-24 20:40:00,26.36,100.00
129N04756,2020-06-24 20:50:00,,
129N04756,2020-06-24 21:00:00,54.27,80.33
129N04756,2020-06-24 21:10:00,58.39,68.50
129N04756,2020-06-24 21:20:00,57.00,68.00
129N04756,2020-06-24 21:30:00,20.00,100.00
129N04756,2020-06-24 21:40:00,24.92,100.00
129N04756,2020-06-24 21:50:00,36.00,100.00
129N04756,2020-06-24 22:00:00,48.00,49.33
129N04756,2020-06-24 22:10:00,59.17,21.60
129N04756,2020-06-24 22:20:00,42.78,100.00
129N04756,2020-06-24 22:30:00,58.08,55.22
129N04756,2020-06-24 22:40:00,48.00,100.00
129N04756,2020-06-24 22:50:00,46.04,100.00
129N04756,2020-06-24 23:00:00,41.00,87.00
129N04756,2020-06-24 23:10:00,45.01,97.17
129N04756,2020-06-24 23:20:00,44.78,96.10
129N04756,2020-06-24 23:30:00,46.23,94.38
129N04756,2020-06-24 23:40:00,,
129N04756,2020-06-24 23:50:00,46.00,
129N04754,2020-06-24 00:00:00,61.00,90.29
129N04754,2020-06-24 00:10:00,61.00,89.60
129N04754,2020-06-24 00:20:00,,
129N04754,2020-06-24 00:30:00,65.00,
129N04754,2020-06-24 00:40:00,64.80,
129N04754,2020-06-24 00:50:00,64.00,
129N04754,2020-06-24 01:00:00,62.59,
129N04754,2020-06-24 01:10:00,60.46,
129N04754,2020-06-24 01:20:00,56.90,100.00
129N04754,2020-06-24 01:30:00,60.00,100.00
129N04754,2020-06-24 01:40:00,,
129N04754,2020-06-24 01:50:00,45.00,
129N04754,2020-06-24 02:00:00,48.53,90.50
129N04754,2020-06-24 02:10:00,55.00,96.00
129N04754,2020-06-24 02:20:00,,
129N04754,2020-06-24 02:30:00,,
129N04754,2020-06-24 02:40:00,,
129N04754,2020-06-24 02:50:00,,
129N04754,2020-06-24 03:00:00,,
129N04754,2020-06-24 03:10:00,,
129N04754,2020-06-24 03:20:00,61.00,100.00
129N04754,2020-06-24 03:30:00,61.00,100.00
129N04754,2020-06-24 03:40:00,60.00,99.67
129N04754,2020-06-24 03:50:00,,
129N04754,2020-06-24 04:00:00,56.00,88.00
129N04754,2020-06-24 04:10:00,56.00,91.50
129N04754,2020-06-24 04:20:00,65.00,82.33
129N04754,2020-06-24 04:30:00,67.00,72.00
129N04754,2020-06-24 04:40:00,71.09,67.60
129N04754,2020-06-24 04:50:00,70.63,81.13
129N04754,2020-06-24 05:00:00,71.39,83.60
129N04754,2020-06-24 05:10:00,69.62,92.90
129N04754,2020-06-24 05:20:00,74.79,62.90
129N04754,2020-06-24 05:30:00,64.28,79.00
129N04754,2020-06-24 05:40:00,64.55,89.20
129N04754,2020-06-24 05:50:00,62.79,75.60
129N04754,2020-06-24 06:00:00,63.05,97.90
129N04754,2020-06-24 06:10:00,66.53,88.80
129N04754,2020-06-24 06:20:00,65.16,97.20
129N04754,2020-06-24 06:30:00,60.99,100.00
129N04754,2020-06-24 06:40:00,57.90,96.20
129N04754,2020-06-24 06:50:00,57.68,99.40
129N04754,2020-06-24 07:00:00,60.04,100.00
129N04754,2020-06-24 07:10:00,62.06,95.30
129N04754,2020-06-24 07:20:00,61.27,98.70
129N04754,2020-06-24 07:30:00,58.78,98.30
129N04754,2020-06-24 07:40:00,59.85,100.00
129N04754,2020-06-24 07:50:00,61.09,99.90
129N04754,2020-06-24 08:00:00,59.29,99.50
129N04754,2020-06-24 08:10:00,61.06,96.50
129N04754,2020-06-24 08:20:00,60.14,99.40
129N04754,2020-06-24 08:30:00,58.39,98.90
129N04754,2020-06-24 08:40:00,57.47,94.00
129N04754,2020-06-24 08:50:00,57.45,96.00
129N04754,2020-06-24 09:00:00,53.98,93.80
129N04754,2020-06-24 09:10:00,58.35,90.00
129N04754,2020-06-24 09:20:00,63.23,61.70
129N04754,2020-06-24 09:30:00,57.67,95.80
129N04754,2020-06-24 09:40:00,57.12,89.90
129N04754,2020-06-24 09:50:00,61.79,69.60
129N04754,2020-06-24 10:00:00,64.45,82.10
129N04754,2020-06-24 10:10:00,59.07,86.10
129N04754,2020-06-24 10:20:00,58.23,87.40
129N04754,2020-06-24 10:30:00,60.61,93.60
129N04754,2020-06-24 10:40:00,59.81,83.00
129N04754,2020-06-24 10:50:00,55.30,85.80
129N04754,2020-06-24 11:00:00,54.83,81.50
129N04754,2020-06-24 11:10:00,56.44,90.30
129N04754,2020-06-24 11:20:00,52.39,100.00
129N04754,2020-06-24 11:30:00,51.38,100.00
129N04754,2020-06-24 11:40:00,53.13,100.00
129N04754,2020-06-24 11:50:00,59.55,48.00
129N04754,2020-06-24 12:00:00,56.75,90.10
129N04754,2020-06-24 12:10:00,54.50,100.00
129N04754,2020-06-24 12:20:00,55.34,95.30
129N04754,2020-06-24 12:30:00,56.65,99.00
129N04754,2020-06-24 12:40:00,55.99,100.00
129N04754,2020-06-24 12:50:00,54.46,95.90
129N04754,2020-06-24 13:00:00,55.46,98.80
129N04754,2020-06-24 13:10:00,54.28,98.00
129N04754,2020-06-24 13:20:00,52.53,100.00
129N04754,2020-06-24 13:30:00,54.26,100.00
129N04754,2020-06-24 13:40:00,56.88,100.00
129N04754,2020-06-24 13:50:00,55.07,100.00
129N04754,2020-06-24 14:00:00,55.23,100.00
129N04754,2020-06-24 14:10:00,55.17,100.00
129N04754,2020-06-24 14:20:00,55.20,98.70
129N04754,2020-06-24 14:30:00,56.39,88.30
129N04754,2020-06-24 14:40:00,60.49,81.80
129N04754,2020-06-24 14:50:00,55.16,92.50
129N04754,2020-06-24 15:00:00,60.25,77.70
129N04754,2020-06-24 15:10:00,55.34,99.90
129N04754,2020-06-24 15:20:00,60.16,87.20
129N04754,2020-06-24 15:30:00,61.80,84.30
129N04754,2020-06-24 15:40:00,63.77,90.10
129N04754,2020-06-24 15:50:00,61.74,89.60
129N04754,2020-06-24 16:00:00,58.98,97.80
129N04754,2020-06-24 16:10:00,58.18,99.00
129N04754,2020-06-24 16:20:00,56.98,100.00
129N04754,2020-06-24 16:30:00,63.23,76.60
129N04754,2020-06-24 16:40:00,62.72,90.50
129N04754,2020-06-24 16:50:00,59.87,99.70
129N04754,2020-06-24 17:00:00,61.88,94.30
129N04754,2020-06-24 17:10:00,61.56,98.00
129N04754,2020-06-24 17:20:00,57.46,100.00
129N04754,2020-06-24 17:30:00,61.14,91.00
129N04754,2020-06-24 17:40:00,65.75,89.40
129N04754,2020-06-24 17:50:00,61.74,98.80
129N04754,2020-06-24 18:00:00,57.99,98.40
129N04754,2020-06-24 18:10:00,65.37,80.20
129N04754,2020-06-24 18:20:00,60.39,95.00
129N04754,2020-06-24 18:30:00,63.57,92.60
129N04754,2020-06-24 18:40:00,64.73,72.10
129N04754,2020-06-24 18:50:00,62.97,98.70
129N04754,2020-06-24 19:00:00,63.25,100.00
129N04754,2020-06-24 19:10:00,69.73,47.67
129N04754,2020-06-24 19:20:00,63.00,95.90
129N04754,2020-06-24 19:30:00,61.78,100.00
129N04754,2020-06-24 19:40:00,61.00,100.00
129N04754,2020-06-24 19:50:00,56.12,88.25
129N04754,2020-06-24 20:00:00,65.19,79.70
129N04754,2020-06-24 20:10:00,71.72,44.80
129N04754,2020-06-24 20:20:00,64.47,97.00
129N04754,2020-06-24 20:30:00,59.00,100.00
129N04754,2020-06-24 20:40:00,52.00,100.00
129N04754,2020-06-24 20:50:00,,
129N04754,2020-06-24 21:00:00,57.00,100.00
129N04754,2020-06-24 21:10:00,56.10,100.00
129N04754,2020-06-24 21:20:00,56.00,100.00
129N04754,2020-06-24 21:30:00,,
129N04754,2020-06-24 21:40:00,53.00,100.00
129N04754,2020-06-24 21:50:00,52.77,96.44
129N04754,2020-06-24 22:00:00,58.00,89.67
129N04754,2020-06-24 22:10:00,56.43,98.67
129N04754,2020-06-24 22:20:00,55.10,100.00
129N04754,2020-06-24 22:30:00,59.70,100.00
129N04754,2020-06-24 22:40:00,52.94,100.00
129N04754,2020-06-24 22:50:00,51.00,100.00
129N04754,2020-06-24 23:00:00,51.90,96.40
129N04754,2020-06-24 23:10:00,52.00,98.00
129N04754,2020-06-24 23:20:00,51.70,99.90
129N04754,2020-06-24 23:30:00,50.00,98.30
129N04754,2020-06-24 23:40:00,,
129N04754,2020-06-24 23:50:00,,
129N04479,2020-06-24 00:00:00,75.00,100.00
129N04479,2020-06-24 00:10:00,75.00,100.00
129N04479,2020-06-24 00:20:00,,
129N04479,2020-06-24 00:30:00,75.00,
129N04479,2020-06-24 00:40:00,75.00,
129N04479,2020-06-24 00:50:00,75.00,
129N04479,2020-06-24 01:00:00,74.80,
129N04479,2020-06-24 01:10:00,74.00,
129N04479,2020-06-24 01:20:00,68.10,100.00
129N04479,2020-06-24 01:30:00,64.00,100.00
129N04479,2020-06-24 01:40:00,,
129N04479,2020-06-24 01:50:00,59.00,
129N04479,2020-06-24 02:00:00,58.80,
129N04479,2020-06-24 02:10:00,58.00,
129N04479,2020-06-24 02:20:00,58.00,
129N04479,2020-06-24 02:30:00,,
129N04479,2020-06-24 02:40:00,,
129N04479,2020-06-24 02:50:00,,
129N04479,2020-06-24 03:00:00,,
129N04479,2020-06-24 03:10:00,,
129N04479,2020-06-24 03:20:00,63.00,100.00
129N04479,2020-06-24 03:30:00,63.00,100.00
129N04479,2020-06-24 03:40:00,63.00,100.00
129N04479,2020-06-24 03:50:00,,
129N04479,2020-06-24 04:00:00,61.00,95.71
129N04479,2020-06-24 04:10:00,,
129N04479,2020-06-24 04:20:00,71.00,37.00
129N04479,2020-06-24 04:30:00,72.17,60.50
129N04479,2020-06-24 04:40:00,66.54,91.60
129N04479,2020-06-24 04:50:00,72.63,77.57
129N04479,2020-06-24 05:00:00,73.34,79.60
129N04479,2020-06-24 05:10:00,67.59,77.00
129N04479,2020-06-24 05:20:00,69.06,87.10
129N04479,2020-06-24 05:30:00,66.96,99.90
129N04479,2020-06-24 05:40:00,67.26,99.00
129N04479,2020-06-24 05:50:00,68.13,99.00
129N04479,2020-06-24 06:00:00,67.77,86.30
129N04479,2020-06-24 06:10:00,67.59,92.30
129N04479,2020-06-24 06:20:00,66.90,98.50
129N04479,2020-06-24 06:30:00,63.51,100.00
129N04479,2020-06-24 06:40:00,62.97,100.00
129N04479,2020-06-24 06:50:00,62.92,100.00
129N04479,2020-06-24 07:00:00,67.65,100.00
129N04479,2020-06-24 07:10:00,62.93,100.00
129N04479,2020-06-24 07:20:00,62.90,97.90
129N04479,2020-06-24 07:30:00,62.65,93.90
129N04479,2020-06-24 07:40:00,67.27,85.10
129N04479,2020-06-24 07:50:00,63.78,100.00
129N04479,2020-06-24 08:00:00,66.75,87.20
129N04479,2020-06-24 08:10:00,67.13,90.00
129N04479,2020-06-24 08:20:00,65.11,78.60
129N04479,2020-06-24 08:30:00,73.38,35.10
129N04479,2020-06-24 08:40:00,67.17,77.30
129N04479,2020-06-24 08:50:00,66.19,69.20
129N04479,2020-06-24 09:00:00,60.51,89.90
129N04479,2020-06-24 09:10:00,64.94,68.20
129N04479,2020-06-24 09:20:00,60.67,94.40
129N04479,2020-06-24 09:30:00,60.10,100.00
129N04479,2020-06-24 09:40:00,67.69,51.30
129N04479,2020-06-24 09:50:00,66.97,70.30
129N04479,2020-06-24 10:00:00,67.34,85.10
129N04479,2020-06-24 10:10:00,64.39,100.00
129N04479,2020-06-24 10:20:00,66.43,93.00
129N04479,2020-06-24 10:30:00,61.55,100.00
129N04479,2020-06-24 10:40:00,64.36,100.00
129N04479,2020-06-24 10:50:00,65.31,83.60
129N04479,2020-06-24 11:00:00,68.23,75.10
129N04479,2020-06-24 11:10:00,66.72,86.10
129N04479,2020-06-24 11:20:00,65.02,90.10
129N04479,2020-06-24 11:30:00,60.67,100.00
129N04479,2020-06-24 11:40:00,64.79,87.70
129N04479,2020-06-24 11:50:00,64.57,100.00
129N04479,2020-06-24 12:00:00,61.97,100.00
129N04479,2020-06-24 12:10:00,62.69,100.00
129N04479,2020-06-24 12:20:00,62.17,93.40
129N04479,2020-06-24 12:30:00,66.86,71.00
129N04479,2020-06-24 12:40:00,61.36,94.60
129N04479,2020-06-24 12:50:00,59.43,100.00
129N04479,2020-06-24 13:00:00,59.93,100.00
129N04479,2020-06-24 13:10:00,52.31,100.00
129N04479,2020-06-24 13:20:00,55.15,100.00
129N04479,2020-06-24 13:30:00,59.48,100.00
129N04479,2020-06-24 13:40:00,61.19,100.00
129N04479,2020-06-24 13:50:00,61.87,100.00
129N04479,2020-06-24 14:00:00,58.59,100.00
129N04479,2020-06-24 14:10:00,61.79,83.30
129N04479,2020-06-24 14:20:00,60.36,89.30
129N04479,2020-06-24 14:30:00,69.09,32.70
129N04479,2020-06-24 14:40:00,67.20,69.00
129N04479,2020-06-24 14:50:00,69.19,56.10
129N04479,2020-06-24 15:00:00,65.25,71.00
129N04479,2020-06-24 15:10:00,65.02,85.30
129N04479,2020-06-24 15:20:00,69.31,79.10
129N04479,2020-06-24 15:30:00,62.53,99.90
129N04479,2020-06-24 15:40:00,67.43,93.40
129N04479,2020-06-24 15:50:00,63.04,100.00
129N04479,2020-06-24 16:00:00,65.68,100.00
129N04479,2020-06-24 16:10:00,65.39,100.00
129N04479,2020-06-24 16:20:00,63.66,100.00
129N04479,2020-06-24 16:30:00,66.13,93.60
129N04479,2020-06-24 16:40:00,67.17,80.60
129N04479,2020-06-24 16:50:00,68.79,86.20
129N04479,2020-06-24 17:00:00,67.94,92.50
129N04479,2020-06-24 17:10:00,58.01,99.20
129N04479,2020-06-24 17:20:00,71.32,68.90
129N04479,2020-06-24 17:30:00,66.41,94.50
129N04479,2020-06-24 17:40:00,66.83,91.90
129N04479,2020-06-24 17:50:00,66.68,97.80
129N04479,2020-06-24 18:00:00,73.74,48.60
129N04479,2020-06-24 18:10:00,68.66,99.20
129N04479,2020-06-24 18:20:00,68.40,100.00
129N04479,2020-06-24 18:30:00,65.36,100.00
129N04479,2020-06-24 18:40:00,66.77,97.60
129N04479,2020-06-24 18:50:00,65.08,100.00
129N04479,2020-06-24 19:00:00,69.60,97.70
129N04479,2020-06-24 19:10:00,69.55,74.00
129N04479,2020-06-24 19:20:00,63.90,100.00
129N04479,2020-06-24 19:30:00,65.33,100.00
129N04479,2020-06-24 19:40:00,66.00,100.00
129N04479,2020-06-24 19:50:00,66.68,100.00
129N04479,2020-06-24 20:00:00,59.74,100.00
129N04479,2020-06-24 20:10:00,68.54,51.20
129N04479,2020-06-24 20:20:00,61.86,82.10
129N04479,2020-06-24 20:30:00,59.85,100.00
129N04479,2020-06-24 20:40:00,55.16,72.30
129N04479,2020-06-24 20:50:00,54.00,65.33
129N04479,2020-06-24 21:00:00,59.56,100.00
129N04479,2020-06-24 21:10:00,57.60,100.00
129N04479,2020-06-24 21:20:00,57.00,100.00
129N04479,2020-06-24 21:30:00,,
129N04479,2020-06-24 21:40:00,,
129N04479,2020-06-24 21:50:00,,
129N04479,2020-06-24 22:00:00,,
129N04479,2020-06-24 22:10:00,63.96,96.00
129N04479,2020-06-24 22:20:00,60.30,100.00
129N04479,2020-06-24 22:30:00,60.00,100.00
129N04479,2020-06-24 22:40:00,60.00,100.00
129N04479,2020-06-24 22:50:00,60.00,100.00
129N04479,2020-06-24 23:00:00,,
129N04479,2020-06-24 23:10:00,58.00,100.00
129N04479,2020-06-24 23:20:00,56.40,90.80
129N04479,2020-06-24 23:30:00,56.00,95.29
129N04479,2020-06-24 23:40:00,,
129N04479,2020-06-24 23:50:00,,
129N04752,2020-06-24 00:00:00,56.00,13.17
129N04752,2020-06-24 00:10:00,56.00,42.29
129N04752,2020-06-24 00:20:00,,
129N04752,2020-06-24 00:30:00,25.00,
129N04752,2020-06-24 00:40:00,25.00,
129N04752,2020-06-24 00:50:00,25.00,
129N04752,2020-06-24 01:00:00,25.00,
129N04752,2020-06-24 01:10:00,25.00,
129N04752,2020-06-24 01:20:00,25.00,
129N04752,2020-06-24 01:30:00,25.00,
129N04752,2020-06-24 01:40:00,25.00,
129N04752,2020-06-24 01:50:00,26.00,
129N04752,2020-06-24 02:00:00,26.49,
129N04752,2020-06-24 02:10:00,27.00,
129N04752,2020-06-24 02:20:00,27.00,
129N04752,2020-06-24 02:30:00,30.96,72.22
129N04752,2020-06-24 02:40:00,29.00,90.67
129N04752,2020-06-24 02:50:00,,
129N04752,2020-06-24 03:00:00,30.00,
129N04752,2020-06-24 03:10:00,30.00,
129N04752,2020-06-24 03:20:00,44.00,52.33
129N04752,2020-06-24 03:30:00,30.77,49.30
129N04752,2020-06-24 03:40:00,25.00,50.25
129N04752,2020-06-24 03:50:00,,
129N04752,2020-06-24 04:00:00,25.00,
129N04752,2020-06-24 04:10:00,25.00,
129N04752,2020-06-24 04:20:00,25.00,
129N04752,2020-06-24 04:30:00,25.00,
129N04752,2020-06-24 04:40:00,28.69,100.00
129N04752,2020-06-24 04:50:00,51.64,50.11
129N04752,2020-06-24 05:00:00,61.00,67.25
129N04752,2020-06-24 05:10:00,27.00,37.50
129N04752,2020-06-24 05:20:00,46.15,99.20
129N04752,2020-06-24 05:30:00,48.00,99.83
129N04752,2020-06-24 05:40:00,44.06,89.78
129N04752,2020-06-24 05:50:00,45.44,96.60
129N04752,2020-06-24 06:00:00,37.30,77.90
129N04752,2020-06-24 06:10:00,26.57,100.00
129N04752,2020-06-24 06:20:00,25.50,100.00
129N04752,2020-06-24 06:30:00,27.89,100.00
129N04752,2020-06-24 06:40:00,27.93,100.00
129N04752,2020-06-24 06:50:00,27.00,92.70
129N04752,2020-06-24 07:00:00,27.35,100.00
129N04752,2020-06-24 07:10:00,27.76,100.00
129N04752,2020-06-24 07:20:00,25.39,100.00
129N04752,2020-06-24 07:30:00,25.75,98.30
129N04752,2020-06-24 07:40:00,26.34,90.90
129N04752,2020-06-24 07:50:00,29.37,95.50
129N04752,2020-06-24 08:00:00,26.20,98.50
129N04752,2020-06-24 08:10:00,29.47,94.00
129N04752,2020-06-24 08:20:00,30.27,100.00
129N04752,2020-06-24 08:30:00,33.34,78.80
129N04752,2020-06-24 08:40:00,27.01,84.60
129N04752,2020-06-24 08:50:00,26.40,93.30
129N04752,2020-06-24 09:00:00,26.46,85.90
129N04752,2020-06-24 09:10:00,26.68,98.80
129N04752,2020-06-24 09:20:00,24.22,100.00
129N04752,2020-06-24 09:30:00,25.74,90.80
129N04752,2020-06-24 09:40:00,28.42,89.90
129N04752,2020-06-24 09:50:00,25.03,98.60
129N04752,2020-06-24 10:00:00,27.35,91.60
129N04752,2020-06-24 10:10:00,23.95,100.00
129N04752,2020-06-24 10:20:00,24.34,100.00
129N04752,2020-06-24 10:30:00,22.75,100.00
129N04752,2020-06-24 10:40:00,21.79,100.00
129N04752,2020-06-24 10:50:00,25.65,100.00
129N04752,2020-06-24 11:00:00,24.95,100.00
129N04752,2020-06-24 11:10:00,30.13,57.89
129N04752,2020-06-24 11:20:00,26.04,91.00
129N04752,2020-06-24 11:30:00,26.24,100.00
129N04752,2020-06-24 11:40:00,25.57,100.00
129N04752,2020-06-24 11:50:00,28.54,88.60
129N04752,2020-06-24 12:00:00,25.83,100.00
129N04752,2020-06-24 12:10:00,24.79,100.00
129N04752,2020-06-24 12:20:00,23.90,100.00
129N04752,2020-06-24 12:30:00,25.36,100.00
129N04752,2020-06-24 12:40:00,25.06,100.00
129N04752,2020-06-24 12:50:00,29.57,85.88
129N04752,2020-06-24 13:00:00,24.80,98.60
129N04752,2020-06-24 13:10:00,28.37,96.70
129N04752,2020-06-24 13:20:00,22.63,100.00
129N04752,2020-06-24 13:30:00,23.07,100.00
129N04752,2020-06-24 13:40:00,19.90,100.00
129N04752,2020-06-24 13:50:00,22.06,100.00
129N04752,2020-06-24 14:00:00,23.36,100.00
129N04752,2020-06-24 14:10:00,24.42,100.00
129N04752,2020-06-24 14:20:00,24.78,100.00
129N04752,2020-06-24 14:30:00,24.31,100.00
129N04752,2020-06-24 14:40:00,26.03,100.00
129N04752,2020-06-24 14:50:00,21.82,100.00
129N04752,2020-06-24 15:00:00,21.55,100.00
129N04752,2020-06-24 15:10:00,25.87,83.10
129N04752,2020-06-24 15:20:00,30.48,87.50
129N04752,2020-06-24 15:30:00,23.73,98.70
129N04752,2020-06-24 15:40:00,28.13,62.30
129N04752,2020-06-24 15:50:00,29.50,72.10
129N04752,2020-06-24 16:00:00,19.38,96.40
129N04752,2020-06-24 16:10:00,25.13,92.40
129N04752,2020-06-24 16:20:00,21.98,100.00
129N04752,2020-06-24 16:30:00,28.33,78.60
129N04752,2020-06-24 16:40:00,25.80,87.40
129N04752,2020-06-24 16:50:00,29.10,83.90
129N04752,2020-06-24 17:00:00,27.37,96.30
129N04752,2020-06-24 17:10:00,28.51,87.80
129N04752,2020-06-24 17:20:00,26.25,96.90
129N04752,2020-06-24 17:30:00,18.26,100.00
129N04752,2020-06-24 17:40:00,26.27,95.60
129N04752,2020-06-24 17:50:00,29.55,86.50
129N04752,2020-06-24 18:00:00,24.96,100.00
129N04752,2020-06-24 18:10:00,29.57,86.20
129N04752,2020-06-24 18:20:00,26.94,100.00
129N04752,2020-06-24 18:30:00,28.09,85.00
129N04752,2020-06-24 18:40:00,26.09,100.00
129N04752,2020-06-24 18:50:00,26.29,88.20
129N04752,2020-06-24 19:00:00,22.00,100.00
129N04752,2020-06-24 19:10:00,67.05,2.80
129N04752,2020-06-24 19:20:00,22.54,100.00
129N04752,2020-06-24 19:30:00,22.00,100.00
129N04752,2020-06-24 19:40:00,25.00,100.00
129N04752,2020-06-24 19:50:00,22.76,99.90
129N04752,2020-06-24 20:00:00,23.29,100.00
129N04752,2020-06-24 20:10:00,27.19,100.00
129N04752,2020-06-24 20:20:00,24.10,100.00
129N04752,2020-06-24 20:30:00,23.14,100.00
129N04752,2020-06-24 20:40:00,24.27,100.00
129N04752,2020-06-24 20:50:00,24.17,100.00
129N04752,2020-06-24 21:00:00,23.00,100.00
129N04752,2020-06-24 21:10:00,,
129N04752,2020-06-24 21:20:00,25.46,100.00
129N04752,2020-06-24 21:30:00,24.00,100.00
129N04752,2020-06-24 21:40:00,18.00,67.67
129N04752,2020-06-24 21:50:00,16.00,65.00
129N04752,2020-06-24 22:00:00,,
129N04752,2020-06-24 22:10:00,25.00,100.00
129N04752,2020-06-24 22:20:00,19.61,100.00
129N04752,2020-06-24 22:30:00,18.00,100.00
129N04752,2020-06-24 22:40:00,,
129N04752,2020-06-24 22:50:00,18.00,
129N04752,2020-06-24 23:00:00,21.06,98.88
129N04752,2020-06-24 23:10:00,20.69,94.71
129N04752,2020-06-24 23:20:00,19.00,90.30
129N04752,2020-06-24 23:30:00,17.62,91.00
129N04752,2020-06-24 23:40:00,17.00,91.20
129N04752,2020-06-24 23:50:00,17.00,94.00
129N04750,2020-06-24 00:00:00,45.00,97.17
129N04750,2020-06-24 00:10:00,45.00,98.38
129N04750,2020-06-24 00:20:00,,
129N04750,2020-06-24 00:30:00,51.00,
129N04750,2020-06-24 00:40:00,51.00,
129N04750,2020-06-24 00:50:00,51.00,
129N04750,2020-06-24 01:00:00,51.00,
129N04750,2020-06-24 01:10:00,50.30,
129N04750,2020-06-24 01:20:00,49.25,
129N04750,2020-06-24 01:30:00,45.00,100.00
129N04750,2020-06-24 01:40:00,,
129N04750,2020-06-24 01:50:00,39.00,
129N04750,2020-06-24 02:00:00,36.56,98.75
129N04750,2020-06-24 02:10:00,48.00,98.10
129N04750,2020-06-24 02:20:00,48.00,100.00
129N04750,2020-06-24 02:30:00,41.36,94.20
129N04750,2020-06-24 02:40:00,44.19,98.00
129N04750,2020-06-24 02:50:00,,
129N04750,2020-06-24 03:00:00,47.00,
129N04750,2020-06-24 03:10:00,47.00,
129N04750,2020-06-24 03:20:00,50.69,44.40
129N04750,2020-06-24 03:30:00,50.76,65.60
129N04750,2020-06-24 03:40:00,47.69,65.50
129N04750,2020-06-24 03:50:00,52.92,84.60
129N04750,2020-06-24 04:00:00,59.00,96.43
129N04750,2020-06-24 04:10:00,59.00,97.50
129N04750,2020-06-24 04:20:00,56.00,78.00
129N04750,2020-06-24 04:30:00,59.00,79.25
129N04750,2020-06-24 04:40:00,58.02,86.30
129N04750,2020-06-24 04:50:00,59.12,74.40
129N04750,2020-06-24 05:00:00,67.99,39.40
129N04750,2020-06-24 05:10:00,57.89,86.30
129N04750,2020-06-24 05:20:00,60.82,85.30
129N04750,2020-06-24 05:30:00,53.06,97.50
129N04750,2020-06-24 05:40:00,45.28,100.00
129N04750,2020-06-24 05:50:00,53.54,94.10
129N04750,2020-06-24 06:00:00,52.59,99.70
129N04750,2020-06-24 06:10:00,40.89,99.20
129N04750,2020-06-24 06:20:00,30.41,100.00
129N04750,2020-06-24 06:30:00,32.53,100.00
129N04750,2020-06-24 06:40:00,35.33,100.00
129N04750,2020-06-24 06:50:00,36.71,100.00
129N04750,2020-06-24 07:00:00,34.76,100.00
129N04750,2020-06-24 07:10:00,30.69,97.60
129N04750,2020-06-24 07:20:00,28.61,99.10
129N04750,2020-06-24 07:30:00,34.00,97.20
129N04750,2020-06-24 07:40:00,34.21,100.00
129N04750,2020-06-24 07:50:00,42.46,100.00
129N04750,2020-06-24 08:00:00,42.83,88.30
129N04750,2020-06-24 08:10:00,36.66,86.70
129N04750,2020-06-24 08:20:00,39.41,100.00
129N04750,2020-06-24 08:30:00,41.37,100.00
129N04750,2020-06-24 08:40:00,34.10,97.50
129N04750,2020-06-24 08:50:00,46.96,57.00
129N04750,2020-06-24 09:00:00,47.93,80.80
129N04750,2020-06-24 09:10:00,42.14,98.60
129N04750,2020-06-24 09:20:00,40.28,100.00
129N04750,2020-06-24 09:30:00,31.30,100.00
129N04750,2020-06-24 09:40:00,25.70,100.00
129N04750,2020-06-24 09:50:00,32.20,93.80
129N04750,2020-06-24 10:00:00,31.11,72.10
129N04750,2020-06-24 10:10:00,29.82,93.90
129N04750,2020-06-24 10:20:00,36.08,89.70
129N04750,2020-06-24 10:30:00,37.77,95.20
129N04750,2020-06-24 10:40:00,21.13,100.00
129N04750,2020-06-24 10:50:00,18.66,100.00
129N04750,2020-06-24 11:00:00,26.28,92.40
129N04750,2020-06-24 11:10:00,25.39,79.30
129N04750,2020-06-24 11:20:00,30.02,89.20
129N04750,2020-06-24 11:30:00,29.76,95.40
129N04750,2020-06-24 11:40:00,20.29,100.00
129N04750,2020-06-24 11:50:00,20.30,100.00
129N04750,2020-06-24 12:00:00,24.62,100.00
129N04750,2020-06-24 12:10:00,19.41,100.00
129N04750,2020-06-24 12:20:00,16.64,100.00
129N04750,2020-06-24 12:30:00,24.46,100.00
129N04750,2020-06-24 12:40:00,23.88,100.00
129N04750,2020-06-24 12:50:00,24.34,78.33
129N04750,2020-06-24 13:00:00,23.09,90.20
129N04750,2020-06-24 13:10:00,26.51,100.00
129N04750,2020-06-24 13:20:00,16.65,100.00
129N04750,2020-06-24 13:30:00,11.28,60.80
129N04750,2020-06-24 13:40:00,25.92,81.40
129N04750,2020-06-24 13:50:00,33.68,51.00
129N04750,2020-06-24 14:00:00,26.18,74.10
129N04750,2020-06-24 14:10:00,23.76,100.00
129N04750,2020-06-24 14:20:00,28.47,100.00
129N04750,2020-06-24 14:30:00,27.05,100.00
129N04750,2020-06-24 14:40:00,31.37,69.50
129N04750,2020-06-24 14:50:00,19.36,86.90
129N04750,2020-06-24 15:00:00,41.37,28.80
129N04750,2020-06-24 15:10:00,32.29,78.60
129N04750,2020-06-24 15:20:00,28.45,100.00
129N04750,2020-06-24 15:30:00,46.07,59.90
129N04750,2020-06-24 15:40:00,23.38,98.30
129N04750,2020-06-24 15:50:00,26.94,93.20
129N04750,2020-06-24 16:00:00,17.65,99.90
129N04750,2020-06-24 16:10:00,23.69,92.80
129N04750,2020-06-24 16:20:00,34.84,85.80
129N04750,2020-06-24 16:30:00,32.92,91.80
129N04750,2020-06-24 16:40:00,27.15,99.00
129N04750,2020-06-24 16:50:00,24.28,100.00
129N04750,2020-06-24 17:00:00,23.66,99.80
129N04750,2020-06-24 17:10:00,18.64,98.90
129N04750,2020-06-24 17:20:00,20.68,82.60
129N04750,2020-06-24 17:30:00,24.62,65.20
129N04750,2020-06-24 17:40:00,25.92,90.40
129N04750,2020-06-24 17:50:00,38.24,62.30
129N04750,2020-06-24 18:00:00,25.28,95.80
129N04750,2020-06-24 18:10:00,42.44,45.40
129N04750,2020-06-24 18:20:00,30.10,96.70
129N04750,2020-06-24 18:30:00,22.43,94.10
129N04750,2020-06-24 18:40:00,30.08,88.90
129N04750,2020-06-24 18:50:00,52.78,82.90
129N04750,2020-06-24 19:00:00,42.11,75.30
129N04750,2020-06-24 19:10:00,48.97,34.20
129N04750,2020-06-24 19:20:00,30.00,100.00
129N04750,2020-06-24 19:30:00,20.53,87.40
129N04750,2020-06-24 19:40:00,46.80,97.40
129N04750,2020-06-24 19:50:00,50.76,88.70
129N04750,2020-06-24 20:00:00,40.38,81.60
129N04750,2020-06-24 20:10:00,33.94,99.60
129N04750,2020-06-24 20:20:00,31.80,100.00
129N04750,2020-06-24 20:30:00,31.17,100.00
129N04750,2020-06-24 20:40:00,43.30,100.00
129N04750,2020-06-24 20:50:00,25.83,100.00
129N04750,2020-06-24 21:00:00,15.02,93.40
129N04750,2020-06-24 21:10:00,30.81,81.70
129N04750,2020-06-24 21:20:00,28.14,100.00
129N04750,2020-06-24 21:30:00,19.20,94.80
129N04750,2020-06-24 21:40:00,28.59,78.40
129N04750,2020-06-24 21:50:00,51.00,49.50
129N04750,2020-06-24 22:00:00,51.00,66.00
129N04750,2020-06-24 22:10:00,32.14,99.20
129N04750,2020-06-24 22:20:00,39.48,97.00
129N04750,2020-06-24 22:30:00,47.49,97.20
129N04750,2020-06-24 22:40:00,38.82,98.20
129N04750,2020-06-24 22:50:00,32.00,100.00
129N04750,2020-06-24 23:00:00,44.05,97.29
129N04750,2020-06-24 23:10:00,51.05,88.90
129N04750,2020-06-24 23:20:00,27.57,76.00
129N04750,2020-06-24 23:30:00,46.20,93.10
129N04750,2020-06-24 23:40:00,32.00,49.20
129N04750,2020-06-24 23:50:00,32.00,59.00
129N04751,2020-06-24 00:00:00,56.00,21.00
129N04751,2020-06-24 00:10:00,56.00,39.88
129N04751,2020-06-24 00:20:00,,
129N04751,2020-06-24 00:30:00,56.00,
129N04751,2020-06-24 00:40:00,56.00,
129N04751,2020-06-24 00:50:00,56.00,
129N04751,2020-06-24 01:00:00,56.00,
129N04751,2020-06-24 01:10:00,55.30,
129N04751,2020-06-24 01:20:00,53.28,
129N04751,2020-06-24 01:30:00,45.00,100.00
129N04751,2020-06-24 01:40:00,,
129N04751,2020-06-24 01:50:00,41.00,
129N04751,2020-06-24 02:00:00,41.00,
129N04751,2020-06-24 02:10:00,45.00,99.30
129N04751,2020-06-24 02:20:00,45.00,100.00
129N04751,2020-06-24 02:30:00,40.77,92.20
129N04751,2020-06-24 02:40:00,42.88,95.75
129N04751,2020-06-24 02:50:00,,
129N04751,2020-06-24 03:00:00,42.00,
129N04751,2020-06-24 03:10:00,42.00,
129N04751,2020-06-24 03:20:00,52.32,47.33
129N04751,2020-06-24 03:30:00,44.86,49.00
129N04751,2020-06-24 03:40:00,36.00,55.83
129N04751,2020-06-24 03:50:00,59.00,70.00
129N04751,2020-06-24 04:00:00,44.00,99.00
129N04751,2020-06-24 04:10:00,44.00,99.25
129N04751,2020-06-24 04:20:00,55.00,80.80
129N04751,2020-06-24 04:30:00,,
129N04751,2020-06-24 04:40:00,39.00,73.83
129N04751,2020-06-24 04:50:00,54.29,24.70
129N04751,2020-06-24 05:00:00,63.18,56.00
129N04751,2020-06-24 05:10:00,57.25,92.50
129N04751,2020-06-24 05:20:00,55.04,97.90
129N04751,2020-06-24 05:30:00,55.14,92.70
129N04751,2020-06-24 05:40:00,52.17,100.00
129N04751,2020-06-24 05:50:00,52.69,85.60
129N04751,2020-06-24 06:00:00,51.59,96.00
129N04751,2020-06-24 06:10:00,45.25,76.20
129N04751,2020-06-24 06:20:00,48.34,99.00
129N04751,2020-06-24 06:30:00,47.45,100.00
129N04751,2020-06-24 06:40:00,45.95,100.00
129N04751,2020-06-24 06:50:00,44.25,100.00
129N04751,2020-06-24 07:00:00,43.60,100.00
129N04751,2020-06-24 07:10:00,42.84,96.30
129N04751,2020-06-24 07:20:00,42.43,100.00
129N04751,2020-06-24 07:30:00,39.01,98.60
129N04751,2020-06-24 07:40:00,44.52,99.20
129N04751,2020-06-24 07:50:00,46.39,100.00
129N04751,2020-06-24 08:00:00,44.13,97.30
129N04751,2020-06-24 08:10:00,39.74,89.40
129N04751,2020-06-24 08:20:00,40.54,100.00
129N04751,2020-06-24 08:30:00,43.98,100.00
129N04751,2020-06-24 08:40:00,40.68,100.00
129N04751,2020-06-24 08:50:00,40.44,95.50
129N04751,2020-06-24 09:00:00,38.82,100.00
129N04751,2020-06-24 09:10:00,40.65,100.00
129N04751,2020-06-24 09:20:00,41.17,96.60
129N04751,2020-06-24 09:30:00,35.85,100.00
129N04751,2020-06-24 09:40:00,38.04,100.00
129N04751,2020-06-24 09:50:00,40.02,100.00
129N04751,2020-06-24 10:00:00,46.50,64.90
129N04751,2020-06-24 10:10:00,42.28,88.00
129N04751,2020-06-24 10:20:00,40.44,93.40
129N04751,2020-06-24 10:30:00,32.51,100.00
129N04751,2020-06-24 10:40:00,38.46,99.60
129N04751,2020-06-24 10:50:00,36.80,99.90
129N04751,2020-06-24 11:00:00,37.94,100.00
129N04751,2020-06-24 11:10:00,41.67,71.90
129N04751,2020-06-24 11:20:00,42.09,74.70
129N04751,2020-06-24 11:30:00,37.99,100.00
129N04751,2020-06-24 11:40:00,31.58,100.00
129N04751,2020-06-24 11:50:00,38.59,100.00
129N04751,2020-06-24 12:00:00,45.01,94.10
129N04751,2020-06-24 12:10:00,36.81,100.00
129N04751,2020-06-24 12:20:00,36.10,100.00
129N04751,2020-06-24 12:30:00,39.91,99.50
129N04751,2020-06-24 12:40:00,42.49,94.90
129N04751,2020-06-24 12:50:00,44.02,66.80
129N04751,2020-06-24 13:00:00,46.76,97.70
129N04751,2020-06-24 13:10:00,37.47,100.00
129N04751,2020-06-24 13:20:00,39.78,99.80
129N04751,2020-06-24 13:30:00,42.22,100.00
129N04751,2020-06-24 13:40:00,34.24,100.00
129N04751,2020-06-24 13:50:00,39.62,86.00
129N04751,2020-06-24 14:00:00,39.84,97.70
129N04751,2020-06-24 14:10:00,40.14,100.00
129N04751,2020-06-24 14:20:00,39.05,100.00
129N04751,2020-06-24 14:30:00,39.76,100.00
129N04751,2020-06-24 14:40:00,46.35,77.20
129N04751,2020-06-24 14:50:00,40.83,95.20
129N04751,2020-06-24 15:00:00,37.01,100.00
129N04751,2020-06-24 15:10:00,33.72,100.00
129N04751,2020-06-24 15:20:00,44.39,57.60
129N04751,2020-06-24 15:30:00,48.95,48.60
129N04751,2020-06-24 15:40:00,44.55,80.80
129N04751,2020-06-24 15:50:00,44.84,92.70
129N04751,2020-06-24 16:00:00,46.84,97.70
129N04751,2020-06-24 16:10:00,47.50,96.40
129N04751,2020-06-24 16:20:00,43.22,98.10
129N04751,2020-06-24 16:30:00,40.67,97.50
129N04751,2020-06-24 16:40:00,32.04,100.00
129N04751,2020-06-24 16:50:00,33.40,100.00
129N04751,2020-06-24 17:00:00,36.68,97.40
129N04751,2020-06-24 17:10:00,47.72,93.30
129N04751,2020-06-24 17:20:00,54.63,34.30
129N04751,2020-06-24 17:30:00,40.42,98.90
129N04751,2020-06-24 17:40:00,43.56,98.40
129N04751,2020-06-24 17:50:00,46.78,97.60
129N04751,2020-06-24 18:00:00,52.44,96.50
129N04751,2020-06-24 18:10:00,47.63,93.20
129N04751,2020-06-24 18:20:00,43.77,99.60
129N04751,2020-06-24 18:30:00,45.19,93.60
129N04751,2020-06-24 18:40:00,38.31,99.60
129N04751,2020-06-24 18:50:00,38.26,100.00
129N04751,2020-06-24 19:00:00,54.18,99.40
129N04751,2020-06-24 19:10:00,58.75,48.89
129N04751,2020-06-24 19:20:00,39.12,99.70
129N04751,2020-06-24 19:30:00,35.48,97.80
129N04751,2020-06-24 19:40:00,33.58,100.00
129N04751,2020-06-24 19:50:00,41.02,90.44
129N04751,2020-06-24 20:00:00,53.19,72.10
129N04751,2020-06-24 20:10:00,48.07,81.40
129N04751,2020-06-24 20:20:00,40.90,96.60
129N04751,2020-06-24 20:30:00,41.41,100.00
129N04751,2020-06-24 20:40:00,30.98,100.00
129N04751,2020-06-24 20:50:00,45.00,99.60
129N04751,2020-06-24 21:00:00,44.69,99.00
129N04751,2020-06-24 21:10:00,43.58,88.10
129N04751,2020-06-24 21:20:00,41.84,94.00
129N04751,2020-06-24 21:30:00,46.96,90.50
129N04751,2020-06-24 21:40:00,52.90,73.60
129N04751,2020-06-24 21:50:00,53.00,97.20
129N04751,2020-06-24 22:00:00,53.00,94.00
129N04751,2020-06-24 22:10:00,46.00,89.00
129N04751,2020-06-24 22:20:00,49.27,97.00
129N04751,2020-06-24 22:30:00,51.00,100.00
129N04751,2020-06-24 22:40:00,41.00,100.00
129N04751,2020-06-24 22:50:00,41.76,100.00
129N04751,2020-06-24 23:00:00,40.74,96.63
129N04751,2020-06-24 23:10:00,45.16,75.60
129N04751,2020-06-24 23:20:00,42.78,97.70
129N04751,2020-06-24 23:30:00,43.89,84.30
129N04751,2020-06-24 23:40:00,35.10,55.20
129N04751,2020-06-24 23:50:00,35.00,69.00
129-04638,2020-06-24 00:00:00,52.76,66.89
129-04638,2020-06-24 00:10:00,53.00,90.25
129-04638,2020-06-24 00:20:00,53.00,93.25
129-04638,2020-06-24 00:30:00,51.62,92.63
129-04638,2020-06-24 00:40:00,51.00,96.33
129-04638,2020-06-24 00:50:00,,
129-04638,2020-06-24 01:00:00,50.00,97.86
129-04638,2020-06-24 01:10:00,50.00,99.00
129-04638,2020-06-24 01:20:00,69.00,20.13
129-04638,2020-06-24 01:30:00,69.00,50.00
129-04638,2020-06-24 01:40:00,,
129-04638,2020-06-24 01:50:00,56.00,
129-04638,2020-06-24 02:00:00,56.00,
129-04638,2020-06-24 02:10:00,56.00,
129-04638,2020-06-24 02:20:00,56.00,
129-04638,2020-06-24 02:30:00,56.60,100.00
129-04638,2020-06-24 02:40:00,57.00,100.00
129-04638,2020-06-24 02:50:00,63.00,84.63
129-04638,2020-06-24 03:00:00,51.00,62.00
129-04638,2020-06-24 03:10:00,51.00,70.00
129-04638,2020-06-24 03:20:00,62.45,73.89
129-04638,2020-06-24 03:30:00,53.53,70.60
129-04638,2020-06-24 03:40:00,63.30,60.00
129-04638,2020-06-24 03:50:00,50.00,63.50
129-04638,2020-06-24 04:00:00,67.43,51.29
129-04638,2020-06-24 04:10:00,71.49,31.63
129-04638,2020-06-24 04:20:00,55.83,64.10
129-04638,2020-06-24 04:30:00,59.06,63.40
129-04638,2020-06-24 04:40:00,70.11,60.20
129-04638,2020-06-24 04:50:00,65.56,80.80
129-04638,2020-06-24 05:00:00,69.36,86.10
129-04638,2020-06-24 05:10:00,66.57,70.50
129-04638,2020-06-24 05:20:00,69.59,99.40
129-04638,2020-06-24 05:30:00,67.39,97.20
129-04638,2020-06-24 05:40:00,66.53,100.00
129-04638,2020-06-24 05:50:00,68.41,85.30
129-04638,2020-06-24 06:00:00,64.39,100.00
129-04638,2020-06-24 06:10:00,64.16,100.00
129-04638,2020-06-24 06:20:00,64.17,100.00
129-04638,2020-06-24 06:30:00,56.65,100.00
129-04638,2020-06-24 06:40:00,59.42,100.00
129-04638,2020-06-24 06:50:00,64.31,95.30
129-04638,2020-06-24 07:00:00,65.59,100.00
129-04638,2020-06-24 07:10:00,67.54,75.60
129-04638,2020-06-24 07:20:00,64.76,82.50
129-04638,2020-06-24 07:30:00,60.99,100.00
129-04638,2020-06-24 07:40:00,63.64,97.20
129-04638,2020-06-24 07:50:00,63.21,100.00
129-04638,2020-06-24 08:00:00,68.93,66.10
129-04638,2020-06-24 08:10:00,65.97,100.00
129-04638,2020-06-24 08:20:00,64.31,100.00
129-04638,2020-06-24 08:30:00,60.07,100.00
129-04638,2020-06-24 08:40:00,58.37,99.90
129-04638,2020-06-24 08:50:00,59.52,95.40
129-04638,2020-06-24 09:00:00,59.88,95.20
129-04638,2020-06-24 09:10:00,58.39,98.00
129-04638,2020-06-24 09:20:00,56.58,96.90
129-04638,2020-06-24 09:30:00,61.39,96.30
129-04638,2020-06-24 09:40:00,61.02,85.10
129-04638,2020-06-24 09:50:00,53.97,100.00
129-04638,2020-06-24 10:00:00,55.64,100.00
129-04638,2020-06-24 10:10:00,55.50,100.00
129-04638,2020-06-24 10:20:00,56.87,83.90
129-04638,2020-06-24 10:30:00,55.09,100.00
129-04638,2020-06-24 10:40:00,57.74,89.00
129-04638,2020-06-24 10:50:00,55.44,100.00
129-04638,2020-06-24 11:00:00,58.50,100.00
129-04638,2020-06-24 11:10:00,58.00,100.00
129-04638,2020-06-24 11:20:00,55.97,100.00
129-04638,2020-06-24 11:30:00,57.20,100.00
129-04638,2020-06-24 11:40:00,63.86,68.40
129-04638,2020-06-24 11:50:00,67.79,48.30
129-04638,2020-06-24 12:00:00,57.05,90.50
129-04638,2020-06-24 12:10:00,58.89,98.30
129-04638,2020-06-24 12:20:00,55.71,100.00
129-04638,2020-06-24 12:30:00,60.43,97.70
129-04638,2020-06-24 12:40:00,52.25,100.00
129-04638,2020-06-24 12:50:00,48.02,80.20
129-04638,2020-06-24 13:00:00,52.19,100.00
129-04638,2020-06-24 13:10:00,47.02,70.60
129-04638,2020-06-24 13:20:00,53.86,97.30
129-04638,2020-06-24 13:30:00,56.81,100.00
129-04638,2020-06-24 13:40:00,60.02,83.90
129-04638,2020-06-24 13:50:00,62.27,92.80
129-04638,2020-06-24 14:00:00,53.10,100.00
129-04638,2020-06-24 14:10:00,63.37,54.60
129-04638,2020-06-24 14:20:00,66.16,67.80
129-04638,2020-06-24 14:30:00,64.30,99.00
129-04638,2020-06-24 14:40:00,60.69,100.00
129-04638,2020-06-24 14:50:00,63.83,87.00
129-04638,2020-06-24 15:00:00,56.21,94.30
129-04638,2020-06-24 15:10:00,56.27,100.00
129-04638,2020-06-24 15:20:00,55.26,100.00
129-04638,2020-06-24 15:30:00,55.44,100.00
129-04638,2020-06-24 15:40:00,63.23,100.00
129-04638,2020-06-24 15:50:00,61.75,100.00
129-04638,2020-06-24 16:00:00,57.36,100.00
129-04638,2020-06-24 16:10:00,58.82,100.00
129-04638,2020-06-24 16:20:00,66.22,63.90
129-04638,2020-06-24 16:30:00,58.77,100.00
129-04638,2020-06-24 16:40:00,60.30,88.30
129-04638,2020-06-24 16:50:00,59.14,83.10
129-04638,2020-06-24 17:00:00,57.55,100.00
129-04638,2020-06-24 17:10:00,61.18,93.90
129-04638,2020-06-24 17:20:00,57.60,78.40
129-04638,2020-06-24 17:30:00,62.36,75.90
129-04638,2020-06-24 17:40:00,63.71,68.80
129-04638,2020-06-24 17:50:00,70.79,72.29
129-04638,2020-06-24 18:00:00,70.49,68.00
129-04638,2020-06-24 18:10:00,66.51,97.60
129-04638,2020-06-24 18:20:00,65.89,97.00
129-04638,2020-06-24 18:30:00,56.88,100.00
129-04638,2020-06-24 18:40:00,56.97,100.00
129-04638,2020-06-24 18:50:00,60.83,100.00
129-04638,2020-06-24 19:00:00,69.19,78.90
129-04638,2020-06-24 19:10:00,66.09,68.20
129-04638,2020-06-24 19:20:00,59.06,100.00
129-04638,2020-06-24 19:30:00,60.71,100.00
129-04638,2020-06-24 19:40:00,66.52,96.20
129-04638,2020-06-24 19:50:00,64.31,95.30
129-04638,2020-06-24 20:00:00,60.94,92.60
129-04638,2020-06-24 20:10:00,62.81,69.80
129-04638,2020-06-24 20:20:00,60.06,100.00
129-04638,2020-06-24 20:30:00,61.85,100.00
129-04638,2020-06-24 20:40:00,48.27,49.29
129-04638,2020-06-24 20:50:00,53.39,76.20
129-04638,2020-06-24 21:00:00,63.85,93.60
129-04638,2020-06-24 21:10:00,56.04,100.00
129-04638,2020-06-24 21:20:00,53.00,100.00
129-04638,2020-06-24 21:30:00,51.99,100.00
129-04638,2020-06-24 21:40:00,69.68,34.44
129-04638,2020-06-24 21:50:00,83.00,14.00
129-04638,2020-06-24 22:00:00,62.88,95.50
129-04638,2020-06-24 22:10:00,62.06,94.30
129-04638,2020-06-24 22:20:00,60.50,97.50
129-04638,2020-06-24 22:30:00,60.85,97.00
129-04638,2020-06-24 22:40:00,57.00,100.00
129-04638,2020-06-24 22:50:00,,
129-04638,2020-06-24 23:00:00,76.00,
129-04638,2020-06-24 23:10:00,67.73,98.75
129-04638,2020-06-24 23:20:00,55.80,97.20
129-04638,2020-06-24 23:30:00,55.00,96.50
129-04638,2020-06-24 23:40:00,,
129-04638,2020-06-24 23:50:00,52.34,91.86
129-04639,2020-06-24 00:00:00,60.85,67.57
129-04639,2020-06-24 00:10:00,63.00,92.44
129-04639,2020-06-24 00:20:00,63.50,95.50
129-04639,2020-06-24 00:30:00,61.09,88.40
129-04639,2020-06-24 00:40:00,60.40,94.80
129-04639,2020-06-24 00:50:00,,
129-04639,2020-06-24 01:00:00,,
129-04639,2020-06-24 01:10:00,63.00,83.00
129-04639,2020-06-24 01:20:00,65.20,71.90
129-04639,2020-06-24 01:30:00,,
129-04639,2020-06-24 01:40:00,64.00,99.00
129-04639,2020-06-24 01:50:00,64.12,98.63
129-04639,2020-06-24 02:00:00,,
129-04639,2020-06-24 02:10:00,,
129-04639,2020-06-24 02:20:00,,
129-04639,2020-06-24 02:30:00,46.68,77.75
129-04639,2020-06-24 02:40:00,46.64,66.29
129-04639,2020-06-24 02:50:00,69.00,47.71
129-04639,2020-06-24 03:00:00,63.00,86.50
129-04639,2020-06-24 03:10:00,,
129-04639,2020-06-24 03:20:00,71.00,60.89
129-04639,2020-06-24 03:30:00,68.73,84.50
129-04639,2020-06-24 03:40:00,66.45,81.71
129-04639,2020-06-24 03:50:00,60.00,29.60
129-04639,2020-06-24 04:00:00,71.98,74.14
129-04639,2020-06-24 04:10:00,72.85,62.71
129-04639,2020-06-24 04:20:00,66.34,71.90
129-04639,2020-06-24 04:30:00,66.83,79.50
129-04639,2020-06-24 04:40:00,69.87,77.30
129-04639,2020-06-24 04:50:00,73.74,68.20
129-04639,2020-06-24 05:00:00,74.58,61.20
129-04639,2020-06-24 05:10:00,70.06,95.90
129-04639,2020-06-24 05:20:00,71.58,98.10
129-04639,2020-06-24 05:30:00,68.98,100.00
129-04639,2020-06-24 05:40:00,70.53,100.00
129-04639,2020-06-24 05:50:00,71.56,100.00
129-04639,2020-06-24 06:00:00,69.98,100.00
129-04639,2020-06-24 06:10:00,69.99,100.00
129-04639,2020-06-24 06:20:00,67.96,100.00
129-04639,2020-06-24 06:30:00,65.29,100.00
129-04639,2020-06-24 06:40:00,67.37,100.00
129-04639,2020-06-24 06:50:00,69.17,100.00
129-04639,2020-06-24 07:00:00,69.57,100.00
129-04639,2020-06-24 07:10:00,69.29,97.90
129-04639,2020-06-24 07:20:00,68.49,99.20
129-04639,2020-06-24 07:30:00,67.29,98.20
129-04639,2020-06-24 07:40:00,69.79,98.60
129-04639,2020-06-24 07:50:00,69.39,100.00
129-04639,2020-06-24 08:00:00,70.69,95.80
129-04639,2020-06-24 08:10:00,68.24,100.00
129-04639,2020-06-24 08:20:00,67.54,100.00
129-04639,2020-06-24 08:30:00,65.87,100.00
129-04639,2020-06-24 08:40:00,67.35,100.00
129-04639,2020-06-24 08:50:00,68.65,89.60
129-04639,2020-06-24 09:00:00,70.39,84.30
129-04639,2020-06-24 09:10:00,68.06,88.40
129-04639,2020-06-24 09:20:00,66.99,97.70
129-04639,2020-06-24 09:30:00,67.28,99.30
129-04639,2020-06-24 09:40:00,66.09,99.20
129-04639,2020-06-24 09:50:00,68.20,99.20
129-04639,2020-06-24 10:00:00,67.32,100.00
129-04639,2020-06-24 10:10:00,64.18,100.00
129-04639,2020-06-24 10:20:00,64.37,97.00
129-04639,2020-06-24 10:30:00,64.17,100.00
129-04639,2020-06-24 10:40:00,68.03,80.50
129-04639,2020-06-24 10:50:00,68.59,88.30
129-04639,2020-06-24 11:00:00,69.84,88.60
129-04639,2020-06-24 11:10:00,66.79,97.90
129-04639,2020-06-24 11:20:00,67.49,100.00
129-04639,2020-06-24 11:30:00,66.20,99.70
129-04639,2020-06-24 11:40:00,67.67,98.10
129-04639,2020-06-24 11:50:00,68.18,98.30
129-04639,2020-06-24 12:00:00,63.29,100.00
129-04639,2020-06-24 12:10:00,65.24,93.40
129-04639,2020-06-24 12:20:00,64.06,99.30
129-04639,2020-06-24 12:30:00,66.37,98.80
129-04639,2020-06-24 12:40:00,62.39,100.00
129-04639,2020-06-24 12:50:00,63.38,100.00
129-04639,2020-06-24 13:00:00,65.39,100.00
129-04639,2020-06-24 13:10:00,61.77,97.90
129-04639,2020-06-24 13:20:00,63.46,99.20
129-04639,2020-06-24 13:30:00,61.79,100.00
129-04639,2020-06-24 13:40:00,67.98,64.20
129-04639,2020-06-24 13:50:00,64.48,91.60
129-04639,2020-06-24 14:00:00,62.00,99.40
129-04639,2020-06-24 14:10:00,68.96,65.70
129-04639,2020-06-24 14:20:00,70.85,80.40
129-04639,2020-06-24 14:30:00,68.40,100.00
129-04639,2020-06-24 14:40:00,67.07,100.00
129-04639,2020-06-24 14:50:00,70.60,92.90
129-04639,2020-06-24 15:00:00,66.50,97.50
129-04639,2020-06-24 15:10:00,67.99,96.00
129-04639,2020-06-24 15:20:00,64.73,96.90
129-04639,2020-06-24 15:30:00,65.18,97.10
129-04639,2020-06-24 15:40:00,70.19,100.00
129-04639,2020-06-24 15:50:00,70.19,100.00
129-04639,2020-06-24 16:00:00,66.97,100.00
129-04639,2020-06-24 16:10:00,64.89,99.90
129-04639,2020-06-24 16:20:00,67.87,98.20
129-04639,2020-06-24 16:30:00,68.39,99.90
129-04639,2020-06-24 16:40:00,66.99,98.20
129-04639,2020-06-24 16:50:00,69.48,82.50
129-04639,2020-06-24 17:00:00,71.07,99.10
129-04639,2020-06-24 17:10:00,73.29,76.80
129-04639,2020-06-24 17:20:00,68.57,97.00
129-04639,2020-06-24 17:30:00,67.35,99.00
129-04639,2020-06-24 17:40:00,68.00,100.00
129-04639,2020-06-24 17:50:00,69.97,91.50
129-04639,2020-06-24 18:00:00,72.29,78.50
129-04639,2020-06-24 18:10:00,69.43,98.30
129-04639,2020-06-24 18:20:00,70.48,93.90
129-04639,2020-06-24 18:30:00,68.18,99.40
129-04639,2020-06-24 18:40:00,71.89,99.90
129-04639,2020-06-24 18:50:00,71.97,98.80
129-04639,2020-06-24 19:00:00,73.29,96.50
129-04639,2020-06-24 19:10:00,68.15,97.70
129-04639,2020-06-24 19:20:00,63.65,91.60
129-04639,2020-06-24 19:30:00,67.19,100.00
129-04639,2020-06-24 19:40:00,68.48,88.43
129-04639,2020-06-24 19:50:00,68.85,93.40
129-04639,2020-06-24 20:00:00,67.37,95.20
129-04639,2020-06-24 20:10:00,69.70,93.30
129-04639,2020-06-24 20:20:00,70.32,84.40
129-04639,2020-06-24 20:30:00,76.60,38.10
129-04639,2020-06-24 20:40:00,59.58,52.00
129-04639,2020-06-24 20:50:00,62.72,86.60
129-04639,2020-06-24 21:00:00,68.38,98.00
129-04639,2020-06-24 21:10:00,68.01,97.30
129-04639,2020-06-24 21:20:00,62.99,100.00
129-04639,2020-06-24 21:30:00,61.66,100.00
129-04639,2020-06-24 21:40:00,68.88,61.50
129-04639,2020-06-24 21:50:00,70.06,63.00
129-04639,2020-06-24 22:00:00,65.57,95.60
129-04639,2020-06-24 22:10:00,62.66,96.90
129-04639,2020-06-24 22:20:00,65.04,92.50
129-04639,2020-06-24 22:30:00,64.30,98.10
129-04639,2020-06-24 22:40:00,62.00,100.00
129-04639,2020-06-24 22:50:00,,
129-04639,2020-06-24 23:00:00,,
129-04639,2020-06-24 23:10:00,61.01,75.29
129-04639,2020-06-24 23:20:00,57.09,69.00
129-04639,2020-06-24 23:30:00,59.00,75.00
129-04639,2020-06-24 23:40:00,,
129-04639,2020-06-24 23:50:00,65.12,72.75
129-04879,2020-06-24 00:00:00,54.93,90.50
129-04879,2020-06-24 00:10:00,49.00,76.00
129-04879,2020-06-24 00:20:00,48.00,74.30
129-04879,2020-06-24 00:30:00,,
129-04879,2020-06-24 00:40:00,,
129-04879,2020-06-24 00:50:00,48.00,
129-04879,2020-06-24 01:00:00,48.00,
129-04879,2020-06-24 01:10:00,48.00,
129-04879,2020-06-24 01:20:00,48.00,
129-04879,2020-06-24 01:30:00,10.00,91.75
129-04879,2020-06-24 01:40:00,10.00,98.25
129-04879,2020-06-24 01:50:00,,
129-04879,2020-06-24 02:00:00,16.00,
129-04879,2020-06-24 02:10:00,16.00,
129-04879,2020-06-24 02:20:00,16.00,
129-04879,2020-06-24 02:30:00,,
129-04879,2020-06-24 02:40:00,,
129-04879,2020-06-24 02:50:00,,
129-04879,2020-06-24 03:00:00,,
129-04879,2020-06-24 03:10:00,47.00,100.00
129-04879,2020-06-24 03:20:00,47.00,100.00
129-04879,2020-06-24 03:30:00,47.00,100.00
129-04879,2020-06-24 03:40:00,47.00,100.00
129-04879,2020-06-24 03:50:00,43.66,94.00
129-04879,2020-06-24 04:00:00,47.00,97.60
129-04879,2020-06-24 04:10:00,41.02,80.57
129-04879,2020-06-24 04:20:00,40.28,82.71
129-04879,2020-06-24 04:30:00,,
129-04879,2020-06-24 04:40:00,40.38,93.20
129-04879,2020-06-24 04:50:00,40.22,64.30
129-04879,2020-06-24 05:00:00,45.48,76.40
129-04879,2020-06-24 05:10:00,57.05,24.50
129-04879,2020-06-24 05:20:00,50.70,71.70
129-04879,2020-06-24 05:30:00,46.12,84.00
129-04879,2020-06-24 05:40:00,55.37,81.60
129-04879,2020-06-24 05:50:00,53.28,66.70
129-04879,2020-06-24 06:00:00,55.95,73.00
129-04879,2020-06-24 06:10:00,51.11,92.60
129-04879,2020-06-24 06:20:00,43.66,98.80
129-04879,2020-06-24 06:30:00,46.18,100.00
129-04879,2020-06-24 06:40:00,46.57,99.90
129-04879,2020-06-24 06:50:00,47.53,100.00
129-04879,2020-06-24 07:00:00,44.54,100.00
129-04879,2020-06-24 07:10:00,47.28,97.20
129-04879,2020-06-24 07:20:00,46.48,100.00
129-04879,2020-06-24 07:30:00,42.89,97.70
129-04879,2020-06-24 07:40:00,43.38,88.00
129-04879,2020-06-24 07:50:00,34.30,92.20
129-04879,2020-06-24 08:00:00,48.83,67.00
129-04879,2020-06-24 08:10:00,44.12,100.00
129-04879,2020-06-24 08:20:00,42.39,93.30
129-04879,2020-06-24 08:30:00,45.78,89.20
129-04879,2020-06-24 08:40:00,42.54,82.10
129-04879,2020-06-24 08:50:00,46.04,84.50
129-04879,2020-06-24 09:00:00,42.33,87.00
129-04879,2020-06-24 09:10:00,50.00,80.60
129-04879,2020-06-24 09:20:00,49.71,82.90
129-04879,2020-06-24 09:30:00,40.86,73.00
129-04879,2020-06-24 09:40:00,42.45,78.40
129-04879,2020-06-24 09:50:00,46.81,90.00
129-04879,2020-06-24 10:00:00,45.19,81.30
129-04879,2020-06-24 10:10:00,42.91,89.10
129-04879,2020-06-24 10:20:00,43.38,81.90
129-04879,2020-06-24 10:30:00,45.75,84.00
129-04879,2020-06-24 10:40:00,48.43,72.90
129-04879,2020-06-24 10:50:00,44.59,91.10
129-04879,2020-06-24 11:00:00,40.68,95.40
129-04879,2020-06-24 11:10:00,46.63,71.80
129-04879,2020-06-24 11:20:00,43.36,96.30
129-04879,2020-06-24 11:30:00,43.18,99.70
129-04879,2020-06-24 11:40:00,46.73,80.20
129-04879,2020-06-24 11:50:00,49.76,84.70
129-04879,2020-06-24 12:00:00,45.16,99.70
129-04879,2020-06-24 12:10:00,42.38,100.00
129-04879,2020-06-24 12:20:00,42.64,100.00
129-04879,2020-06-24 12:30:00,44.17,98.10
129-04879,2020-06-24 12:40:00,43.89,100.00
129-04879,2020-06-24 12:50:00,43.60,96.30
129-04879,2020-06-24 13:00:00,45.13,94.00
129-04879,2020-06-24 13:10:00,43.09,100.00
129-04879,2020-06-24 13:20:00,45.77,97.30
129-04879,2020-06-24 13:30:00,50.14,79.20
129-04879,2020-06-24 13:40:00,45.58,100.00
129-04879,2020-06-24 13:50:00,44.84,94.00
129-04879,2020-06-24 14:00:00,40.90,98.10
129-04879,2020-06-24 14:10:00,41.74,100.00
129-04879,2020-06-24 14:20:00,43.72,100.00
129-04879,2020-06-24 14:30:00,41.74,96.60
129-04879,2020-06-24 14:40:00,42.24,100.00
129-04879,2020-06-24 14:50:00,38.52,80.40
129-04879,2020-06-24 15:00:00,37.49,83.60
129-04879,2020-06-24 15:10:00,44.78,91.10
129-04879,2020-06-24 15:20:00,38.99,92.30
129-04879,2020-06-24 15:30:00,35.85,95.40
129-04879,2020-06-24 15:40:00,24.59,84.20
129-04879,2020-06-24 15:50:00,37.69,90.40
129-04879,2020-06-24 16:00:00,38.19,88.90
129-04879,2020-06-24 16:10:00,45.15,67.80
129-04879,2020-06-24 16:20:00,45.43,77.70
129-04879,2020-06-24 16:30:00,40.19,88.90
129-04879,2020-06-24 16:40:00,32.43,99.80
129-04879,2020-06-24 16:50:00,41.93,98.10
129-04879,2020-06-24 17:00:00,45.47,68.60
129-04879,2020-06-24 17:10:00,39.82,92.00
129-04879,2020-06-24 17:20:00,27.10,94.60
129-04879,2020-06-24 17:30:00,42.15,85.20
129-04879,2020-06-24 17:40:00,38.67,83.60
129-04879,2020-06-24 17:50:00,41.75,93.90
129-04879,2020-06-24 18:00:00,42.18,97.00
129-04879,2020-06-24 18:10:00,38.99,79.80
129-04879,2020-06-24 18:20:00,41.53,87.80
129-04879,2020-06-24 18:30:00,41.86,68.60
129-04879,2020-06-24 18:40:00,45.59,86.20
129-04879,2020-06-24 18:50:00,45.22,91.60
129-04879,2020-06-24 19:00:00,44.04,80.70
129-04879,2020-06-24 19:10:00,42.62,70.80
129-04879,2020-06-24 19:20:00,37.48,40.40
129-04879,2020-06-24 19:30:00,38.09,85.56
129-04879,2020-06-24 19:40:00,44.05,82.40
129-04879,2020-06-24 19:50:00,41.72,95.80
129-04879,2020-06-24 20:00:00,42.48,97.25
129-04879,2020-06-24 20:10:00,45.54,75.80
129-04879,2020-06-24 20:20:00,46.44,71.00
129-04879,2020-06-24 20:30:00,48.68,71.00
129-04879,2020-06-24 20:40:00,42.26,93.70
129-04879,2020-06-24 20:50:00,43.44,99.80
129-04879,2020-06-24 21:00:00,45.68,100.00
129-04879,2020-06-24 21:10:00,51.75,63.80
129-04879,2020-06-24 21:20:00,36.85,47.50
129-04879,2020-06-24 21:30:00,34.06,71.00
129-04879,2020-06-24 21:40:00,40.26,95.00
129-04879,2020-06-24 21:50:00,37.00,82.20
129-04879,2020-06-24 22:00:00,46.47,100.00
129-04879,2020-06-24 22:10:00,47.00,100.00
129-04879,2020-06-24 22:20:00,,
129-04879,2020-06-24 22:30:00,41.54,100.00
129-04879,2020-06-24 22:40:00,45.00,100.00
129-04879,2020-06-24 22:50:00,45.00,100.00
129-04879,2020-06-24 23:00:00,50.71,76.50
129-04879,2020-06-24 23:10:00,53.00,80.00
129-04879,2020-06-24 23:20:00,,
129-04879,2020-06-24 23:30:00,49.00,
129-04879,2020-06-24 23:40:00,,
129-04879,2020-06-24 23:50:00,,
129N04745,2020-06-24 00:00:00,,
129N04745,2020-06-24 00:10:00,48.00,47.44
129N04745,2020-06-24 00:20:00,48.00,54.00
129N04745,2020-06-24 00:30:00,66.00,87.00
129N04745,2020-06-24 00:40:00,66.16,81.17
129N04745,2020-06-24 00:50:00,,
129N04745,2020-06-24 01:00:00,42.00,16.75
129N04745,2020-06-24 01:10:00,42.00,41.75
129N04745,2020-06-24 01:20:00,,
129N04745,2020-06-24 01:30:00,51.13,67.86
129N04745,2020-06-24 01:40:00,51.90,85.00
129N04745,2020-06-24 01:50:00,,
129N04745,2020-06-24 02:00:00,,
129N04745,2020-06-24 02:10:00,53.00,91.75
129N04745,2020-06-24 02:20:00,53.00,95.88
129N04745,2020-06-24 02:30:00,48.65,81.33
129N04745,2020-06-24 02:40:00,48.00,85.70
129N04745,2020-06-24 02:50:00,,
129N04745,2020-06-24 03:00:00,,
129N04745,2020-06-24 03:10:00,,
129N04745,2020-06-24 03:20:00,,
129N04745,2020-06-24 03:30:00,63.00,83.50
129N04745,2020-06-24 03:40:00,56.64,91.00
129N04745,2020-06-24 03:50:00,63.17,75.60
129N04745,2020-06-24 04:00:00,,
129N04745,2020-06-24 04:10:00,53.00,92.50
129N04745,2020-06-24 04:20:00,53.00,87.60
129N04745,2020-06-24 04:30:00,53.00,89.00
129N04745,2020-06-24 04:40:00,69.62,42.11
129N04745,2020-06-24 04:50:00,68.46,70.10
129N04745,2020-06-24 05:00:00,71.56,44.80
129N04745,2020-06-24 05:10:00,75.36,62.88
129N04745,2020-06-24 05:20:00,71.65,81.10
129N04745,2020-06-24 05:30:00,67.40,83.50
129N04745,2020-06-24 05:40:00,69.58,89.20
129N04745,2020-06-24 05:50:00,68.58,85.00
129N04745,2020-06-24 06:00:00,66.13,93.40
129N04745,2020-06-24 06:10:00,60.94,100.00
129N04745,2020-06-24 06:20:00,63.78,100.00
129N04745,2020-06-24 06:30:00,59.97,100.00
129N04745,2020-06-24 06:40:00,59.21,100.00
129N04745,2020-06-24 06:50:00,61.37,97.90
129N04745,2020-06-24 07:00:00,55.52,99.60
129N04745,2020-06-24 07:10:00,57.89,98.00
129N04745,2020-06-24 07:20:00,51.39,100.00
129N04745,2020-06-24 07:30:00,51.93,99.20
129N04745,2020-06-24 07:40:00,47.99,95.40
129N04745,2020-06-24 07:50:00,50.05,96.30
129N04745,2020-06-24 08:00:00,44.80,100.00
129N04745,2020-06-24 08:10:00,53.01,90.70
129N04745,2020-06-24 08:20:00,50.07,100.00
129N04745,2020-06-24 08:30:00,53.20,96.70
129N04745,2020-06-24 08:40:00,59.19,79.10
129N04745,2020-06-24 08:50:00,58.40,94.50
129N04745,2020-06-24 09:00:00,44.98,98.80
129N04745,2020-06-24 09:10:00,39.04,100.00
129N04745,2020-06-24 09:20:00,45.16,100.00
129N04745,2020-06-24 09:30:00,48.38,97.60
129N04745,2020-06-24 09:40:00,47.74,100.00
129N04745,2020-06-24 09:50:00,46.72,100.00
129N04745,2020-06-24 10:00:00,49.55,100.00
129N04745,2020-06-24 10:10:00,51.25,95.20
129N04745,2020-06-24 10:20:00,58.01,63.30
129N04745,2020-06-24 10:30:00,56.55,80.60
129N04745,2020-06-24 10:40:00,51.29,96.60
129N04745,2020-06-24 10:50:00,54.29,98.40
129N04745,2020-06-24 11:00:00,43.93,100.00
129N04745,2020-06-24 11:10:00,56.59,91.40
129N04745,2020-06-24 11:20:00,48.83,99.20
129N04745,2020-06-24 11:30:00,42.81,100.00
129N04745,2020-06-24 11:40:00,45.95,99.80
129N04745,2020-06-24 11:50:00,51.83,100.00
129N04745,2020-06-24 12:00:00,53.22,74.90
129N04745,2020-06-24 12:10:00,46.95,92.60
129N04745,2020-06-24 12:20:00,50.82,100.00
129N04745,2020-06-24 12:30:00,47.92,100.00
129N04745,2020-06-24 12:40:00,50.16,100.00
129N04745,2020-06-24 12:50:00,49.78,100.00
129N04745,2020-06-24 13:00:00,47.84,99.70
129N04745,2020-06-24 13:10:00,47.22,100.00
129N04745,2020-06-24 13:20:00,50.29,100.00
129N04745,2020-06-24 13:30:00,48.45,91.20
129N04745,2020-06-24 13:40:00,56.67,81.20
129N04745,2020-06-24 13:50:00,33.51,100.00
129N04745,2020-06-24 14:00:00,44.51,97.80
129N04745,2020-06-24 14:10:00,35.67,100.00
129N04745,2020-06-24 14:20:00,47.14,100.00
129N04745,2020-06-24 14:30:00,44.74,100.00
129N04745,2020-06-24 14:40:00,47.76,100.00
129N04745,2020-06-24 14:50:00,46.26,100.00
129N04745,2020-06-24 15:00:00,49.29,91.20
129N04745,2020-06-24 15:10:00,52.70,64.80
129N04745,2020-06-24 15:20:00,46.69,97.60
129N04745,2020-06-24 15:30:00,42.07,100.00
129N04745,2020-06-24 15:40:00,36.96,73.50
129N04745,2020-06-24 15:50:00,44.87,100.00
129N04745,2020-06-24 16:00:00,49.73,100.00
129N04745,2020-06-24 16:10:00,54.02,80.50
129N04745,2020-06-24 16:20:00,52.59,85.60
129N04745,2020-06-24 16:30:00,48.06,92.30
129N04745,2020-06-24 16:40:00,33.69,100.00
129N04745,2020-06-24 16:50:00,50.69,83.90
129N04745,2020-06-24 17:00:00,63.42,81.60
129N04745,2020-06-24 17:10:00,56.15,92.60
129N04745,2020-06-24 17:20:00,51.14,99.40
129N04745,2020-06-24 17:30:00,26.95,89.00
129N04745,2020-06-24 17:40:00,48.41,94.50
129N04745,2020-06-24 17:50:00,40.31,93.20
129N04745,2020-06-24 18:00:00,59.12,63.40
129N04745,2020-06-24 18:10:00,43.83,69.60
129N04745,2020-06-24 18:20:00,45.00,96.00
129N04745,2020-06-24 18:30:00,45.45,99.40
129N04745,2020-06-24 18:40:00,58.43,93.80
129N04745,2020-06-24 18:50:00,51.54,98.50
129N04745,2020-06-24 19:00:00,33.19,99.50
129N04745,2020-06-24 19:10:00,50.05,83.90
129N04745,2020-06-24 19:20:00,43.92,99.50
129N04745,2020-06-24 19:30:00,37.21,100.00
129N04745,2020-06-24 19:40:00,37.28,87.80
129N04745,2020-06-24 19:50:00,48.14,100.00
129N04745,2020-06-24 20:00:00,52.62,87.80
129N04745,2020-06-24 20:10:00,48.78,100.00
129N04745,2020-06-24 20:20:00,52.27,100.00
129N04745,2020-06-24 20:30:00,57.59,59.00
129N04745,2020-06-24 20:40:00,51.48,97.00
129N04745,2020-06-24 20:50:00,55.40,100.00
129N04745,2020-06-24 21:00:00,48.74,81.20
129N04745,2020-06-24 21:10:00,47.42,93.30
129N04745,2020-06-24 21:20:00,39.90,95.30
129N04745,2020-06-24 21:30:00,46.28,82.50
129N04745,2020-06-24 21:40:00,58.25,95.40
129N04745,2020-06-24 21:50:00,63.00,35.00
129N04745,2020-06-24 22:00:00,,
129N04745,2020-06-24 22:10:00,63.00,96.00
129N04745,2020-06-24 22:20:00,62.10,84.70
129N04745,2020-06-24 22:30:00,52.70,100.00
129N04745,2020-06-24 22:40:00,52.68,100.00
129N04745,2020-06-24 22:50:00,45.78,65.10
129N04745,2020-06-24 23:00:00,58.36,57.80
129N04745,2020-06-24 23:10:00,53.79,85.00
129N04745,2020-06-24 23:20:00,51.39,70.20
129N04745,2020-06-24 23:30:00,49.79,76.90
129N04745,2020-06-24 23:40:00,50.00,81.25
129N04745,2020-06-24 23:50:00,,
129N04746,2020-06-24 00:00:00,66.00,99.00
129N04746,2020-06-24 00:10:00,64.00,91.10
129N04746,2020-06-24 00:20:00,63.50,90.50
129N04746,2020-06-24 00:30:00,68.00,92.38
129N04746,2020-06-24 00:40:00,68.20,89.00
129N04746,2020-06-24 00:50:00,,
129N04746,2020-06-24 01:00:00,44.62,12.50
129N04746,2020-06-24 01:10:00,43.14,45.29
129N04746,2020-06-24 01:20:00,,
129N04746,2020-06-24 01:30:00,50.88,57.22
129N04746,2020-06-24 01:40:00,49.48,68.80
129N04746,2020-06-24 01:50:00,,
129N04746,2020-06-24 02:00:00,64.00,
129N04746,2020-06-24 02:10:00,57.73,78.83
129N04746,2020-06-24 02:20:00,55.00,95.17
129N04746,2020-06-24 02:30:00,52.99,96.33
129N04746,2020-06-24 02:40:00,51.89,93.00
129N04746,2020-06-24 02:50:00,,
129N04746,2020-06-24 03:00:00,,
129N04746,2020-06-24 03:10:00,,
129N04746,2020-06-24 03:20:00,,
129N04746,2020-06-24 03:30:00,,
129N04746,2020-06-24 03:40:00,56.17,82.22
129N04746,2020-06-24 03:50:00,63.00,70.00
129N04746,2020-06-24 04:00:00,,
129N04746,2020-06-24 04:10:00,60.00,98.50
129N04746,2020-06-24 04:20:00,62.00,95.33
129N04746,2020-06-24 04:30:00,66.00,64.50
129N04746,2020-06-24 04:40:00,66.94,71.10
129N04746,2020-06-24 04:50:00,65.49,96.30
129N04746,2020-06-24 05:00:00,72.52,41.60
129N04746,2020-06-24 05:10:00,70.82,77.13
129N04746,2020-06-24 05:20:00,74.14,50.30
129N04746,2020-06-24 05:30:00,68.91,91.10
129N04746,2020-06-24 05:40:00,70.56,87.00
129N04746,2020-06-24 05:50:00,69.44,93.90
129N04746,2020-06-24 06:00:00,65.58,63.00
129N04746,2020-06-24 06:10:00,65.22,99.80
129N04746,2020-06-24 06:20:00,62.02,100.00
129N04746,2020-06-24 06:30:00,60.97,100.00
129N04746,2020-06-24 06:40:00,60.26,100.00
129N04746,2020-06-24 06:50:00,60.01,100.00
129N04746,2020-06-24 07:00:00,60.17,100.00
129N04746,2020-06-24 07:10:00,61.66,96.40
129N04746,2020-06-24 07:20:00,58.38,100.00
129N04746,2020-06-24 07:30:00,58.38,99.20
129N04746,2020-06-24 07:40:00,58.28,99.80
129N04746,2020-06-24 07:50:00,60.77,97.00
129N04746,2020-06-24 08:00:00,60.13,100.00
129N04746,2020-06-24 08:10:00,62.56,100.00
129N04746,2020-06-24 08:20:00,60.77,100.00
129N04746,2020-06-24 08:30:00,60.18,99.70
129N04746,2020-06-24 08:40:00,60.69,97.60
129N04746,2020-06-24 08:50:00,57.28,84.20
129N04746,2020-06-24 09:00:00,60.25,95.20
129N04746,2020-06-24 09:10:00,58.74,99.20
129N04746,2020-06-24 09:20:00,57.69,100.00
129N04746,2020-06-24 09:30:00,56.58,100.00
129N04746,2020-06-24 09:40:00,56.48,98.40
129N04746,2020-06-24 09:50:00,58.29,98.30
129N04746,2020-06-24 10:00:00,58.06,99.50
129N04746,2020-06-24 10:10:00,58.29,94.00
129N04746,2020-06-24 10:20:00,59.41,94.00
129N04746,2020-06-24 10:30:00,59.92,89.00
129N04746,2020-06-24 10:40:00,57.27,96.30
129N04746,2020-06-24 10:50:00,61.39,87.40
129N04746,2020-06-24 11:00:00,57.44,99.00
129N04746,2020-06-24 11:10:00,62.96,78.10
129N04746,2020-06-24 11:20:00,62.75,82.00
129N04746,2020-06-24 11:30:00,58.10,95.70
129N04746,2020-06-24 11:40:00,61.34,95.10
129N04746,2020-06-24 11:50:00,62.78,95.10
129N04746,2020-06-24 12:00:00,61.79,99.70
129N04746,2020-06-24 12:10:00,59.55,98.80
129N04746,2020-06-24 12:20:00,58.57,100.00
129N04746,2020-06-24 12:30:00,56.70,100.00
129N04746,2020-06-24 12:40:00,58.65,100.00
129N04746,2020-06-24 12:50:00,58.99,100.00
129N04746,2020-06-24 13:00:00,60.09,96.20
129N04746,2020-06-24 13:10:00,59.68,98.50
129N04746,2020-06-24 13:20:00,57.38,100.00
129N04746,2020-06-24 13:30:00,63.91,62.20
129N04746,2020-06-24 13:40:00,60.59,88.30
129N04746,2020-06-24 13:50:00,53.48,100.00
129N04746,2020-06-24 14:00:00,58.17,100.00
129N04746,2020-06-24 14:10:00,57.88,100.00
129N04746,2020-06-24 14:20:00,55.08,100.00
129N04746,2020-06-24 14:30:00,54.79,100.00
129N04746,2020-06-24 14:40:00,56.69,100.00
129N04746,2020-06-24 14:50:00,59.13,84.90
129N04746,2020-06-24 15:00:00,62.48,70.70
129N04746,2020-06-24 15:10:00,63.87,57.50
129N04746,2020-06-24 15:20:00,61.64,96.40
129N04746,2020-06-24 15:30:00,62.10,99.40
129N04746,2020-06-24 15:40:00,59.71,98.90
129N04746,2020-06-24 15:50:00,57.14,100.00
129N04746,2020-06-24 16:00:00,57.20,100.00
129N04746,2020-06-24 16:10:00,62.61,95.40
129N04746,2020-06-24 16:20:00,63.49,89.70
129N04746,2020-06-24 16:30:00,62.67,87.50
129N04746,2020-06-24 16:40:00,63.75,86.10
129N04746,2020-06-24 16:50:00,60.94,99.60
129N04746,2020-06-24 17:00:00,56.52,99.30
129N04746,2020-06-24 17:10:00,59.03,99.80
129N04746,2020-06-24 17:20:00,61.29,100.00
129N04746,2020-06-24 17:30:00,57.19,98.70
129N04746,2020-06-24 17:40:00,62.39,81.80
129N04746,2020-06-24 17:50:00,59.56,95.10
129N04746,2020-06-24 18:00:00,62.22,87.70
129N04746,2020-06-24 18:10:00,65.43,66.80
129N04746,2020-06-24 18:20:00,63.05,93.70
129N04746,2020-06-24 18:30:00,59.87,100.00
129N04746,2020-06-24 18:40:00,62.90,99.70
129N04746,2020-06-24 18:50:00,63.27,96.20
129N04746,2020-06-24 19:00:00,59.50,95.56
129N04746,2020-06-24 19:10:00,66.54,90.30
129N04746,2020-06-24 19:20:00,60.58,98.40
129N04746,2020-06-24 19:30:00,55.27,100.00
129N04746,2020-06-24 19:40:00,59.54,100.00
129N04746,2020-06-24 19:50:00,59.89,100.00
129N04746,2020-06-24 20:00:00,60.35,100.00
129N04746,2020-06-24 20:10:00,57.79,100.00
129N04746,2020-06-24 20:20:00,61.57,100.00
129N04746,2020-06-24 20:30:00,61.98,100.00
129N04746,2020-06-24 20:40:00,54.29,83.90
129N04746,2020-06-24 20:50:00,57.89,100.00
129N04746,2020-06-24 21:00:00,62.87,93.90
129N04746,2020-06-24 21:10:00,58.44,100.00
129N04746,2020-06-24 21:20:00,57.18,100.00
129N04746,2020-06-24 21:30:00,50.72,57.90
129N04746,2020-06-24 21:40:00,57.32,100.00
129N04746,2020-06-24 21:50:00,,
129N04746,2020-06-24 22:00:00,,
129N04746,2020-06-24 22:10:00,61.00,73.50
129N04746,2020-06-24 22:20:00,59.50,81.30
129N04746,2020-06-24 22:30:00,55.48,100.00
129N04746,2020-06-24 22:40:00,56.08,100.00
129N04746,2020-06-24 22:50:00,56.19,100.00
129N04746,2020-06-24 23:00:00,62.97,49.40
129N04746,2020-06-24 23:10:00,57.39,88.50
129N04746,2020-06-24 23:20:00,61.00,91.13
129N04746,2020-06-24 23:30:00,55.00,70.40
129N04746,2020-06-24 23:40:00,54.50,71.00
129N04746,2020-06-24 23:50:00,,
129N04743,2020-06-24 00:00:00,58.27,42.33
129N04743,2020-06-24 00:10:00,58.75,61.25
129N04743,2020-06-24 00:20:00,,
129N04743,2020-06-24 00:30:00,69.71,
129N04743,2020-06-24 00:40:00,69.00,
129N04743,2020-06-24 00:50:00,67.59,
129N04743,2020-06-24 01:00:00,65.47,
129N04743,2020-06-24 01:10:00,60.00,
129N04743,2020-06-24 01:20:00,57.66,100.00
129N04743,2020-06-24 01:30:00,57.00,100.00
129N04743,2020-06-24 01:40:00,,
129N04743,2020-06-24 01:50:00,,
129N04743,2020-06-24 02:00:00,,
129N04743,2020-06-24 02:10:00,,
129N04743,2020-06-24 02:20:00,,
129N04743,2020-06-24 02:30:00,,
129N04743,2020-06-24 02:40:00,,
129N04743,2020-06-24 02:50:00,,
129N04743,2020-06-24 03:00:00,,
129N04743,2020-06-24 03:10:00,,
129N04743,2020-06-24 03:20:00,53.00,99.50
129N04743,2020-06-24 03:30:00,52.87,100.00
129N04743,2020-06-24 03:40:00,63.00,67.33
129N04743,2020-06-24 03:50:00,,
129N04743,2020-06-24 04:00:00,54.00,97.00
129N04743,2020-06-24 04:10:00,57.00,98.00
129N04743,2020-06-24 04:20:00,71.00,20.00
129N04743,2020-06-24 04:30:00,65.00,81.00
129N04743,2020-06-24 04:40:00,66.15,77.50
129N04743,2020-06-24 04:50:00,71.69,40.71
129N04743,2020-06-24 05:00:00,71.75,56.70
129N04743,2020-06-24 05:10:00,65.52,83.80
129N04743,2020-06-24 05:20:00,64.53,91.30
129N04743,2020-06-24 05:30:00,62.26,98.20
129N04743,2020-06-24 05:40:00,59.64,96.70
129N04743,2020-06-24 05:50:00,62.21,98.00
129N04743,2020-06-24 06:00:00,57.39,100.00
129N04743,2020-06-24 06:10:00,59.44,98.20
129N04743,2020-06-24 06:20:00,58.55,99.40
129N04743,2020-06-24 06:30:00,51.35,100.00
129N04743,2020-06-24 06:40:00,51.77,100.00
129N04743,2020-06-24 06:50:00,55.46,100.00
129N04743,2020-06-24 07:00:00,53.71,100.00
129N04743,2020-06-24 07:10:00,48.56,100.00
129N04743,2020-06-24 07:20:00,50.96,98.10
129N04743,2020-06-24 07:30:00,49.80,100.00
129N04743,2020-06-24 07:40:00,46.93,100.00
129N04743,2020-06-24 07:50:00,50.72,100.00
129N04743,2020-06-24 08:00:00,49.23,95.80
129N04743,2020-06-24 08:10:00,51.01,82.10
129N04743,2020-06-24 08:20:00,56.55,88.30
129N04743,2020-06-24 08:30:00,52.87,74.20
129N04743,2020-06-24 08:40:00,51.97,82.60
129N04743,2020-06-24 08:50:00,57.97,69.90
129N04743,2020-06-24 09:00:00,53.08,86.00
129N04743,2020-06-24 09:10:00,52.02,89.90
129N04743,2020-06-24 09:20:00,47.46,93.20
129N04743,2020-06-24 09:30:00,48.74,98.40
129N04743,2020-06-24 09:40:00,43.96,100.00
129N04743,2020-06-24 09:50:00,46.89,80.60
129N04743,2020-06-24 10:00:00,50.56,59.40
129N04743,2020-06-24 10:10:00,50.85,93.30
129N04743,2020-06-24 10:20:00,49.75,88.00
129N04743,2020-06-24 10:30:00,55.77,98.20
129N04743,2020-06-24 10:40:00,54.31,93.20
129N04743,2020-06-24 10:50:00,54.24,76.80
129N04743,2020-06-24 11:00:00,59.94,57.80
129N04743,2020-06-24 11:10:00,54.79,93.30
129N04743,2020-06-24 11:20:00,41.85,100.00
129N04743,2020-06-24 11:30:00,47.29,100.00
129N04743,2020-06-24 11:40:00,48.35,100.00
129N04743,2020-06-24 11:50:00,49.37,100.00
129N04743,2020-06-24 12:00:00,49.09,100.00
129N04743,2020-06-24 12:10:00,50.31,87.60
129N04743,2020-06-24 12:20:00,50.96,91.50
129N04743,2020-06-24 12:30:00,49.00,100.00
129N04743,2020-06-24 12:40:00,46.48,100.00
129N04743,2020-06-24 12:50:00,44.96,100.00
129N04743,2020-06-24 13:00:00,52.38,100.00
129N04743,2020-06-24 13:10:00,42.30,100.00
129N04743,2020-06-24 13:20:00,45.06,100.00
129N04743,2020-06-24 13:30:00,45.04,100.00
129N04743,2020-06-24 13:40:00,54.71,85.40
129N04743,2020-06-24 13:50:00,53.16,100.00
129N04743,2020-06-24 14:00:00,50.59,100.00
129N04743,2020-06-24 14:10:00,46.50,100.00
129N04743,2020-06-24 14:20:00,44.38,100.00
129N04743,2020-06-24 14:30:00,45.92,93.70
129N04743,2020-06-24 14:40:00,40.44,100.00
129N04743,2020-06-24 14:50:00,55.76,49.60
129N04743,2020-06-24 15:00:00,42.27,45.70
129N04743,2020-06-24 15:10:00,50.97,86.80
129N04743,2020-06-24 15:20:00,65.67,53.00
129N04743,2020-06-24 15:30:00,48.79,96.30
129N04743,2020-06-24 15:40:00,58.99,90.80
129N04743,2020-06-24 15:50:00,44.54,100.00
129N04743,2020-06-24 16:00:00,52.42,100.00
129N04743,2020-06-24 16:10:00,55.19,100.00
129N04743,2020-06-24 16:20:00,53.06,100.00
129N04743,2020-06-24 16:30:00,54.36,100.00
129N04743,2020-06-24 16:40:00,46.59,100.00
129N04743,2020-06-24 16:50:00,59.23,63.10
129N04743,2020-06-24 17:00:00,47.39,93.70
129N04743,2020-06-24 17:10:00,48.56,100.00
129N04743,2020-06-24 17:20:00,62.70,25.90
129N04743,2020-06-24 17:30:00,53.39,96.60
129N04743,2020-06-24 17:40:00,51.77,98.50
129N04743,2020-06-24 17:50:00,52.79,99.50
129N04743,2020-06-24 18:00:00,36.13,91.70
129N04743,2020-06-24 18:10:00,50.43,99.50
129N04743,2020-06-24 18:20:00,53.83,88.10
129N04743,2020-06-24 18:30:00,48.13,96.30
129N04743,2020-06-24 18:40:00,55.64,86.50
129N04743,2020-06-24 18:50:00,59.76,100.00
129N04743,2020-06-24 19:00:00,61.90,83.50
129N04743,2020-06-24 19:10:00,62.06,69.88
129N04743,2020-06-24 19:20:00,53.49,100.00
129N04743,2020-06-24 19:30:00,40.80,39.20
129N04743,2020-06-24 19:40:00,55.00,100.00
129N04743,2020-06-24 19:50:00,57.00,100.00
129N04743,2020-06-24 20:00:00,55.59,100.00
129N04743,2020-06-24 20:10:00,46.68,89.00
129N04743,2020-06-24 20:20:00,49.50,62.80
129N04743,2020-06-24 20:30:00,54.36,80.30
129N04743,2020-06-24 20:40:00,47.00,74.80
129N04743,2020-06-24 20:50:00,47.00,89.83
129N04743,2020-06-24 21:00:00,53.61,100.00
129N04743,2020-06-24 21:10:00,49.60,100.00
129N04743,2020-06-24 21:20:00,49.00,100.00
129N04743,2020-06-24 21:30:00,,
129N04743,2020-06-24 21:40:00,,
129N04743,2020-06-24 21:50:00,,
129N04743,2020-06-24 22:00:00,,
129N04743,2020-06-24 22:10:00,60.88,93.10
129N04743,2020-06-24 22:20:00,48.30,100.00
129N04743,2020-06-24 22:30:00,48.00,100.00
129N04743,2020-06-24 22:40:00,52.00,100.00
129N04743,2020-06-24 22:50:00,52.00,100.00
129N04743,2020-06-24 23:00:00,,
129N04743,2020-06-24 23:10:00,52.00,100.00
129N04743,2020-06-24 23:20:00,49.37,90.60
129N04743,2020-06-24 23:30:00,51.23,98.25
129N04743,2020-06-24 23:40:00,,
129N04743,2020-06-24 23:50:00,,
129-04407,2020-06-24 00:00:00,37.00,9.00
129-04407,2020-06-24 00:10:00,36.05,23.10
129-04407,2020-06-24 00:20:00,53.36,90.17
129-04407,2020-06-24 00:30:00,,
129-04407,2020-06-24 00:40:00,58.00,61.29
129-04407,2020-06-24 00:50:00,,
129-04407,2020-06-24 01:00:00,38.00,
129-04407,2020-06-24 01:10:00,41.88,90.67
129-04407,2020-06-24 01:20:00,55.00,97.78
129-04407,2020-06-24 01:30:00,55.00,99.67
129-04407,2020-06-24 01:40:00,55.00,100.00
129-04407,2020-06-24 01:50:00,,
129-04407,2020-06-24 02:00:00,48.00,
129-04407,2020-06-24 02:10:00,48.75,
129-04407,2020-06-24 02:20:00,52.00,
129-04407,2020-06-24 02:30:00,52.00,
129-04407,2020-06-24 02:40:00,60.00,99.88
129-04407,2020-06-24 02:50:00,60.00,100.00
129-04407,2020-06-24 03:00:00,,
129-04407,2020-06-24 03:10:00,52.00,76.56
129-04407,2020-06-24 03:20:00,,
129-04407,2020-06-24 03:30:00,,
129-04407,2020-06-24 03:40:00,,
129-04407,2020-06-24 03:50:00,60.00,79.80
129-04407,2020-06-24 04:00:00,60.00,95.20
129-04407,2020-06-24 04:10:00,,
129-04407,2020-06-24 04:20:00,,
129-04407,2020-06-24 04:30:00,,
129-04407,2020-06-24 04:40:00,66.00,90.38
129-04407,2020-06-24 04:50:00,61.92,80.33
129-04407,2020-06-24 05:00:00,69.18,62.40
129-04407,2020-06-24 05:10:00,77.95,25.25
129-04407,2020-06-24 05:20:00,66.74,76.80
129-04407,2020-06-24 05:30:00,68.14,97.40
129-04407,2020-06-24 05:40:00,64.50,78.00
129-04407,2020-06-24 05:50:00,69.85,88.00
129-04407,2020-06-24 06:00:00,68.75,96.60
129-04407,2020-06-24 06:10:00,68.27,92.20
129-04407,2020-06-24 06:20:00,70.81,78.30
129-04407,2020-06-24 06:30:00,63.93,100.00
129-04407,2020-06-24 06:40:00,66.44,100.00
129-04407,2020-06-24 06:50:00,63.76,100.00
129-04407,2020-06-24 07:00:00,62.54,100.00
129-04407,2020-06-24 07:10:00,65.48,85.80
129-04407,2020-06-24 07:20:00,57.60,100.00
129-04407,2020-06-24 07:30:00,59.10,100.00
129-04407,2020-06-24 07:40:00,59.58,100.00
129-04407,2020-06-24 07:50:00,63.68,100.00
129-04407,2020-06-24 08:00:00,61.28,100.00
129-04407,2020-06-24 08:10:00,64.85,92.90
129-04407,2020-06-24 08:20:00,64.65,100.00
129-04407,2020-06-24 08:30:00,61.52,100.00
129-04407,2020-06-24 08:40:00,61.07,100.00
129-04407,2020-06-24 08:50:00,62.47,100.00
129-04407,2020-06-24 09:00:00,62.25,100.00
129-04407,2020-06-24 09:10:00,64.97,100.00
129-04407,2020-06-24 09:20:00,61.64,100.00
129-04407,2020-06-24 09:30:00,59.46,100.00
129-04407,2020-06-24 09:40:00,59.14,100.00
129-04407,2020-06-24 09:50:00,58.25,100.00
129-04407,2020-06-24 10:00:00,56.86,100.00
129-04407,2020-06-24 10:10:00,55.27,100.00
129-04407,2020-06-24 10:20:00,56.39,100.00
129-04407,2020-06-24 10:30:00,57.99,100.00
129-04407,2020-06-24 10:40:00,57.98,100.00
129-04407,2020-06-24 10:50:00,59.23,100.00
129-04407,2020-06-24 11:00:00,60.71,100.00
129-04407,2020-06-24 11:10:00,61.89,81.30
129-04407,2020-06-24 11:20:00,62.72,90.70
129-04407,2020-06-24 11:30:00,57.91,100.00
129-04407,2020-06-24 11:40:00,57.37,100.00
129-04407,2020-06-24 11:50:00,60.95,93.80
129-04407,2020-06-24 12:00:00,57.63,94.10
129-04407,2020-06-24 12:10:00,56.08,100.00
129-04407,2020-06-24 12:20:00,58.10,100.00
129-04407,2020-06-24 12:30:00,57.50,100.00
129-04407,2020-06-24 12:40:00,58.68,100.00
129-04407,2020-06-24 12:50:00,58.49,100.00
129-04407,2020-06-24 13:00:00,59.76,100.00
129-04407,2020-06-24 13:10:00,59.68,100.00
129-04407,2020-06-24 13:20:00,61.17,100.00
129-04407,2020-06-24 13:30:00,59.40,94.30
129-04407,2020-06-24 13:40:00,60.27,100.00
129-04407,2020-06-24 13:50:00,58.28,100.00
129-04407,2020-06-24 14:00:00,59.94,100.00
129-04407,2020-06-24 14:10:00,58.29,100.00
129-04407,2020-06-24 14:20:00,58.59,100.00
129-04407,2020-06-24 14:30:00,57.79,100.00
129-04407,2020-06-24 14:40:00,55.85,100.00
129-04407,2020-06-24 14:50:00,58.88,100.00
129-04407,2020-06-24 15:00:00,59.57,94.70
129-04407,2020-06-24 15:10:00,62.49,91.40
129-04407,2020-06-24 15:20:00,59.16,95.80
129-04407,2020-06-24 15:30:00,58.40,100.00
129-04407,2020-06-24 15:40:00,58.80,100.00
129-04407,2020-06-24 15:50:00,59.41,85.60
129-04407,2020-06-24 16:00:00,65.08,87.00
129-04407,2020-06-24 16:10:00,65.23,66.80
129-04407,2020-06-24 16:20:00,66.08,79.30
129-04407,2020-06-24 16:30:00,59.21,99.80
129-04407,2020-06-24 16:40:00,59.19,100.00
129-04407,2020-06-24 16:50:00,59.41,100.00
129-04407,2020-06-24 17:00:00,57.89,100.00
129-04407,2020-06-24 17:10:00,61.38,100.00
129-04407,2020-06-24 17:20:00,63.00,92.70
129-04407,2020-06-24 17:30:00,55.70,100.00
129-04407,2020-06-24 17:40:00,58.48,100.00
129-04407,2020-06-24 17:50:00,59.10,100.00
129-04407,2020-06-24 18:00:00,62.98,82.60
129-04407,2020-06-24 18:10:00,59.08,100.00
129-04407,2020-06-24 18:20:00,61.40,87.10
129-04407,2020-06-24 18:30:00,63.71,81.10
129-04407,2020-06-24 18:40:00,60.57,98.60
129-04407,2020-06-24 18:50:00,67.45,60.20
129-04407,2020-06-24 19:00:00,65.49,90.50
129-04407,2020-06-24 19:10:00,69.10,61.50
129-04407,2020-06-24 19:20:00,64.69,100.00
129-04407,2020-06-24 19:30:00,60.90,100.00
129-04407,2020-06-24 19:40:00,59.59,100.00
129-04407,2020-06-24 19:50:00,58.10,100.00
129-04407,2020-06-24 20:00:00,66.65,58.80
129-04407,2020-06-24 20:10:00,60.20,100.00
129-04407,2020-06-24 20:20:00,63.42,91.60
129-04407,2020-06-24 20:30:00,63.18,100.00
129-04407,2020-06-24 20:40:00,65.73,86.30
129-04407,2020-06-24 20:50:00,58.41,100.00
129-04407,2020-06-24 21:00:00,58.37,100.00
129-04407,2020-06-24 21:10:00,59.40,86.00
129-04407,2020-06-24 21:20:00,61.93,80.50
129-04407,2020-06-24 21:30:00,59.37,100.00
129-04407,2020-06-24 21:40:00,64.93,60.60
129-04407,2020-06-24 21:50:00,63.36,91.20
129-04407,2020-06-24 22:00:00,60.41,100.00
129-04407,2020-06-24 22:10:00,62.42,98.89
129-04407,2020-06-24 22:20:00,47.00,37.40
129-04407,2020-06-24 22:30:00,52.13,84.75
129-04407,2020-06-24 22:40:00,55.00,100.00
129-04407,2020-06-24 22:50:00,63.00,70.86
129-04407,2020-06-24 23:00:00,60.79,76.75
129-04407,2020-06-24 23:10:00,55.00,98.86
129-04407,2020-06-24 23:20:00,67.00,65.43
129-04407,2020-06-24 23:30:00,59.39,69.22
129-04407,2020-06-24 23:40:00,52.00,66.00
129-04407,2020-06-24 23:50:00,,
129-04408,2020-06-24 00:00:00,,
129-04408,2020-06-24 00:10:00,64.12,76.00
129-04408,2020-06-24 00:20:00,64.00,80.00
129-04408,2020-06-24 00:30:00,66.00,89.50
129-04408,2020-06-24 00:40:00,65.86,91.29
129-04408,2020-06-24 00:50:00,,
129-04408,2020-06-24 01:00:00,48.00,4.50
129-04408,2020-06-24 01:10:00,48.10,38.80
129-04408,2020-06-24 01:20:00,,
129-04408,2020-06-24 01:30:00,53.32,59.40
129-04408,2020-06-24 01:40:00,51.82,75.63
129-04408,2020-06-24 01:50:00,,
129-04408,2020-06-24 02:00:00,,
129-04408,2020-06-24 02:10:00,55.00,89.00
129-04408,2020-06-24 02:20:00,55.00,94.89
129-04408,2020-06-24 02:30:00,,
129-04408,2020-06-24 02:40:00,53.10,92.20
129-04408,2020-06-24 02:50:00,53.00,83.00
129-04408,2020-06-24 03:00:00,,
129-04408,2020-06-24 03:10:00,,
129-04408,2020-06-24 03:20:00,,
129-04408,2020-06-24 03:30:00,65.00,52.50
129-04408,2020-06-24 03:40:00,62.66,92.00
129-04408,2020-06-24 03:50:00,60.48,91.60
129-04408,2020-06-24 04:00:00,62.00,99.00
129-04408,2020-06-24 04:10:00,57.00,75.00
129-04408,2020-06-24 04:20:00,55.65,72.33
129-04408,2020-06-24 04:30:00,55.00,79.00
129-04408,2020-06-24 04:40:00,68.32,30.22
129-04408,2020-06-24 04:50:00,65.80,77.40
129-04408,2020-06-24 05:00:00,72.29,42.60
129-04408,2020-06-24 05:10:00,75.83,40.86
129-04408,2020-06-24 05:20:00,71.28,81.70
129-04408,2020-06-24 05:30:00,69.41,85.30
129-04408,2020-06-24 05:40:00,68.60,84.90
129-04408,2020-06-24 05:50:00,66.99,77.00
129-04408,2020-06-24 06:00:00,65.55,99.10
129-04408,2020-06-24 06:10:00,61.29,100.00
129-04408,2020-06-24 06:20:00,62.16,100.00
129-04408,2020-06-24 06:30:00,61.99,100.00
129-04408,2020-06-24 06:40:00,62.76,100.00
129-04408,2020-06-24 06:50:00,61.62,97.10
129-04408,2020-06-24 07:00:00,61.66,99.40
129-04408,2020-06-24 07:10:00,64.12,96.60
129-04408,2020-06-24 07:20:00,57.59,99.50
129-04408,2020-06-24 07:30:00,60.17,98.90
129-04408,2020-06-24 07:40:00,59.28,100.00
129-04408,2020-06-24 07:50:00,59.61,98.20
129-04408,2020-06-24 08:00:00,58.68,100.00
129-04408,2020-06-24 08:10:00,59.87,99.90
129-04408,2020-06-24 08:20:00,57.63,100.00
129-04408,2020-06-24 08:30:00,59.59,99.40
129-04408,2020-06-24 08:40:00,60.98,93.20
129-04408,2020-06-24 08:50:00,59.38,98.10
129-04408,2020-06-24 09:00:00,59.15,98.20
129-04408,2020-06-24 09:10:00,60.27,98.60
129-04408,2020-06-24 09:20:00,58.83,100.00
129-04408,2020-06-24 09:30:00,56.99,99.10
129-04408,2020-06-24 09:40:00,54.95,100.00
129-04408,2020-06-24 09:50:00,54.77,100.00
129-04408,2020-06-24 10:00:00,56.29,100.00
129-04408,2020-06-24 10:10:00,56.69,96.50
129-04408,2020-06-24 10:20:00,57.79,95.00
129-04408,2020-06-24 10:30:00,59.26,93.80
129-04408,2020-06-24 10:40:00,56.07,100.00
129-04408,2020-06-24 10:50:00,57.59,100.00
129-04408,2020-06-24 11:00:00,56.38,100.00
129-04408,2020-06-24 11:10:00,57.77,98.80
129-04408,2020-06-24 11:20:00,55.57,100.00
129-04408,2020-06-24 11:30:00,55.07,100.00
129-04408,2020-06-24 11:40:00,57.56,98.90
129-04408,2020-06-24 11:50:00,59.24,100.00
129-04408,2020-06-24 12:00:00,59.64,87.00
129-04408,2020-06-24 12:10:00,55.92,99.00
129-04408,2020-06-24 12:20:00,57.28,100.00
129-04408,2020-06-24 12:30:00,55.48,100.00
129-04408,2020-06-24 12:40:00,57.65,100.00
129-04408,2020-06-24 12:50:00,58.36,100.00
129-04408,2020-06-24 13:00:00,58.69,99.50
129-04408,2020-06-24 13:10:00,56.89,99.40
129-04408,2020-06-24 13:20:00,55.98,100.00
129-04408,2020-06-24 13:30:00,55.96,100.00
129-04408,2020-06-24 13:40:00,59.57,87.00
129-04408,2020-06-24 13:50:00,53.57,100.00
129-04408,2020-06-24 14:00:00,55.04,100.00
129-04408,2020-06-24 14:10:00,56.29,97.50
129-04408,2020-06-24 14:20:00,54.77,100.00
129-04408,2020-06-24 14:30:00,53.69,100.00
129-04408,2020-06-24 14:40:00,53.88,100.00
129-04408,2020-06-24 14:50:00,53.55,100.00
129-04408,2020-06-24 15:00:00,55.01,99.00
129-04408,2020-06-24 15:10:00,57.38,86.60
129-04408,2020-06-24 15:20:00,55.37,100.00
129-04408,2020-06-24 15:30:00,56.00,100.00
129-04408,2020-06-24 15:40:00,55.57,97.00
129-04408,2020-06-24 15:50:00,54.85,100.00
129-04408,2020-06-24 16:00:00,56.19,100.00
129-04408,2020-06-24 16:10:00,58.25,90.40
129-04408,2020-06-24 16:20:00,60.10,100.00
129-04408,2020-06-24 16:30:00,58.87,92.00
129-04408,2020-06-24 16:40:00,57.46,100.00
129-04408,2020-06-24 16:50:00,59.33,94.20
129-04408,2020-06-24 17:00:00,59.03,92.30
129-04408,2020-06-24 17:10:00,60.01,85.60
129-04408,2020-06-24 17:20:00,57.97,100.00
129-04408,2020-06-24 17:30:00,56.60,99.90
129-04408,2020-06-24 17:40:00,59.04,99.20
129-04408,2020-06-24 17:50:00,59.44,94.50
129-04408,2020-06-24 18:00:00,60.30,91.60
129-04408,2020-06-24 18:10:00,63.67,65.00
129-04408,2020-06-24 18:20:00,61.76,94.00
129-04408,2020-06-24 18:30:00,58.88,100.00
129-04408,2020-06-24 18:40:00,59.55,98.80
129-04408,2020-06-24 18:50:00,61.29,91.40
129-04408,2020-06-24 19:00:00,62.48,68.80
129-04408,2020-06-24 19:10:00,62.19,86.40
129-04408,2020-06-24 19:20:00,59.66,99.10
129-04408,2020-06-24 19:30:00,55.67,100.00
129-04408,2020-06-24 19:40:00,56.57,100.00
129-04408,2020-06-24 19:50:00,61.49,97.80
129-04408,2020-06-24 20:00:00,62.14,73.70
129-04408,2020-06-24 20:10:00,53.97,100.00
129-04408,2020-06-24 20:20:00,58.87,95.40
129-04408,2020-06-24 20:30:00,62.24,72.40
129-04408,2020-06-24 20:40:00,60.97,100.00
129-04408,2020-06-24 20:50:00,59.69,100.00
129-04408,2020-06-24 21:00:00,55.67,100.00
129-04408,2020-06-24 21:10:00,53.74,100.00
129-04408,2020-06-24 21:20:00,52.19,92.00
129-04408,2020-06-24 21:30:00,50.03,79.50
129-04408,2020-06-24 21:40:00,59.67,70.90
129-04408,2020-06-24 21:50:00,58.77,77.88
129-04408,2020-06-24 22:00:00,57.00,100.00
129-04408,2020-06-24 22:10:00,58.00,98.00
129-04408,2020-06-24 22:20:00,59.79,98.00
129-04408,2020-06-24 22:30:00,55.19,100.00
129-04408,2020-06-24 22:40:00,54.09,100.00
129-04408,2020-06-24 22:50:00,54.19,100.00
129-04408,2020-06-24 23:00:00,61.57,52.00
129-04408,2020-06-24 23:10:00,59.16,86.20
129-04408,2020-06-24 23:20:00,60.13,64.10
129-04408,2020-06-24 23:30:00,52.80,54.80
129-04408,2020-06-24 23:40:00,52.00,51.50
129-04408,2020-06-24 23:50:00,,
129-04405,2020-06-24 00:00:00,,
129-04405,2020-06-24 00:10:00,43.77,85.75
129-04405,2020-06-24 00:20:00,63.11,92.57
129-04405,2020-06-24 00:30:00,,
129-04405,2020-06-24 00:40:00,63.00,88.00
129-04405,2020-06-24 00:50:00,,
129-04405,2020-06-24 01:00:00,63.00,
129-04405,2020-06-24 01:10:00,62.90,91.00
129-04405,2020-06-24 01:20:00,62.00,100.00
129-04405,2020-06-24 01:30:00,57.10,87.67
129-04405,2020-06-24 01:40:00,52.90,82.00
129-04405,2020-06-24 01:50:00,53.98,92.00
129-04405,2020-06-24 02:00:00,,
129-04405,2020-06-24 02:10:00,63.00,
129-04405,2020-06-24 02:20:00,63.00,
129-04405,2020-06-24 02:30:00,63.00,
129-04405,2020-06-24 02:40:00,60.59,86.25
129-04405,2020-06-24 02:50:00,62.00,98.00
129-04405,2020-06-24 03:00:00,,
129-04405,2020-06-24 03:10:00,64.00,98.71
129-04405,2020-06-24 03:20:00,64.00,99.00
129-04405,2020-06-24 03:30:00,62.00,99.17
129-04405,2020-06-24 03:40:00,64.74,90.00
129-04405,2020-06-24 03:50:00,69.47,86.90
129-04405,2020-06-24 04:00:00,65.42,97.88
129-04405,2020-06-24 04:10:00,60.00,89.00
129-04405,2020-06-24 04:20:00,,
129-04405,2020-06-24 04:30:00,66.00,
129-04405,2020-06-24 04:40:00,70.75,74.43
129-04405,2020-06-24 04:50:00,67.23,81.70
129-04405,2020-06-24 05:00:00,66.62,87.40
129-04405,2020-06-24 05:10:00,75.86,50.50
129-04405,2020-06-24 05:20:00,68.11,89.50
129-04405,2020-06-24 05:30:00,69.04,91.80
129-04405,2020-06-24 05:40:00,67.94,96.60
129-04405,2020-06-24 05:50:00,76.15,67.20
129-04405,2020-06-24 06:00:00,77.17,59.60
129-04405,2020-06-24 06:10:00,76.31,74.30
129-04405,2020-06-24 06:20:00,75.06,93.90
129-04405,2020-06-24 06:30:00,68.66,100.00
129-04405,2020-06-24 06:40:00,70.30,100.00
129-04405,2020-06-24 06:50:00,70.27,100.00
129-04405,2020-06-24 07:00:00,67.17,92.80
129-04405,2020-06-24 07:10:00,70.72,83.40
129-04405,2020-06-24 07:20:00,69.69,87.50
129-04405,2020-06-24 07:30:00,67.95,100.00
129-04405,2020-06-24 07:40:00,66.69,100.00
129-04405,2020-06-24 07:50:00,73.82,100.00
129-04405,2020-06-24 08:00:00,65.97,100.00
129-04405,2020-06-24 08:10:00,68.14,100.00
129-04405,2020-06-24 08:20:00,66.97,100.00
129-04405,2020-06-24 08:30:00,64.69,100.00
129-04405,2020-06-24 08:40:00,66.02,100.00
129-04405,2020-06-24 08:50:00,68.47,100.00
129-04405,2020-06-24 09:00:00,66.59,100.00
129-04405,2020-06-24 09:10:00,69.99,100.00
129-04405,2020-06-24 09:20:00,64.64,100.00
129-04405,2020-06-24 09:30:00,62.99,100.00
129-04405,2020-06-24 09:40:00,65.77,100.00
129-04405,2020-06-24 09:50:00,61.45,100.00
129-04405,2020-06-24 10:00:00,62.96,100.00
129-04405,2020-06-24 10:10:00,59.69,100.00
129-04405,2020-06-24 10:20:00,62.22,100.00
129-04405,2020-06-24 10:30:00,64.57,100.00
129-04405,2020-06-24 10:40:00,65.16,100.00
129-04405,2020-06-24 10:50:00,65.60,100.00
129-04405,2020-06-24 11:00:00,67.66,100.00
129-04405,2020-06-24 11:10:00,65.00,100.00
129-04405,2020-06-24 11:20:00,64.04,100.00
129-04405,2020-06-24 11:30:00,63.57,100.00
129-04405,2020-06-24 11:40:00,64.93,100.00
129-04405,2020-06-24 11:50:00,64.42,100.00
129-04405,2020-06-24 12:00:00,65.99,100.00
129-04405,2020-06-24 12:10:00,67.83,97.10
129-04405,2020-06-24 12:20:00,65.88,100.00
129-04405,2020-06-24 12:30:00,64.46,100.00
129-04405,2020-06-24 12:40:00,66.17,100.00
129-04405,2020-06-24 12:50:00,66.59,100.00
129-04405,2020-06-24 13:00:00,66.09,97.70
129-04405,2020-06-24 13:10:00,63.58,100.00
129-04405,2020-06-24 13:20:00,66.38,98.80
129-04405,2020-06-24 13:30:00,66.95,95.50
129-04405,2020-06-24 13:40:00,66.11,96.70
129-04405,2020-06-24 13:50:00,68.27,92.60
129-04405,2020-06-24 14:00:00,70.25,72.30
129-04405,2020-06-24 14:10:00,65.14,100.00
129-04405,2020-06-24 14:20:00,65.69,100.00
129-04405,2020-06-24 14:30:00,64.79,100.00
129-04405,2020-06-24 14:40:00,61.64,100.00
129-04405,2020-06-24 14:50:00,59.37,100.00
129-04405,2020-06-24 15:00:00,63.45,100.00
129-04405,2020-06-24 15:10:00,65.40,100.00
129-04405,2020-06-24 15:20:00,62.18,100.00
129-04405,2020-06-24 15:30:00,64.89,100.00
129-04405,2020-06-24 15:40:00,61.41,100.00
129-04405,2020-06-24 15:50:00,64.35,100.00
129-04405,2020-06-24 16:00:00,67.89,100.00
129-04405,2020-06-24 16:10:00,67.68,98.00
129-04405,2020-06-24 16:20:00,70.41,78.90
129-04405,2020-06-24 16:30:00,67.51,95.50
129-04405,2020-06-24 16:40:00,70.69,92.60
129-04405,2020-06-24 16:50:00,68.00,100.00
129-04405,2020-06-24 17:00:00,66.97,99.50
129-04405,2020-06-24 17:10:00,66.28,100.00
129-04405,2020-06-24 17:20:00,68.08,100.00
129-04405,2020-06-24 17:30:00,63.89,99.20
129-04405,2020-06-24 17:40:00,63.20,99.50
129-04405,2020-06-24 17:50:00,66.54,100.00
129-04405,2020-06-24 18:00:00,65.70,99.40
129-04405,2020-06-24 18:10:00,67.88,89.70
129-04405,2020-06-24 18:20:00,67.86,99.00
129-04405,2020-06-24 18:30:00,67.98,98.60
129-04405,2020-06-24 18:40:00,71.92,67.60
129-04405,2020-06-24 18:50:00,71.78,84.70
129-04405,2020-06-24 19:00:00,67.04,99.20
129-04405,2020-06-24 19:10:00,70.65,90.50
129-04405,2020-06-24 19:20:00,67.80,100.00
129-04405,2020-06-24 19:30:00,66.05,100.00
129-04405,2020-06-24 19:40:00,68.00,100.00
129-04405,2020-06-24 19:50:00,64.79,100.00
129-04405,2020-06-24 20:00:00,66.00,100.00
129-04405,2020-06-24 20:10:00,66.04,100.00
129-04405,2020-06-24 20:20:00,62.99,100.00
129-04405,2020-06-24 20:30:00,67.66,100.00
129-04405,2020-06-24 20:40:00,64.12,100.00
129-04405,2020-06-24 20:50:00,61.33,100.00
129-04405,2020-06-24 21:00:00,61.26,100.00
129-04405,2020-06-24 21:10:00,59.66,100.00
129-04405,2020-06-24 21:20:00,62.00,100.00
129-04405,2020-06-24 21:30:00,63.27,100.00
129-04405,2020-06-24 21:40:00,68.38,56.90
129-04405,2020-06-24 21:50:00,68.80,55.20
129-04405,2020-06-24 22:00:00,64.54,100.00
129-04405,2020-06-24 22:10:00,56.81,79.30
129-04405,2020-06-24 22:20:00,62.00,100.00
129-04405,2020-06-24 22:30:00,64.16,100.00
129-04405,2020-06-24 22:40:00,66.00,100.00
129-04405,2020-06-24 22:50:00,57.99,100.00
129-04405,2020-06-24 23:00:00,61.86,99.10
129-04405,2020-06-24 23:10:00,59.27,91.78
129-04405,2020-06-24 23:20:00,79.00,30.20
129-04405,2020-06-24 23:30:00,79.00,39.50
129-04405,2020-06-24 23:40:00,,
129-04405,2020-06-24 23:50:00,63.00,
129-04406,2020-06-24 00:00:00,,
129-04406,2020-06-24 00:10:00,46.78,63.30
129-04406,2020-06-24 00:20:00,59.29,92.50
129-04406,2020-06-24 00:30:00,,
129-04406,2020-06-24 00:40:00,62.00,81.13
129-04406,2020-06-24 00:50:00,,
129-04406,2020-06-24 01:00:00,44.00,
129-04406,2020-06-24 01:10:00,45.37,85.00
129-04406,2020-06-24 01:20:00,63.00,100.00
129-04406,2020-06-24 01:30:00,53.96,76.67
129-04406,2020-06-24 01:40:00,53.00,87.70
129-04406,2020-06-24 01:50:00,,
129-04406,2020-06-24 02:00:00,51.00,
129-04406,2020-06-24 02:10:00,52.38,
129-04406,2020-06-24 02:20:00,53.00,
129-04406,2020-06-24 02:30:00,,
129-04406,2020-06-24 02:40:00,62.43,97.63
129-04406,2020-06-24 02:50:00,62.60,98.40
129-04406,2020-06-24 03:00:00,,
129-04406,2020-06-24 03:10:00,53.00,78.57
129-04406,2020-06-24 03:20:00,53.49,87.50
129-04406,2020-06-24 03:30:00,,
129-04406,2020-06-24 03:40:00,69.00,48.50
129-04406,2020-06-24 03:50:00,67.99,60.50
129-04406,2020-06-24 04:00:00,66.00,93.33
129-04406,2020-06-24 04:10:00,,
129-04406,2020-06-24 04:20:00,,
129-04406,2020-06-24 04:30:00,,
129-04406,2020-06-24 04:40:00,73.28,90.71
129-04406,2020-06-24 04:50:00,68.51,72.70
129-04406,2020-06-24 05:00:00,69.65,74.70
129-04406,2020-06-24 05:10:00,72.39,54.60
129-04406,2020-06-24 05:20:00,69.58,87.20
129-04406,2020-06-24 05:30:00,72.40,84.60
129-04406,2020-06-24 05:40:00,69.32,94.80
129-04406,2020-06-24 05:50:00,77.43,55.90
129-04406,2020-06-24 06:00:00,74.78,88.30
129-04406,2020-06-24 06:10:00,74.06,95.90
129-04406,2020-06-24 06:20:00,74.41,95.70
129-04406,2020-06-24 06:30:00,69.03,100.00
129-04406,2020-06-24 06:40:00,70.89,100.00
129-04406,2020-06-24 06:50:00,69.68,100.00
129-04406,2020-06-24 07:00:00,66.71,100.00
129-04406,2020-06-24 07:10:00,71.74,71.70
129-04406,2020-06-24 07:20:00,70.18,90.20
129-04406,2020-06-24 07:30:00,67.39,100.00
129-04406,2020-06-24 07:40:00,66.97,100.00
129-04406,2020-06-24 07:50:00,72.35,100.00
129-04406,2020-06-24 08:00:00,65.39,100.00
129-04406,2020-06-24 08:10:00,68.66,98.00
129-04406,2020-06-24 08:20:00,69.39,100.00
129-04406,2020-06-24 08:30:00,67.83,97.10
129-04406,2020-06-24 08:40:00,68.10,100.00
129-04406,2020-06-24 08:50:00,69.79,98.70
129-04406,2020-06-24 09:00:00,68.79,100.00
129-04406,2020-06-24 09:10:00,68.47,100.00
129-04406,2020-06-24 09:20:00,66.73,100.00
129-04406,2020-06-24 09:30:00,64.18,100.00
129-04406,2020-06-24 09:40:00,69.87,90.00
129-04406,2020-06-24 09:50:00,62.89,100.00
129-04406,2020-06-24 10:00:00,63.76,100.00
129-04406,2020-06-24 10:10:00,61.49,100.00
129-04406,2020-06-24 10:20:00,61.89,100.00
129-04406,2020-06-24 10:30:00,64.28,100.00
129-04406,2020-06-24 10:40:00,64.79,100.00
129-04406,2020-06-24 10:50:00,66.64,100.00
129-04406,2020-06-24 11:00:00,66.48,100.00
129-04406,2020-06-24 11:10:00,67.59,100.00
129-04406,2020-06-24 11:20:00,65.77,100.00
129-04406,2020-06-24 11:30:00,63.93,100.00
129-04406,2020-06-24 11:40:00,64.65,100.00
129-04406,2020-06-24 11:50:00,64.66,100.00
129-04406,2020-06-24 12:00:00,65.83,95.40
129-04406,2020-06-24 12:10:00,65.47,100.00
129-04406,2020-06-24 12:20:00,66.68,100.00
129-04406,2020-06-24 12:30:00,64.29,100.00
129-04406,2020-06-24 12:40:00,65.79,100.00
129-04406,2020-06-24 12:50:00,67.59,100.00
129-04406,2020-06-24 13:00:00,68.98,90.70
129-04406,2020-06-24 13:10:00,65.38,100.00
129-04406,2020-06-24 13:20:00,67.87,100.00
129-04406,2020-06-24 13:30:00,66.14,100.00
129-04406,2020-06-24 13:40:00,66.96,100.00
129-04406,2020-06-24 13:50:00,69.65,88.90
129-04406,2020-06-24 14:00:00,69.23,93.00
129-04406,2020-06-24 14:10:00,65.29,100.00
129-04406,2020-06-24 14:20:00,66.00,100.00
129-04406,2020-06-24 14:30:00,67.49,100.00
129-04406,2020-06-24 14:40:00,61.17,90.80
129-04406,2020-06-24 14:50:00,62.49,100.00
129-04406,2020-06-24 15:00:00,66.74,92.60
129-04406,2020-06-24 15:10:00,67.28,100.00
129-04406,2020-06-24 15:20:00,64.04,100.00
129-04406,2020-06-24 15:30:00,64.47,100.00
129-04406,2020-06-24 15:40:00,65.25,100.00
129-04406,2020-06-24 15:50:00,68.74,100.00
129-04406,2020-06-24 16:00:00,69.57,86.40
129-04406,2020-06-24 16:10:00,68.79,97.60
129-04406,2020-06-24 16:20:00,71.77,85.70
129-04406,2020-06-24 16:30:00,69.86,94.30
129-04406,2020-06-24 16:40:00,71.89,96.00
129-04406,2020-06-24 16:50:00,70.37,98.40
129-04406,2020-06-24 17:00:00,67.31,99.80
129-04406,2020-06-24 17:10:00,67.29,97.60
129-04406,2020-06-24 17:20:00,70.25,99.30
129-04406,2020-06-24 17:30:00,65.61,98.40
129-04406,2020-06-24 17:40:00,66.71,94.20
129-04406,2020-06-24 17:50:00,67.08,99.30
129-04406,2020-06-24 18:00:00,67.77,98.00
129-04406,2020-06-24 18:10:00,67.59,98.40
129-04406,2020-06-24 18:20:00,67.26,99.80
129-04406,2020-06-24 18:30:00,68.10,99.20
129-04406,2020-06-24 18:40:00,74.24,52.00
129-04406,2020-06-24 18:50:00,72.78,76.70
129-04406,2020-06-24 19:00:00,69.59,97.60
129-04406,2020-06-24 19:10:00,72.66,91.20
129-04406,2020-06-24 19:20:00,70.60,96.20
129-04406,2020-06-24 19:30:00,68.67,99.20
129-04406,2020-06-24 19:40:00,66.26,99.50
129-04406,2020-06-24 19:50:00,64.89,100.00
129-04406,2020-06-24 20:00:00,64.89,100.00
129-04406,2020-06-24 20:10:00,62.58,100.00
129-04406,2020-06-24 20:20:00,64.83,100.00
129-04406,2020-06-24 20:30:00,66.78,100.00
129-04406,2020-06-24 20:40:00,67.07,100.00
129-04406,2020-06-24 20:50:00,61.37,100.00
129-04406,2020-06-24 21:00:00,57.63,50.20
129-04406,2020-06-24 21:10:00,59.62,80.50
129-04406,2020-06-24 21:20:00,67.79,100.00
129-04406,2020-06-24 21:30:00,64.07,100.00
129-04406,2020-06-24 21:40:00,67.16,95.80
129-04406,2020-06-24 21:50:00,71.21,39.00
129-04406,2020-06-24 22:00:00,65.48,100.00
129-04406,2020-06-24 22:10:00,65.57,100.00
129-04406,2020-06-24 22:20:00,62.00,100.00
129-04406,2020-06-24 22:30:00,63.84,100.00
129-04406,2020-06-24 22:40:00,65.00,100.00
129-04406,2020-06-24 22:50:00,62.83,100.00
129-04406,2020-06-24 23:00:00,60.95,98.75
129-04406,2020-06-24 23:10:00,58.00,95.57
129-04406,2020-06-24 23:20:00,68.39,77.14
129-04406,2020-06-24 23:30:00,69.00,78.00
129-04406,2020-06-24 23:40:00,,
129-04406,2020-06-24 23:50:00,,
129-04745,2020-06-24 00:00:00,,
129-04745,2020-06-24 00:10:00,56.63,45.60
129-04745,2020-06-24 00:20:00,55.66,49.00
129-04745,2020-06-24 00:30:00,62.75,79.38
129-04745,2020-06-24 00:40:00,63.83,76.67
129-04745,2020-06-24 00:50:00,,
129-04745,2020-06-24 01:00:00,48.75,21.00
129-04745,2020-06-24 01:10:00,48.12,44.13
129-04745,2020-06-24 01:20:00,,
129-04745,2020-06-24 01:30:00,53.70,69.50
129-04745,2020-06-24 01:40:00,53.81,86.00
129-04745,2020-06-24 01:50:00,,
129-04745,2020-06-24 02:00:00,,
129-04745,2020-06-24 02:10:00,55.14,94.83
129-04745,2020-06-24 02:20:00,56.00,97.00
129-04745,2020-06-24 02:30:00,52.00,83.67
129-04745,2020-06-24 02:40:00,51.38,83.60
129-04745,2020-06-24 02:50:00,,
129-04745,2020-06-24 03:00:00,,
129-04745,2020-06-24 03:10:00,,
129-04745,2020-06-24 03:20:00,,
129-04745,2020-06-24 03:30:00,56.66,100.00
129-04745,2020-06-24 03:40:00,57.82,92.50
129-04745,2020-06-24 03:50:00,63.38,64.30
129-04745,2020-06-24 04:00:00,,
129-04745,2020-06-24 04:10:00,60.00,100.00
129-04745,2020-06-24 04:20:00,58.19,93.80
129-04745,2020-06-24 04:30:00,58.93,96.00
129-04745,2020-06-24 04:40:00,66.65,53.20
129-04745,2020-06-24 04:50:00,67.54,68.40
129-04745,2020-06-24 05:00:00,71.44,45.10
129-04745,2020-06-24 05:10:00,71.70,69.11
129-04745,2020-06-24 05:20:00,73.47,76.90
129-04745,2020-06-24 05:30:00,69.24,81.60
129-04745,2020-06-24 05:40:00,68.54,90.70
129-04745,2020-06-24 05:50:00,66.60,84.30
129-04745,2020-06-24 06:00:00,65.37,90.80
129-04745,2020-06-24 06:10:00,63.68,100.00
129-04745,2020-06-24 06:20:00,62.53,100.00
129-04745,2020-06-24 06:30:00,61.35,100.00
129-04745,2020-06-24 06:40:00,59.48,100.00
129-04745,2020-06-24 06:50:00,61.82,97.40
129-04745,2020-06-24 07:00:00,59.74,100.00
129-04745,2020-06-24 07:10:00,62.05,98.30
129-04745,2020-06-24 07:20:00,55.75,100.00
129-04745,2020-06-24 07:30:00,58.25,99.70
129-04745,2020-06-24 07:40:00,55.18,93.20
129-04745,2020-06-24 07:50:00,54.66,94.60
129-04745,2020-06-24 08:00:00,51.82,100.00
129-04745,2020-06-24 08:10:00,60.91,86.20
129-04745,2020-06-24 08:20:00,58.69,100.00
129-04745,2020-06-24 08:30:00,58.67,95.60
129-04745,2020-06-24 08:40:00,61.67,74.60
129-04745,2020-06-24 08:50:00,61.02,93.40
129-04745,2020-06-24 09:00:00,58.29,98.20
129-04745,2020-06-24 09:10:00,51.50,100.00
129-04745,2020-06-24 09:20:00,54.44,100.00
129-04745,2020-06-24 09:30:00,54.31,97.10
129-04745,2020-06-24 09:40:00,54.86,100.00
129-04745,2020-06-24 09:50:00,53.95,100.00
129-04745,2020-06-24 10:00:00,55.07,100.00
129-04745,2020-06-24 10:10:00,53.89,94.10
129-04745,2020-06-24 10:20:00,60.79,46.90
129-04745,2020-06-24 10:30:00,60.50,76.60
129-04745,2020-06-24 10:40:00,54.25,94.90
129-04745,2020-06-24 10:50:00,58.57,97.60
129-04745,2020-06-24 11:00:00,53.56,100.00
129-04745,2020-06-24 11:10:00,60.59,87.60
129-04745,2020-06-24 11:20:00,58.58,98.90
129-04745,2020-06-24 11:30:00,53.08,100.00
129-04745,2020-06-24 11:40:00,55.84,99.70
129-04745,2020-06-24 11:50:00,57.96,100.00
129-04745,2020-06-24 12:00:00,59.77,71.50
129-04745,2020-06-24 12:10:00,57.55,89.90
129-04745,2020-06-24 12:20:00,57.67,100.00
129-04745,2020-06-24 12:30:00,53.11,100.00
129-04745,2020-06-24 12:40:00,55.39,100.00
129-04745,2020-06-24 12:50:00,55.98,100.00
129-04745,2020-06-24 13:00:00,55.67,100.00
129-04745,2020-06-24 13:10:00,57.30,100.00
129-04745,2020-06-24 13:20:00,56.25,100.00
129-04745,2020-06-24 13:30:00,57.33,87.00
129-04745,2020-06-24 13:40:00,58.96,83.40
129-04745,2020-06-24 13:50:00,48.23,100.00
129-04745,2020-06-24 14:00:00,53.45,96.80
129-04745,2020-06-24 14:10:00,52.88,100.00
129-04745,2020-06-24 14:20:00,51.78,100.00
129-04745,2020-06-24 14:30:00,51.78,100.00
129-04745,2020-06-24 14:40:00,53.48,100.00
129-04745,2020-06-24 14:50:00,51.48,100.00
129-04745,2020-06-24 15:00:00,57.16,87.00
129-04745,2020-06-24 15:10:00,60.04,58.60
129-04745,2020-06-24 15:20:00,56.79,96.50
129-04745,2020-06-24 15:30:00,51.03,100.00
129-04745,2020-06-24 15:40:00,44.80,60.70
129-04745,2020-06-24 15:50:00,50.90,100.00
129-04745,2020-06-24 16:00:00,55.00,100.00
129-04745,2020-06-24 16:10:00,59.22,79.40
129-04745,2020-06-24 16:20:00,60.78,78.50
129-04745,2020-06-24 16:30:00,57.62,93.00
129-04745,2020-06-24 16:40:00,52.15,100.00
129-04745,2020-06-24 16:50:00,58.70,79.90
129-04745,2020-06-24 17:00:00,60.71,77.90
129-04745,2020-06-24 17:10:00,59.09,97.10
129-04745,2020-06-24 17:20:00,59.49,99.10
129-04745,2020-06-24 17:30:00,49.88,83.60
129-04745,2020-06-24 17:40:00,55.97,92.30
129-04745,2020-06-24 17:50:00,52.48,94.40
129-04745,2020-06-24 18:00:00,62.27,50.60
129-04745,2020-06-24 18:10:00,62.10,65.20
129-04745,2020-06-24 18:20:00,58.87,97.30
129-04745,2020-06-24 18:30:00,58.96,99.00
129-04745,2020-06-24 18:40:00,62.36,91.30
129-04745,2020-06-24 18:50:00,60.79,98.50
129-04745,2020-06-24 19:00:00,58.17,99.40
129-04745,2020-06-24 19:10:00,64.15,87.50
129-04745,2020-06-24 19:20:00,53.28,100.00
129-04745,2020-06-24 19:30:00,52.95,100.00
129-04745,2020-06-24 19:40:00,49.50,81.90
129-04745,2020-06-24 19:50:00,54.59,100.00
129-04745,2020-06-24 20:00:00,57.87,91.20
129-04745,2020-06-24 20:10:00,53.98,100.00
129-04745,2020-06-24 20:20:00,59.11,100.00
129-04745,2020-06-24 20:30:00,63.14,50.50
129-04745,2020-06-24 20:40:00,54.02,95.60
129-04745,2020-06-24 20:50:00,55.06,100.00
129-04745,2020-06-24 21:00:00,51.39,72.00
129-04745,2020-06-24 21:10:00,55.71,90.00
129-04745,2020-06-24 21:20:00,52.36,100.00
129-04745,2020-06-24 21:30:00,50.51,81.90
129-04745,2020-06-24 21:40:00,58.58,100.00
129-04745,2020-06-24 21:50:00,61.00,42.00
129-04745,2020-06-24 22:00:00,,
129-04745,2020-06-24 22:10:00,63.00,95.00
129-04745,2020-06-24 22:20:00,61.79,78.90
129-04745,2020-06-24 22:30:00,54.90,100.00
129-04745,2020-06-24 22:40:00,57.00,100.00
129-04745,2020-06-24 22:50:00,48.35,48.10
129-04745,2020-06-24 23:00:00,60.09,60.10
129-04745,2020-06-24 23:10:00,55.12,83.90
129-04745,2020-06-24 23:20:00,54.70,72.00
129-04745,2020-06-24 23:30:00,50.90,84.00
129-04745,2020-06-24 23:40:00,51.00,88.25
129-04745,2020-06-24 23:50:00,,
129-04743,2020-06-24 00:00:00,60.11,42.33
129-04743,2020-06-24 00:10:00,60.22,61.25
129-04743,2020-06-24 00:20:00,,
129-04743,2020-06-24 00:30:00,69.71,
129-04743,2020-06-24 00:40:00,69.00,
129-04743,2020-06-24 00:50:00,67.59,
129-04743,2020-06-24 01:00:00,65.47,
129-04743,2020-06-24 01:10:00,60.00,
129-04743,2020-06-24 01:20:00,59.64,100.00
129-04743,2020-06-24 01:30:00,61.00,100.00
129-04743,2020-06-24 01:40:00,,
129-04743,2020-06-24 01:50:00,,
129-04743,2020-06-24 02:00:00,,
129-04743,2020-06-24 02:10:00,,
129-04743,2020-06-24 02:20:00,,
129-04743,2020-06-24 02:30:00,,
129-04743,2020-06-24 02:40:00,,
129-04743,2020-06-24 02:50:00,,
129-04743,2020-06-24 03:00:00,,
129-04743,2020-06-24 03:10:00,,
129-04743,2020-06-24 03:20:00,58.00,99.50
129-04743,2020-06-24 03:30:00,57.87,100.00
129-04743,2020-06-24 03:40:00,63.00,67.33
129-04743,2020-06-24 03:50:00,,
129-04743,2020-06-24 04:00:00,57.00,97.00
129-04743,2020-06-24 04:10:00,57.00,98.00
129-04743,2020-06-24 04:20:00,71.00,20.00
129-04743,2020-06-24 04:30:00,65.00,81.00
129-04743,2020-06-24 04:40:00,64.53,77.50
129-04743,2020-06-24 04:50:00,72.47,40.71
129-04743,2020-06-24 05:00:00,73.22,56.70
129-04743,2020-06-24 05:10:00,66.95,83.80
129-04743,2020-06-24 05:20:00,66.80,91.30
129-04743,2020-06-24 05:30:00,63.43,98.20
129-04743,2020-06-24 05:40:00,63.64,96.70
129-04743,2020-06-24 05:50:00,65.44,98.00
129-04743,2020-06-24 06:00:00,62.92,100.00
129-04743,2020-06-24 06:10:00,63.93,98.20
129-04743,2020-06-24 06:20:00,61.78,99.40
129-04743,2020-06-24 06:30:00,57.22,100.00
129-04743,2020-06-24 06:40:00,58.28,100.00
129-04743,2020-06-24 06:50:00,58.91,100.00
129-04743,2020-06-24 07:00:00,59.43,100.00
129-04743,2020-06-24 07:10:00,54.76,100.00
129-04743,2020-06-24 07:20:00,56.91,98.10
129-04743,2020-06-24 07:30:00,55.59,100.00
129-04743,2020-06-24 07:40:00,56.25,100.00
129-04743,2020-06-24 07:50:00,56.36,100.00
129-04743,2020-06-24 08:00:00,58.12,95.80
129-04743,2020-06-24 08:10:00,58.29,82.10
129-04743,2020-06-24 08:20:00,58.71,88.30
129-04743,2020-06-24 08:30:00,60.70,74.20
129-04743,2020-06-24 08:40:00,57.09,82.60
129-04743,2020-06-24 08:50:00,62.50,69.90
129-04743,2020-06-24 09:00:00,55.53,86.00
129-04743,2020-06-24 09:10:00,57.14,89.90
129-04743,2020-06-24 09:20:00,54.27,93.20
129-04743,2020-06-24 09:30:00,53.87,98.40
129-04743,2020-06-24 09:40:00,53.60,100.00
129-04743,2020-06-24 09:50:00,57.73,80.60
129-04743,2020-06-24 10:00:00,62.08,59.40
129-04743,2020-06-24 10:10:00,57.58,93.30
129-04743,2020-06-24 10:20:00,59.03,88.00
129-04743,2020-06-24 10:30:00,58.38,98.20
129-04743,2020-06-24 10:40:00,59.37,93.20
129-04743,2020-06-24 10:50:00,59.58,76.80
129-04743,2020-06-24 11:00:00,65.23,57.80
129-04743,2020-06-24 11:10:00,60.18,93.30
129-04743,2020-06-24 11:20:00,53.51,100.00
129-04743,2020-06-24 11:30:00,54.70,100.00
129-04743,2020-06-24 11:40:00,56.44,100.00
129-04743,2020-06-24 11:50:00,58.38,100.00
129-04743,2020-06-24 12:00:00,57.26,100.00
129-04743,2020-06-24 12:10:00,59.89,87.60
129-04743,2020-06-24 12:20:00,58.82,91.50
129-04743,2020-06-24 12:30:00,59.77,100.00
129-04743,2020-06-24 12:40:00,54.54,100.00
129-04743,2020-06-24 12:50:00,54.42,100.00
129-04743,2020-06-24 13:00:00,57.92,100.00
129-04743,2020-06-24 13:10:00,48.77,100.00
129-04743,2020-06-24 13:20:00,51.57,100.00
129-04743,2020-06-24 13:30:00,54.04,100.00
129-04743,2020-06-24 13:40:00,58.42,85.40
129-04743,2020-06-24 13:50:00,58.71,100.00
129-04743,2020-06-24 14:00:00,56.99,100.00
129-04743,2020-06-24 14:10:00,56.62,100.00
129-04743,2020-06-24 14:20:00,54.97,100.00
129-04743,2020-06-24 14:30:00,58.63,93.70
129-04743,2020-06-24 14:40:00,60.73,100.00
129-04743,2020-06-24 14:50:00,64.18,49.60
129-04743,2020-06-24 15:00:00,59.12,45.70
129-04743,2020-06-24 15:10:00,57.93,86.80
129-04743,2020-06-24 15:20:00,68.44,53.00
129-04743,2020-06-24 15:30:00,59.77,96.30
129-04743,2020-06-24 15:40:00,64.93,90.80
129-04743,2020-06-24 15:50:00,57.87,100.00
129-04743,2020-06-24 16:00:00,60.06,100.00
129-04743,2020-06-24 16:10:00,61.59,100.00
129-04743,2020-06-24 16:20:00,57.87,100.00
129-04743,2020-06-24 16:30:00,59.93,100.00
129-04743,2020-06-24 16:40:00,56.72,100.00
129-04743,2020-06-24 16:50:00,64.25,63.10
129-04743,2020-06-24 17:00:00,59.29,93.70
129-04743,2020-06-24 17:10:00,56.58,100.00
129-04743,2020-06-24 17:20:00,70.09,25.90
129-04743,2020-06-24 17:30:00,61.31,96.60
129-04743,2020-06-24 17:40:00,61.92,98.50
129-04743,2020-06-24 17:50:00,61.98,99.50
129-04743,2020-06-24 18:00:00,63.58,91.70
129-04743,2020-06-24 18:10:00,58.65,99.50
129-04743,2020-06-24 18:20:00,61.29,88.10
129-04743,2020-06-24 18:30:00,59.03,96.30
129-04743,2020-06-24 18:40:00,61.15,86.50
129-04743,2020-06-24 18:50:00,62.59,100.00
129-04743,2020-06-24 19:00:00,65.48,83.50
129-04743,2020-06-24 19:10:00,65.17,69.88
129-04743,2020-06-24 19:20:00,57.57,100.00
129-04743,2020-06-24 19:30:00,53.18,39.20
129-04743,2020-06-24 19:40:00,61.00,100.00
129-04743,2020-06-24 19:50:00,60.94,100.00
129-04743,2020-06-24 20:00:00,56.11,100.00
129-04743,2020-06-24 20:10:00,54.08,89.00
129-04743,2020-06-24 20:20:00,54.43,62.80
129-04743,2020-06-24 20:30:00,56.73,80.30
129-04743,2020-06-24 20:40:00,50.00,74.80
129-04743,2020-06-24 20:50:00,50.00,89.83
129-04743,2020-06-24 21:00:00,56.28,100.00
129-04743,2020-06-24 21:10:00,54.18,100.00
129-04743,2020-06-24 21:20:00,53.00,100.00
129-04743,2020-06-24 21:30:00,,
129-04743,2020-06-24 21:40:00,,
129-04743,2020-06-24 21:50:00,,
129-04743,2020-06-24 22:00:00,,
129-04743,2020-06-24 22:10:00,62.46,93.10
129-04743,2020-06-24 22:20:00,53.00,100.00
129-04743,2020-06-24 22:30:00,53.00,100.00
129-04743,2020-06-24 22:40:00,57.00,100.00
129-04743,2020-06-24 22:50:00,57.00,100.00
129-04743,2020-06-24 23:00:00,,
129-04743,2020-06-24 23:10:00,56.00,100.00
129-04743,2020-06-24 23:20:00,52.88,90.60
129-04743,2020-06-24 23:30:00,53.12,98.25
129-04743,2020-06-24 23:40:00,,
129-04743,2020-06-24 23:50:00,,
129N04408,2020-06-24 00:00:00,,
129N04408,2020-06-24 00:10:00,60.67,90.43
129N04408,2020-06-24 00:20:00,69.71,93.80
129N04408,2020-06-24 00:30:00,,
129N04408,2020-06-24 00:40:00,,
129N04408,2020-06-24 00:50:00,,
129N04408,2020-06-24 01:00:00,45.00,
129N04408,2020-06-24 01:10:00,45.00,
129N04408,2020-06-24 01:20:00,46.38,
129N04408,2020-06-24 01:30:00,48.40,100.00
129N04408,2020-06-24 01:40:00,52.00,100.00
129N04408,2020-06-24 01:50:00,,
129N04408,2020-06-24 02:00:00,55.00,
129N04408,2020-06-24 02:10:00,53.73,
129N04408,2020-06-24 02:20:00,,
129N04408,2020-06-24 02:30:00,,
129N04408,2020-06-24 02:40:00,57.89,79.56
129N04408,2020-06-24 02:50:00,59.00,82.67
129N04408,2020-06-24 03:00:00,,
129N04408,2020-06-24 03:10:00,,
129N04408,2020-06-24 03:20:00,,
129N04408,2020-06-24 03:30:00,,
129N04408,2020-06-24 03:40:00,,
129N04408,2020-06-24 03:50:00,57.20,85.60
129N04408,2020-06-24 04:00:00,57.60,89.00
129N04408,2020-06-24 04:10:00,,
129N04408,2020-06-24 04:20:00,,
129N04408,2020-06-24 04:30:00,,
129N04408,2020-06-24 04:40:00,65.00,78.00
129N04408,2020-06-24 04:50:00,61.21,88.20
129N04408,2020-06-24 05:00:00,63.22,62.90
129N04408,2020-06-24 05:10:00,76.47,27.75
129N04408,2020-06-24 05:20:00,74.80,65.70
129N04408,2020-06-24 05:30:00,70.19,82.50
129N04408,2020-06-24 05:40:00,70.21,90.70
129N04408,2020-06-24 05:50:00,69.34,72.40
129N04408,2020-06-24 06:00:00,64.97,96.70
129N04408,2020-06-24 06:10:00,64.75,100.00
129N04408,2020-06-24 06:20:00,63.63,100.00
129N04408,2020-06-24 06:30:00,64.05,100.00
129N04408,2020-06-24 06:40:00,65.51,100.00
129N04408,2020-06-24 06:50:00,63.74,100.00
129N04408,2020-06-24 07:00:00,67.17,98.90
129N04408,2020-06-24 07:10:00,68.51,83.70
129N04408,2020-06-24 07:20:00,62.69,93.00
129N04408,2020-06-24 07:30:00,62.09,100.00
129N04408,2020-06-24 07:40:00,61.98,100.00
129N04408,2020-06-24 07:50:00,65.38,95.30
129N04408,2020-06-24 08:00:00,63.36,98.30
129N04408,2020-06-24 08:10:00,65.33,92.30
129N04408,2020-06-24 08:20:00,64.07,98.30
129N04408,2020-06-24 08:30:00,63.45,100.00
129N04408,2020-06-24 08:40:00,63.39,100.00
129N04408,2020-06-24 08:50:00,64.46,100.00
129N04408,2020-06-24 09:00:00,63.44,98.20
129N04408,2020-06-24 09:10:00,64.66,100.00
129N04408,2020-06-24 09:20:00,65.88,100.00
129N04408,2020-06-24 09:30:00,61.24,100.00
129N04408,2020-06-24 09:40:00,59.78,93.10
129N04408,2020-06-24 09:50:00,54.54,71.40
129N04408,2020-06-24 10:00:00,57.75,94.30
129N04408,2020-06-24 10:10:00,55.99,100.00
129N04408,2020-06-24 10:20:00,57.79,100.00
129N04408,2020-06-24 10:30:00,60.89,100.00
129N04408,2020-06-24 10:40:00,59.84,100.00
129N04408,2020-06-24 10:50:00,62.82,93.00
129N04408,2020-06-24 11:00:00,63.77,89.20
129N04408,2020-06-24 11:10:00,65.69,89.80
129N04408,2020-06-24 11:20:00,60.21,96.80
129N04408,2020-06-24 11:30:00,58.26,100.00
129N04408,2020-06-24 11:40:00,58.98,100.00
129N04408,2020-06-24 11:50:00,65.45,66.20
129N04408,2020-06-24 12:00:00,57.18,99.40
129N04408,2020-06-24 12:10:00,56.99,93.50
129N04408,2020-06-24 12:20:00,58.78,100.00
129N04408,2020-06-24 12:30:00,58.96,100.00
129N04408,2020-06-24 12:40:00,58.99,100.00
129N04408,2020-06-24 12:50:00,60.09,87.80
129N04408,2020-06-24 13:00:00,62.19,100.00
129N04408,2020-06-24 13:10:00,59.89,100.00
129N04408,2020-06-24 13:20:00,63.52,95.00
129N04408,2020-06-24 13:30:00,60.16,92.90
129N04408,2020-06-24 13:40:00,62.36,90.60
129N04408,2020-06-24 13:50:00,60.78,90.90
129N04408,2020-06-24 14:00:00,59.75,100.00
129N04408,2020-06-24 14:10:00,58.58,100.00
129N04408,2020-06-24 14:20:00,59.12,100.00
129N04408,2020-06-24 14:30:00,56.69,100.00
129N04408,2020-06-24 14:40:00,56.87,100.00
129N04408,2020-06-24 14:50:00,58.89,100.00
129N04408,2020-06-24 15:00:00,61.08,86.80
129N04408,2020-06-24 15:10:00,64.15,66.30
129N04408,2020-06-24 15:20:00,60.78,96.90
129N04408,2020-06-24 15:30:00,59.55,98.90
129N04408,2020-06-24 15:40:00,55.62,100.00
129N04408,2020-06-24 15:50:00,59.99,88.70
129N04408,2020-06-24 16:00:00,62.99,85.10
129N04408,2020-06-24 16:10:00,63.47,96.60
129N04408,2020-06-24 16:20:00,65.58,86.10
129N04408,2020-06-24 16:30:00,64.23,90.10
129N04408,2020-06-24 16:40:00,62.16,99.00
129N04408,2020-06-24 16:50:00,60.78,100.00
129N04408,2020-06-24 17:00:00,62.18,99.70
129N04408,2020-06-24 17:10:00,63.56,96.50
129N04408,2020-06-24 17:20:00,64.16,90.40
129N04408,2020-06-24 17:30:00,58.94,92.00
129N04408,2020-06-24 17:40:00,58.69,100.00
129N04408,2020-06-24 17:50:00,60.59,100.00
129N04408,2020-06-24 18:00:00,63.38,86.30
129N04408,2020-06-24 18:10:00,62.59,86.90
129N04408,2020-06-24 18:20:00,64.65,72.60
129N04408,2020-06-24 18:30:00,60.49,95.20
129N04408,2020-06-24 18:40:00,65.55,78.10
129N04408,2020-06-24 18:50:00,69.13,56.00
129N04408,2020-06-24 19:00:00,68.10,84.90
129N04408,2020-06-24 19:10:00,69.29,76.40
129N04408,2020-06-24 19:20:00,65.85,90.70
129N04408,2020-06-24 19:30:00,60.77,100.00
129N04408,2020-06-24 19:40:00,62.60,100.00
129N04408,2020-06-24 19:50:00,62.44,93.60
129N04408,2020-06-24 20:00:00,66.51,63.70
129N04408,2020-06-24 20:10:00,58.97,98.10
129N04408,2020-06-24 20:20:00,60.98,100.00
129N04408,2020-06-24 20:30:00,59.17,98.70
129N04408,2020-06-24 20:40:00,60.96,100.00
129N04408,2020-06-24 20:50:00,54.13,74.80
129N04408,2020-06-24 21:00:00,56.58,96.80
129N04408,2020-06-24 21:10:00,55.75,88.20
129N04408,2020-06-24 21:20:00,53.97,80.00
129N04408,2020-06-24 21:30:00,54.49,94.30
129N04408,2020-06-24 21:40:00,61.85,67.10
129N04408,2020-06-24 21:50:00,64.54,53.75
129N04408,2020-06-24 22:00:00,55.60,97.10
129N04408,2020-06-24 22:10:00,54.50,95.38
129N04408,2020-06-24 22:20:00,,
129N04408,2020-06-24 22:30:00,52.00,93.13
129N04408,2020-06-24 22:40:00,54.09,97.11
129N04408,2020-06-24 22:50:00,59.42,100.00
129N04408,2020-06-24 23:00:00,59.00,95.00
129N04408,2020-06-24 23:10:00,,
129N04408,2020-06-24 23:20:00,,
129N04408,2020-06-24 23:30:00,,
129N04408,2020-06-24 23:40:00,,
129N04408,2020-06-24 23:50:00,,
129N04406,2020-06-24 00:00:00,,
129N04406,2020-06-24 00:10:00,44.00,61.50
129N04406,2020-06-24 00:20:00,60.81,88.50
129N04406,2020-06-24 00:30:00,,
129N04406,2020-06-24 00:40:00,63.00,86.50
129N04406,2020-06-24 00:50:00,,
129N04406,2020-06-24 01:00:00,33.00,
129N04406,2020-06-24 01:10:00,34.62,87.00
129N04406,2020-06-24 01:20:00,62.00,100.00
129N04406,2020-06-24 01:30:00,53.00,71.50
129N04406,2020-06-24 01:40:00,53.10,84.60
129N04406,2020-06-24 01:50:00,58.00,100.00
129N04406,2020-06-24 02:00:00,,
129N04406,2020-06-24 02:10:00,63.00,
129N04406,2020-06-24 02:20:00,63.00,
129N04406,2020-06-24 02:30:00,63.00,
129N04406,2020-06-24 02:40:00,59.93,94.11
129N04406,2020-06-24 02:50:00,62.00,93.00
129N04406,2020-06-24 03:00:00,,
129N04406,2020-06-24 03:10:00,63.00,98.14
129N04406,2020-06-24 03:20:00,63.00,99.00
129N04406,2020-06-24 03:30:00,62.00,99.17
129N04406,2020-06-24 03:40:00,64.29,92.75
129N04406,2020-06-24 03:50:00,69.47,84.30
129N04406,2020-06-24 04:00:00,65.42,97.25
129N04406,2020-06-24 04:10:00,60.00,85.88
129N04406,2020-06-24 04:20:00,,
129N04406,2020-06-24 04:30:00,66.00,
129N04406,2020-06-24 04:40:00,70.75,74.43
129N04406,2020-06-24 04:50:00,67.59,78.70
129N04406,2020-06-24 05:00:00,66.72,84.80
129N04406,2020-06-24 05:10:00,72.02,64.00
129N04406,2020-06-24 05:20:00,68.43,88.20
129N04406,2020-06-24 05:30:00,70.25,95.00
129N04406,2020-06-24 05:40:00,68.62,96.00
129N04406,2020-06-24 05:50:00,76.55,50.20
129N04406,2020-06-24 06:00:00,77.36,49.20
129N04406,2020-06-24 06:10:00,75.98,83.90
129N04406,2020-06-24 06:20:00,76.04,94.40
129N04406,2020-06-24 06:30:00,69.26,98.30
129N04406,2020-06-24 06:40:00,71.20,100.00
129N04406,2020-06-24 06:50:00,70.98,100.00
129N04406,2020-06-24 07:00:00,66.77,100.00
129N04406,2020-06-24 07:10:00,71.14,78.20
129N04406,2020-06-24 07:20:00,69.53,87.60
129N04406,2020-06-24 07:30:00,67.58,100.00
129N04406,2020-06-24 07:40:00,67.89,100.00
129N04406,2020-06-24 07:50:00,73.75,100.00
129N04406,2020-06-24 08:00:00,65.22,100.00
129N04406,2020-06-24 08:10:00,68.13,95.70
129N04406,2020-06-24 08:20:00,69.59,99.20
129N04406,2020-06-24 08:30:00,67.27,96.80
129N04406,2020-06-24 08:40:00,67.54,100.00
129N04406,2020-06-24 08:50:00,69.29,97.50
129N04406,2020-06-24 09:00:00,67.98,100.00
129N04406,2020-06-24 09:10:00,69.77,95.90
129N04406,2020-06-24 09:20:00,65.02,100.00
129N04406,2020-06-24 09:30:00,63.19,100.00
129N04406,2020-06-24 09:40:00,66.76,100.00
129N04406,2020-06-24 09:50:00,61.97,100.00
129N04406,2020-06-24 10:00:00,62.85,100.00
129N04406,2020-06-24 10:10:00,60.30,100.00
129N04406,2020-06-24 10:20:00,62.14,100.00
129N04406,2020-06-24 10:30:00,63.26,100.00
129N04406,2020-06-24 10:40:00,64.46,100.00
129N04406,2020-06-24 10:50:00,66.19,100.00
129N04406,2020-06-24 11:00:00,65.40,100.00
129N04406,2020-06-24 11:10:00,65.09,100.00
129N04406,2020-06-24 11:20:00,63.75,100.00
129N04406,2020-06-24 11:30:00,62.93,100.00
129N04406,2020-06-24 11:40:00,63.54,100.00
129N04406,2020-06-24 11:50:00,64.75,100.00
129N04406,2020-06-24 12:00:00,66.08,94.70
129N04406,2020-06-24 12:10:00,67.94,75.40
129N04406,2020-06-24 12:20:00,66.77,100.00
129N04406,2020-06-24 12:30:00,63.19,100.00
129N04406,2020-06-24 12:40:00,65.29,100.00
129N04406,2020-06-24 12:50:00,67.28,98.10
129N04406,2020-06-24 13:00:00,68.06,89.50
129N04406,2020-06-24 13:10:00,63.67,100.00
129N04406,2020-06-24 13:20:00,67.06,96.40
129N04406,2020-06-24 13:30:00,65.83,97.30
129N04406,2020-06-24 13:40:00,65.99,92.10
129N04406,2020-06-24 13:50:00,68.77,84.30
129N04406,2020-06-24 14:00:00,70.25,68.30
129N04406,2020-06-24 14:10:00,64.96,100.00
129N04406,2020-06-24 14:20:00,66.10,100.00
129N04406,2020-06-24 14:30:00,65.94,100.00
129N04406,2020-06-24 14:40:00,61.30,91.90
129N04406,2020-06-24 14:50:00,59.11,87.00
129N04406,2020-06-24 15:00:00,65.41,73.50
129N04406,2020-06-24 15:10:00,63.97,100.00
129N04406,2020-06-24 15:20:00,61.79,100.00
129N04406,2020-06-24 15:30:00,63.58,100.00
129N04406,2020-06-24 15:40:00,60.60,100.00
129N04406,2020-06-24 15:50:00,66.26,100.00
129N04406,2020-06-24 16:00:00,68.03,79.10
129N04406,2020-06-24 16:10:00,66.08,96.30
129N04406,2020-06-24 16:20:00,69.98,77.80
129N04406,2020-06-24 16:30:00,68.08,89.40
129N04406,2020-06-24 16:40:00,71.59,87.80
129N04406,2020-06-24 16:50:00,68.95,96.30
129N04406,2020-06-24 17:00:00,66.03,97.60
129N04406,2020-06-24 17:10:00,65.48,98.10
129N04406,2020-06-24 17:20:00,68.08,100.00
129N04406,2020-06-24 17:30:00,65.13,93.30
129N04406,2020-06-24 17:40:00,63.31,94.30
129N04406,2020-06-24 17:50:00,64.96,100.00
129N04406,2020-06-24 18:00:00,65.70,99.40
129N04406,2020-06-24 18:10:00,66.77,95.80
129N04406,2020-06-24 18:20:00,66.42,100.00
129N04406,2020-06-24 18:30:00,67.38,99.00
129N04406,2020-06-24 18:40:00,73.84,43.70
129N04406,2020-06-24 18:50:00,72.46,73.90
129N04406,2020-06-24 19:00:00,66.31,90.80
129N04406,2020-06-24 19:10:00,72.12,79.00
129N04406,2020-06-24 19:20:00,69.98,95.60
129N04406,2020-06-24 19:30:00,66.86,99.20
129N04406,2020-06-24 19:40:00,66.78,100.00
129N04406,2020-06-24 19:50:00,64.89,100.00
129N04406,2020-06-24 20:00:00,64.44,100.00
129N04406,2020-06-24 20:10:00,65.77,100.00
129N04406,2020-06-24 20:20:00,65.77,100.00
129N04406,2020-06-24 20:30:00,66.79,100.00
129N04406,2020-06-24 20:40:00,63.26,100.00
129N04406,2020-06-24 20:50:00,60.47,100.00
129N04406,2020-06-24 21:00:00,60.35,100.00
129N04406,2020-06-24 21:10:00,59.06,100.00
129N04406,2020-06-24 21:20:00,62.90,100.00
129N04406,2020-06-24 21:30:00,61.85,100.00
129N04406,2020-06-24 21:40:00,68.90,40.60
129N04406,2020-06-24 21:50:00,71.00,44.75
129N04406,2020-06-24 22:00:00,65.11,100.00
129N04406,2020-06-24 22:10:00,57.45,93.60
129N04406,2020-06-24 22:20:00,62.00,100.00
129N04406,2020-06-24 22:30:00,64.16,100.00
129N04406,2020-06-24 22:40:00,66.00,100.00
129N04406,2020-06-24 22:50:00,60.00,100.00
129N04406,2020-06-24 23:00:00,59.08,97.89
129N04406,2020-06-24 23:10:00,57.00,94.00
129N04406,2020-06-24 23:20:00,79.00,26.00
129N04406,2020-06-24 23:30:00,79.00,35.33
129N04406,2020-06-24 23:40:00,,
129N04406,2020-06-24 23:50:00,63.00,
129N04407,2020-06-24 00:00:00,,
129N04407,2020-06-24 00:10:00,43.79,49.90
129N04407,2020-06-24 00:20:00,57.07,91.00
129N04407,2020-06-24 00:30:00,,
129N04407,2020-06-24 00:40:00,61.00,72.43
129N04407,2020-06-24 00:50:00,,
129N04407,2020-06-24 01:00:00,62.00,
129N04407,2020-06-24 01:10:00,61.28,94.33
129N04407,2020-06-24 01:20:00,61.10,99.90
129N04407,2020-06-24 01:30:00,55.00,81.00
129N04407,2020-06-24 01:40:00,54.79,88.50
129N04407,2020-06-24 01:50:00,,
129N04407,2020-06-24 02:00:00,53.00,
129N04407,2020-06-24 02:10:00,53.00,
129N04407,2020-06-24 02:20:00,53.00,
129N04407,2020-06-24 02:30:00,,
129N04407,2020-06-24 02:40:00,62.78,99.88
129N04407,2020-06-24 02:50:00,63.00,100.00
129N04407,2020-06-24 03:00:00,,
129N04407,2020-06-24 03:10:00,58.00,91.14
129N04407,2020-06-24 03:20:00,58.00,95.67
129N04407,2020-06-24 03:30:00,,
129N04407,2020-06-24 03:40:00,67.00,68.00
129N04407,2020-06-24 03:50:00,65.47,78.80
129N04407,2020-06-24 04:00:00,63.99,97.00
129N04407,2020-06-24 04:10:00,,
129N04407,2020-06-24 04:20:00,,
129N04407,2020-06-24 04:30:00,,
129N04407,2020-06-24 04:40:00,69.74,93.38
129N04407,2020-06-24 04:50:00,65.76,85.80
129N04407,2020-06-24 05:00:00,70.03,67.70
129N04407,2020-06-24 05:10:00,72.45,51.90
129N04407,2020-06-24 05:20:00,67.85,69.00
129N04407,2020-06-24 05:30:00,70.68,87.20
129N04407,2020-06-24 05:40:00,65.98,79.30
129N04407,2020-06-24 05:50:00,76.16,57.80
129N04407,2020-06-24 06:00:00,72.46,88.10
129N04407,2020-06-24 06:10:00,69.18,99.10
129N04407,2020-06-24 06:20:00,71.72,94.60
129N04407,2020-06-24 06:30:00,68.98,100.00
129N04407,2020-06-24 06:40:00,68.87,100.00
129N04407,2020-06-24 06:50:00,66.97,100.00
129N04407,2020-06-24 07:00:00,68.00,100.00
129N04407,2020-06-24 07:10:00,71.18,74.60
129N04407,2020-06-24 07:20:00,69.24,94.60
129N04407,2020-06-24 07:30:00,65.18,100.00
129N04407,2020-06-24 07:40:00,64.39,100.00
129N04407,2020-06-24 07:50:00,70.35,100.00
129N04407,2020-06-24 08:00:00,64.98,100.00
129N04407,2020-06-24 08:10:00,67.34,100.00
129N04407,2020-06-24 08:20:00,67.87,100.00
129N04407,2020-06-24 08:30:00,66.98,100.00
129N04407,2020-06-24 08:40:00,65.76,100.00
129N04407,2020-06-24 08:50:00,66.44,100.00
129N04407,2020-06-24 09:00:00,65.99,100.00
129N04407,2020-06-24 09:10:00,67.19,100.00
129N04407,2020-06-24 09:20:00,65.58,100.00
129N04407,2020-06-24 09:30:00,63.64,100.00
129N04407,2020-06-24 09:40:00,65.60,96.10
129N04407,2020-06-24 09:50:00,62.47,100.00
129N04407,2020-06-24 10:00:00,62.35,100.00
129N04407,2020-06-24 10:10:00,60.59,100.00
129N04407,2020-06-24 10:20:00,60.79,100.00
129N04407,2020-06-24 10:30:00,63.68,100.00
129N04407,2020-06-24 10:40:00,63.17,100.00
129N04407,2020-06-24 10:50:00,64.26,100.00
129N04407,2020-06-24 11:00:00,66.75,100.00
129N04407,2020-06-24 11:10:00,67.86,88.60
129N04407,2020-06-24 11:20:00,68.29,94.40
129N04407,2020-06-24 11:30:00,63.82,100.00
129N04407,2020-06-24 11:40:00,65.49,100.00
129N04407,2020-06-24 11:50:00,63.54,100.00
129N04407,2020-06-24 12:00:00,64.61,92.90
129N04407,2020-06-24 12:10:00,63.39,100.00
129N04407,2020-06-24 12:20:00,65.28,100.00
129N04407,2020-06-24 12:30:00,62.98,100.00
129N04407,2020-06-24 12:40:00,64.29,100.00
129N04407,2020-06-24 12:50:00,63.98,100.00
129N04407,2020-06-24 13:00:00,66.78,100.00
129N04407,2020-06-24 13:10:00,65.59,100.00
129N04407,2020-06-24 13:20:00,67.39,100.00
129N04407,2020-06-24 13:30:00,65.79,100.00
129N04407,2020-06-24 13:40:00,66.67,100.00
129N04407,2020-06-24 13:50:00,67.55,91.10
129N04407,2020-06-24 14:00:00,67.25,96.70
129N04407,2020-06-24 14:10:00,64.38,100.00
129N04407,2020-06-24 14:20:00,64.57,100.00
129N04407,2020-06-24 14:30:00,65.76,100.00
129N04407,2020-06-24 14:40:00,62.34,100.00
129N04407,2020-06-24 14:50:00,62.60,100.00
129N04407,2020-06-24 15:00:00,65.27,97.60
129N04407,2020-06-24 15:10:00,66.87,92.40
129N04407,2020-06-24 15:20:00,63.76,97.00
129N04407,2020-06-24 15:30:00,63.75,100.00
129N04407,2020-06-24 15:40:00,65.13,92.10
129N04407,2020-06-24 15:50:00,69.21,69.20
129N04407,2020-06-24 16:00:00,68.86,89.60
129N04407,2020-06-24 16:10:00,67.58,93.80
129N04407,2020-06-24 16:20:00,69.53,97.10
129N04407,2020-06-24 16:30:00,68.13,96.50
129N04407,2020-06-24 16:40:00,69.09,99.90
129N04407,2020-06-24 16:50:00,67.58,100.00
129N04407,2020-06-24 17:00:00,62.79,100.00
129N04407,2020-06-24 17:10:00,65.79,100.00
129N04407,2020-06-24 17:20:00,69.35,99.10
129N04407,2020-06-24 17:30:00,61.34,99.60
129N04407,2020-06-24 17:40:00,64.97,98.60
129N04407,2020-06-24 17:50:00,65.39,100.00
129N04407,2020-06-24 18:00:00,67.07,90.80
129N04407,2020-06-24 18:10:00,64.57,99.00
129N04407,2020-06-24 18:20:00,64.76,100.00
129N04407,2020-06-24 18:30:00,66.90,98.20
129N04407,2020-06-24 18:40:00,71.82,56.80
129N04407,2020-06-24 18:50:00,70.76,71.60
129N04407,2020-06-24 19:00:00,67.89,98.70
129N04407,2020-06-24 19:10:00,70.54,87.60
129N04407,2020-06-24 19:20:00,68.09,98.80
129N04407,2020-06-24 19:30:00,65.23,100.00
129N04407,2020-06-24 19:40:00,65.16,100.00
129N04407,2020-06-24 19:50:00,62.90,100.00
129N04407,2020-06-24 20:00:00,66.34,96.00
129N04407,2020-06-24 20:10:00,63.13,100.00
129N04407,2020-06-24 20:20:00,64.14,100.00
129N04407,2020-06-24 20:30:00,65.60,100.00
129N04407,2020-06-24 20:40:00,65.73,100.00
129N04407,2020-06-24 20:50:00,60.08,100.00
129N04407,2020-06-24 21:00:00,59.11,100.00
129N04407,2020-06-24 21:10:00,60.23,73.60
129N04407,2020-06-24 21:20:00,67.90,54.90
129N04407,2020-06-24 21:30:00,63.87,100.00
129N04407,2020-06-24 21:40:00,67.46,74.10
129N04407,2020-06-24 21:50:00,68.40,77.50
129N04407,2020-06-24 22:00:00,64.19,99.90
129N04407,2020-06-24 22:10:00,67.21,96.33
129N04407,2020-06-24 22:20:00,51.59,49.00
129N04407,2020-06-24 22:30:00,60.18,88.50
129N04407,2020-06-24 22:40:00,65.00,100.00
129N04407,2020-06-24 22:50:00,65.00,100.00
129N04407,2020-06-24 23:00:00,63.10,94.75
129N04407,2020-06-24 23:10:00,58.00,95.14
129N04407,2020-06-24 23:20:00,67.00,86.57
129N04407,2020-06-24 23:30:00,67.00,89.60
129N04407,2020-06-24 23:40:00,,
129N04407,2020-06-24 23:50:00,,
129-04755,2020-06-24 00:00:00,64.12,81.13
129-04755,2020-06-24 00:10:00,64.20,84.40
129-04755,2020-06-24 00:20:00,,
129-04755,2020-06-24 00:30:00,67.66,
129-04755,2020-06-24 00:40:00,67.00,
129-04755,2020-06-24 00:50:00,64.87,
129-04755,2020-06-24 01:00:00,62.70,
129-04755,2020-06-24 01:10:00,58.00,
129-04755,2020-06-24 01:20:00,57.83,100.00
129-04755,2020-06-24 01:30:00,63.00,100.00
129-04755,2020-06-24 01:40:00,,
129-04755,2020-06-24 01:50:00,,
129-04755,2020-06-24 02:00:00,51.72,42.50
129-04755,2020-06-24 02:10:00,51.28,70.00
129-04755,2020-06-24 02:20:00,,
129-04755,2020-06-24 02:30:00,,
129-04755,2020-06-24 02:40:00,,
129-04755,2020-06-24 02:50:00,,
129-04755,2020-06-24 03:00:00,,
129-04755,2020-06-24 03:10:00,,
129-04755,2020-06-24 03:20:00,58.00,98.00
129-04755,2020-06-24 03:30:00,58.00,99.78
129-04755,2020-06-24 03:40:00,62.48,92.30
129-04755,2020-06-24 03:50:00,,
129-04755,2020-06-24 04:00:00,57.00,91.29
129-04755,2020-06-24 04:10:00,57.00,93.50
129-04755,2020-06-24 04:20:00,63.24,81.33
129-04755,2020-06-24 04:30:00,65.00,76.25
129-04755,2020-06-24 04:40:00,64.32,83.90
129-04755,2020-06-24 04:50:00,61.59,74.78
129-04755,2020-06-24 05:00:00,69.35,58.00
129-04755,2020-06-24 05:10:00,70.64,69.70
129-04755,2020-06-24 05:20:00,67.64,82.50
129-04755,2020-06-24 05:30:00,64.73,100.00
129-04755,2020-06-24 05:40:00,63.68,96.20
129-04755,2020-06-24 05:50:00,64.57,86.30
129-04755,2020-06-24 06:00:00,62.96,95.10
129-04755,2020-06-24 06:10:00,64.09,96.80
129-04755,2020-06-24 06:20:00,63.34,100.00
129-04755,2020-06-24 06:30:00,57.53,100.00
129-04755,2020-06-24 06:40:00,54.86,100.00
129-04755,2020-06-24 06:50:00,57.68,100.00
129-04755,2020-06-24 07:00:00,59.62,100.00
129-04755,2020-06-24 07:10:00,55.23,100.00
129-04755,2020-06-24 07:20:00,57.46,98.40
129-04755,2020-06-24 07:30:00,55.18,99.40
129-04755,2020-06-24 07:40:00,55.88,100.00
129-04755,2020-06-24 07:50:00,57.77,100.00
129-04755,2020-06-24 08:00:00,54.76,97.30
129-04755,2020-06-24 08:10:00,58.28,92.90
129-04755,2020-06-24 08:20:00,57.91,94.60
129-04755,2020-06-24 08:30:00,58.61,93.30
129-04755,2020-06-24 08:40:00,56.85,97.40
129-04755,2020-06-24 08:50:00,59.81,84.80
129-04755,2020-06-24 09:00:00,53.62,95.60
129-04755,2020-06-24 09:10:00,52.89,86.60
129-04755,2020-06-24 09:20:00,53.80,90.40
129-04755,2020-06-24 09:30:00,55.96,94.70
129-04755,2020-06-24 09:40:00,51.89,99.90
129-04755,2020-06-24 09:50:00,52.23,100.00
129-04755,2020-06-24 10:00:00,54.92,94.80
129-04755,2020-06-24 10:10:00,56.33,92.80
129-04755,2020-06-24 10:20:00,57.72,83.80
129-04755,2020-06-24 10:30:00,55.65,96.60
129-04755,2020-06-24 10:40:00,54.32,96.80
129-04755,2020-06-24 10:50:00,56.01,95.50
129-04755,2020-06-24 11:00:00,59.36,87.00
129-04755,2020-06-24 11:10:00,58.25,81.80
129-04755,2020-06-24 11:20:00,50.98,100.00
129-04755,2020-06-24 11:30:00,54.13,99.30
129-04755,2020-06-24 11:40:00,53.39,100.00
129-04755,2020-06-24 11:50:00,54.16,95.70
129-04755,2020-06-24 12:00:00,51.09,100.00
129-04755,2020-06-24 12:10:00,49.81,100.00
129-04755,2020-06-24 12:20:00,54.87,100.00
129-04755,2020-06-24 12:30:00,53.20,100.00
129-04755,2020-06-24 12:40:00,53.23,100.00
129-04755,2020-06-24 12:50:00,52.13,82.80
129-04755,2020-06-24 13:00:00,56.15,92.10
129-04755,2020-06-24 13:10:00,49.60,100.00
129-04755,2020-06-24 13:20:00,50.02,100.00
129-04755,2020-06-24 13:30:00,51.59,100.00
129-04755,2020-06-24 13:40:00,57.44,71.50
129-04755,2020-06-24 13:50:00,56.76,82.90
129-04755,2020-06-24 14:00:00,55.39,100.00
129-04755,2020-06-24 14:10:00,52.88,100.00
129-04755,2020-06-24 14:20:00,50.31,100.00
129-04755,2020-06-24 14:30:00,54.58,100.00
129-04755,2020-06-24 14:40:00,53.99,100.00
129-04755,2020-06-24 14:50:00,56.00,88.00
129-04755,2020-06-24 15:00:00,55.49,90.60
129-04755,2020-06-24 15:10:00,47.64,90.10
129-04755,2020-06-24 15:20:00,57.21,79.80
129-04755,2020-06-24 15:30:00,57.43,79.80
129-04755,2020-06-24 15:40:00,58.31,78.30
129-04755,2020-06-24 15:50:00,54.99,96.20
129-04755,2020-06-24 16:00:00,54.06,99.90
129-04755,2020-06-24 16:10:00,53.32,100.00
129-04755,2020-06-24 16:20:00,55.08,100.00
129-04755,2020-06-24 16:30:00,63.45,35.70
129-04755,2020-06-24 16:40:00,57.31,94.70
129-04755,2020-06-24 16:50:00,62.04,79.60
129-04755,2020-06-24 17:00:00,52.70,97.70
129-04755,2020-06-24 17:10:00,55.71,99.90
129-04755,2020-06-24 17:20:00,61.60,98.00
129-04755,2020-06-24 17:30:00,56.48,99.90
129-04755,2020-06-24 17:40:00,58.38,95.60
129-04755,2020-06-24 17:50:00,55.67,100.00
129-04755,2020-06-24 18:00:00,60.55,85.10
129-04755,2020-06-24 18:10:00,57.17,83.30
129-04755,2020-06-24 18:20:00,56.53,98.60
129-04755,2020-06-24 18:30:00,48.87,99.30
129-04755,2020-06-24 18:40:00,57.98,66.90
129-04755,2020-06-24 18:50:00,62.50,74.50
129-04755,2020-06-24 19:00:00,59.97,100.00
129-04755,2020-06-24 19:10:00,53.98,99.10
129-04755,2020-06-24 19:20:00,49.27,100.00
129-04755,2020-06-24 19:30:00,46.29,61.40
129-04755,2020-06-24 19:40:00,58.89,100.00
129-04755,2020-06-24 19:50:00,56.31,93.90
129-04755,2020-06-24 20:00:00,54.73,94.90
129-04755,2020-06-24 20:10:00,55.83,95.20
129-04755,2020-06-24 20:20:00,60.14,91.90
129-04755,2020-06-24 20:30:00,53.07,49.70
129-04755,2020-06-24 20:40:00,45.53,17.89
129-04755,2020-06-24 20:50:00,,
129-04755,2020-06-24 21:00:00,58.06,100.00
129-04755,2020-06-24 21:10:00,58.50,100.00
129-04755,2020-06-24 21:20:00,58.00,100.00
129-04755,2020-06-24 21:30:00,45.00,100.00
129-04755,2020-06-24 21:40:00,45.00,100.00
129-04755,2020-06-24 21:50:00,45.00,100.00
129-04755,2020-06-24 22:00:00,58.56,54.00
129-04755,2020-06-24 22:10:00,59.97,55.70
129-04755,2020-06-24 22:20:00,54.70,100.00
129-04755,2020-06-24 22:30:00,59.70,70.50
129-04755,2020-06-24 22:40:00,55.19,100.00
129-04755,2020-06-24 22:50:00,54.37,100.00
129-04755,2020-06-24 23:00:00,51.00,78.90
129-04755,2020-06-24 23:10:00,52.32,88.67
129-04755,2020-06-24 23:20:00,54.29,99.30
129-04755,2020-06-24 23:30:00,54.00,98.22
129-04755,2020-06-24 23:40:00,,
129-04755,2020-06-24 23:50:00,,
129-04756,2020-06-24 00:00:00,58.00,63.00
129-04756,2020-06-24 00:10:00,58.00,76.00
129-04756,2020-06-24 00:20:00,,
129-04756,2020-06-24 00:30:00,58.00,
129-04756,2020-06-24 00:40:00,58.00,
129-04756,2020-06-24 00:50:00,58.00,
129-04756,2020-06-24 01:00:00,58.00,
129-04756,2020-06-24 01:10:00,58.00,
129-04756,2020-06-24 01:20:00,58.02,81.50
129-04756,2020-06-24 01:30:00,60.65,98.50
129-04756,2020-06-24 01:40:00,,
129-04756,2020-06-24 01:50:00,53.00,
129-04756,2020-06-24 02:00:00,49.48,36.00
129-04756,2020-06-24 02:10:00,45.00,65.50
129-04756,2020-06-24 02:20:00,,
129-04756,2020-06-24 02:30:00,,
129-04756,2020-06-24 02:40:00,,
129-04756,2020-06-24 02:50:00,,
129-04756,2020-06-24 03:00:00,,
129-04756,2020-06-24 03:10:00,,
129-04756,2020-06-24 03:20:00,50.00,100.00
129-04756,2020-06-24 03:30:00,50.00,100.00
129-04756,2020-06-24 03:40:00,63.00,54.00
129-04756,2020-06-24 03:50:00,,
129-04756,2020-06-24 04:00:00,57.00,99.00
129-04756,2020-06-24 04:10:00,57.00,99.00
129-04756,2020-06-24 04:20:00,65.47,72.50
129-04756,2020-06-24 04:30:00,65.00,87.50
129-04756,2020-06-24 04:40:00,66.15,85.40
129-04756,2020-06-24 04:50:00,54.53,51.43
129-04756,2020-06-24 05:00:00,67.82,78.60
129-04756,2020-06-24 05:10:00,65.78,77.70
129-04756,2020-06-24 05:20:00,66.15,87.60
129-04756,2020-06-24 05:30:00,62.65,100.00
129-04756,2020-06-24 05:40:00,60.39,93.40
129-04756,2020-06-24 05:50:00,59.78,98.00
129-04756,2020-06-24 06:00:00,53.68,99.90
129-04756,2020-06-24 06:10:00,57.93,92.80
129-04756,2020-06-24 06:20:00,54.81,100.00
129-04756,2020-06-24 06:30:00,45.16,100.00
129-04756,2020-06-24 06:40:00,46.25,100.00
129-04756,2020-06-24 06:50:00,52.47,95.30
129-04756,2020-06-24 07:00:00,49.49,100.00
129-04756,2020-06-24 07:10:00,43.41,100.00
129-04756,2020-06-24 07:20:00,46.29,100.00
129-04756,2020-06-24 07:30:00,40.41,100.00
129-04756,2020-06-24 07:40:00,39.93,100.00
129-04756,2020-06-24 07:50:00,42.87,100.00
129-04756,2020-06-24 08:00:00,40.33,72.10
129-04756,2020-06-24 08:10:00,38.60,91.30
129-04756,2020-06-24 08:20:00,45.96,78.50
129-04756,2020-06-24 08:30:00,41.06,100.00
129-04756,2020-06-24 08:40:00,43.94,93.50
129-04756,2020-06-24 08:50:00,58.47,30.20
129-04756,2020-06-24 09:00:00,45.73,79.00
129-04756,2020-06-24 09:10:00,36.94,99.60
129-04756,2020-06-24 09:20:00,36.32,98.80
129-04756,2020-06-24 09:30:00,38.90,99.80
129-04756,2020-06-24 09:40:00,34.40,100.00
129-04756,2020-06-24 09:50:00,29.38,100.00
129-04756,2020-06-24 10:00:00,37.11,100.00
129-04756,2020-06-24 10:10:00,47.86,39.00
129-04756,2020-06-24 10:20:00,43.22,62.70
129-04756,2020-06-24 10:30:00,41.73,97.20
129-04756,2020-06-24 10:40:00,44.56,95.30
129-04756,2020-06-24 10:50:00,45.75,71.20
129-04756,2020-06-24 11:00:00,51.98,77.20
129-04756,2020-06-24 11:10:00,42.96,14.70
129-04756,2020-06-24 11:20:00,28.86,55.30
129-04756,2020-06-24 11:30:00,39.17,100.00
129-04756,2020-06-24 11:40:00,37.03,100.00
129-04756,2020-06-24 11:50:00,38.68,100.00
129-04756,2020-06-24 12:00:00,31.63,91.30
129-04756,2020-06-24 12:10:00,31.92,82.50
129-04756,2020-06-24 12:20:00,42.14,100.00
129-04756,2020-06-24 12:30:00,37.56,88.90
129-04756,2020-06-24 12:40:00,27.87,52.50
129-04756,2020-06-24 12:50:00,25.12,47.60
129-04756,2020-06-24 13:00:00,43.02,100.00
129-04756,2020-06-24 13:10:00,21.95,49.30
129-04756,2020-06-24 13:20:00,32.44,99.60
129-04756,2020-06-24 13:30:00,34.40,98.90
129-04756,2020-06-24 13:40:00,46.64,100.00
129-04756,2020-06-24 13:50:00,46.78,100.00
129-04756,2020-06-24 14:00:00,40.65,100.00
129-04756,2020-06-24 14:10:00,36.88,91.50
129-04756,2020-06-24 14:20:00,33.28,100.00
129-04756,2020-06-24 14:30:00,26.42,40.70
129-04756,2020-06-24 14:40:00,22.68,43.40
129-04756,2020-06-24 14:50:00,31.45,78.80
129-04756,2020-06-24 15:00:00,24.48,72.60
129-04756,2020-06-24 15:10:00,28.34,95.10
129-04756,2020-06-24 15:20:00,40.20,72.60
129-04756,2020-06-24 15:30:00,30.23,67.50
129-04756,2020-06-24 15:40:00,46.17,64.50
129-04756,2020-06-24 15:50:00,20.56,55.60
129-04756,2020-06-24 16:00:00,31.59,91.00
129-04756,2020-06-24 16:10:00,25.39,76.90
129-04756,2020-06-24 16:20:00,41.04,75.20
129-04756,2020-06-24 16:30:00,43.08,60.30
129-04756,2020-06-24 16:40:00,25.75,87.30
129-04756,2020-06-24 16:50:00,53.29,53.80
129-04756,2020-06-24 17:00:00,22.81,43.30
129-04756,2020-06-24 17:10:00,26.22,72.70
129-04756,2020-06-24 17:20:00,61.22,27.80
129-04756,2020-06-24 17:30:00,36.98,100.00
129-04756,2020-06-24 17:40:00,37.93,96.90
129-04756,2020-06-24 17:50:00,44.31,98.20
129-04756,2020-06-24 18:00:00,35.63,100.00
129-04756,2020-06-24 18:10:00,35.54,100.00
129-04756,2020-06-24 18:20:00,34.80,100.00
129-04756,2020-06-24 18:30:00,28.21,91.00
129-04756,2020-06-24 18:40:00,46.14,91.63
129-04756,2020-06-24 18:50:00,56.80,51.70
129-04756,2020-06-24 19:00:00,48.61,100.00
129-04756,2020-06-24 19:10:00,35.31,80.70
129-04756,2020-06-24 19:20:00,41.92,82.70
129-04756,2020-06-24 19:30:00,32.43,81.40
129-04756,2020-06-24 19:40:00,47.27,100.00
129-04756,2020-06-24 19:50:00,50.11,93.50
129-04756,2020-06-24 20:00:00,50.09,89.78
129-04756,2020-06-24 20:10:00,39.60,100.00
129-04756,2020-06-24 20:20:00,54.26,54.40
129-04756,2020-06-24 20:30:00,55.98,59.40
129-04756,2020-06-24 20:40:00,42.00,100.00
129-04756,2020-06-24 20:50:00,42.00,100.00
129-04756,2020-06-24 21:00:00,55.22,79.00
129-04756,2020-06-24 21:10:00,53.70,86.00
129-04756,2020-06-24 21:20:00,53.00,80.00
129-04756,2020-06-24 21:30:00,35.00,100.00
129-04756,2020-06-24 21:40:00,40.38,97.22
129-04756,2020-06-24 21:50:00,50.00,88.29
129-04756,2020-06-24 22:00:00,49.00,85.33
129-04756,2020-06-24 22:10:00,59.17,28.70
129-04756,2020-06-24 22:20:00,44.39,100.00
129-04756,2020-06-24 22:30:00,57.67,68.67
129-04756,2020-06-24 22:40:00,49.40,100.00
129-04756,2020-06-24 22:50:00,46.82,100.00
129-04756,2020-06-24 23:00:00,43.00,81.40
129-04756,2020-06-24 23:10:00,42.71,77.00
129-04756,2020-06-24 23:20:00,45.45,90.50
129-04756,2020-06-24 23:30:00,47.62,93.38
129-04756,2020-06-24 23:40:00,,
129-04756,2020-06-24 23:50:00,47.00,
129-04753,2020-06-24 00:00:00,61.00,90.29
129-04753,2020-06-24 00:10:00,61.00,89.60
129-04753,2020-06-24 00:20:00,,
129-04753,2020-06-24 00:30:00,65.00,
129-04753,2020-06-24 00:40:00,64.80,
129-04753,2020-06-24 00:50:00,64.00,
129-04753,2020-06-24 01:00:00,62.59,
129-04753,2020-06-24 01:10:00,60.46,
129-04753,2020-06-24 01:20:00,56.53,100.00
129-04753,2020-06-24 01:30:00,59.00,100.00
129-04753,2020-06-24 01:40:00,,
129-04753,2020-06-24 01:50:00,45.00,
129-04753,2020-06-24 02:00:00,48.53,90.50
129-04753,2020-06-24 02:10:00,55.00,96.00
129-04753,2020-06-24 02:20:00,,
129-04753,2020-06-24 02:30:00,,
129-04753,2020-06-24 02:40:00,,
129-04753,2020-06-24 02:50:00,,
129-04753,2020-06-24 03:00:00,,
129-04753,2020-06-24 03:10:00,,
129-04753,2020-06-24 03:20:00,61.00,100.00
129-04753,2020-06-24 03:30:00,61.00,100.00
129-04753,2020-06-24 03:40:00,60.00,99.67
129-04753,2020-06-24 03:50:00,,
129-04753,2020-06-24 04:00:00,56.00,88.00
129-04753,2020-06-24 04:10:00,56.00,91.50
129-04753,2020-06-24 04:20:00,65.00,82.33
129-04753,2020-06-24 04:30:00,67.00,72.00
129-04753,2020-06-24 04:40:00,71.09,67.60
129-04753,2020-06-24 04:50:00,70.63,81.13
129-04753,2020-06-24 05:00:00,71.39,83.60
129-04753,2020-06-24 05:10:00,69.62,92.90
129-04753,2020-06-24 05:20:00,74.70,62.90
129-04753,2020-06-24 05:30:00,64.39,79.00
129-04753,2020-06-24 05:40:00,64.36,89.20
129-04753,2020-06-24 05:50:00,62.50,75.60
129-04753,2020-06-24 06:00:00,62.95,97.90
129-04753,2020-06-24 06:10:00,66.53,88.80
129-04753,2020-06-24 06:20:00,65.14,97.20
129-04753,2020-06-24 06:30:00,60.58,100.00
129-04753,2020-06-24 06:40:00,57.40,96.20
129-04753,2020-06-24 06:50:00,57.58,99.40
129-04753,2020-06-24 07:00:00,60.31,100.00
129-04753,2020-06-24 07:10:00,61.96,95.30
129-04753,2020-06-24 07:20:00,60.77,98.70
129-04753,2020-06-24 07:30:00,58.78,98.30
129-04753,2020-06-24 07:40:00,59.66,100.00
129-04753,2020-06-24 07:50:00,60.78,99.90
129-04753,2020-06-24 08:00:00,58.79,99.50
129-04753,2020-06-24 08:10:00,61.06,96.50
129-04753,2020-06-24 08:20:00,60.14,99.40
129-04753,2020-06-24 08:30:00,58.29,98.90
129-04753,2020-06-24 08:40:00,57.47,94.00
129-04753,2020-06-24 08:50:00,57.45,96.00
129-04753,2020-06-24 09:00:00,53.98,93.80
129-04753,2020-06-24 09:10:00,58.35,90.00
129-04753,2020-06-24 09:20:00,63.23,61.70
129-04753,2020-06-24 09:30:00,57.67,95.80
129-04753,2020-06-24 09:40:00,56.72,89.90
129-04753,2020-06-24 09:50:00,61.56,69.60
129-04753,2020-06-24 10:00:00,64.36,82.10
129-04753,2020-06-24 10:10:00,58.98,86.10
129-04753,2020-06-24 10:20:00,58.23,87.40
129-04753,2020-06-24 10:30:00,60.50,93.60
129-04753,2020-06-24 10:40:00,59.81,83.00
129-04753,2020-06-24 10:50:00,55.30,85.80
129-04753,2020-06-24 11:00:00,54.83,81.50
129-04753,2020-06-24 11:10:00,56.44,90.30
129-04753,2020-06-24 11:20:00,52.39,100.00
129-04753,2020-06-24 11:30:00,51.17,100.00
129-04753,2020-06-24 11:40:00,53.13,100.00
129-04753,2020-06-24 11:50:00,59.55,48.00
129-04753,2020-06-24 12:00:00,56.75,90.10
129-04753,2020-06-24 12:10:00,54.40,100.00
129-04753,2020-06-24 12:20:00,55.07,95.30
129-04753,2020-06-24 12:30:00,56.65,99.00
129-04753,2020-06-24 12:40:00,55.78,100.00
129-04753,2020-06-24 12:50:00,54.27,95.90
129-04753,2020-06-24 13:00:00,55.36,98.80
129-04753,2020-06-24 13:10:00,54.28,98.00
129-04753,2020-06-24 13:20:00,52.86,100.00
129-04753,2020-06-24 13:30:00,54.26,100.00
129-04753,2020-06-24 13:40:00,56.88,100.00
129-04753,2020-06-24 13:50:00,55.18,100.00
129-04753,2020-06-24 14:00:00,55.23,100.00
129-04753,2020-06-24 14:10:00,55.27,100.00
129-04753,2020-06-24 14:20:00,55.20,98.70
129-04753,2020-06-24 14:30:00,56.19,88.30
129-04753,2020-06-24 14:40:00,60.49,81.80
129-04753,2020-06-24 14:50:00,55.16,92.50
129-04753,2020-06-24 15:00:00,60.25,77.70
129-04753,2020-06-24 15:10:00,55.34,99.90
129-04753,2020-06-24 15:20:00,60.16,87.20
129-04753,2020-06-24 15:30:00,61.80,84.30
129-04753,2020-06-24 15:40:00,63.67,90.10
129-04753,2020-06-24 15:50:00,61.74,89.60
129-04753,2020-06-24 16:00:00,58.98,97.80
129-04753,2020-06-24 16:10:00,58.18,99.00
129-04753,2020-06-24 16:20:00,56.37,100.00
129-04753,2020-06-24 16:30:00,63.28,76.60
129-04753,2020-06-24 16:40:00,62.63,90.50
129-04753,2020-06-24 16:50:00,59.47,99.70
129-04753,2020-06-24 17:00:00,61.57,94.30
129-04753,2020-06-24 17:10:00,61.35,98.00
129-04753,2020-06-24 17:20:00,57.46,100.00
129-04753,2020-06-24 17:30:00,61.14,91.00
129-04753,2020-06-24 17:40:00,65.75,89.40
129-04753,2020-06-24 17:50:00,61.74,98.80
129-04753,2020-06-24 18:00:00,57.39,98.40
129-04753,2020-06-24 18:10:00,65.24,80.20
129-04753,2020-06-24 18:20:00,60.39,95.00
129-04753,2020-06-24 18:30:00,63.14,92.60
129-04753,2020-06-24 18:40:00,64.18,72.10
129-04753,2020-06-24 18:50:00,62.75,98.70
129-04753,2020-06-24 19:00:00,62.81,100.00
129-04753,2020-06-24 19:10:00,69.26,47.67
129-04753,2020-06-24 19:20:00,63.00,95.90
129-04753,2020-06-24 19:30:00,61.78,100.00
129-04753,2020-06-24 19:40:00,61.00,100.00
129-04753,2020-06-24 19:50:00,56.12,88.25
129-04753,2020-06-24 20:00:00,65.19,79.70
129-04753,2020-06-24 20:10:00,71.72,44.80
129-04753,2020-06-24 20:20:00,64.05,97.00
129-04753,2020-06-24 20:30:00,59.00,100.00
129-04753,2020-06-24 20:40:00,52.00,100.00
129-04753,2020-06-24 20:50:00,,
129-04753,2020-06-24 21:00:00,57.00,100.00
129-04753,2020-06-24 21:10:00,56.10,100.00
129-04753,2020-06-24 21:20:00,56.00,100.00
129-04753,2020-06-24 21:30:00,,
129-04753,2020-06-24 21:40:00,53.00,100.00
129-04753,2020-06-24 21:50:00,52.77,96.44
129-04753,2020-06-24 22:00:00,58.00,89.67
129-04753,2020-06-24 22:10:00,56.43,98.67
129-04753,2020-06-24 22:20:00,55.10,100.00
129-04753,2020-06-24 22:30:00,59.70,100.00
129-04753,2020-06-24 22:40:00,52.94,100.00
129-04753,2020-06-24 22:50:00,51.00,100.00
129-04753,2020-06-24 23:00:00,51.90,96.40
129-04753,2020-06-24 23:10:00,52.00,98.00
129-04753,2020-06-24 23:20:00,51.70,99.90
129-04753,2020-06-24 23:30:00,50.00,98.30
129-04753,2020-06-24 23:40:00,,
129-04753,2020-06-24 23:50:00,,
129-04754,2020-06-24 00:00:00,63.00,86.43
129-04754,2020-06-24 00:10:00,63.00,86.80
129-04754,2020-06-24 00:20:00,,
129-04754,2020-06-24 00:30:00,66.00,
129-04754,2020-06-24 00:40:00,66.00,
129-04754,2020-06-24 00:50:00,64.59,
129-04754,2020-06-24 01:00:00,62.67,
129-04754,2020-06-24 01:10:00,59.37,
129-04754,2020-06-24 01:20:00,57.89,100.00
129-04754,2020-06-24 01:30:00,63.00,100.00
129-04754,2020-06-24 01:40:00,,
129-04754,2020-06-24 01:50:00,,
129-04754,2020-06-24 02:00:00,52.00,63.50
129-04754,2020-06-24 02:10:00,52.00,82.20
129-04754,2020-06-24 02:20:00,,
129-04754,2020-06-24 02:30:00,,
129-04754,2020-06-24 02:40:00,,
129-04754,2020-06-24 02:50:00,,
129-04754,2020-06-24 03:00:00,,
129-04754,2020-06-24 03:10:00,,
129-04754,2020-06-24 03:20:00,61.00,98.33
129-04754,2020-06-24 03:30:00,61.00,99.78
129-04754,2020-06-24 03:40:00,61.00,95.44
129-04754,2020-06-24 03:50:00,,
129-04754,2020-06-24 04:00:00,57.00,89.86
129-04754,2020-06-24 04:10:00,57.00,92.50
129-04754,2020-06-24 04:20:00,65.00,81.67
129-04754,2020-06-24 04:30:00,66.00,74.43
129-04754,2020-06-24 04:40:00,67.86,76.30
129-04754,2020-06-24 04:50:00,73.78,79.25
129-04754,2020-06-24 05:00:00,74.59,70.10
129-04754,2020-06-24 05:10:00,70.75,80.50
129-04754,2020-06-24 05:20:00,73.79,73.10
129-04754,2020-06-24 05:30:00,66.17,90.10
129-04754,2020-06-24 05:40:00,66.98,92.90
129-04754,2020-06-24 05:50:00,66.15,81.20
129-04754,2020-06-24 06:00:00,64.06,96.40
129-04754,2020-06-24 06:10:00,66.83,93.00
129-04754,2020-06-24 06:20:00,65.87,98.80
129-04754,2020-06-24 06:30:00,61.16,100.00
129-04754,2020-06-24 06:40:00,58.64,98.10
129-04754,2020-06-24 06:50:00,58.79,99.70
129-04754,2020-06-24 07:00:00,64.54,100.00
129-04754,2020-06-24 07:10:00,61.19,97.80
129-04754,2020-06-24 07:20:00,60.85,98.60
129-04754,2020-06-24 07:30:00,58.15,98.90
129-04754,2020-06-24 07:40:00,58.69,100.00
129-04754,2020-06-24 07:50:00,61.79,100.00
129-04754,2020-06-24 08:00:00,58.79,98.40
129-04754,2020-06-24 08:10:00,60.29,94.60
129-04754,2020-06-24 08:20:00,59.58,97.10
129-04754,2020-06-24 08:30:00,61.68,96.00
129-04754,2020-06-24 08:40:00,57.75,95.70
129-04754,2020-06-24 08:50:00,59.70,90.10
129-04754,2020-06-24 09:00:00,55.33,94.80
129-04754,2020-06-24 09:10:00,56.13,88.40
129-04754,2020-06-24 09:20:00,62.70,77.00
129-04754,2020-06-24 09:30:00,57.99,95.30
129-04754,2020-06-24 09:40:00,57.83,95.30
129-04754,2020-06-24 09:50:00,61.97,85.70
129-04754,2020-06-24 10:00:00,61.16,88.80
129-04754,2020-06-24 10:10:00,58.45,89.50
129-04754,2020-06-24 10:20:00,59.23,85.40
129-04754,2020-06-24 10:30:00,60.33,95.30
129-04754,2020-06-24 10:40:00,60.31,90.30
129-04754,2020-06-24 10:50:00,56.40,90.90
129-04754,2020-06-24 11:00:00,55.73,84.50
129-04754,2020-06-24 11:10:00,59.13,85.80
129-04754,2020-06-24 11:20:00,54.29,100.00
129-04754,2020-06-24 11:30:00,52.79,99.60
129-04754,2020-06-24 11:40:00,53.29,100.00
129-04754,2020-06-24 11:50:00,62.12,73.10
129-04754,2020-06-24 12:00:00,58.33,95.30
129-04754,2020-06-24 12:10:00,58.17,100.00
129-04754,2020-06-24 12:20:00,57.33,97.70
129-04754,2020-06-24 12:30:00,58.64,99.50
129-04754,2020-06-24 12:40:00,58.50,100.00
129-04754,2020-06-24 12:50:00,59.29,89.00
129-04754,2020-06-24 13:00:00,61.19,95.30
129-04754,2020-06-24 13:10:00,53.73,99.00
129-04754,2020-06-24 13:20:00,54.09,100.00
129-04754,2020-06-24 13:30:00,55.77,100.00
129-04754,2020-06-24 13:40:00,58.78,84.90
129-04754,2020-06-24 13:50:00,56.26,91.00
129-04754,2020-06-24 14:00:00,56.94,100.00
129-04754,2020-06-24 14:10:00,55.97,100.00
129-04754,2020-06-24 14:20:00,58.14,99.40
129-04754,2020-06-24 14:30:00,61.80,94.50
129-04754,2020-06-24 14:40:00,63.04,91.50
129-04754,2020-06-24 14:50:00,59.42,90.20
129-04754,2020-06-24 15:00:00,61.12,84.50
129-04754,2020-06-24 15:10:00,56.77,94.80
129-04754,2020-06-24 15:20:00,61.28,83.40
129-04754,2020-06-24 15:30:00,62.39,81.90
129-04754,2020-06-24 15:40:00,65.35,83.80
129-04754,2020-06-24 15:50:00,61.68,93.10
129-04754,2020-06-24 16:00:00,60.36,99.10
129-04754,2020-06-24 16:10:00,59.37,99.70
129-04754,2020-06-24 16:20:00,58.99,100.00
129-04754,2020-06-24 16:30:00,67.63,54.90
129-04754,2020-06-24 16:40:00,62.12,92.70
129-04754,2020-06-24 16:50:00,61.56,88.90
129-04754,2020-06-24 17:00:00,63.19,96.10
129-04754,2020-06-24 17:10:00,62.26,99.10
129-04754,2020-06-24 17:20:00,58.69,98.60
129-04754,2020-06-24 17:30:00,61.66,95.70
129-04754,2020-06-24 17:40:00,66.17,92.60
129-04754,2020-06-24 17:50:00,60.26,99.40
129-04754,2020-06-24 18:00:00,61.07,91.30
129-04754,2020-06-24 18:10:00,65.57,81.90
129-04754,2020-06-24 18:20:00,62.78,97.00
129-04754,2020-06-24 18:30:00,63.04,96.20
129-04754,2020-06-24 18:40:00,67.71,69.30
129-04754,2020-06-24 18:50:00,65.28,85.90
129-04754,2020-06-24 19:00:00,65.41,100.00
129-04754,2020-06-24 19:10:00,69.98,77.30
129-04754,2020-06-24 19:20:00,63.96,98.20
129-04754,2020-06-24 19:30:00,63.08,79.70
129-04754,2020-06-24 19:40:00,60.19,100.00
129-04754,2020-06-24 19:50:00,59.12,92.40
129-04754,2020-06-24 20:00:00,64.78,87.80
129-04754,2020-06-24 20:10:00,70.09,71.40
129-04754,2020-06-24 20:20:00,65.55,94.30
129-04754,2020-06-24 20:30:00,59.34,73.40
129-04754,2020-06-24 20:40:00,54.00,60.80
129-04754,2020-06-24 20:50:00,,
129-04754,2020-06-24 21:00:00,57.00,100.00
129-04754,2020-06-24 21:10:00,57.90,100.00
129-04754,2020-06-24 21:20:00,57.22,100.00
129-04754,2020-06-24 21:30:00,56.00,100.00
129-04754,2020-06-24 21:40:00,55.39,100.00
129-04754,2020-06-24 21:50:00,54.65,98.33
129-04754,2020-06-24 22:00:00,58.71,71.57
129-04754,2020-06-24 22:10:00,56.39,76.00
129-04754,2020-06-24 22:20:00,55.20,100.00
129-04754,2020-06-24 22:30:00,59.70,84.40
129-04754,2020-06-24 22:40:00,54.30,100.00
129-04754,2020-06-24 22:50:00,53.00,100.00
129-04754,2020-06-24 23:00:00,49.79,87.10
129-04754,2020-06-24 23:10:00,50.80,93.33
129-04754,2020-06-24 23:20:00,52.60,99.50
129-04754,2020-06-24 23:30:00,52.00,98.11
129-04754,2020-06-24 23:40:00,,
129-04754,2020-06-24 23:50:00,,
129-04479,2020-06-24 00:00:00,70.69,90.40
129-04479,2020-06-24 00:10:00,71.00,94.00
129-04479,2020-06-24 00:20:00,77.00,55.00
129-04479,2020-06-24 00:30:00,76.69,71.60
129-04479,2020-06-24 00:40:00,,
129-04479,2020-06-24 00:50:00,64.00,
129-04479,2020-06-24 01:00:00,64.00,
129-04479,2020-06-24 01:10:00,64.00,
129-04479,2020-06-24 01:20:00,65.94,100.00
129-04479,2020-06-24 01:30:00,67.75,99.75
129-04479,2020-06-24 01:40:00,,
129-04479,2020-06-24 01:50:00,63.86,68.00
129-04479,2020-06-24 02:00:00,60.58,66.40
129-04479,2020-06-24 02:10:00,60.00,78.67
129-04479,2020-06-24 02:20:00,,
129-04479,2020-06-24 02:30:00,61.71,
129-04479,2020-06-24 02:40:00,61.00,
129-04479,2020-06-24 02:50:00,62.39,
129-04479,2020-06-24 03:00:00,63.00,
129-04479,2020-06-24 03:10:00,63.00,
129-04479,2020-06-24 03:20:00,66.83,95.80
129-04479,2020-06-24 03:30:00,69.49,99.25
129-04479,2020-06-24 03:40:00,67.39,95.00
129-04479,2020-06-24 03:50:00,,
129-04479,2020-06-24 04:00:00,65.00,80.00
129-04479,2020-06-24 04:10:00,,
129-04479,2020-06-24 04:20:00,,
129-04479,2020-06-24 04:30:00,73.88,54.20
129-04479,2020-06-24 04:40:00,72.41,84.20
129-04479,2020-06-24 04:50:00,78.10,59.13
129-04479,2020-06-24 05:00:00,76.34,77.50
129-04479,2020-06-24 05:10:00,71.71,78.90
129-04479,2020-06-24 05:20:00,73.88,99.10
129-04479,2020-06-24 05:30:00,73.18,100.00
129-04479,2020-06-24 05:40:00,72.49,99.30
129-04479,2020-06-24 05:50:00,72.13,99.90
129-04479,2020-06-24 06:00:00,72.69,99.20
129-04479,2020-06-24 06:10:00,71.79,99.10
129-04479,2020-06-24 06:20:00,69.87,99.90
129-04479,2020-06-24 06:30:00,67.65,100.00
129-04479,2020-06-24 06:40:00,67.70,100.00
129-04479,2020-06-24 06:50:00,66.98,100.00
129-04479,2020-06-24 07:00:00,71.27,100.00
129-04479,2020-06-24 07:10:00,67.63,100.00
129-04479,2020-06-24 07:20:00,66.07,100.00
129-04479,2020-06-24 07:30:00,68.38,100.00
129-04479,2020-06-24 07:40:00,68.89,100.00
129-04479,2020-06-24 07:50:00,67.58,100.00
129-04479,2020-06-24 08:00:00,69.10,99.80
129-04479,2020-06-24 08:10:00,69.99,100.00
129-04479,2020-06-24 08:20:00,68.56,97.90
129-04479,2020-06-24 08:30:00,71.49,99.90
129-04479,2020-06-24 08:40:00,68.43,91.30
129-04479,2020-06-24 08:50:00,70.59,90.90
129-04479,2020-06-24 09:00:00,67.89,97.90
129-04479,2020-06-24 09:10:00,71.71,84.90
129-04479,2020-06-24 09:20:00,64.85,96.30
129-04479,2020-06-24 09:30:00,66.24,100.00
129-04479,2020-06-24 09:40:00,70.36,86.50
129-04479,2020-06-24 09:50:00,70.16,87.30
129-04479,2020-06-24 10:00:00,66.28,99.10
129-04479,2020-06-24 10:10:00,66.69,98.30
129-04479,2020-06-24 10:20:00,68.68,99.00
129-04479,2020-06-24 10:30:00,67.79,97.90
129-04479,2020-06-24 10:40:00,66.89,99.40
129-04479,2020-06-24 10:50:00,67.67,96.00
129-04479,2020-06-24 11:00:00,69.06,85.80
129-04479,2020-06-24 11:10:00,67.14,99.70
129-04479,2020-06-24 11:20:00,66.14,100.00
129-04479,2020-06-24 11:30:00,65.06,100.00
129-04479,2020-06-24 11:40:00,68.41,93.20
129-04479,2020-06-24 11:50:00,66.12,100.00
129-04479,2020-06-24 12:00:00,65.58,100.00
129-04479,2020-06-24 12:10:00,66.08,100.00
129-04479,2020-06-24 12:20:00,67.25,100.00
129-04479,2020-06-24 12:30:00,68.15,100.00
129-04479,2020-06-24 12:40:00,64.31,100.00
129-04479,2020-06-24 12:50:00,61.45,100.00
129-04479,2020-06-24 13:00:00,57.56,61.90
129-04479,2020-06-24 13:10:00,60.59,96.50
129-04479,2020-06-24 13:20:00,61.08,100.00
129-04479,2020-06-24 13:30:00,61.47,100.00
129-04479,2020-06-24 13:40:00,64.98,91.30
129-04479,2020-06-24 13:50:00,64.58,94.60
129-04479,2020-06-24 14:00:00,65.69,95.40
129-04479,2020-06-24 14:10:00,66.85,88.00
129-04479,2020-06-24 14:20:00,69.16,76.00
129-04479,2020-06-24 14:30:00,70.29,100.00
129-04479,2020-06-24 14:40:00,67.88,100.00
129-04479,2020-06-24 14:50:00,68.98,92.80
129-04479,2020-06-24 15:00:00,66.61,97.30
129-04479,2020-06-24 15:10:00,68.02,94.90
129-04479,2020-06-24 15:20:00,70.69,70.90
129-04479,2020-06-24 15:30:00,66.51,96.90
129-04479,2020-06-24 15:40:00,70.87,89.20
129-04479,2020-06-24 15:50:00,68.26,100.00
129-04479,2020-06-24 16:00:00,67.69,100.00
129-04479,2020-06-24 16:10:00,63.87,96.10
129-04479,2020-06-24 16:20:00,66.87,97.00
129-04479,2020-06-24 16:30:00,67.26,95.00
129-04479,2020-06-24 16:40:00,66.89,100.00
129-04479,2020-06-24 16:50:00,69.18,92.80
129-04479,2020-06-24 17:00:00,66.74,98.00
129-04479,2020-06-24 17:10:00,58.58,61.20
129-04479,2020-06-24 17:20:00,63.76,97.20
129-04479,2020-06-24 17:30:00,68.95,72.10
129-04479,2020-06-24 17:40:00,68.93,69.40
129-04479,2020-06-24 17:50:00,67.16,100.00
129-04479,2020-06-24 18:00:00,69.05,84.30
129-04479,2020-06-24 18:10:00,69.48,96.30
129-04479,2020-06-24 18:20:00,65.88,100.00
129-04479,2020-06-24 18:30:00,65.49,100.00
129-04479,2020-06-24 18:40:00,67.90,100.00
129-04479,2020-06-24 18:50:00,68.79,99.10
129-04479,2020-06-24 19:00:00,73.38,95.80
129-04479,2020-06-24 19:10:00,72.29,76.90
129-04479,2020-06-24 19:20:00,66.48,100.00
129-04479,2020-06-24 19:30:00,65.39,100.00
129-04479,2020-06-24 19:40:00,63.46,82.70
129-04479,2020-06-24 19:50:00,66.85,89.70
129-04479,2020-06-24 20:00:00,62.50,77.80
129-04479,2020-06-24 20:10:00,68.49,70.10
129-04479,2020-06-24 20:20:00,64.47,100.00
129-04479,2020-06-24 20:30:00,64.43,83.80
129-04479,2020-06-24 20:40:00,55.41,37.50
129-04479,2020-06-24 20:50:00,54.57,42.33
129-04479,2020-06-24 21:00:00,64.93,99.88
129-04479,2020-06-24 21:10:00,64.73,92.90
129-04479,2020-06-24 21:20:00,69.00,72.20
129-04479,2020-06-24 21:30:00,69.00,80.00
129-04479,2020-06-24 21:40:00,69.10,64.40
129-04479,2020-06-24 21:50:00,75.00,46.00
129-04479,2020-06-24 22:00:00,66.22,93.33
129-04479,2020-06-24 22:10:00,66.18,96.10
129-04479,2020-06-24 22:20:00,63.47,97.60
129-04479,2020-06-24 22:30:00,65.23,97.90
129-04479,2020-06-24 22:40:00,62.00,100.00
129-04479,2020-06-24 22:50:00,62.00,100.00
129-04479,2020-06-24 23:00:00,,
129-04479,2020-06-24 23:10:00,62.00,100.00
129-04479,2020-06-24 23:20:00,59.87,90.40
129-04479,2020-06-24 23:30:00,57.59,84.40
129-04479,2020-06-24 23:40:00,58.40,96.80
129-04479,2020-06-24 23:50:00,58.00,97.75
129-04751,2020-06-24 00:00:00,56.00,21.00
129-04751,2020-06-24 00:10:00,55.87,39.88
129-04751,2020-06-24 00:20:00,,
129-04751,2020-06-24 00:30:00,56.00,
129-04751,2020-06-24 00:40:00,56.00,
129-04751,2020-06-24 00:50:00,56.00,
129-04751,2020-06-24 01:00:00,56.00,
129-04751,2020-06-24 01:10:00,55.30,
129-04751,2020-06-24 01:20:00,52.51,
129-04751,2020-06-24 01:30:00,40.00,100.00
129-04751,2020-06-24 01:40:00,,
129-04751,2020-06-24 01:50:00,41.00,
129-04751,2020-06-24 02:00:00,41.00,
129-04751,2020-06-24 02:10:00,41.00,99.30
129-04751,2020-06-24 02:20:00,41.00,100.00
129-04751,2020-06-24 02:30:00,39.00,92.20
129-04751,2020-06-24 02:40:00,38.25,95.75
129-04751,2020-06-24 02:50:00,,
129-04751,2020-06-24 03:00:00,42.00,
129-04751,2020-06-24 03:10:00,42.00,
129-04751,2020-06-24 03:20:00,46.47,47.33
129-04751,2020-06-24 03:30:00,41.98,49.00
129-04751,2020-06-24 03:40:00,36.00,55.83
129-04751,2020-06-24 03:50:00,51.00,70.00
129-04751,2020-06-24 04:00:00,44.00,99.00
129-04751,2020-06-24 04:10:00,44.00,99.25
129-04751,2020-06-24 04:20:00,45.00,80.80
129-04751,2020-06-24 04:30:00,,
129-04751,2020-06-24 04:40:00,40.00,73.83
129-04751,2020-06-24 04:50:00,54.70,24.70
129-04751,2020-06-24 05:00:00,60.90,56.00
129-04751,2020-06-24 05:10:00,55.99,92.50
129-04751,2020-06-24 05:20:00,52.70,97.90
129-04751,2020-06-24 05:30:00,52.82,92.70
129-04751,2020-06-24 05:40:00,48.90,100.00
129-04751,2020-06-24 05:50:00,49.63,85.60
129-04751,2020-06-24 06:00:00,45.39,96.00
129-04751,2020-06-24 06:10:00,44.44,76.20
129-04751,2020-06-24 06:20:00,42.90,99.00
129-04751,2020-06-24 06:30:00,42.53,100.00
129-04751,2020-06-24 06:40:00,41.24,100.00
129-04751,2020-06-24 06:50:00,40.57,100.00
129-04751,2020-06-24 07:00:00,39.84,100.00
129-04751,2020-06-24 07:10:00,40.99,96.30
129-04751,2020-06-24 07:20:00,40.29,100.00
129-04751,2020-06-24 07:30:00,38.14,98.60
129-04751,2020-06-24 07:40:00,37.46,99.20
129-04751,2020-06-24 07:50:00,39.69,100.00
129-04751,2020-06-24 08:00:00,40.11,97.30
129-04751,2020-06-24 08:10:00,36.89,89.40
129-04751,2020-06-24 08:20:00,39.68,100.00
129-04751,2020-06-24 08:30:00,40.42,100.00
129-04751,2020-06-24 08:40:00,37.28,100.00
129-04751,2020-06-24 08:50:00,36.54,95.50
129-04751,2020-06-24 09:00:00,35.56,100.00
129-04751,2020-06-24 09:10:00,37.58,100.00
129-04751,2020-06-24 09:20:00,37.07,96.60
129-04751,2020-06-24 09:30:00,34.59,100.00
129-04751,2020-06-24 09:40:00,35.39,100.00
129-04751,2020-06-24 09:50:00,37.48,100.00
129-04751,2020-06-24 10:00:00,44.87,64.90
129-04751,2020-06-24 10:10:00,39.48,88.00
129-04751,2020-06-24 10:20:00,38.64,93.40
129-04751,2020-06-24 10:30:00,34.59,100.00
129-04751,2020-06-24 10:40:00,36.43,99.60
129-04751,2020-06-24 10:50:00,37.03,99.90
129-04751,2020-06-24 11:00:00,36.65,100.00
129-04751,2020-06-24 11:10:00,41.37,71.90
129-04751,2020-06-24 11:20:00,39.19,74.70
129-04751,2020-06-24 11:30:00,36.21,100.00
129-04751,2020-06-24 11:40:00,37.03,100.00
129-04751,2020-06-24 11:50:00,38.77,100.00
129-04751,2020-06-24 12:00:00,39.38,94.10
129-04751,2020-06-24 12:10:00,36.63,100.00
129-04751,2020-06-24 12:20:00,34.17,100.00
129-04751,2020-06-24 12:30:00,37.46,99.50
129-04751,2020-06-24 12:40:00,38.44,94.90
129-04751,2020-06-24 12:50:00,42.43,66.80
129-04751,2020-06-24 13:00:00,41.29,97.70
129-04751,2020-06-24 13:10:00,36.58,100.00
129-04751,2020-06-24 13:20:00,36.97,99.80
129-04751,2020-06-24 13:30:00,36.38,100.00
129-04751,2020-06-24 13:40:00,35.88,100.00
129-04751,2020-06-24 13:50:00,38.81,86.00
129-04751,2020-06-24 14:00:00,37.97,97.70
129-04751,2020-06-24 14:10:00,38.34,100.00
129-04751,2020-06-24 14:20:00,38.09,100.00
129-04751,2020-06-24 14:30:00,37.25,100.00
129-04751,2020-06-24 14:40:00,39.97,77.20
129-04751,2020-06-24 14:50:00,38.70,95.20
129-04751,2020-06-24 15:00:00,37.50,100.00
129-04751,2020-06-24 15:10:00,40.68,100.00
129-04751,2020-06-24 15:20:00,43.21,57.60
129-04751,2020-06-24 15:30:00,45.31,48.60
129-04751,2020-06-24 15:40:00,42.97,80.80
129-04751,2020-06-24 15:50:00,41.30,92.70
129-04751,2020-06-24 16:00:00,40.57,97.70
129-04751,2020-06-24 16:10:00,40.86,96.40
129-04751,2020-06-24 16:20:00,40.37,98.10
129-04751,2020-06-24 16:30:00,43.15,97.50
129-04751,2020-06-24 16:40:00,37.20,100.00
129-04751,2020-06-24 16:50:00,36.17,100.00
129-04751,2020-06-24 17:00:00,39.04,97.40
129-04751,2020-06-24 17:10:00,43.16,93.30
129-04751,2020-06-24 17:20:00,43.87,34.30
129-04751,2020-06-24 17:30:00,40.56,98.90
129-04751,2020-06-24 17:40:00,41.19,98.40
129-04751,2020-06-24 17:50:00,42.05,97.60
129-04751,2020-06-24 18:00:00,37.61,96.50
129-04751,2020-06-24 18:10:00,41.39,93.20
129-04751,2020-06-24 18:20:00,40.18,99.60
129-04751,2020-06-24 18:30:00,44.39,93.60
129-04751,2020-06-24 18:40:00,40.64,99.60
129-04751,2020-06-24 18:50:00,38.34,100.00
129-04751,2020-06-24 19:00:00,39.52,99.40
129-04751,2020-06-24 19:10:00,48.14,48.89
129-04751,2020-06-24 19:20:00,41.66,99.70
129-04751,2020-06-24 19:30:00,40.86,97.80
129-04751,2020-06-24 19:40:00,41.00,100.00
129-04751,2020-06-24 19:50:00,41.54,90.44
129-04751,2020-06-24 20:00:00,42.29,72.10
129-04751,2020-06-24 20:10:00,41.96,81.40
129-04751,2020-06-24 20:20:00,40.70,96.60
129-04751,2020-06-24 20:30:00,38.94,100.00
129-04751,2020-06-24 20:40:00,36.47,100.00
129-04751,2020-06-24 20:50:00,39.49,99.60
129-04751,2020-06-24 21:00:00,38.39,99.00
129-04751,2020-06-24 21:10:00,41.05,88.10
129-04751,2020-06-24 21:20:00,41.10,94.00
129-04751,2020-06-24 21:30:00,40.18,90.50
129-04751,2020-06-24 21:40:00,42.83,73.60
129-04751,2020-06-24 21:50:00,40.00,97.20
129-04751,2020-06-24 22:00:00,42.00,94.00
129-04751,2020-06-24 22:10:00,36.00,89.00
129-04751,2020-06-24 22:20:00,33.92,97.00
129-04751,2020-06-24 22:30:00,34.39,100.00
129-04751,2020-06-24 22:40:00,36.00,100.00
129-04751,2020-06-24 22:50:00,36.00,100.00
129-04751,2020-06-24 23:00:00,38.00,96.63
129-04751,2020-06-24 23:10:00,39.53,75.60
129-04751,2020-06-24 23:20:00,37.35,97.70
129-04751,2020-06-24 23:30:00,36.70,84.30
129-04751,2020-06-24 23:40:00,30.00,55.20
129-04751,2020-06-24 23:50:00,30.00,69.00
129-04752,2020-06-24 00:00:00,54.00,93.71
129-04752,2020-06-24 00:10:00,54.00,92.20
129-04752,2020-06-24 00:20:00,,
129-04752,2020-06-24 00:30:00,57.00,
129-04752,2020-06-24 00:40:00,57.00,
129-04752,2020-06-24 00:50:00,57.00,
129-04752,2020-06-24 01:00:00,55.59,
129-04752,2020-06-24 01:10:00,53.92,
129-04752,2020-06-24 01:20:00,49.60,28.00
129-04752,2020-06-24 01:30:00,47.27,28.00
129-04752,2020-06-24 01:40:00,46.59,
129-04752,2020-06-24 01:50:00,43.98,
129-04752,2020-06-24 02:00:00,44.15,94.00
129-04752,2020-06-24 02:10:00,46.00,98.90
129-04752,2020-06-24 02:20:00,,
129-04752,2020-06-24 02:30:00,,
129-04752,2020-06-24 02:40:00,,
129-04752,2020-06-24 02:50:00,,
129-04752,2020-06-24 03:00:00,,
129-04752,2020-06-24 03:10:00,,
129-04752,2020-06-24 03:20:00,,
129-04752,2020-06-24 03:30:00,,
129-04752,2020-06-24 03:40:00,60.00,99.89
129-04752,2020-06-24 03:50:00,,
129-04752,2020-06-24 04:00:00,48.00,75.57
129-04752,2020-06-24 04:10:00,48.00,86.00
129-04752,2020-06-24 04:20:00,65.00,79.33
129-04752,2020-06-24 04:30:00,60.00,87.71
129-04752,2020-06-24 04:40:00,60.30,88.70
129-04752,2020-06-24 04:50:00,61.86,88.86
129-04752,2020-06-24 05:00:00,70.29,71.20
129-04752,2020-06-24 05:10:00,69.28,81.80
129-04752,2020-06-24 05:20:00,63.99,61.10
129-04752,2020-06-24 05:30:00,59.48,68.20
129-04752,2020-06-24 05:40:00,56.24,61.50
129-04752,2020-06-24 05:50:00,57.38,85.50
129-04752,2020-06-24 06:00:00,57.90,98.20
129-04752,2020-06-24 06:10:00,61.20,77.60
129-04752,2020-06-24 06:20:00,58.40,99.10
129-04752,2020-06-24 06:30:00,50.18,100.00
129-04752,2020-06-24 06:40:00,42.49,98.80
129-04752,2020-06-24 06:50:00,47.45,99.80
129-04752,2020-06-24 07:00:00,47.68,100.00
129-04752,2020-06-24 07:10:00,54.33,85.80
129-04752,2020-06-24 07:20:00,53.61,79.30
129-04752,2020-06-24 07:30:00,50.24,74.10
129-04752,2020-06-24 07:40:00,47.28,85.20
129-04752,2020-06-24 07:50:00,49.94,98.40
129-04752,2020-06-24 08:00:00,49.05,93.80
129-04752,2020-06-24 08:10:00,52.44,98.90
129-04752,2020-06-24 08:20:00,41.41,83.80
129-04752,2020-06-24 08:30:00,48.46,99.40
129-04752,2020-06-24 08:40:00,52.53,90.70
129-04752,2020-06-24 08:50:00,46.33,82.80
129-04752,2020-06-24 09:00:00,48.46,91.70
129-04752,2020-06-24 09:10:00,48.35,89.20
129-04752,2020-06-24 09:20:00,60.92,35.50
129-04752,2020-06-24 09:30:00,56.43,80.60
129-04752,2020-06-24 09:40:00,38.16,69.00
129-04752,2020-06-24 09:50:00,26.74,52.30
129-04752,2020-06-24 10:00:00,60.95,76.00
129-04752,2020-06-24 10:10:00,48.78,91.10
129-04752,2020-06-24 10:20:00,51.21,95.10
129-04752,2020-06-24 10:30:00,52.45,97.60
129-04752,2020-06-24 10:40:00,56.69,81.20
129-04752,2020-06-24 10:50:00,48.16,75.60
129-04752,2020-06-24 11:00:00,46.95,85.70
129-04752,2020-06-24 11:10:00,46.80,92.70
129-04752,2020-06-24 11:20:00,46.90,98.70
129-04752,2020-06-24 11:30:00,44.71,98.20
129-04752,2020-06-24 11:40:00,46.53,99.00
129-04752,2020-06-24 11:50:00,54.58,43.40
129-04752,2020-06-24 12:00:00,50.24,71.50
129-04752,2020-06-24 12:10:00,46.66,91.70
129-04752,2020-06-24 12:20:00,46.93,98.50
129-04752,2020-06-24 12:30:00,49.69,99.70
129-04752,2020-06-24 12:40:00,48.34,94.30
129-04752,2020-06-24 12:50:00,37.31,98.70
129-04752,2020-06-24 13:00:00,49.13,81.40
129-04752,2020-06-24 13:10:00,44.89,97.70
129-04752,2020-06-24 13:20:00,45.17,100.00
129-04752,2020-06-24 13:30:00,45.09,95.30
129-04752,2020-06-24 13:40:00,50.14,74.40
129-04752,2020-06-24 13:50:00,52.91,64.40
129-04752,2020-06-24 14:00:00,52.73,86.50
129-04752,2020-06-24 14:10:00,49.75,97.50
129-04752,2020-06-24 14:20:00,40.63,99.60
129-04752,2020-06-24 14:30:00,49.27,96.70
129-04752,2020-06-24 14:40:00,59.93,55.50
129-04752,2020-06-24 14:50:00,55.92,73.50
129-04752,2020-06-24 15:00:00,55.87,84.70
129-04752,2020-06-24 15:10:00,47.65,100.00
129-04752,2020-06-24 15:20:00,59.63,69.50
129-04752,2020-06-24 15:30:00,59.78,82.30
129-04752,2020-06-24 15:40:00,56.56,94.70
129-04752,2020-06-24 15:50:00,52.61,79.70
129-04752,2020-06-24 16:00:00,44.43,85.60
129-04752,2020-06-24 16:10:00,44.71,99.80
129-04752,2020-06-24 16:20:00,46.00,100.00
129-04752,2020-06-24 16:30:00,56.07,59.20
129-04752,2020-06-24 16:40:00,54.54,69.00
129-04752,2020-06-24 16:50:00,51.69,95.20
129-04752,2020-06-24 17:00:00,55.40,75.00
129-04752,2020-06-24 17:10:00,55.78,95.40
129-04752,2020-06-24 17:20:00,49.40,96.40
129-04752,2020-06-24 17:30:00,50.35,77.40
129-04752,2020-06-24 17:40:00,59.21,72.90
129-04752,2020-06-24 17:50:00,57.63,76.70
129-04752,2020-06-24 18:00:00,53.14,90.40
129-04752,2020-06-24 18:10:00,58.09,88.20
129-04752,2020-06-24 18:20:00,53.60,95.40
129-04752,2020-06-24 18:30:00,48.75,93.70
129-04752,2020-06-24 18:40:00,62.66,47.50
129-04752,2020-06-24 18:50:00,60.55,87.10
129-04752,2020-06-24 19:00:00,57.71,99.80
129-04752,2020-06-24 19:10:00,63.56,73.67
129-04752,2020-06-24 19:20:00,57.67,80.90
129-04752,2020-06-24 19:30:00,57.63,85.00
129-04752,2020-06-24 19:40:00,51.80,100.00
129-04752,2020-06-24 19:50:00,49.01,96.75
129-04752,2020-06-24 20:00:00,57.48,93.40
129-04752,2020-06-24 20:10:00,63.93,62.10
129-04752,2020-06-24 20:20:00,54.43,97.40
129-04752,2020-06-24 20:30:00,52.99,99.60
129-04752,2020-06-24 20:40:00,50.00,100.00
129-04752,2020-06-24 20:50:00,,
129-04752,2020-06-24 21:00:00,55.20,96.60
129-04752,2020-06-24 21:10:00,53.68,94.90
129-04752,2020-06-24 21:20:00,53.73,98.20
129-04752,2020-06-24 21:30:00,61.10,76.90
129-04752,2020-06-24 21:40:00,46.92,93.86
129-04752,2020-06-24 21:50:00,40.12,99.10
129-04752,2020-06-24 22:00:00,50.00,97.33
129-04752,2020-06-24 22:10:00,51.10,99.67
129-04752,2020-06-24 22:20:00,54.57,87.10
129-04752,2020-06-24 22:30:00,54.50,90.90
129-04752,2020-06-24 22:40:00,50.33,99.40
129-04752,2020-06-24 22:50:00,49.00,100.00
129-04752,2020-06-24 23:00:00,50.64,98.33
129-04752,2020-06-24 23:10:00,50.73,92.40
129-04752,2020-06-24 23:20:00,44.99,79.00
129-04752,2020-06-24 23:30:00,45.88,96.90
129-04752,2020-06-24 23:40:00,,
129-04752,2020-06-24 23:50:00,37.00,
129-04750,2020-06-24 00:00:00,52.00,97.17
129-04750,2020-06-24 00:10:00,52.00,98.38
129-04750,2020-06-24 00:20:00,,
129-04750,2020-06-24 00:30:00,51.00,
129-04750,2020-06-24 00:40:00,51.00,
129-04750,2020-06-24 00:50:00,51.00,
129-04750,2020-06-24 01:00:00,51.00,
129-04750,2020-06-24 01:10:00,50.30,
129-04750,2020-06-24 01:20:00,49.25,
129-04750,2020-06-24 01:30:00,45.00,100.00
129-04750,2020-06-24 01:40:00,,
129-04750,2020-06-24 01:50:00,39.00,
129-04750,2020-06-24 02:00:00,46.42,98.75
129-04750,2020-06-24 02:10:00,47.49,98.10
129-04750,2020-06-24 02:20:00,46.31,100.00
129-04750,2020-06-24 02:30:00,44.80,94.20
129-04750,2020-06-24 02:40:00,45.20,98.00
129-04750,2020-06-24 02:50:00,,
129-04750,2020-06-24 03:00:00,47.00,
129-04750,2020-06-24 03:10:00,47.00,
129-04750,2020-06-24 03:20:00,54.20,44.40
129-04750,2020-06-24 03:30:00,55.04,65.60
129-04750,2020-06-24 03:40:00,46.75,65.50
129-04750,2020-06-24 03:50:00,51.56,84.60
129-04750,2020-06-24 04:00:00,51.00,96.43
129-04750,2020-06-24 04:10:00,51.00,97.50
129-04750,2020-06-24 04:20:00,56.00,78.00
129-04750,2020-06-24 04:30:00,58.00,79.25
129-04750,2020-06-24 04:40:00,55.07,86.30
129-04750,2020-06-24 04:50:00,57.65,74.40
129-04750,2020-06-24 05:00:00,67.24,39.40
129-04750,2020-06-24 05:10:00,58.71,86.30
129-04750,2020-06-24 05:20:00,60.73,85.30
129-04750,2020-06-24 05:30:00,54.65,97.50
129-04750,2020-06-24 05:40:00,54.37,100.00
129-04750,2020-06-24 05:50:00,55.15,94.10
129-04750,2020-06-24 06:00:00,55.00,99.70
129-04750,2020-06-24 06:10:00,48.13,99.20
129-04750,2020-06-24 06:20:00,46.38,100.00
129-04750,2020-06-24 06:30:00,44.23,100.00
129-04750,2020-06-24 06:40:00,46.71,100.00
129-04750,2020-06-24 06:50:00,48.13,100.00
129-04750,2020-06-24 07:00:00,45.76,100.00
129-04750,2020-06-24 07:10:00,42.82,97.60
129-04750,2020-06-24 07:20:00,43.64,99.10
129-04750,2020-06-24 07:30:00,43.09,97.20
129-04750,2020-06-24 07:40:00,48.38,100.00
129-04750,2020-06-24 07:50:00,48.96,100.00
129-04750,2020-06-24 08:00:00,49.78,88.30
129-04750,2020-06-24 08:10:00,43.08,86.70
129-04750,2020-06-24 08:20:00,45.35,100.00
129-04750,2020-06-24 08:30:00,48.60,100.00
129-04750,2020-06-24 08:40:00,45.59,97.50
129-04750,2020-06-24 08:50:00,51.11,57.00
129-04750,2020-06-24 09:00:00,48.15,80.80
129-04750,2020-06-24 09:10:00,44.12,98.60
129-04750,2020-06-24 09:20:00,48.17,100.00
129-04750,2020-06-24 09:30:00,43.08,100.00
129-04750,2020-06-24 09:40:00,37.44,100.00
129-04750,2020-06-24 09:50:00,42.62,93.80
129-04750,2020-06-24 10:00:00,48.05,72.10
129-04750,2020-06-24 10:10:00,43.72,93.90
129-04750,2020-06-24 10:20:00,43.24,89.70
129-04750,2020-06-24 10:30:00,43.01,95.20
129-04750,2020-06-24 10:40:00,40.37,100.00
129-04750,2020-06-24 10:50:00,38.35,100.00
129-04750,2020-06-24 11:00:00,39.69,92.40
129-04750,2020-06-24 11:10:00,45.82,79.30
129-04750,2020-06-24 11:20:00,41.69,89.20
129-04750,2020-06-24 11:30:00,44.40,95.40
129-04750,2020-06-24 11:40:00,37.35,100.00
129-04750,2020-06-24 11:50:00,39.94,100.00
129-04750,2020-06-24 12:00:00,44.57,100.00
129-04750,2020-06-24 12:10:00,33.04,100.00
129-04750,2020-06-24 12:20:00,31.45,100.00
129-04750,2020-06-24 12:30:00,35.33,100.00
129-04750,2020-06-24 12:40:00,36.63,100.00
129-04750,2020-06-24 12:50:00,43.85,78.33
129-04750,2020-06-24 13:00:00,45.92,90.20
129-04750,2020-06-24 13:10:00,41.16,100.00
129-04750,2020-06-24 13:20:00,38.29,100.00
129-04750,2020-06-24 13:30:00,30.97,60.80
129-04750,2020-06-24 13:40:00,45.67,81.40
129-04750,2020-06-24 13:50:00,47.17,51.00
129-04750,2020-06-24 14:00:00,44.19,74.10
129-04750,2020-06-24 14:10:00,40.93,100.00
129-04750,2020-06-24 14:20:00,42.78,100.00
129-04750,2020-06-24 14:30:00,42.22,100.00
129-04750,2020-06-24 14:40:00,44.15,69.50
129-04750,2020-06-24 14:50:00,41.64,86.90
129-04750,2020-06-24 15:00:00,50.06,28.80
129-04750,2020-06-24 15:10:00,45.24,78.60
129-04750,2020-06-24 15:20:00,40.29,100.00
129-04750,2020-06-24 15:30:00,50.65,59.90
129-04750,2020-06-24 15:40:00,47.37,98.30
129-04750,2020-06-24 15:50:00,46.85,93.20
129-04750,2020-06-24 16:00:00,43.37,99.90
129-04750,2020-06-24 16:10:00,43.53,92.80
129-04750,2020-06-24 16:20:00,44.72,85.80
129-04750,2020-06-24 16:30:00,42.65,91.80
129-04750,2020-06-24 16:40:00,41.63,99.00
129-04750,2020-06-24 16:50:00,38.96,100.00
129-04750,2020-06-24 17:00:00,40.75,99.80
129-04750,2020-06-24 17:10:00,39.39,98.90
129-04750,2020-06-24 17:20:00,42.92,82.60
129-04750,2020-06-24 17:30:00,47.31,65.20
129-04750,2020-06-24 17:40:00,44.70,90.40
129-04750,2020-06-24 17:50:00,46.65,62.30
129-04750,2020-06-24 18:00:00,47.14,95.80
129-04750,2020-06-24 18:10:00,53.53,45.40
129-04750,2020-06-24 18:20:00,47.48,96.70
129-04750,2020-06-24 18:30:00,41.63,94.10
129-04750,2020-06-24 18:40:00,43.31,88.90
129-04750,2020-06-24 18:50:00,46.39,82.90
129-04750,2020-06-24 19:00:00,51.92,75.30
129-04750,2020-06-24 19:10:00,59.90,34.20
129-04750,2020-06-24 19:20:00,45.03,100.00
129-04750,2020-06-24 19:30:00,49.52,87.40
129-04750,2020-06-24 19:40:00,47.04,97.40
129-04750,2020-06-24 19:50:00,50.90,88.70
129-04750,2020-06-24 20:00:00,55.00,81.60
129-04750,2020-06-24 20:10:00,47.12,99.60
129-04750,2020-06-24 20:20:00,45.58,100.00
129-04750,2020-06-24 20:30:00,45.69,100.00
129-04750,2020-06-24 20:40:00,40.98,100.00
129-04750,2020-06-24 20:50:00,43.24,100.00
129-04750,2020-06-24 21:00:00,44.39,93.40
129-04750,2020-06-24 21:10:00,48.86,81.70
129-04750,2020-06-24 21:20:00,45.14,100.00
129-04750,2020-06-24 21:30:00,47.92,94.80
129-04750,2020-06-24 21:40:00,50.47,78.40
129-04750,2020-06-24 21:50:00,53.00,49.50
129-04750,2020-06-24 22:00:00,52.50,66.00
129-04750,2020-06-24 22:10:00,48.75,99.20
129-04750,2020-06-24 22:20:00,49.38,97.00
129-04750,2020-06-24 22:30:00,49.79,97.20
129-04750,2020-06-24 22:40:00,47.73,98.20
129-04750,2020-06-24 22:50:00,46.00,100.00
129-04750,2020-06-24 23:00:00,47.85,97.29
129-04750,2020-06-24 23:10:00,48.86,88.90
129-04750,2020-06-24 23:20:00,42.25,76.00
129-04750,2020-06-24 23:30:00,44.37,93.10
129-04750,2020-06-24 23:40:00,35.20,49.20
129-04750,2020-06-24 23:50:00,35.00,59.00
129N04639,2020-06-24 00:00:00,57.98,68.44
129N04639,2020-06-24 00:10:00,56.66,80.33
129N04639,2020-06-24 00:20:00,56.50,84.50
129N04639,2020-06-24 00:30:00,54.38,75.00
129N04639,2020-06-24 00:40:00,53.00,86.50
129N04639,2020-06-24 00:50:00,,
129N04639,2020-06-24 01:00:00,52.00,95.57
129N04639,2020-06-24 01:10:00,52.00,99.00
129N04639,2020-06-24 01:20:00,74.20,21.30
129N04639,2020-06-24 01:30:00,74.00,58.00
129N04639,2020-06-24 01:40:00,,
129N04639,2020-06-24 01:50:00,73.00,
129N04639,2020-06-24 02:00:00,73.00,
129N04639,2020-06-24 02:10:00,73.00,
129N04639,2020-06-24 02:20:00,72.80,
129N04639,2020-06-24 02:30:00,62.89,100.00
129N04639,2020-06-24 02:40:00,58.00,100.00
129N04639,2020-06-24 02:50:00,64.00,80.38
129N04639,2020-06-24 03:00:00,53.00,61.20
129N04639,2020-06-24 03:10:00,53.00,69.00
129N04639,2020-06-24 03:20:00,71.00,36.56
129N04639,2020-06-24 03:30:00,69.96,72.50
129N04639,2020-06-24 03:40:00,65.22,91.50
129N04639,2020-06-24 03:50:00,54.75,40.50
129N04639,2020-06-24 04:00:00,67.89,88.00
129N04639,2020-06-24 04:10:00,71.49,62.13
129N04639,2020-06-24 04:20:00,58.91,62.50
129N04639,2020-06-24 04:30:00,63.40,63.60
129N04639,2020-06-24 04:40:00,70.45,58.60
129N04639,2020-06-24 04:50:00,67.89,67.90
129N04639,2020-06-24 05:00:00,75.76,55.90
129N04639,2020-06-24 05:10:00,67.83,65.30
129N04639,2020-06-24 05:20:00,69.89,99.30
129N04639,2020-06-24 05:30:00,68.50,100.00
129N04639,2020-06-24 05:40:00,66.75,100.00
129N04639,2020-06-24 05:50:00,68.69,90.80
129N04639,2020-06-24 06:00:00,66.69,100.00
129N04639,2020-06-24 06:10:00,68.16,98.50
129N04639,2020-06-24 06:20:00,66.77,99.80
129N04639,2020-06-24 06:30:00,61.45,100.00
129N04639,2020-06-24 06:40:00,61.59,100.00
129N04639,2020-06-24 06:50:00,64.64,99.80
129N04639,2020-06-24 07:00:00,67.70,100.00
129N04639,2020-06-24 07:10:00,68.46,79.50
129N04639,2020-06-24 07:20:00,65.45,92.20
129N04639,2020-06-24 07:30:00,62.97,98.80
129N04639,2020-06-24 07:40:00,65.22,99.80
129N04639,2020-06-24 07:50:00,64.05,100.00
129N04639,2020-06-24 08:00:00,69.15,74.50
129N04639,2020-06-24 08:10:00,67.47,100.00
129N04639,2020-06-24 08:20:00,64.53,100.00
129N04639,2020-06-24 08:30:00,62.43,100.00
129N04639,2020-06-24 08:40:00,60.12,99.30
129N04639,2020-06-24 08:50:00,63.91,89.70
129N04639,2020-06-24 09:00:00,64.31,92.90
129N04639,2020-06-24 09:10:00,64.40,82.80
129N04639,2020-06-24 09:20:00,60.57,99.90
129N04639,2020-06-24 09:30:00,62.30,100.00
129N04639,2020-06-24 09:40:00,61.44,99.00
129N04639,2020-06-24 09:50:00,57.83,100.00
129N04639,2020-06-24 10:00:00,59.11,100.00
129N04639,2020-06-24 10:10:00,57.09,100.00
129N04639,2020-06-24 10:20:00,59.61,86.50
129N04639,2020-06-24 10:30:00,58.57,100.00
129N04639,2020-06-24 10:40:00,64.87,74.10
129N04639,2020-06-24 10:50:00,61.38,78.00
129N04639,2020-06-24 11:00:00,60.92,100.00
129N04639,2020-06-24 11:10:00,61.97,95.10
129N04639,2020-06-24 11:20:00,61.90,100.00
129N04639,2020-06-24 11:30:00,60.19,97.60
129N04639,2020-06-24 11:40:00,66.14,72.30
129N04639,2020-06-24 11:50:00,68.19,63.10
129N04639,2020-06-24 12:00:00,58.47,97.60
129N04639,2020-06-24 12:10:00,59.40,100.00
129N04639,2020-06-24 12:20:00,60.10,100.00
129N04639,2020-06-24 12:30:00,62.38,98.00
129N04639,2020-06-24 12:40:00,54.47,100.00
129N04639,2020-06-24 12:50:00,51.20,91.70
129N04639,2020-06-24 13:00:00,54.57,100.00
129N04639,2020-06-24 13:10:00,50.02,88.50
129N04639,2020-06-24 13:20:00,56.78,100.00
129N04639,2020-06-24 13:30:00,58.26,100.00
129N04639,2020-06-24 13:40:00,61.73,76.10
129N04639,2020-06-24 13:50:00,63.58,87.30
129N04639,2020-06-24 14:00:00,55.25,100.00
129N04639,2020-06-24 14:10:00,64.40,60.60
129N04639,2020-06-24 14:20:00,65.68,66.30
129N04639,2020-06-24 14:30:00,67.17,98.80
129N04639,2020-06-24 14:40:00,63.96,100.00
129N04639,2020-06-24 14:50:00,69.43,71.00
129N04639,2020-06-24 15:00:00,58.68,93.20
129N04639,2020-06-24 15:10:00,63.13,97.00
129N04639,2020-06-24 15:20:00,58.04,100.00
129N04639,2020-06-24 15:30:00,57.34,100.00
129N04639,2020-06-24 15:40:00,65.26,100.00
129N04639,2020-06-24 15:50:00,65.26,100.00
129N04639,2020-06-24 16:00:00,59.70,100.00
129N04639,2020-06-24 16:10:00,58.37,100.00
129N04639,2020-06-24 16:20:00,68.62,50.30
129N04639,2020-06-24 16:30:00,61.77,100.00
129N04639,2020-06-24 16:40:00,60.80,94.80
129N04639,2020-06-24 16:50:00,62.62,89.60
129N04639,2020-06-24 17:00:00,59.83,100.00
129N04639,2020-06-24 17:10:00,61.20,100.00
129N04639,2020-06-24 17:20:00,57.24,72.90
129N04639,2020-06-24 17:30:00,62.63,87.60
129N04639,2020-06-24 17:40:00,64.92,71.70
129N04639,2020-06-24 17:50:00,71.13,62.50
129N04639,2020-06-24 18:00:00,69.98,73.90
129N04639,2020-06-24 18:10:00,68.29,97.00
129N04639,2020-06-24 18:20:00,67.80,92.50
129N04639,2020-06-24 18:30:00,59.30,99.10
129N04639,2020-06-24 18:40:00,59.58,100.00
129N04639,2020-06-24 18:50:00,63.80,100.00
129N04639,2020-06-24 19:00:00,70.79,93.80
129N04639,2020-06-24 19:10:00,67.13,78.70
129N04639,2020-06-24 19:20:00,61.72,100.00
129N04639,2020-06-24 19:30:00,62.14,100.00
129N04639,2020-06-24 19:40:00,66.94,99.20
129N04639,2020-06-24 19:50:00,64.41,96.10
129N04639,2020-06-24 20:00:00,64.28,88.30
129N04639,2020-06-24 20:10:00,65.39,71.80
129N04639,2020-06-24 20:20:00,64.75,94.90
129N04639,2020-06-24 20:30:00,68.36,81.10
129N04639,2020-06-24 20:40:00,54.26,42.29
129N04639,2020-06-24 20:50:00,58.25,73.90
129N04639,2020-06-24 21:00:00,66.78,81.00
129N04639,2020-06-24 21:10:00,66.67,76.80
129N04639,2020-06-24 21:20:00,56.67,100.00
129N04639,2020-06-24 21:30:00,53.28,100.00
129N04639,2020-06-24 21:40:00,70.21,33.10
129N04639,2020-06-24 21:50:00,83.00,20.00
129N04639,2020-06-24 22:00:00,64.90,95.83
129N04639,2020-06-24 22:10:00,63.30,98.60
129N04639,2020-06-24 22:20:00,62.93,99.20
129N04639,2020-06-24 22:30:00,62.18,100.00
129N04639,2020-06-24 22:40:00,58.00,100.00
129N04639,2020-06-24 22:50:00,,
129N04639,2020-06-24 23:00:00,77.00,
129N04639,2020-06-24 23:10:00,68.74,99.00
129N04639,2020-06-24 23:20:00,56.80,99.10
129N04639,2020-06-24 23:30:00,56.00,99.00
129N04639,2020-06-24 23:40:00,,
129N04639,2020-06-24 23:50:00,56.95,97.63
129N04638,2020-06-24 00:00:00,52.76,66.89
129N04638,2020-06-24 00:10:00,53.00,90.25
129N04638,2020-06-24 00:20:00,53.00,93.25
129N04638,2020-06-24 00:30:00,51.62,92.63
129N04638,2020-06-24 00:40:00,51.00,96.33
129N04638,2020-06-24 00:50:00,,
129N04638,2020-06-24 01:00:00,49.00,97.86
129N04638,2020-06-24 01:10:00,49.00,99.00
129N04638,2020-06-24 01:20:00,69.00,20.13
129N04638,2020-06-24 01:30:00,69.00,50.00
129N04638,2020-06-24 01:40:00,,
129N04638,2020-06-24 01:50:00,56.00,
129N04638,2020-06-24 02:00:00,56.00,
129N04638,2020-06-24 02:10:00,56.00,
129N04638,2020-06-24 02:20:00,56.00,
129N04638,2020-06-24 02:30:00,56.60,100.00
129N04638,2020-06-24 02:40:00,57.00,100.00
129N04638,2020-06-24 02:50:00,63.00,84.63
129N04638,2020-06-24 03:00:00,51.00,62.00
129N04638,2020-06-24 03:10:00,51.00,70.00
129N04638,2020-06-24 03:20:00,62.45,73.89
129N04638,2020-06-24 03:30:00,53.53,70.60
129N04638,2020-06-24 03:40:00,63.30,60.00
129N04638,2020-06-24 03:50:00,50.00,63.50
129N04638,2020-06-24 04:00:00,68.35,51.29
129N04638,2020-06-24 04:10:00,71.49,31.63
129N04638,2020-06-24 04:20:00,55.83,64.10
129N04638,2020-06-24 04:30:00,59.06,63.40
129N04638,2020-06-24 04:40:00,70.11,60.20
129N04638,2020-06-24 04:50:00,64.48,80.80
129N04638,2020-06-24 05:00:00,61.96,86.10
129N04638,2020-06-24 05:10:00,66.57,70.50
129N04638,2020-06-24 05:20:00,69.59,99.40
129N04638,2020-06-24 05:30:00,67.39,97.20
129N04638,2020-06-24 05:40:00,66.53,100.00
129N04638,2020-06-24 05:50:00,68.41,85.30
129N04638,2020-06-24 06:00:00,64.18,100.00
129N04638,2020-06-24 06:10:00,64.16,100.00
129N04638,2020-06-24 06:20:00,64.37,100.00
129N04638,2020-06-24 06:30:00,56.76,100.00
129N04638,2020-06-24 06:40:00,59.32,100.00
129N04638,2020-06-24 06:50:00,64.31,95.30
129N04638,2020-06-24 07:00:00,66.39,100.00
129N04638,2020-06-24 07:10:00,67.75,75.60
129N04638,2020-06-24 07:20:00,65.48,82.50
129N04638,2020-06-24 07:30:00,62.35,100.00
129N04638,2020-06-24 07:40:00,64.65,97.20
129N04638,2020-06-24 07:50:00,64.95,100.00
129N04638,2020-06-24 08:00:00,69.11,66.10
129N04638,2020-06-24 08:10:00,65.59,100.00
129N04638,2020-06-24 08:20:00,65.79,100.00
129N04638,2020-06-24 08:30:00,59.20,100.00
129N04638,2020-06-24 08:40:00,59.29,99.90
129N04638,2020-06-24 08:50:00,61.69,95.40
129N04638,2020-06-24 09:00:00,61.34,95.20
129N04638,2020-06-24 09:10:00,59.61,98.00
129N04638,2020-06-24 09:20:00,57.96,96.90
129N04638,2020-06-24 09:30:00,63.59,96.30
129N04638,2020-06-24 09:40:00,62.91,85.10
129N04638,2020-06-24 09:50:00,55.71,100.00
129N04638,2020-06-24 10:00:00,56.06,100.00
129N04638,2020-06-24 10:10:00,56.19,100.00
129N04638,2020-06-24 10:20:00,57.18,83.90
129N04638,2020-06-24 10:30:00,55.89,100.00
129N04638,2020-06-24 10:40:00,58.94,89.00
129N04638,2020-06-24 10:50:00,54.92,100.00
129N04638,2020-06-24 11:00:00,58.44,100.00
129N04638,2020-06-24 11:10:00,58.21,100.00
129N04638,2020-06-24 11:20:00,57.25,100.00
129N04638,2020-06-24 11:30:00,57.83,100.00
129N04638,2020-06-24 11:40:00,62.22,68.40
129N04638,2020-06-24 11:50:00,67.39,48.30
129N04638,2020-06-24 12:00:00,58.95,90.50
129N04638,2020-06-24 12:10:00,59.92,98.30
129N04638,2020-06-24 12:20:00,55.71,100.00
129N04638,2020-06-24 12:30:00,61.31,97.70
129N04638,2020-06-24 12:40:00,53.69,100.00
129N04638,2020-06-24 12:50:00,47.60,80.20
129N04638,2020-06-24 13:00:00,52.58,100.00
129N04638,2020-06-24 13:10:00,47.64,70.60
129N04638,2020-06-24 13:20:00,54.70,97.30
129N04638,2020-06-24 13:30:00,56.59,100.00
129N04638,2020-06-24 13:40:00,60.20,83.90
129N04638,2020-06-24 13:50:00,62.54,92.80
129N04638,2020-06-24 14:00:00,53.89,100.00
129N04638,2020-06-24 14:10:00,63.51,54.60
129N04638,2020-06-24 14:20:00,66.39,67.80
129N04638,2020-06-24 14:30:00,64.30,99.00
129N04638,2020-06-24 14:40:00,60.92,100.00
129N04638,2020-06-24 14:50:00,63.83,87.00
129N04638,2020-06-24 15:00:00,56.76,94.30
129N04638,2020-06-24 15:10:00,56.97,100.00
129N04638,2020-06-24 15:20:00,55.94,100.00
129N04638,2020-06-24 15:30:00,55.36,100.00
129N04638,2020-06-24 15:40:00,63.35,100.00
129N04638,2020-06-24 15:50:00,60.67,100.00
129N04638,2020-06-24 16:00:00,57.17,100.00
129N04638,2020-06-24 16:10:00,59.03,100.00
129N04638,2020-06-24 16:20:00,65.42,63.90
129N04638,2020-06-24 16:30:00,57.88,100.00
129N04638,2020-06-24 16:40:00,60.19,88.30
129N04638,2020-06-24 16:50:00,58.83,83.10
129N04638,2020-06-24 17:00:00,56.96,100.00
129N04638,2020-06-24 17:10:00,61.18,93.90
129N04638,2020-06-24 17:20:00,55.26,78.40
129N04638,2020-06-24 17:30:00,62.20,75.90
129N04638,2020-06-24 17:40:00,63.71,68.80
129N04638,2020-06-24 17:50:00,71.04,72.29
129N04638,2020-06-24 18:00:00,70.49,68.00
129N04638,2020-06-24 18:10:00,65.89,97.60
129N04638,2020-06-24 18:20:00,65.07,97.00
129N04638,2020-06-24 18:30:00,56.27,100.00
129N04638,2020-06-24 18:40:00,56.78,100.00
129N04638,2020-06-24 18:50:00,60.83,100.00
129N04638,2020-06-24 19:00:00,69.19,78.90
129N04638,2020-06-24 19:10:00,66.09,68.20
129N04638,2020-06-24 19:20:00,59.06,100.00
129N04638,2020-06-24 19:30:00,60.71,100.00
129N04638,2020-06-24 19:40:00,66.52,96.20
129N04638,2020-06-24 19:50:00,64.31,95.30
129N04638,2020-06-24 20:00:00,60.94,92.60
129N04638,2020-06-24 20:10:00,62.81,69.80
129N04638,2020-06-24 20:20:00,60.06,100.00
129N04638,2020-06-24 20:30:00,61.85,100.00
129N04638,2020-06-24 20:40:00,48.27,49.29
129N04638,2020-06-24 20:50:00,52.87,76.20
129N04638,2020-06-24 21:00:00,60.46,93.60
129N04638,2020-06-24 21:10:00,53.27,100.00
129N04638,2020-06-24 21:20:00,53.00,100.00
129N04638,2020-06-24 21:30:00,51.99,100.00
129N04638,2020-06-24 21:40:00,69.68,34.44
129N04638,2020-06-24 21:50:00,83.00,14.00
129N04638,2020-06-24 22:00:00,62.88,95.50
129N04638,2020-06-24 22:10:00,61.85,94.30
129N04638,2020-06-24 22:20:00,57.85,97.50
129N04638,2020-06-24 22:30:00,57.56,97.00
129N04638,2020-06-24 22:40:00,56.00,100.00
129N04638,2020-06-24 22:50:00,,
129N04638,2020-06-24 23:00:00,76.00,
129N04638,2020-06-24 23:10:00,67.73,98.75
129N04638,2020-06-24 23:20:00,53.98,97.20
129N04638,2020-06-24 23:30:00,53.00,96.50
129N04638,2020-06-24 23:40:00,,
129N04638,2020-06-24 23:50:00,52.21,91.86
129N04404,2020-06-24 00:00:00,,
129N04404,2020-06-24 00:10:00,46.52,69.40
129N04404,2020-06-24 00:20:00,32.30,50.50
129N04404,2020-06-24 00:30:00,18.00,31.67
129N04404,2020-06-24 00:40:00,61.00,65.50
129N04404,2020-06-24 00:50:00,61.00,64.00
129N04404,2020-06-24 01:00:00,,
129N04404,2020-06-24 01:10:00,63.58,69.00
129N04404,2020-06-24 01:20:00,60.00,93.20
129N04404,2020-06-24 01:30:00,60.00,100.00
129N04404,2020-06-24 01:40:00,,
129N04404,2020-06-24 01:50:00,64.00,
129N04404,2020-06-24 02:00:00,64.00,
129N04404,2020-06-24 02:10:00,64.00,
129N04404,2020-06-24 02:20:00,64.00,
129N04404,2020-06-24 02:30:00,63.50,
129N04404,2020-06-24 02:40:00,28.97,61.13
129N04404,2020-06-24 02:50:00,62.83,78.00
129N04404,2020-06-24 03:00:00,,
129N04404,2020-06-24 03:10:00,64.00,
129N04404,2020-06-24 03:20:00,64.00,
129N04404,2020-06-24 03:30:00,63.40,97.00
129N04404,2020-06-24 03:40:00,63.00,100.00
129N04404,2020-06-24 03:50:00,66.94,93.80
129N04404,2020-06-24 04:00:00,64.65,99.11
129N04404,2020-06-24 04:10:00,60.00,84.90
129N04404,2020-06-24 04:20:00,52.00,60.80
129N04404,2020-06-24 04:30:00,52.00,71.67
129N04404,2020-06-24 04:40:00,70.00,58.83
129N04404,2020-06-24 04:50:00,67.78,64.00
129N04404,2020-06-24 05:00:00,67.83,78.60
129N04404,2020-06-24 05:10:00,71.63,54.20
129N04404,2020-06-24 05:20:00,67.25,90.20
129N04404,2020-06-24 05:30:00,66.43,81.00
129N04404,2020-06-24 05:40:00,66.86,98.40
129N04404,2020-06-24 05:50:00,71.10,81.60
129N04404,2020-06-24 06:00:00,75.23,46.30
129N04404,2020-06-24 06:10:00,77.62,48.80
129N04404,2020-06-24 06:20:00,72.08,92.60
129N04404,2020-06-24 06:30:00,67.86,100.00
129N04404,2020-06-24 06:40:00,67.79,100.00
129N04404,2020-06-24 06:50:00,67.77,100.00
129N04404,2020-06-24 07:00:00,66.97,100.00
129N04404,2020-06-24 07:10:00,68.59,84.00
129N04404,2020-06-24 07:20:00,69.69,75.00
129N04404,2020-06-24 07:30:00,67.16,100.00
129N04404,2020-06-24 07:40:00,64.28,100.00
129N04404,2020-06-24 07:50:00,71.30,83.10
129N04404,2020-06-24 08:00:00,72.12,78.70
129N04404,2020-06-24 08:10:00,66.69,100.00
129N04404,2020-06-24 08:20:00,66.62,100.00
129N04404,2020-06-24 08:30:00,71.11,79.90
129N04404,2020-06-24 08:40:00,67.34,100.00
129N04404,2020-06-24 08:50:00,66.89,100.00
129N04404,2020-06-24 09:00:00,67.29,100.00
129N04404,2020-06-24 09:10:00,69.19,100.00
129N04404,2020-06-24 09:20:00,65.28,100.00
129N04404,2020-06-24 09:30:00,64.85,100.00
129N04404,2020-06-24 09:40:00,66.45,100.00
129N04404,2020-06-24 09:50:00,63.87,72.30
129N04404,2020-06-24 10:00:00,63.93,100.00
129N04404,2020-06-24 10:10:00,60.85,92.10
129N04404,2020-06-24 10:20:00,61.53,84.80
129N04404,2020-06-24 10:30:00,63.60,100.00
129N04404,2020-06-24 10:40:00,65.79,100.00
129N04404,2020-06-24 10:50:00,66.14,100.00
129N04404,2020-06-24 11:00:00,66.29,100.00
129N04404,2020-06-24 11:10:00,64.79,100.00
129N04404,2020-06-24 11:20:00,65.08,100.00
129N04404,2020-06-24 11:30:00,64.47,100.00
129N04404,2020-06-24 11:40:00,62.96,100.00
129N04404,2020-06-24 11:50:00,66.87,79.00
129N04404,2020-06-24 12:00:00,64.32,94.00
129N04404,2020-06-24 12:10:00,67.10,100.00
129N04404,2020-06-24 12:20:00,66.07,100.00
129N04404,2020-06-24 12:30:00,65.19,100.00
129N04404,2020-06-24 12:40:00,67.79,89.00
129N04404,2020-06-24 12:50:00,66.83,98.10
129N04404,2020-06-24 13:00:00,67.74,95.60
129N04404,2020-06-24 13:10:00,65.96,99.30
129N04404,2020-06-24 13:20:00,65.29,100.00
129N04404,2020-06-24 13:30:00,65.57,100.00
129N04404,2020-06-24 13:40:00,64.64,100.00
129N04404,2020-06-24 13:50:00,67.23,90.70
129N04404,2020-06-24 14:00:00,73.01,49.30
129N04404,2020-06-24 14:10:00,66.65,96.90
129N04404,2020-06-24 14:20:00,66.90,100.00
129N04404,2020-06-24 14:30:00,69.45,94.60
129N04404,2020-06-24 14:40:00,65.37,95.20
129N04404,2020-06-24 14:50:00,63.98,100.00
129N04404,2020-06-24 15:00:00,66.25,64.30
129N04404,2020-06-24 15:10:00,63.18,100.00
129N04404,2020-06-24 15:20:00,61.06,94.00
129N04404,2020-06-24 15:30:00,63.44,100.00
129N04404,2020-06-24 15:40:00,68.29,67.20
129N04404,2020-06-24 15:50:00,72.67,52.70
129N04404,2020-06-24 16:00:00,67.99,100.00
129N04404,2020-06-24 16:10:00,67.24,100.00
129N04404,2020-06-24 16:20:00,65.62,99.20
129N04404,2020-06-24 16:30:00,70.47,93.50
129N04404,2020-06-24 16:40:00,67.75,98.90
129N04404,2020-06-24 16:50:00,66.89,99.20
129N04404,2020-06-24 17:00:00,67.34,98.10
129N04404,2020-06-24 17:10:00,62.38,100.00
129N04404,2020-06-24 17:20:00,68.05,66.20
129N04404,2020-06-24 17:30:00,66.14,98.40
129N04404,2020-06-24 17:40:00,65.46,90.10
129N04404,2020-06-24 17:50:00,70.80,70.90
129N04404,2020-06-24 18:00:00,65.99,99.80
129N04404,2020-06-24 18:10:00,67.37,97.70
129N04404,2020-06-24 18:20:00,65.64,97.90
129N04404,2020-06-24 18:30:00,67.08,99.60
129N04404,2020-06-24 18:40:00,71.71,72.40
129N04404,2020-06-24 18:50:00,71.68,80.20
129N04404,2020-06-24 19:00:00,66.51,96.40
129N04404,2020-06-24 19:10:00,67.49,100.00
129N04404,2020-06-24 19:20:00,66.28,100.00
129N04404,2020-06-24 19:30:00,64.39,100.00
129N04404,2020-06-24 19:40:00,64.89,100.00
129N04404,2020-06-24 19:50:00,58.62,100.00
129N04404,2020-06-24 20:00:00,48.49,80.71
129N04404,2020-06-24 20:10:00,57.18,91.50
129N04404,2020-06-24 20:20:00,57.51,94.00
129N04404,2020-06-24 20:30:00,60.22,98.30
129N04404,2020-06-24 20:40:00,59.93,100.00
129N04404,2020-06-24 20:50:00,51.37,65.10
129N04404,2020-06-24 21:00:00,58.47,96.90
129N04404,2020-06-24 21:10:00,61.70,100.00
129N04404,2020-06-24 21:20:00,54.89,85.00
129N04404,2020-06-24 21:30:00,55.18,92.20
129N04404,2020-06-24 21:40:00,59.94,100.00
129N04404,2020-06-24 21:50:00,57.42,100.00
129N04404,2020-06-24 22:00:00,59.00,100.00
129N04404,2020-06-24 22:10:00,58.83,100.00
129N04404,2020-06-24 22:20:00,,
129N04404,2020-06-24 22:30:00,,
129N04404,2020-06-24 22:40:00,,
129N04404,2020-06-24 22:50:00,54.93,100.00
129N04404,2020-06-24 23:00:00,60.76,91.60
129N04404,2020-06-24 23:10:00,57.00,98.60
129N04404,2020-06-24 23:20:00,64.00,87.00
129N04404,2020-06-24 23:30:00,64.00,91.14
129N04404,2020-06-24 23:40:00,,
129N04404,2020-06-24 23:50:00,45.00,46.67
129N04405,2020-06-24 00:00:00,,
129N04405,2020-06-24 00:10:00,44.73,64.50
129N04405,2020-06-24 00:20:00,58.09,83.00
129N04405,2020-06-24 00:30:00,,
129N04405,2020-06-24 00:40:00,61.00,92.88
129N04405,2020-06-24 00:50:00,61.00,92.00
129N04405,2020-06-24 01:00:00,,
129N04405,2020-06-24 01:10:00,62.79,93.00
129N04405,2020-06-24 01:20:00,61.00,100.00
129N04405,2020-06-24 01:30:00,61.00,100.00
129N04405,2020-06-24 01:40:00,,
129N04405,2020-06-24 01:50:00,63.00,
129N04405,2020-06-24 02:00:00,63.00,
129N04405,2020-06-24 02:10:00,63.00,
129N04405,2020-06-24 02:20:00,63.00,
129N04405,2020-06-24 02:30:00,62.50,
129N04405,2020-06-24 02:40:00,59.79,61.88
129N04405,2020-06-24 02:50:00,63.00,78.33
129N04405,2020-06-24 03:00:00,,
129N04405,2020-06-24 03:10:00,63.00,
129N04405,2020-06-24 03:20:00,63.00,
129N04405,2020-06-24 03:30:00,62.40,97.00
129N04405,2020-06-24 03:40:00,63.61,99.20
129N04405,2020-06-24 03:50:00,68.94,91.00
129N04405,2020-06-24 04:00:00,66.01,97.67
129N04405,2020-06-24 04:10:00,59.00,83.75
129N04405,2020-06-24 04:20:00,52.00,60.10
129N04405,2020-06-24 04:30:00,52.00,70.00
129N04405,2020-06-24 04:40:00,73.00,57.14
129N04405,2020-06-24 04:50:00,66.67,70.50
129N04405,2020-06-24 05:00:00,64.49,85.30
129N04405,2020-06-24 05:10:00,71.54,57.10
129N04405,2020-06-24 05:20:00,67.72,93.00
129N04405,2020-06-24 05:30:00,69.57,94.80
129N04405,2020-06-24 05:40:00,67.13,96.60
129N04405,2020-06-24 05:50:00,75.33,79.90
129N04405,2020-06-24 06:00:00,76.55,68.80
129N04405,2020-06-24 06:10:00,77.61,61.60
129N04405,2020-06-24 06:20:00,74.11,91.80
129N04405,2020-06-24 06:30:00,68.11,100.00
129N04405,2020-06-24 06:40:00,69.39,100.00
129N04405,2020-06-24 06:50:00,69.77,100.00
129N04405,2020-06-24 07:00:00,67.04,93.50
129N04405,2020-06-24 07:10:00,68.72,83.60
129N04405,2020-06-24 07:20:00,69.68,76.90
129N04405,2020-06-24 07:30:00,67.76,100.00
129N04405,2020-06-24 07:40:00,64.77,100.00
129N04405,2020-06-24 07:50:00,73.26,93.10
129N04405,2020-06-24 08:00:00,68.14,96.30
129N04405,2020-06-24 08:10:00,65.96,100.00
129N04405,2020-06-24 08:20:00,66.61,100.00
129N04405,2020-06-24 08:30:00,67.98,91.30
129N04405,2020-06-24 08:40:00,65.64,100.00
129N04405,2020-06-24 08:50:00,66.57,100.00
129N04405,2020-06-24 09:00:00,65.89,100.00
129N04405,2020-06-24 09:10:00,69.79,100.00
129N04405,2020-06-24 09:20:00,64.85,100.00
129N04405,2020-06-24 09:30:00,62.78,100.00
129N04405,2020-06-24 09:40:00,64.59,100.00
129N04405,2020-06-24 09:50:00,62.27,84.40
129N04405,2020-06-24 10:00:00,63.55,100.00
129N04405,2020-06-24 10:10:00,58.67,94.80
129N04405,2020-06-24 10:20:00,62.08,92.60
129N04405,2020-06-24 10:30:00,64.58,100.00
129N04405,2020-06-24 10:40:00,65.36,100.00
129N04405,2020-06-24 10:50:00,65.64,100.00
129N04405,2020-06-24 11:00:00,68.28,100.00
129N04405,2020-06-24 11:10:00,63.59,100.00
129N04405,2020-06-24 11:20:00,63.92,96.00
129N04405,2020-06-24 11:30:00,64.90,97.30
129N04405,2020-06-24 11:40:00,64.78,100.00
129N04405,2020-06-24 11:50:00,64.84,100.00
129N04405,2020-06-24 12:00:00,64.66,100.00
129N04405,2020-06-24 12:10:00,66.58,100.00
129N04405,2020-06-24 12:20:00,65.04,100.00
129N04405,2020-06-24 12:30:00,66.05,100.00
129N04405,2020-06-24 12:40:00,66.88,100.00
129N04405,2020-06-24 12:50:00,66.19,100.00
129N04405,2020-06-24 13:00:00,66.83,93.30
129N04405,2020-06-24 13:10:00,65.29,99.30
129N04405,2020-06-24 13:20:00,65.58,100.00
129N04405,2020-06-24 13:30:00,65.67,100.00
129N04405,2020-06-24 13:40:00,64.89,96.00
129N04405,2020-06-24 13:50:00,69.12,90.50
129N04405,2020-06-24 14:00:00,74.04,48.30
129N04405,2020-06-24 14:10:00,68.18,99.90
129N04405,2020-06-24 14:20:00,65.98,100.00
129N04405,2020-06-24 14:30:00,65.83,100.00
129N04405,2020-06-24 14:40:00,65.45,100.00
129N04405,2020-06-24 14:50:00,60.53,94.10
129N04405,2020-06-24 15:00:00,62.10,63.80
129N04405,2020-06-24 15:10:00,64.09,100.00
129N04405,2020-06-24 15:20:00,61.36,100.00
129N04405,2020-06-24 15:30:00,63.08,100.00
129N04405,2020-06-24 15:40:00,64.24,100.00
129N04405,2020-06-24 15:50:00,64.91,100.00
129N04405,2020-06-24 16:00:00,65.79,100.00
129N04405,2020-06-24 16:10:00,65.46,100.00
129N04405,2020-06-24 16:20:00,68.88,97.10
129N04405,2020-06-24 16:30:00,66.15,97.70
129N04405,2020-06-24 16:40:00,69.48,86.80
129N04405,2020-06-24 16:50:00,65.94,99.80
129N04405,2020-06-24 17:00:00,65.91,98.50
129N04405,2020-06-24 17:10:00,65.75,99.20
129N04405,2020-06-24 17:20:00,65.58,100.00
129N04405,2020-06-24 17:30:00,61.84,100.00
129N04405,2020-06-24 17:40:00,62.45,92.50
129N04405,2020-06-24 17:50:00,65.59,97.70
129N04405,2020-06-24 18:00:00,63.70,100.00
129N04405,2020-06-24 18:10:00,66.87,87.60
129N04405,2020-06-24 18:20:00,66.96,100.00
129N04405,2020-06-24 18:30:00,66.48,99.70
129N04405,2020-06-24 18:40:00,70.30,76.50
129N04405,2020-06-24 18:50:00,71.37,78.80
129N04405,2020-06-24 19:00:00,67.87,96.70
129N04405,2020-06-24 19:10:00,65.05,98.60
129N04405,2020-06-24 19:20:00,64.30,100.00
129N04405,2020-06-24 19:30:00,63.96,100.00
129N04405,2020-06-24 19:40:00,65.59,100.00
129N04405,2020-06-24 19:50:00,63.50,100.00
129N04405,2020-06-24 20:00:00,66.11,100.00
129N04405,2020-06-24 20:10:00,64.13,100.00
129N04405,2020-06-24 20:20:00,62.34,100.00
129N04405,2020-06-24 20:30:00,65.18,100.00
129N04405,2020-06-24 20:40:00,62.85,100.00
129N04405,2020-06-24 20:50:00,60.96,100.00
129N04405,2020-06-24 21:00:00,65.97,100.00
129N04405,2020-06-24 21:10:00,62.16,100.00
129N04405,2020-06-24 21:20:00,59.10,100.00
129N04405,2020-06-24 21:30:00,63.22,91.90
129N04405,2020-06-24 21:40:00,67.39,79.90
129N04405,2020-06-24 21:50:00,67.00,96.00
129N04405,2020-06-24 22:00:00,58.30,100.00
129N04405,2020-06-24 22:10:00,55.98,100.00
129N04405,2020-06-24 22:20:00,52.00,100.00
129N04405,2020-06-24 22:30:00,51.97,100.00
129N04405,2020-06-24 22:40:00,,
129N04405,2020-06-24 22:50:00,57.45,100.00
129N04405,2020-06-24 23:00:00,63.19,77.20
129N04405,2020-06-24 23:10:00,56.00,99.00
129N04405,2020-06-24 23:20:00,79.00,30.40
129N04405,2020-06-24 23:30:00,79.00,51.86
129N04405,2020-06-24 23:40:00,,
129N04405,2020-06-24 23:50:00,76.06,34.11
129N04402,2020-06-24 00:00:00,,
129N04402,2020-06-24 00:10:00,72.00,91.00
129N04402,2020-06-24 00:20:00,72.00,99.44
129N04402,2020-06-24 00:30:00,,
129N04402,2020-06-24 00:40:00,,
129N04402,2020-06-24 00:50:00,,
129N04402,2020-06-24 01:00:00,,
129N04402,2020-06-24 01:10:00,66.00,
129N04402,2020-06-24 01:20:00,63.29,89.89
129N04402,2020-06-24 01:30:00,63.00,97.00
129N04402,2020-06-24 01:40:00,,
129N04402,2020-06-24 01:50:00,66.00,
129N04402,2020-06-24 02:00:00,66.00,
129N04402,2020-06-24 02:10:00,66.00,
129N04402,2020-06-24 02:20:00,66.00,
129N04402,2020-06-24 02:30:00,66.00,
129N04402,2020-06-24 02:40:00,66.00,
129N04402,2020-06-24 02:50:00,,
129N04402,2020-06-24 03:00:00,,
129N04402,2020-06-24 03:10:00,56.60,85.40
129N04402,2020-06-24 03:20:00,56.71,94.29
129N04402,2020-06-24 03:30:00,66.00,77.80
129N04402,2020-06-24 03:40:00,66.00,80.80
129N04402,2020-06-24 03:50:00,65.21,80.63
129N04402,2020-06-24 04:00:00,56.77,67.78
129N04402,2020-06-24 04:10:00,41.00,54.00
129N04402,2020-06-24 04:20:00,,
129N04402,2020-06-24 04:30:00,,
129N04402,2020-06-24 04:40:00,70.00,56.00
129N04402,2020-06-24 04:50:00,70.02,62.60
129N04402,2020-06-24 05:00:00,67.00,90.80
129N04402,2020-06-24 05:10:00,71.58,78.60
129N04402,2020-06-24 05:20:00,70.28,95.40
129N04402,2020-06-24 05:30:00,70.39,83.50
129N04402,2020-06-24 05:40:00,71.26,89.00
129N04402,2020-06-24 05:50:00,72.37,86.10
129N04402,2020-06-24 06:00:00,71.98,93.60
129N04402,2020-06-24 06:10:00,76.67,65.20
129N04402,2020-06-24 06:20:00,72.47,99.80
129N04402,2020-06-24 06:30:00,70.69,100.00
129N04402,2020-06-24 06:40:00,69.99,100.00
129N04402,2020-06-24 06:50:00,69.38,100.00
129N04402,2020-06-24 07:00:00,69.89,100.00
129N04402,2020-06-24 07:10:00,68.74,91.50
129N04402,2020-06-24 07:20:00,71.76,95.80
129N04402,2020-06-24 07:30:00,68.16,100.00
129N04402,2020-06-24 07:40:00,67.37,100.00
129N04402,2020-06-24 07:50:00,69.97,100.00
129N04402,2020-06-24 08:00:00,72.88,86.30
129N04402,2020-06-24 08:10:00,69.25,97.10
129N04402,2020-06-24 08:20:00,70.27,92.50
129N04402,2020-06-24 08:30:00,71.88,95.20
129N04402,2020-06-24 08:40:00,67.86,100.00
129N04402,2020-06-24 08:50:00,68.00,100.00
129N04402,2020-06-24 09:00:00,72.09,90.80
129N04402,2020-06-24 09:10:00,69.59,100.00
129N04402,2020-06-24 09:20:00,68.29,100.00
129N04402,2020-06-24 09:30:00,67.69,100.00
129N04402,2020-06-24 09:40:00,67.08,100.00
129N04402,2020-06-24 09:50:00,69.18,100.00
129N04402,2020-06-24 10:00:00,69.07,100.00
129N04402,2020-06-24 10:10:00,66.84,87.40
129N04402,2020-06-24 10:20:00,63.57,79.90
129N04402,2020-06-24 10:30:00,67.34,97.40
129N04402,2020-06-24 10:40:00,70.59,96.00
129N04402,2020-06-24 10:50:00,68.06,98.10
129N04402,2020-06-24 11:00:00,69.14,96.00
129N04402,2020-06-24 11:10:00,67.96,97.90
129N04402,2020-06-24 11:20:00,67.70,100.00
129N04402,2020-06-24 11:30:00,65.26,100.00
129N04402,2020-06-24 11:40:00,69.28,100.00
129N04402,2020-06-24 11:50:00,71.76,78.70
129N04402,2020-06-24 12:00:00,69.48,82.80
129N04402,2020-06-24 12:10:00,68.86,94.30
129N04402,2020-06-24 12:20:00,68.69,100.00
129N04402,2020-06-24 12:30:00,67.09,100.00
129N04402,2020-06-24 12:40:00,70.60,93.60
129N04402,2020-06-24 12:50:00,71.78,83.10
129N04402,2020-06-24 13:00:00,67.00,96.80
129N04402,2020-06-24 13:10:00,66.67,100.00
129N04402,2020-06-24 13:20:00,66.89,100.00
129N04402,2020-06-24 13:30:00,65.48,95.50
129N04402,2020-06-24 13:40:00,66.56,97.50
129N04402,2020-06-24 13:50:00,67.55,80.50
129N04402,2020-06-24 14:00:00,71.49,64.50
129N04402,2020-06-24 14:10:00,67.40,91.00
129N04402,2020-06-24 14:20:00,67.37,98.30
129N04402,2020-06-24 14:30:00,68.86,99.60
129N04402,2020-06-24 14:40:00,65.89,99.00
129N04402,2020-06-24 14:50:00,67.99,100.00
129N04402,2020-06-24 15:00:00,67.48,83.70
129N04402,2020-06-24 15:10:00,52.68,10.56
129N04402,2020-06-24 15:20:00,59.91,78.20
129N04402,2020-06-24 15:30:00,67.86,92.20
129N04402,2020-06-24 15:40:00,65.52,91.10
129N04402,2020-06-24 15:50:00,68.87,80.20
129N04402,2020-06-24 16:00:00,67.55,100.00
129N04402,2020-06-24 16:10:00,68.84,95.30
129N04402,2020-06-24 16:20:00,67.98,100.00
129N04402,2020-06-24 16:30:00,62.15,63.90
129N04402,2020-06-24 16:40:00,68.16,80.50
129N04402,2020-06-24 16:50:00,68.63,96.70
129N04402,2020-06-24 17:00:00,63.78,90.80
129N04402,2020-06-24 17:10:00,61.47,74.50
129N04402,2020-06-24 17:20:00,65.60,79.30
129N04402,2020-06-24 17:30:00,67.79,100.00
129N04402,2020-06-24 17:40:00,68.03,87.10
129N04402,2020-06-24 17:50:00,70.69,78.30
129N04402,2020-06-24 18:00:00,67.86,98.60
129N04402,2020-06-24 18:10:00,67.15,98.20
129N04402,2020-06-24 18:20:00,69.07,94.50
129N04402,2020-06-24 18:30:00,70.48,98.40
129N04402,2020-06-24 18:40:00,72.96,87.60
129N04402,2020-06-24 18:50:00,71.89,93.60
129N04402,2020-06-24 19:00:00,72.48,77.20
129N04402,2020-06-24 19:10:00,68.03,97.70
129N04402,2020-06-24 19:20:00,73.00,96.30
129N04402,2020-06-24 19:30:00,66.71,89.80
129N04402,2020-06-24 19:40:00,70.99,93.10
129N04402,2020-06-24 19:50:00,69.19,94.25
129N04402,2020-06-24 20:00:00,65.09,81.10
129N04402,2020-06-24 20:10:00,64.55,91.00
129N04402,2020-06-24 20:20:00,62.33,82.60
129N04402,2020-06-24 20:30:00,64.98,100.00
129N04402,2020-06-24 20:40:00,65.00,100.00
129N04402,2020-06-24 20:50:00,62.04,87.40
129N04402,2020-06-24 21:00:00,61.17,92.50
129N04402,2020-06-24 21:10:00,65.25,79.90
129N04402,2020-06-24 21:20:00,57.98,82.30
129N04402,2020-06-24 21:30:00,62.12,97.67
129N04402,2020-06-24 21:40:00,61.18,100.00
129N04402,2020-06-24 21:50:00,60.68,100.00
129N04402,2020-06-24 22:00:00,60.80,100.00
129N04402,2020-06-24 22:10:00,61.00,100.00
129N04402,2020-06-24 22:20:00,,
129N04402,2020-06-24 22:30:00,57.00,100.00
129N04402,2020-06-24 22:40:00,57.00,100.00
129N04402,2020-06-24 22:50:00,62.33,98.33
129N04402,2020-06-24 23:00:00,63.90,80.80
129N04402,2020-06-24 23:10:00,66.50,79.50
129N04402,2020-06-24 23:20:00,,
129N04402,2020-06-24 23:30:00,,
129N04402,2020-06-24 23:40:00,,
129N04402,2020-06-24 23:50:00,,
129N04644,2020-06-24 00:00:00,55.12,95.25
129N04644,2020-06-24 00:10:00,55.00,94.33
129N04644,2020-06-24 00:20:00,56.50,87.80
129N04644,2020-06-24 00:30:00,58.34,75.10
129N04644,2020-06-24 00:40:00,60.87,55.30
129N04644,2020-06-24 00:50:00,51.28,51.30
129N04644,2020-06-24 01:00:00,,
129N04644,2020-06-24 01:10:00,,
129N04644,2020-06-24 01:20:00,,
129N04644,2020-06-24 01:30:00,,
129N04644,2020-06-24 01:40:00,54.00,99.50
129N04644,2020-06-24 01:50:00,54.00,100.00
129N04644,2020-06-24 02:00:00,,
129N04644,2020-06-24 02:10:00,,
129N04644,2020-06-24 02:20:00,58.66,82.67
129N04644,2020-06-24 02:30:00,58.00,91.80
129N04644,2020-06-24 02:40:00,63.00,85.78
129N04644,2020-06-24 02:50:00,54.00,62.25
129N04644,2020-06-24 03:00:00,,
129N04644,2020-06-24 03:10:00,69.00,34.00
129N04644,2020-06-24 03:20:00,64.42,64.63
129N04644,2020-06-24 03:30:00,58.00,80.20
129N04644,2020-06-24 03:40:00,59.00,85.50
129N04644,2020-06-24 03:50:00,59.00,80.33
129N04644,2020-06-24 04:00:00,75.00,21.25
129N04644,2020-06-24 04:10:00,70.99,65.63
129N04644,2020-06-24 04:20:00,59.87,65.40
129N04644,2020-06-24 04:30:00,60.95,75.00
129N04644,2020-06-24 04:40:00,72.23,60.60
129N04644,2020-06-24 04:50:00,72.43,47.70
129N04644,2020-06-24 05:00:00,67.99,99.80
129N04644,2020-06-24 05:10:00,67.15,99.50
129N04644,2020-06-24 05:20:00,65.79,99.80
129N04644,2020-06-24 05:30:00,64.79,88.60
129N04644,2020-06-24 05:40:00,65.50,92.60
129N04644,2020-06-24 05:50:00,65.77,100.00
129N04644,2020-06-24 06:00:00,65.97,100.00
129N04644,2020-06-24 06:10:00,64.69,100.00
129N04644,2020-06-24 06:20:00,59.77,100.00
129N04644,2020-06-24 06:30:00,59.75,100.00
129N04644,2020-06-24 06:40:00,60.32,100.00
129N04644,2020-06-24 06:50:00,62.18,100.00
129N04644,2020-06-24 07:00:00,62.05,100.00
129N04644,2020-06-24 07:10:00,62.50,100.00
129N04644,2020-06-24 07:20:00,63.38,100.00
129N04644,2020-06-24 07:30:00,62.53,99.00
129N04644,2020-06-24 07:40:00,62.99,100.00
129N04644,2020-06-24 07:50:00,65.72,99.70
129N04644,2020-06-24 08:00:00,60.92,97.50
129N04644,2020-06-24 08:10:00,59.08,100.00
129N04644,2020-06-24 08:20:00,59.45,100.00
129N04644,2020-06-24 08:30:00,62.16,99.30
129N04644,2020-06-24 08:40:00,64.29,99.20
129N04644,2020-06-24 08:50:00,64.12,97.40
129N04644,2020-06-24 09:00:00,62.15,100.00
129N04644,2020-06-24 09:10:00,61.77,99.80
129N04644,2020-06-24 09:20:00,60.71,100.00
129N04644,2020-06-24 09:30:00,59.69,100.00
129N04644,2020-06-24 09:40:00,60.95,99.00
129N04644,2020-06-24 09:50:00,58.07,100.00
129N04644,2020-06-24 10:00:00,59.87,100.00
129N04644,2020-06-24 10:10:00,58.89,100.00
129N04644,2020-06-24 10:20:00,58.29,100.00
129N04644,2020-06-24 10:30:00,61.37,69.60
129N04644,2020-06-24 10:40:00,63.69,83.90
129N04644,2020-06-24 10:50:00,61.15,88.40
129N04644,2020-06-24 11:00:00,60.17,99.20
129N04644,2020-06-24 11:10:00,61.18,99.20
129N04644,2020-06-24 11:20:00,65.14,100.00
129N04644,2020-06-24 11:30:00,63.57,97.50
129N04644,2020-06-24 11:40:00,63.71,93.30
129N04644,2020-06-24 11:50:00,60.51,100.00
129N04644,2020-06-24 12:00:00,60.27,100.00
129N04644,2020-06-24 12:10:00,57.93,100.00
129N04644,2020-06-24 12:20:00,60.93,97.00
129N04644,2020-06-24 12:30:00,59.19,100.00
129N04644,2020-06-24 12:40:00,61.52,87.60
129N04644,2020-06-24 12:50:00,59.07,100.00
129N04644,2020-06-24 13:00:00,61.08,100.00
129N04644,2020-06-24 13:10:00,59.49,100.00
129N04644,2020-06-24 13:20:00,60.75,100.00
129N04644,2020-06-24 13:30:00,57.94,100.00
129N04644,2020-06-24 13:40:00,59.31,100.00
129N04644,2020-06-24 13:50:00,59.47,100.00
129N04644,2020-06-24 14:00:00,63.64,85.60
129N04644,2020-06-24 14:10:00,65.48,75.30
129N04644,2020-06-24 14:20:00,65.79,96.40
129N04644,2020-06-24 14:30:00,60.54,100.00
129N04644,2020-06-24 14:40:00,62.59,100.00
129N04644,2020-06-24 14:50:00,63.76,100.00
129N04644,2020-06-24 15:00:00,61.35,100.00
129N04644,2020-06-24 15:10:00,59.67,100.00
129N04644,2020-06-24 15:20:00,63.84,97.60
129N04644,2020-06-24 15:30:00,65.93,100.00
129N04644,2020-06-24 15:40:00,62.75,100.00
129N04644,2020-06-24 15:50:00,66.87,94.70
129N04644,2020-06-24 16:00:00,61.78,100.00
129N04644,2020-06-24 16:10:00,62.13,100.00
129N04644,2020-06-24 16:20:00,61.51,100.00
129N04644,2020-06-24 16:30:00,60.61,100.00
129N04644,2020-06-24 16:40:00,58.36,100.00
129N04644,2020-06-24 16:50:00,61.46,100.00
129N04644,2020-06-24 17:00:00,66.59,81.60
129N04644,2020-06-24 17:10:00,65.98,89.10
129N04644,2020-06-24 17:20:00,65.79,95.70
129N04644,2020-06-24 17:30:00,61.76,100.00
129N04644,2020-06-24 17:40:00,58.01,100.00
129N04644,2020-06-24 17:50:00,60.54,100.00
129N04644,2020-06-24 18:00:00,60.61,100.00
129N04644,2020-06-24 18:10:00,55.27,62.20
129N04644,2020-06-24 18:20:00,63.12,90.10
129N04644,2020-06-24 18:30:00,62.37,100.00
129N04644,2020-06-24 18:40:00,64.49,76.10
129N04644,2020-06-24 18:50:00,72.05,31.40
129N04644,2020-06-24 19:00:00,61.00,100.00
129N04644,2020-06-24 19:10:00,60.18,100.00
129N04644,2020-06-24 19:20:00,60.39,100.00
129N04644,2020-06-24 19:30:00,62.58,100.00
129N04644,2020-06-24 19:40:00,66.06,73.80
129N04644,2020-06-24 19:50:00,62.54,100.00
129N04644,2020-06-24 20:00:00,61.54,91.40
129N04644,2020-06-24 20:10:00,64.54,74.20
129N04644,2020-06-24 20:20:00,70.48,37.50
129N04644,2020-06-24 20:30:00,62.97,63.60
129N04644,2020-06-24 20:40:00,57.96,100.00
129N04644,2020-06-24 20:50:00,62.37,100.00
129N04644,2020-06-24 21:00:00,58.27,100.00
129N04644,2020-06-24 21:10:00,59.98,100.00
129N04644,2020-06-24 21:20:00,59.00,99.50
129N04644,2020-06-24 21:30:00,54.00,100.00
129N04644,2020-06-24 21:40:00,64.34,62.00
129N04644,2020-06-24 21:50:00,65.00,77.70
129N04644,2020-06-24 22:00:00,62.97,83.56
129N04644,2020-06-24 22:10:00,61.00,97.40
129N04644,2020-06-24 22:20:00,61.98,98.70
129N04644,2020-06-24 22:30:00,63.00,99.25
129N04644,2020-06-24 22:40:00,63.74,93.25
129N04644,2020-06-24 22:50:00,63.59,92.00
129N04644,2020-06-24 23:00:00,48.00,51.00
129N04644,2020-06-24 23:10:00,48.00,25.60
129N04644,2020-06-24 23:20:00,50.94,77.25
129N04644,2020-06-24 23:30:00,52.25,94.25
129N04644,2020-06-24 23:40:00,54.25,81.75
129N04644,2020-06-24 23:50:00,58.55,39.30
129N04403,2020-06-24 00:00:00,,
129N04403,2020-06-24 00:10:00,66.00,96.50
129N04403,2020-06-24 00:20:00,66.00,94.78
129N04403,2020-06-24 00:30:00,,
129N04403,2020-06-24 00:40:00,60.00,87.13
129N04403,2020-06-24 00:50:00,60.00,95.50
129N04403,2020-06-24 01:00:00,,
129N04403,2020-06-24 01:10:00,63.40,94.00
129N04403,2020-06-24 01:20:00,58.10,99.10
129N04403,2020-06-24 01:30:00,59.27,99.33
129N04403,2020-06-24 01:40:00,,
129N04403,2020-06-24 01:50:00,64.00,
129N04403,2020-06-24 02:00:00,64.00,
129N04403,2020-06-24 02:10:00,64.00,
129N04403,2020-06-24 02:20:00,64.00,
129N04403,2020-06-24 02:30:00,63.50,
129N04403,2020-06-24 02:40:00,62.59,99.00
129N04403,2020-06-24 02:50:00,63.00,100.00
129N04403,2020-06-24 03:00:00,,
129N04403,2020-06-24 03:10:00,43.39,35.33
129N04403,2020-06-24 03:20:00,39.00,38.67
129N04403,2020-06-24 03:30:00,65.00,53.00
129N04403,2020-06-24 03:40:00,65.00,57.50
129N04403,2020-06-24 03:50:00,67.16,61.50
129N04403,2020-06-24 04:00:00,65.37,85.25
129N04403,2020-06-24 04:10:00,62.00,93.70
129N04403,2020-06-24 04:20:00,51.57,43.70
129N04403,2020-06-24 04:30:00,50.00,44.00
129N04403,2020-06-24 04:40:00,71.00,47.83
129N04403,2020-06-24 04:50:00,67.81,64.10
129N04403,2020-06-24 05:00:00,65.51,87.00
129N04403,2020-06-24 05:10:00,73.72,59.60
129N04403,2020-06-24 05:20:00,70.54,75.00
129N04403,2020-06-24 05:30:00,68.39,96.20
129N04403,2020-06-24 05:40:00,68.89,99.10
129N04403,2020-06-24 05:50:00,71.42,90.60
129N04403,2020-06-24 06:00:00,71.25,94.20
129N04403,2020-06-24 06:10:00,75.68,71.70
129N04403,2020-06-24 06:20:00,73.70,96.00
129N04403,2020-06-24 06:30:00,69.27,100.00
129N04403,2020-06-24 06:40:00,68.18,100.00
129N04403,2020-06-24 06:50:00,67.76,100.00
129N04403,2020-06-24 07:00:00,66.50,100.00
129N04403,2020-06-24 07:10:00,67.30,93.00
129N04403,2020-06-24 07:20:00,67.89,89.60
129N04403,2020-06-24 07:30:00,66.72,100.00
129N04403,2020-06-24 07:40:00,63.68,100.00
129N04403,2020-06-24 07:50:00,69.74,100.00
129N04403,2020-06-24 08:00:00,68.31,100.00
129N04403,2020-06-24 08:10:00,65.40,100.00
129N04403,2020-06-24 08:20:00,66.70,90.60
129N04403,2020-06-24 08:30:00,69.05,91.70
129N04403,2020-06-24 08:40:00,66.65,100.00
129N04403,2020-06-24 08:50:00,68.39,100.00
129N04403,2020-06-24 09:00:00,67.48,100.00
129N04403,2020-06-24 09:10:00,67.98,100.00
129N04403,2020-06-24 09:20:00,64.49,100.00
129N04403,2020-06-24 09:30:00,63.64,89.70
129N04403,2020-06-24 09:40:00,66.07,100.00
129N04403,2020-06-24 09:50:00,64.56,100.00
129N04403,2020-06-24 10:00:00,63.98,100.00
129N04403,2020-06-24 10:10:00,59.38,92.10
129N04403,2020-06-24 10:20:00,61.38,90.70
129N04403,2020-06-24 10:30:00,64.61,100.00
129N04403,2020-06-24 10:40:00,65.65,100.00
129N04403,2020-06-24 10:50:00,64.37,100.00
129N04403,2020-06-24 11:00:00,66.40,100.00
129N04403,2020-06-24 11:10:00,64.67,100.00
129N04403,2020-06-24 11:20:00,64.99,100.00
129N04403,2020-06-24 11:30:00,62.45,86.90
129N04403,2020-06-24 11:40:00,63.38,100.00
129N04403,2020-06-24 11:50:00,67.29,74.30
129N04403,2020-06-24 12:00:00,63.55,92.90
129N04403,2020-06-24 12:10:00,64.39,100.00
129N04403,2020-06-24 12:20:00,65.68,100.00
129N04403,2020-06-24 12:30:00,64.37,100.00
129N04403,2020-06-24 12:40:00,66.18,100.00
129N04403,2020-06-24 12:50:00,66.38,97.20
129N04403,2020-06-24 13:00:00,65.03,100.00
129N04403,2020-06-24 13:10:00,64.77,100.00
129N04403,2020-06-24 13:20:00,63.69,100.00
129N04403,2020-06-24 13:30:00,64.06,100.00
129N04403,2020-06-24 13:40:00,62.97,100.00
129N04403,2020-06-24 13:50:00,64.44,100.00
129N04403,2020-06-24 14:00:00,71.72,45.90
129N04403,2020-06-24 14:10:00,64.55,100.00
129N04403,2020-06-24 14:20:00,66.89,100.00
129N04403,2020-06-24 14:30:00,65.78,100.00
129N04403,2020-06-24 14:40:00,63.09,100.00
129N04403,2020-06-24 14:50:00,65.17,96.80
129N04403,2020-06-24 15:00:00,69.90,64.50
129N04403,2020-06-24 15:10:00,59.97,93.10
129N04403,2020-06-24 15:20:00,60.61,77.10
129N04403,2020-06-24 15:30:00,63.65,100.00
129N04403,2020-06-24 15:40:00,65.56,95.50
129N04403,2020-06-24 15:50:00,69.53,59.90
129N04403,2020-06-24 16:00:00,65.55,100.00
129N04403,2020-06-24 16:10:00,65.97,98.10
129N04403,2020-06-24 16:20:00,65.48,99.30
129N04403,2020-06-24 16:30:00,60.78,100.00
129N04403,2020-06-24 16:40:00,67.36,92.30
129N04403,2020-06-24 16:50:00,66.02,100.00
129N04403,2020-06-24 17:00:00,65.75,100.00
129N04403,2020-06-24 17:10:00,60.78,100.00
129N04403,2020-06-24 17:20:00,65.86,67.20
129N04403,2020-06-24 17:30:00,65.38,100.00
129N04403,2020-06-24 17:40:00,64.27,83.30
129N04403,2020-06-24 17:50:00,69.38,90.60
129N04403,2020-06-24 18:00:00,67.26,100.00
129N04403,2020-06-24 18:10:00,65.61,99.60
129N04403,2020-06-24 18:20:00,66.23,94.50
129N04403,2020-06-24 18:30:00,68.78,100.00
129N04403,2020-06-24 18:40:00,69.08,100.00
129N04403,2020-06-24 18:50:00,70.37,88.30
129N04403,2020-06-24 19:00:00,66.90,91.10
129N04403,2020-06-24 19:10:00,65.87,100.00
129N04403,2020-06-24 19:20:00,65.31,100.00
129N04403,2020-06-24 19:30:00,62.57,91.40
129N04403,2020-06-24 19:40:00,65.59,100.00
129N04403,2020-06-24 19:50:00,38.70,100.00
129N04403,2020-06-24 20:00:00,49.11,71.20
129N04403,2020-06-24 20:10:00,60.31,100.00
129N04403,2020-06-24 20:20:00,57.53,98.60
129N04403,2020-06-24 20:30:00,57.94,100.00
129N04403,2020-06-24 20:40:00,63.15,100.00
129N04403,2020-06-24 20:50:00,52.61,49.00
129N04403,2020-06-24 21:00:00,56.75,94.40
129N04403,2020-06-24 21:10:00,62.08,100.00
129N04403,2020-06-24 21:20:00,58.66,100.00
129N04403,2020-06-24 21:30:00,57.23,100.00
129N04403,2020-06-24 21:40:00,61.98,100.00
129N04403,2020-06-24 21:50:00,50.92,100.00
129N04403,2020-06-24 22:00:00,54.17,100.00
129N04403,2020-06-24 22:10:00,57.00,100.00
129N04403,2020-06-24 22:20:00,56.66,100.00
129N04403,2020-06-24 22:30:00,50.03,100.00
129N04403,2020-06-24 22:40:00,26.64,35.83
129N04403,2020-06-24 22:50:00,49.48,98.80
129N04403,2020-06-24 23:00:00,56.67,80.10
129N04403,2020-06-24 23:10:00,45.18,83.29
129N04403,2020-06-24 23:20:00,58.32,64.63
129N04403,2020-06-24 23:30:00,62.48,64.78
129N04403,2020-06-24 23:40:00,55.00,98.40
129N04403,2020-06-24 23:50:00,42.17,52.60
129N04400,2020-06-24 00:00:00,79.00,43.00
129N04400,2020-06-24 00:10:00,62.00,92.00
129N04400,2020-06-24 00:20:00,62.00,87.80
129N04400,2020-06-24 00:30:00,,
129N04400,2020-06-24 00:40:00,59.00,
129N04400,2020-06-24 00:50:00,59.00,
129N04400,2020-06-24 01:00:00,59.00,
129N04400,2020-06-24 01:10:00,59.00,
129N04400,2020-06-24 01:20:00,57.39,100.00
129N04400,2020-06-24 01:30:00,57.00,100.00
129N04400,2020-06-24 01:40:00,,
129N04400,2020-06-24 01:50:00,57.41,
129N04400,2020-06-24 02:00:00,55.30,
129N04400,2020-06-24 02:10:00,52.87,
129N04400,2020-06-24 02:20:00,51.59,
129N04400,2020-06-24 02:30:00,50.00,
129N04400,2020-06-24 02:40:00,50.00,
129N04400,2020-06-24 02:50:00,,
129N04400,2020-06-24 03:00:00,,
129N04400,2020-06-24 03:10:00,54.50,99.67
129N04400,2020-06-24 03:20:00,55.00,100.00
129N04400,2020-06-24 03:30:00,61.00,82.67
129N04400,2020-06-24 03:40:00,59.56,91.89
129N04400,2020-06-24 03:50:00,57.33,95.70
129N04400,2020-06-24 04:00:00,61.60,90.90
129N04400,2020-06-24 04:10:00,62.00,96.00
129N04400,2020-06-24 04:20:00,,
129N04400,2020-06-24 04:30:00,,
129N04400,2020-06-24 04:40:00,57.00,96.33
129N04400,2020-06-24 04:50:00,56.07,94.70
129N04400,2020-06-24 05:00:00,56.19,88.90
129N04400,2020-06-24 05:10:00,61.70,71.60
129N04400,2020-06-24 05:20:00,60.16,91.30
129N04400,2020-06-24 05:30:00,61.57,75.40
129N04400,2020-06-24 05:40:00,62.97,88.80
129N04400,2020-06-24 05:50:00,69.19,43.20
129N04400,2020-06-24 06:00:00,63.96,95.60
129N04400,2020-06-24 06:10:00,66.45,91.60
129N04400,2020-06-24 06:20:00,64.49,99.80
129N04400,2020-06-24 06:30:00,60.63,99.00
129N04400,2020-06-24 06:40:00,58.78,100.00
129N04400,2020-06-24 06:50:00,59.78,100.00
129N04400,2020-06-24 07:00:00,59.28,100.00
129N04400,2020-06-24 07:10:00,59.45,96.40
129N04400,2020-06-24 07:20:00,58.31,99.20
129N04400,2020-06-24 07:30:00,60.14,98.50
129N04400,2020-06-24 07:40:00,59.42,97.10
129N04400,2020-06-24 07:50:00,58.10,100.00
129N04400,2020-06-24 08:00:00,60.96,89.70
129N04400,2020-06-24 08:10:00,57.27,100.00
129N04400,2020-06-24 08:20:00,60.51,89.90
129N04400,2020-06-24 08:30:00,62.60,90.90
129N04400,2020-06-24 08:40:00,59.56,99.70
129N04400,2020-06-24 08:50:00,58.48,99.90
129N04400,2020-06-24 09:00:00,61.80,89.00
129N04400,2020-06-24 09:10:00,59.18,96.00
129N04400,2020-06-24 09:20:00,59.25,99.60
129N04400,2020-06-24 09:30:00,62.07,89.90
129N04400,2020-06-24 09:40:00,56.03,99.30
129N04400,2020-06-24 09:50:00,55.39,100.00
129N04400,2020-06-24 10:00:00,58.98,85.30
129N04400,2020-06-24 10:10:00,55.06,94.50
129N04400,2020-06-24 10:20:00,57.27,88.00
129N04400,2020-06-24 10:30:00,58.49,95.00
129N04400,2020-06-24 10:40:00,59.35,89.60
129N04400,2020-06-24 10:50:00,62.93,62.50
129N04400,2020-06-24 11:00:00,59.48,99.30
129N04400,2020-06-24 11:10:00,56.25,99.80
129N04400,2020-06-24 11:20:00,53.89,100.00
129N04400,2020-06-24 11:30:00,55.56,100.00
129N04400,2020-06-24 11:40:00,55.30,100.00
129N04400,2020-06-24 11:50:00,53.66,83.20
129N04400,2020-06-24 12:00:00,60.20,100.00
129N04400,2020-06-24 12:10:00,56.76,97.20
129N04400,2020-06-24 12:20:00,55.46,100.00
129N04400,2020-06-24 12:30:00,58.40,100.00
129N04400,2020-06-24 12:40:00,60.67,85.70
129N04400,2020-06-24 12:50:00,57.34,100.00
129N04400,2020-06-24 13:00:00,57.39,100.00
129N04400,2020-06-24 13:10:00,56.50,100.00
129N04400,2020-06-24 13:20:00,54.79,100.00
129N04400,2020-06-24 13:30:00,58.38,93.10
129N04400,2020-06-24 13:40:00,54.71,100.00
129N04400,2020-06-24 13:50:00,60.40,71.00
129N04400,2020-06-24 14:00:00,60.60,67.10
129N04400,2020-06-24 14:10:00,60.69,65.00
129N04400,2020-06-24 14:20:00,56.48,100.00
129N04400,2020-06-24 14:30:00,59.46,94.60
129N04400,2020-06-24 14:40:00,57.83,89.10
129N04400,2020-06-24 14:50:00,57.90,100.00
129N04400,2020-06-24 15:00:00,54.67,100.00
129N04400,2020-06-24 15:10:00,54.77,100.00
129N04400,2020-06-24 15:20:00,55.13,100.00
129N04400,2020-06-24 15:30:00,54.85,92.50
129N04400,2020-06-24 15:40:00,56.77,100.00
129N04400,2020-06-24 15:50:00,60.99,77.67
129N04400,2020-06-24 16:00:00,55.14,98.10
129N04400,2020-06-24 16:10:00,60.29,97.90
129N04400,2020-06-24 16:20:00,58.93,92.50
129N04400,2020-06-24 16:30:00,55.98,100.00
129N04400,2020-06-24 16:40:00,59.04,84.40
129N04400,2020-06-24 16:50:00,59.50,95.10
129N04400,2020-06-24 17:00:00,58.77,95.50
129N04400,2020-06-24 17:10:00,56.78,99.20
129N04400,2020-06-24 17:20:00,65.63,62.30
129N04400,2020-06-24 17:30:00,59.47,94.20
129N04400,2020-06-24 17:40:00,58.30,92.30
129N04400,2020-06-24 17:50:00,59.94,94.70
129N04400,2020-06-24 18:00:00,58.19,91.40
129N04400,2020-06-24 18:10:00,59.19,98.50
129N04400,2020-06-24 18:20:00,58.85,97.10
129N04400,2020-06-24 18:30:00,61.68,81.10
129N04400,2020-06-24 18:40:00,61.28,97.10
129N04400,2020-06-24 18:50:00,59.88,98.40
129N04400,2020-06-24 19:00:00,58.49,95.10
129N04400,2020-06-24 19:10:00,60.76,95.90
129N04400,2020-06-24 19:20:00,67.00,45.10
129N04400,2020-06-24 19:30:00,60.02,89.63
129N04400,2020-06-24 19:40:00,64.76,57.80
129N04400,2020-06-24 19:50:00,58.20,100.00
129N04400,2020-06-24 20:00:00,59.86,100.00
129N04400,2020-06-24 20:10:00,53.93,74.33
129N04400,2020-06-24 20:20:00,59.86,98.10
129N04400,2020-06-24 20:30:00,60.59,94.20
129N04400,2020-06-24 20:40:00,59.25,96.50
129N04400,2020-06-24 20:50:00,56.18,100.00
129N04400,2020-06-24 21:00:00,55.00,100.00
129N04400,2020-06-24 21:10:00,59.57,84.38
129N04400,2020-06-24 21:20:00,53.52,96.60
129N04400,2020-06-24 21:30:00,55.85,100.00
129N04400,2020-06-24 21:40:00,53.34,100.00
129N04400,2020-06-24 21:50:00,50.00,100.00
129N04400,2020-06-24 22:00:00,55.46,100.00
129N04400,2020-06-24 22:10:00,53.00,100.00
129N04400,2020-06-24 22:20:00,,
129N04400,2020-06-24 22:30:00,60.00,98.00
129N04400,2020-06-24 22:40:00,60.00,89.70
129N04400,2020-06-24 22:50:00,58.98,96.00
129N04400,2020-06-24 23:00:00,60.90,89.40
129N04400,2020-06-24 23:10:00,60.00,97.00
129N04400,2020-06-24 23:20:00,,
129N04400,2020-06-24 23:30:00,,
129N04400,2020-06-24 23:40:00,,
129N04400,2020-06-24 23:50:00,,
129N04642,2020-06-24 00:00:00,61.00,95.20
129N04642,2020-06-24 00:10:00,61.00,99.80
129N04642,2020-06-24 00:20:00,59.03,8.00
129N04642,2020-06-24 00:30:00,61.16,26.43
129N04642,2020-06-24 00:40:00,,
129N04642,2020-06-24 00:50:00,30.00,
129N04642,2020-06-24 01:00:00,39.07,28.00
129N04642,2020-06-24 01:10:00,56.00,46.00
129N04642,2020-06-24 01:20:00,,
129N04642,2020-06-24 01:30:00,32.68,46.00
129N04642,2020-06-24 01:40:00,59.00,92.80
129N04642,2020-06-24 01:50:00,60.93,94.00
129N04642,2020-06-24 02:00:00,,
129N04642,2020-06-24 02:10:00,42.01,
129N04642,2020-06-24 02:20:00,55.81,89.50
129N04642,2020-06-24 02:30:00,65.00,97.33
129N04642,2020-06-24 02:40:00,,
129N04642,2020-06-24 02:50:00,59.78,92.20
129N04642,2020-06-24 03:00:00,59.00,87.40
129N04642,2020-06-24 03:10:00,71.00,94.80
129N04642,2020-06-24 03:20:00,71.00,95.29
129N04642,2020-06-24 03:30:00,69.00,70.00
129N04642,2020-06-24 03:40:00,63.00,11.00
129N04642,2020-06-24 03:50:00,63.00,29.00
129N04642,2020-06-24 04:00:00,69.00,70.25
129N04642,2020-06-24 04:10:00,69.00,86.00
129N04642,2020-06-24 04:20:00,66.61,49.88
129N04642,2020-06-24 04:30:00,65.56,37.20
129N04642,2020-06-24 04:40:00,75.29,61.80
129N04642,2020-06-24 04:50:00,72.54,85.70
129N04642,2020-06-24 05:00:00,68.52,98.30
129N04642,2020-06-24 05:10:00,69.96,95.50
129N04642,2020-06-24 05:20:00,70.10,83.70
129N04642,2020-06-24 05:30:00,69.30,93.40
129N04642,2020-06-24 05:40:00,69.17,91.60
129N04642,2020-06-24 05:50:00,68.38,100.00
129N04642,2020-06-24 06:00:00,69.58,100.00
129N04642,2020-06-24 06:10:00,69.19,100.00
129N04642,2020-06-24 06:20:00,63.53,100.00
129N04642,2020-06-24 06:30:00,63.59,100.00
129N04642,2020-06-24 06:40:00,66.59,100.00
129N04642,2020-06-24 06:50:00,66.96,100.00
129N04642,2020-06-24 07:00:00,64.78,100.00
129N04642,2020-06-24 07:10:00,68.11,92.10
129N04642,2020-06-24 07:20:00,66.12,99.30
129N04642,2020-06-24 07:30:00,66.48,84.10
129N04642,2020-06-24 07:40:00,67.58,100.00
129N04642,2020-06-24 07:50:00,68.93,100.00
129N04642,2020-06-24 08:00:00,69.70,100.00
129N04642,2020-06-24 08:10:00,67.97,100.00
129N04642,2020-06-24 08:20:00,65.49,99.30
129N04642,2020-06-24 08:30:00,61.87,73.90
129N04642,2020-06-24 08:40:00,68.32,95.70
129N04642,2020-06-24 08:50:00,67.73,97.30
129N04642,2020-06-24 09:00:00,67.19,93.30
129N04642,2020-06-24 09:10:00,64.53,98.40
129N04642,2020-06-24 09:20:00,65.92,100.00
129N04642,2020-06-24 09:30:00,62.79,100.00
129N04642,2020-06-24 09:40:00,63.84,85.60
129N04642,2020-06-24 09:50:00,64.15,100.00
129N04642,2020-06-24 10:00:00,67.39,92.40
129N04642,2020-06-24 10:10:00,68.95,98.30
129N04642,2020-06-24 10:20:00,64.79,99.90
129N04642,2020-06-24 10:30:00,70.65,91.30
129N04642,2020-06-24 10:40:00,71.60,81.00
129N04642,2020-06-24 10:50:00,69.37,100.00
129N04642,2020-06-24 11:00:00,67.15,94.00
129N04642,2020-06-24 11:10:00,63.77,99.70
129N04642,2020-06-24 11:20:00,68.59,99.90
129N04642,2020-06-24 11:30:00,64.93,99.60
129N04642,2020-06-24 11:40:00,65.94,100.00
129N04642,2020-06-24 11:50:00,64.11,100.00
129N04642,2020-06-24 12:00:00,63.76,99.60
129N04642,2020-06-24 12:10:00,65.35,96.40
129N04642,2020-06-24 12:20:00,68.19,94.60
129N04642,2020-06-24 12:30:00,67.39,91.80
129N04642,2020-06-24 12:40:00,67.78,98.80
129N04642,2020-06-24 12:50:00,69.09,90.00
129N04642,2020-06-24 13:00:00,66.37,100.00
129N04642,2020-06-24 13:10:00,64.05,99.90
129N04642,2020-06-24 13:20:00,67.37,97.70
129N04642,2020-06-24 13:30:00,67.55,100.00
129N04642,2020-06-24 13:40:00,66.98,86.90
129N04642,2020-06-24 13:50:00,64.56,97.80
129N04642,2020-06-24 14:00:00,64.03,95.10
129N04642,2020-06-24 14:10:00,70.58,78.70
129N04642,2020-06-24 14:20:00,68.19,99.70
129N04642,2020-06-24 14:30:00,68.56,100.00
129N04642,2020-06-24 14:40:00,68.97,97.80
129N04642,2020-06-24 14:50:00,70.16,98.30
129N04642,2020-06-24 15:00:00,67.35,99.20
129N04642,2020-06-24 15:10:00,71.56,87.60
129N04642,2020-06-24 15:20:00,67.28,96.70
129N04642,2020-06-24 15:30:00,66.16,100.00
129N04642,2020-06-24 15:40:00,70.38,100.00
129N04642,2020-06-24 15:50:00,71.99,86.40
129N04642,2020-06-24 16:00:00,69.93,77.40
129N04642,2020-06-24 16:10:00,67.15,99.30
129N04642,2020-06-24 16:20:00,68.08,99.70
129N04642,2020-06-24 16:30:00,71.18,96.90
129N04642,2020-06-24 16:40:00,63.19,97.20
129N04642,2020-06-24 16:50:00,69.63,79.20
129N04642,2020-06-24 17:00:00,68.72,69.40
129N04642,2020-06-24 17:10:00,68.97,89.90
129N04642,2020-06-24 17:20:00,70.58,96.50
129N04642,2020-06-24 17:30:00,65.29,92.10
129N04642,2020-06-24 17:40:00,68.08,94.00
129N04642,2020-06-24 17:50:00,67.77,97.70
129N04642,2020-06-24 18:00:00,65.66,86.90
129N04642,2020-06-24 18:10:00,61.85,93.00
129N04642,2020-06-24 18:20:00,69.38,70.40
129N04642,2020-06-24 18:30:00,68.35,97.90
129N04642,2020-06-24 18:40:00,69.56,100.00
129N04642,2020-06-24 18:50:00,73.14,80.60
129N04642,2020-06-24 19:00:00,69.53,96.20
129N04642,2020-06-24 19:10:00,64.79,100.00
129N04642,2020-06-24 19:20:00,61.59,100.00
129N04642,2020-06-24 19:30:00,61.07,76.10
129N04642,2020-06-24 19:40:00,68.29,54.90
129N04642,2020-06-24 19:50:00,69.45,71.90
129N04642,2020-06-24 20:00:00,65.97,100.00
129N04642,2020-06-24 20:10:00,67.00,100.00
129N04642,2020-06-24 20:20:00,71.90,69.10
129N04642,2020-06-24 20:30:00,71.93,72.56
129N04642,2020-06-24 20:40:00,61.00,100.00
129N04642,2020-06-24 20:50:00,62.58,99.90
129N04642,2020-06-24 21:00:00,65.19,98.30
129N04642,2020-06-24 21:10:00,64.18,100.00
129N04642,2020-06-24 21:20:00,61.78,100.00
129N04642,2020-06-24 21:30:00,71.00,100.00
129N04642,2020-06-24 21:40:00,72.70,80.90
129N04642,2020-06-24 21:50:00,71.59,38.90
129N04642,2020-06-24 22:00:00,68.64,58.10
129N04642,2020-06-24 22:10:00,60.85,99.80
129N04642,2020-06-24 22:20:00,68.16,98.20
129N04642,2020-06-24 22:30:00,65.00,99.20
129N04642,2020-06-24 22:40:00,71.53,98.57
129N04642,2020-06-24 22:50:00,65.08,99.90
129N04642,2020-06-24 23:00:00,55.00,61.75
129N04642,2020-06-24 23:10:00,59.00,79.67
129N04642,2020-06-24 23:20:00,58.13,89.71
129N04642,2020-06-24 23:30:00,57.00,95.67
129N04642,2020-06-24 23:40:00,59.00,99.00
129N04642,2020-06-24 23:50:00,59.00,93.10
129N04401,2020-06-24 00:00:00,79.00,53.00
129N04401,2020-06-24 00:10:00,73.00,73.00
129N04401,2020-06-24 00:20:00,73.00,94.44
129N04401,2020-06-24 00:30:00,,
129N04401,2020-06-24 00:40:00,65.00,
129N04401,2020-06-24 00:50:00,65.00,
129N04401,2020-06-24 01:00:00,65.00,
129N04401,2020-06-24 01:10:00,65.00,
129N04401,2020-06-24 01:20:00,65.00,100.00
129N04401,2020-06-24 01:30:00,65.00,100.00
129N04401,2020-06-24 01:40:00,,
129N04401,2020-06-24 01:50:00,63.00,
129N04401,2020-06-24 02:00:00,59.41,
129N04401,2020-06-24 02:10:00,56.93,
129N04401,2020-06-24 02:20:00,53.00,
129N04401,2020-06-24 02:30:00,50.86,
129N04401,2020-06-24 02:40:00,50.20,
129N04401,2020-06-24 02:50:00,51.00,
129N04401,2020-06-24 03:00:00,51.70,
129N04401,2020-06-24 03:10:00,54.93,100.00
129N04401,2020-06-24 03:20:00,60.00,100.00
129N04401,2020-06-24 03:30:00,65.00,90.80
129N04401,2020-06-24 03:40:00,65.00,94.00
129N04401,2020-06-24 03:50:00,67.22,90.13
129N04401,2020-06-24 04:00:00,43.10,45.22
129N04401,2020-06-24 04:10:00,5.00,
129N04401,2020-06-24 04:20:00,,
129N04401,2020-06-24 04:30:00,35.00,
129N04401,2020-06-24 04:40:00,23.99,35.50
129N04401,2020-06-24 04:50:00,68.88,69.60
129N04401,2020-06-24 05:00:00,67.65,93.30
129N04401,2020-06-24 05:10:00,71.94,89.20
129N04401,2020-06-24 05:20:00,68.33,98.60
129N04401,2020-06-24 05:30:00,68.40,93.00
129N04401,2020-06-24 05:40:00,72.75,81.50
129N04401,2020-06-24 05:50:00,75.34,62.30
129N04401,2020-06-24 06:00:00,69.96,100.00
129N04401,2020-06-24 06:10:00,67.98,100.00
129N04401,2020-06-24 06:20:00,69.87,100.00
129N04401,2020-06-24 06:30:00,69.58,100.00
129N04401,2020-06-24 06:40:00,70.19,100.00
129N04401,2020-06-24 06:50:00,68.02,100.00
129N04401,2020-06-24 07:00:00,68.69,100.00
129N04401,2020-06-24 07:10:00,69.86,97.10
129N04401,2020-06-24 07:20:00,69.03,100.00
129N04401,2020-06-24 07:30:00,68.15,100.00
129N04401,2020-06-24 07:40:00,69.05,100.00
129N04401,2020-06-24 07:50:00,70.05,93.60
129N04401,2020-06-24 08:00:00,74.19,62.90
129N04401,2020-06-24 08:10:00,69.65,97.70
129N04401,2020-06-24 08:20:00,69.54,96.00
129N04401,2020-06-24 08:30:00,72.06,92.40
129N04401,2020-06-24 08:40:00,68.16,98.40
129N04401,2020-06-24 08:50:00,69.30,100.00
129N04401,2020-06-24 09:00:00,70.17,97.20
129N04401,2020-06-24 09:10:00,69.69,99.60
129N04401,2020-06-24 09:20:00,68.00,100.00
129N04401,2020-06-24 09:30:00,67.70,100.00
129N04401,2020-06-24 09:40:00,68.38,100.00
129N04401,2020-06-24 09:50:00,70.20,97.00
129N04401,2020-06-24 10:00:00,67.72,100.00
129N04401,2020-06-24 10:10:00,66.06,96.20
129N04401,2020-06-24 10:20:00,63.17,83.90
129N04401,2020-06-24 10:30:00,66.37,100.00
129N04401,2020-06-24 10:40:00,68.99,100.00
129N04401,2020-06-24 10:50:00,67.15,100.00
129N04401,2020-06-24 11:00:00,67.98,100.00
129N04401,2020-06-24 11:10:00,67.28,100.00
129N04401,2020-06-24 11:20:00,65.70,100.00
129N04401,2020-06-24 11:30:00,64.27,100.00
129N04401,2020-06-24 11:40:00,66.38,100.00
129N04401,2020-06-24 11:50:00,70.58,60.30
129N04401,2020-06-24 12:00:00,71.31,67.50
129N04401,2020-06-24 12:10:00,66.79,100.00
129N04401,2020-06-24 12:20:00,66.90,100.00
129N04401,2020-06-24 12:30:00,66.79,100.00
129N04401,2020-06-24 12:40:00,66.73,97.00
129N04401,2020-06-24 12:50:00,67.66,100.00
129N04401,2020-06-24 13:00:00,63.90,100.00
129N04401,2020-06-24 13:10:00,65.00,100.00
129N04401,2020-06-24 13:20:00,67.34,100.00
129N04401,2020-06-24 13:30:00,65.68,100.00
129N04401,2020-06-24 13:40:00,65.30,100.00
129N04401,2020-06-24 13:50:00,68.47,82.90
129N04401,2020-06-24 14:00:00,66.59,81.60
129N04401,2020-06-24 14:10:00,68.21,83.40
129N04401,2020-06-24 14:20:00,68.87,100.00
129N04401,2020-06-24 14:30:00,69.08,97.40
129N04401,2020-06-24 14:40:00,64.58,90.20
129N04401,2020-06-24 14:50:00,67.03,100.00
129N04401,2020-06-24 15:00:00,69.79,100.00
129N04401,2020-06-24 15:10:00,60.81,91.10
129N04401,2020-06-24 15:20:00,61.76,91.50
129N04401,2020-06-24 15:30:00,64.02,100.00
129N04401,2020-06-24 15:40:00,61.54,100.00
129N04401,2020-06-24 15:50:00,64.84,53.43
129N04401,2020-06-24 16:00:00,66.76,100.00
129N04401,2020-06-24 16:10:00,69.89,95.50
129N04401,2020-06-24 16:20:00,68.79,95.70
129N04401,2020-06-24 16:30:00,63.94,100.00
129N04401,2020-06-24 16:40:00,70.68,73.60
129N04401,2020-06-24 16:50:00,69.57,90.50
129N04401,2020-06-24 17:00:00,65.79,100.00
129N04401,2020-06-24 17:10:00,65.59,100.00
129N04401,2020-06-24 17:20:00,64.68,90.50
129N04401,2020-06-24 17:30:00,67.16,100.00
129N04401,2020-06-24 17:40:00,69.26,83.50
129N04401,2020-06-24 17:50:00,72.65,59.00
129N04401,2020-06-24 18:00:00,70.59,88.60
129N04401,2020-06-24 18:10:00,68.66,100.00
129N04401,2020-06-24 18:20:00,67.68,100.00
129N04401,2020-06-24 18:30:00,69.97,99.10
129N04401,2020-06-24 18:40:00,72.85,79.10
129N04401,2020-06-24 18:50:00,72.35,82.40
129N04401,2020-06-24 19:00:00,72.34,86.30
129N04401,2020-06-24 19:10:00,67.38,100.00
129N04401,2020-06-24 19:20:00,71.00,100.00
129N04401,2020-06-24 19:30:00,70.00,100.00
129N04401,2020-06-24 19:40:00,73.87,73.40
129N04401,2020-06-24 19:50:00,71.88,95.80
129N04401,2020-06-24 20:00:00,69.00,100.00
129N04401,2020-06-24 20:10:00,63.51,100.00
129N04401,2020-06-24 20:20:00,64.71,100.00
129N04401,2020-06-24 20:30:00,68.35,90.80
129N04401,2020-06-24 20:40:00,67.86,93.60
129N04401,2020-06-24 20:50:00,66.16,100.00
129N04401,2020-06-24 21:00:00,30.00,40.00
129N04401,2020-06-24 21:10:00,45.95,68.13
129N04401,2020-06-24 21:20:00,55.50,90.10
129N04401,2020-06-24 21:30:00,62.59,98.88
129N04401,2020-06-24 21:40:00,59.49,100.00
129N04401,2020-06-24 21:50:00,57.00,100.00
129N04401,2020-06-24 22:00:00,59.00,100.00
129N04401,2020-06-24 22:10:00,59.00,100.00
129N04401,2020-06-24 22:20:00,,
129N04401,2020-06-24 22:30:00,55.00,
129N04401,2020-06-24 22:40:00,55.00,
129N04401,2020-06-24 22:50:00,57.01,100.00
129N04401,2020-06-24 23:00:00,70.30,70.40
129N04401,2020-06-24 23:10:00,71.00,94.67
129N04401,2020-06-24 23:20:00,,
129N04401,2020-06-24 23:30:00,65.00,
129N04401,2020-06-24 23:40:00,65.00,
129N04401,2020-06-24 23:50:00,65.00,
129N04643,2020-06-24 00:00:00,59.00,85.14
129N04643,2020-06-24 00:10:00,59.00,91.00
129N04643,2020-06-24 00:20:00,54.74,71.60
129N04643,2020-06-24 00:30:00,60.71,85.14
129N04643,2020-06-24 00:40:00,,
129N04643,2020-06-24 00:50:00,48.00,
129N04643,2020-06-24 01:00:00,53.96,99.29
129N04643,2020-06-24 01:10:00,57.00,98.80
129N04643,2020-06-24 01:20:00,,
129N04643,2020-06-24 01:30:00,60.00,99.00
129N04643,2020-06-24 01:40:00,61.29,100.00
129N04643,2020-06-24 01:50:00,63.00,93.00
129N04643,2020-06-24 02:00:00,,
129N04643,2020-06-24 02:10:00,,
129N04643,2020-06-24 02:20:00,63.00,64.80
129N04643,2020-06-24 02:30:00,63.00,87.00
129N04643,2020-06-24 02:40:00,71.00,52.75
129N04643,2020-06-24 02:50:00,61.19,73.50
129N04643,2020-06-24 03:00:00,,
129N04643,2020-06-24 03:10:00,71.00,54.67
129N04643,2020-06-24 03:20:00,71.00,70.00
129N04643,2020-06-24 03:30:00,71.00,88.00
129N04643,2020-06-24 03:40:00,63.00,41.00
129N04643,2020-06-24 03:50:00,63.00,44.63
129N04643,2020-06-24 04:00:00,75.00,28.75
129N04643,2020-06-24 04:10:00,68.88,88.22
129N04643,2020-06-24 04:20:00,66.35,91.90
129N04643,2020-06-24 04:30:00,64.11,80.50
129N04643,2020-06-24 04:40:00,73.55,49.20
129N04643,2020-06-24 04:50:00,77.62,57.80
129N04643,2020-06-24 05:00:00,67.96,98.60
129N04643,2020-06-24 05:10:00,69.50,98.30
129N04643,2020-06-24 05:20:00,69.50,100.00
129N04643,2020-06-24 05:30:00,67.19,100.00
129N04643,2020-06-24 05:40:00,66.99,100.00
129N04643,2020-06-24 05:50:00,67.39,100.00
129N04643,2020-06-24 06:00:00,68.99,100.00
129N04643,2020-06-24 06:10:00,68.59,100.00
129N04643,2020-06-24 06:20:00,63.97,100.00
129N04643,2020-06-24 06:30:00,63.19,100.00
129N04643,2020-06-24 06:40:00,62.59,100.00
129N04643,2020-06-24 06:50:00,66.15,100.00
129N04643,2020-06-24 07:00:00,66.52,100.00
129N04643,2020-06-24 07:10:00,69.18,93.40
129N04643,2020-06-24 07:20:00,67.18,100.00
129N04643,2020-06-24 07:30:00,67.38,99.30
129N04643,2020-06-24 07:40:00,66.59,100.00
129N04643,2020-06-24 07:50:00,67.16,92.10
129N04643,2020-06-24 08:00:00,67.39,100.00
129N04643,2020-06-24 08:10:00,65.76,100.00
129N04643,2020-06-24 08:20:00,66.54,100.00
129N04643,2020-06-24 08:30:00,65.41,100.00
129N04643,2020-06-24 08:40:00,69.54,100.00
129N04643,2020-06-24 08:50:00,67.55,100.00
129N04643,2020-06-24 09:00:00,66.33,100.00
129N04643,2020-06-24 09:10:00,64.18,100.00
129N04643,2020-06-24 09:20:00,64.58,100.00
129N04643,2020-06-24 09:30:00,63.95,100.00
129N04643,2020-06-24 09:40:00,64.85,99.10
129N04643,2020-06-24 09:50:00,63.39,100.00
129N04643,2020-06-24 10:00:00,65.59,98.90
129N04643,2020-06-24 10:10:00,64.76,95.50
129N04643,2020-06-24 10:20:00,66.15,99.30
129N04643,2020-06-24 10:30:00,68.76,74.70
129N04643,2020-06-24 10:40:00,69.71,70.60
129N04643,2020-06-24 10:50:00,70.52,89.60
129N04643,2020-06-24 11:00:00,63.86,100.00
129N04643,2020-06-24 11:10:00,66.03,100.00
129N04643,2020-06-24 11:20:00,68.78,100.00
129N04643,2020-06-24 11:30:00,65.69,96.50
129N04643,2020-06-24 11:40:00,64.96,100.00
129N04643,2020-06-24 11:50:00,66.30,100.00
129N04643,2020-06-24 12:00:00,66.16,100.00
129N04643,2020-06-24 12:10:00,67.67,100.00
129N04643,2020-06-24 12:20:00,69.58,95.00
129N04643,2020-06-24 12:30:00,65.15,99.60
129N04643,2020-06-24 12:40:00,66.33,97.40
129N04643,2020-06-24 12:50:00,67.35,86.80
129N04643,2020-06-24 13:00:00,65.98,100.00
129N04643,2020-06-24 13:10:00,71.47,95.60
129N04643,2020-06-24 13:20:00,66.35,100.00
129N04643,2020-06-24 13:30:00,71.79,87.10
129N04643,2020-06-24 13:40:00,71.47,96.30
129N04643,2020-06-24 13:50:00,64.69,100.00
129N04643,2020-06-24 14:00:00,63.72,95.40
129N04643,2020-06-24 14:10:00,68.84,90.90
129N04643,2020-06-24 14:20:00,69.00,100.00
129N04643,2020-06-24 14:30:00,67.94,100.00
129N04643,2020-06-24 14:40:00,68.12,100.00
129N04643,2020-06-24 14:50:00,70.16,94.40
129N04643,2020-06-24 15:00:00,68.78,100.00
129N04643,2020-06-24 15:10:00,68.17,100.00
129N04643,2020-06-24 15:20:00,68.36,99.60
129N04643,2020-06-24 15:30:00,68.74,100.00
129N04643,2020-06-24 15:40:00,71.39,100.00
129N04643,2020-06-24 15:50:00,69.89,99.80
129N04643,2020-06-24 16:00:00,66.10,98.80
129N04643,2020-06-24 16:10:00,68.96,99.00
129N04643,2020-06-24 16:20:00,70.32,100.00
129N04643,2020-06-24 16:30:00,71.20,96.40
129N04643,2020-06-24 16:40:00,65.82,100.00
129N04643,2020-06-24 16:50:00,67.90,95.70
129N04643,2020-06-24 17:00:00,73.09,74.10
129N04643,2020-06-24 17:10:00,71.01,88.80
129N04643,2020-06-24 17:20:00,69.00,98.60
129N04643,2020-06-24 17:30:00,65.98,96.50
129N04643,2020-06-24 17:40:00,65.48,93.10
129N04643,2020-06-24 17:50:00,68.33,94.00
129N04643,2020-06-24 18:00:00,65.79,94.50
129N04643,2020-06-24 18:10:00,62.76,93.70
129N04643,2020-06-24 18:20:00,68.76,89.00
129N04643,2020-06-24 18:30:00,68.95,100.00
129N04643,2020-06-24 18:40:00,69.34,84.50
129N04643,2020-06-24 18:50:00,72.37,90.60
129N04643,2020-06-24 19:00:00,69.19,98.70
129N04643,2020-06-24 19:10:00,68.28,100.00
129N04643,2020-06-24 19:20:00,64.12,100.00
129N04643,2020-06-24 19:30:00,63.79,100.00
129N04643,2020-06-24 19:40:00,72.24,47.60
129N04643,2020-06-24 19:50:00,69.43,84.30
129N04643,2020-06-24 20:00:00,63.40,97.50
129N04643,2020-06-24 20:10:00,67.29,97.70
129N04643,2020-06-24 20:20:00,60.39,100.00
129N04643,2020-06-24 20:30:00,59.78,93.20
129N04643,2020-06-24 20:40:00,62.16,100.00
129N04643,2020-06-24 20:50:00,68.12,100.00
129N04643,2020-06-24 21:00:00,61.27,95.30
129N04643,2020-06-24 21:10:00,63.79,100.00
129N04643,2020-06-24 21:20:00,65.00,100.00
129N04643,2020-06-24 21:30:00,65.00,87.50
129N04643,2020-06-24 21:40:00,66.77,62.60
129N04643,2020-06-24 21:50:00,64.33,91.50
129N04643,2020-06-24 22:00:00,65.73,81.30
129N04643,2020-06-24 22:10:00,61.49,95.80
129N04643,2020-06-24 22:20:00,62.68,99.70
129N04643,2020-06-24 22:30:00,67.00,99.80
129N04643,2020-06-24 22:40:00,69.58,62.25
129N04643,2020-06-24 22:50:00,64.50,74.50
129N04643,2020-06-24 23:00:00,56.00,39.50
129N04643,2020-06-24 23:10:00,57.00,45.30
129N04643,2020-06-24 23:20:00,57.84,76.57
129N04643,2020-06-24 23:30:00,59.00,94.17
129N04643,2020-06-24 23:40:00,56.00,97.00
129N04643,2020-06-24 23:50:00,59.63,90.00
129N04640,2020-06-24 00:00:00,62.79,73.86
129N04640,2020-06-24 00:10:00,62.78,92.67
129N04640,2020-06-24 00:20:00,62.25,89.50
129N04640,2020-06-24 00:30:00,59.36,64.60
129N04640,2020-06-24 00:40:00,58.00,66.67
129N04640,2020-06-24 00:50:00,,
129N04640,2020-06-24 01:00:00,,
129N04640,2020-06-24 01:10:00,59.00,83.00
129N04640,2020-06-24 01:20:00,,
129N04640,2020-06-24 01:30:00,,
129N04640,2020-06-24 01:40:00,63.00,89.67
129N04640,2020-06-24 01:50:00,63.00,92.33
129N04640,2020-06-24 02:00:00,,
129N04640,2020-06-24 02:10:00,,
129N04640,2020-06-24 02:20:00,15.00,13.00
129N04640,2020-06-24 02:30:00,30.18,58.60
129N04640,2020-06-24 02:40:00,39.26,30.17
129N04640,2020-06-24 02:50:00,71.00,28.40
129N04640,2020-06-24 03:00:00,62.00,71.00
129N04640,2020-06-24 03:10:00,75.00,55.50
129N04640,2020-06-24 03:20:00,75.00,69.80
129N04640,2020-06-24 03:30:00,68.50,88.50
129N04640,2020-06-24 03:40:00,67.24,75.40
129N04640,2020-06-24 03:50:00,61.00,46.00
129N04640,2020-06-24 04:00:00,70.72,77.78
129N04640,2020-06-24 04:10:00,73.99,59.00
129N04640,2020-06-24 04:20:00,67.32,72.40
129N04640,2020-06-24 04:30:00,63.10,74.40
129N04640,2020-06-24 04:40:00,65.43,74.56
129N04640,2020-06-24 04:50:00,72.12,69.30
129N04640,2020-06-24 05:00:00,72.73,67.00
129N04640,2020-06-24 05:10:00,69.90,94.60
129N04640,2020-06-24 05:20:00,72.65,95.70
129N04640,2020-06-24 05:30:00,69.89,100.00
129N04640,2020-06-24 05:40:00,71.52,100.00
129N04640,2020-06-24 05:50:00,72.07,100.00
129N04640,2020-06-24 06:00:00,70.34,100.00
129N04640,2020-06-24 06:10:00,70.19,100.00
129N04640,2020-06-24 06:20:00,66.79,100.00
129N04640,2020-06-24 06:30:00,64.38,100.00
129N04640,2020-06-24 06:40:00,67.89,100.00
129N04640,2020-06-24 06:50:00,69.99,100.00
129N04640,2020-06-24 07:00:00,67.15,100.00
129N04640,2020-06-24 07:10:00,68.74,92.10
129N04640,2020-06-24 07:20:00,70.08,94.30
129N04640,2020-06-24 07:30:00,67.36,96.60
129N04640,2020-06-24 07:40:00,71.59,96.30
129N04640,2020-06-24 07:50:00,67.07,99.60
129N04640,2020-06-24 08:00:00,69.35,99.40
129N04640,2020-06-24 08:10:00,68.47,100.00
129N04640,2020-06-24 08:20:00,65.29,100.00
129N04640,2020-06-24 08:30:00,67.26,100.00
129N04640,2020-06-24 08:40:00,68.36,100.00
129N04640,2020-06-24 08:50:00,67.70,88.50
129N04640,2020-06-24 09:00:00,72.18,71.80
129N04640,2020-06-24 09:10:00,68.51,88.10
129N04640,2020-06-24 09:20:00,66.28,98.50
129N04640,2020-06-24 09:30:00,65.30,100.00
129N04640,2020-06-24 09:40:00,64.81,98.90
129N04640,2020-06-24 09:50:00,70.58,98.80
129N04640,2020-06-24 10:00:00,67.79,99.90
129N04640,2020-06-24 10:10:00,67.80,99.70
129N04640,2020-06-24 10:20:00,63.65,100.00
129N04640,2020-06-24 10:30:00,64.27,99.20
129N04640,2020-06-24 10:40:00,69.31,74.90
129N04640,2020-06-24 10:50:00,70.39,72.00
129N04640,2020-06-24 11:00:00,67.61,84.20
129N04640,2020-06-24 11:10:00,65.89,99.90
129N04640,2020-06-24 11:20:00,66.59,100.00
129N04640,2020-06-24 11:30:00,66.00,99.80
129N04640,2020-06-24 11:40:00,67.82,98.40
129N04640,2020-06-24 11:50:00,66.05,99.60
129N04640,2020-06-24 12:00:00,63.39,100.00
129N04640,2020-06-24 12:10:00,68.48,83.60
129N04640,2020-06-24 12:20:00,63.37,100.00
129N04640,2020-06-24 12:30:00,66.67,95.60
129N04640,2020-06-24 12:40:00,66.88,94.40
129N04640,2020-06-24 12:50:00,70.49,98.10
129N04640,2020-06-24 13:00:00,68.59,99.80
129N04640,2020-06-24 13:10:00,65.47,99.50
129N04640,2020-06-24 13:20:00,66.93,99.50
129N04640,2020-06-24 13:30:00,65.26,100.00
129N04640,2020-06-24 13:40:00,68.82,89.60
129N04640,2020-06-24 13:50:00,64.77,100.00
129N04640,2020-06-24 14:00:00,62.78,98.70
129N04640,2020-06-24 14:10:00,72.77,59.10
129N04640,2020-06-24 14:20:00,70.77,80.80
129N04640,2020-06-24 14:30:00,68.45,100.00
129N04640,2020-06-24 14:40:00,68.16,100.00
129N04640,2020-06-24 14:50:00,67.68,98.20
129N04640,2020-06-24 15:00:00,65.09,98.70
129N04640,2020-06-24 15:10:00,68.46,93.60
129N04640,2020-06-24 15:20:00,68.50,91.00
129N04640,2020-06-24 15:30:00,67.71,96.50
129N04640,2020-06-24 15:40:00,68.88,100.00
129N04640,2020-06-24 15:50:00,68.59,100.00
129N04640,2020-06-24 16:00:00,69.29,99.60
129N04640,2020-06-24 16:10:00,66.30,99.70
129N04640,2020-06-24 16:20:00,65.40,98.40
129N04640,2020-06-24 16:30:00,66.18,100.00
129N04640,2020-06-24 16:40:00,63.93,100.00
129N04640,2020-06-24 16:50:00,68.56,83.40
129N04640,2020-06-24 17:00:00,71.28,98.00
129N04640,2020-06-24 17:10:00,73.60,76.00
129N04640,2020-06-24 17:20:00,69.10,98.00
129N04640,2020-06-24 17:30:00,68.59,98.70
129N04640,2020-06-24 17:40:00,67.19,99.20
129N04640,2020-06-24 17:50:00,71.41,90.20
129N04640,2020-06-24 18:00:00,72.02,81.10
129N04640,2020-06-24 18:10:00,67.17,99.90
129N04640,2020-06-24 18:20:00,69.17,88.20
129N04640,2020-06-24 18:30:00,70.62,98.90
129N04640,2020-06-24 18:40:00,71.99,99.70
129N04640,2020-06-24 18:50:00,72.76,98.30
129N04640,2020-06-24 19:00:00,73.05,97.40
129N04640,2020-06-24 19:10:00,65.63,98.00
129N04640,2020-06-24 19:20:00,63.23,80.40
129N04640,2020-06-24 19:30:00,65.00,100.00
129N04640,2020-06-24 19:40:00,66.09,89.50
129N04640,2020-06-24 19:50:00,65.43,94.60
129N04640,2020-06-24 20:00:00,66.58,100.00
129N04640,2020-06-24 20:10:00,66.59,100.00
129N04640,2020-06-24 20:20:00,71.59,69.20
129N04640,2020-06-24 20:30:00,78.15,25.90
129N04640,2020-06-24 20:40:00,62.37,44.78
129N04640,2020-06-24 20:50:00,62.94,83.90
129N04640,2020-06-24 21:00:00,66.04,95.90
129N04640,2020-06-24 21:10:00,62.69,99.40
129N04640,2020-06-24 21:20:00,59.90,100.00
129N04640,2020-06-24 21:30:00,65.00,100.00
129N04640,2020-06-24 21:40:00,68.10,66.40
129N04640,2020-06-24 21:50:00,67.66,75.71
129N04640,2020-06-24 22:00:00,66.05,90.90
129N04640,2020-06-24 22:10:00,60.34,99.90
129N04640,2020-06-24 22:20:00,66.09,99.40
129N04640,2020-06-24 22:30:00,67.59,99.90
129N04640,2020-06-24 22:40:00,67.16,100.00
129N04640,2020-06-24 22:50:00,,
129N04640,2020-06-24 23:00:00,,
129N04640,2020-06-24 23:10:00,62.87,61.30
129N04640,2020-06-24 23:20:00,57.00,66.89
129N04640,2020-06-24 23:30:00,,
129N04640,2020-06-24 23:40:00,,
129N04640,2020-06-24 23:50:00,63.64,56.60
129N04641,2020-06-24 00:00:00,17.00,79.75
129N04641,2020-06-24 00:10:00,17.00,89.25
129N04641,2020-06-24 00:20:00,17.00,81.67
129N04641,2020-06-24 00:30:00,17.00,96.30
129N04641,2020-06-24 00:40:00,,
129N04641,2020-06-24 00:50:00,,
129N04641,2020-06-24 01:00:00,10.00,
129N04641,2020-06-24 01:10:00,60.00,100.00
129N04641,2020-06-24 01:20:00,62.10,90.30
129N04641,2020-06-24 01:30:00,63.55,31.78
129N04641,2020-06-24 01:40:00,64.66,67.67
129N04641,2020-06-24 01:50:00,65.00,77.00
129N04641,2020-06-24 02:00:00,,
129N04641,2020-06-24 02:10:00,9.00,
129N04641,2020-06-24 02:20:00,14.63,32.80
129N04641,2020-06-24 02:30:00,40.70,72.22
129N04641,2020-06-24 02:40:00,48.00,22.60
129N04641,2020-06-24 02:50:00,25.45,33.33
129N04641,2020-06-24 03:00:00,16.26,33.80
129N04641,2020-06-24 03:10:00,39.16,49.83
129N04641,2020-06-24 03:20:00,69.00,56.25
129N04641,2020-06-24 03:30:00,69.00,64.00
129N04641,2020-06-24 03:40:00,66.11,64.67
129N04641,2020-06-24 03:50:00,70.00,73.00
129N04641,2020-06-24 04:00:00,71.17,93.80
129N04641,2020-06-24 04:10:00,74.49,77.25
129N04641,2020-06-24 04:20:00,73.00,99.14
129N04641,2020-06-24 04:30:00,73.00,99.60
129N04641,2020-06-24 04:40:00,64.10,57.00
129N04641,2020-06-24 04:50:00,69.70,67.10
129N04641,2020-06-24 05:00:00,69.61,86.10
129N04641,2020-06-24 05:10:00,69.09,96.90
129N04641,2020-06-24 05:20:00,65.56,88.70
129N04641,2020-06-24 05:30:00,69.42,96.20
129N04641,2020-06-24 05:40:00,72.59,98.20
129N04641,2020-06-24 05:50:00,71.86,100.00
129N04641,2020-06-24 06:00:00,74.59,98.30
129N04641,2020-06-24 06:10:00,70.76,100.00
129N04641,2020-06-24 06:20:00,68.53,100.00
129N04641,2020-06-24 06:30:00,66.68,100.00
129N04641,2020-06-24 06:40:00,67.77,99.10
129N04641,2020-06-24 06:50:00,71.85,97.70
129N04641,2020-06-24 07:00:00,69.94,97.20
129N04641,2020-06-24 07:10:00,65.89,98.70
129N04641,2020-06-24 07:20:00,65.65,100.00
129N04641,2020-06-24 07:30:00,66.25,92.70
129N04641,2020-06-24 07:40:00,63.74,98.00
129N04641,2020-06-24 07:50:00,69.39,99.00
129N04641,2020-06-24 08:00:00,71.15,96.10
129N04641,2020-06-24 08:10:00,68.56,99.40
129N04641,2020-06-24 08:20:00,63.99,98.80
129N04641,2020-06-24 08:30:00,62.10,97.40
129N04641,2020-06-24 08:40:00,70.40,87.40
129N04641,2020-06-24 08:50:00,67.91,90.20
129N04641,2020-06-24 09:00:00,71.27,86.90
129N04641,2020-06-24 09:10:00,66.39,97.30
129N04641,2020-06-24 09:20:00,65.29,100.00
129N04641,2020-06-24 09:30:00,67.15,99.00
129N04641,2020-06-24 09:40:00,67.21,99.70
129N04641,2020-06-24 09:50:00,68.97,92.60
129N04641,2020-06-24 10:00:00,67.19,97.90
129N04641,2020-06-24 10:10:00,66.92,96.60
129N04641,2020-06-24 10:20:00,62.50,100.00
129N04641,2020-06-24 10:30:00,62.09,100.00
129N04641,2020-06-24 10:40:00,62.13,100.00
129N04641,2020-06-24 10:50:00,64.68,99.20
129N04641,2020-06-24 11:00:00,62.98,100.00
129N04641,2020-06-24 11:10:00,63.77,100.00
129N04641,2020-06-24 11:20:00,58.47,100.00
129N04641,2020-06-24 11:30:00,59.48,100.00
129N04641,2020-06-24 11:40:00,62.42,100.00
129N04641,2020-06-24 11:50:00,63.67,94.30
129N04641,2020-06-24 12:00:00,62.18,98.40
129N04641,2020-06-24 12:10:00,70.19,63.80
129N04641,2020-06-24 12:20:00,67.59,100.00
129N04641,2020-06-24 12:30:00,69.04,84.80
129N04641,2020-06-24 12:40:00,70.27,86.10
129N04641,2020-06-24 12:50:00,71.99,82.30
129N04641,2020-06-24 13:00:00,67.88,100.00
129N04641,2020-06-24 13:10:00,62.67,100.00
129N04641,2020-06-24 13:20:00,59.33,100.00
129N04641,2020-06-24 13:30:00,48.20,63.50
129N04641,2020-06-24 13:40:00,65.58,100.00
129N04641,2020-06-24 13:50:00,57.58,89.20
129N04641,2020-06-24 14:00:00,53.66,90.40
129N04641,2020-06-24 14:10:00,62.02,48.90
129N04641,2020-06-24 14:20:00,65.11,74.10
129N04641,2020-06-24 14:30:00,64.02,100.00
129N04641,2020-06-24 14:40:00,67.28,100.00
129N04641,2020-06-24 14:50:00,59.48,71.30
129N04641,2020-06-24 15:00:00,60.52,74.70
129N04641,2020-06-24 15:10:00,67.62,90.20
129N04641,2020-06-24 15:20:00,72.00,84.00
129N04641,2020-06-24 15:30:00,67.63,99.70
129N04641,2020-06-24 15:40:00,67.35,100.00
129N04641,2020-06-24 15:50:00,67.73,99.00
129N04641,2020-06-24 16:00:00,70.79,84.40
129N04641,2020-06-24 16:10:00,66.47,99.40
129N04641,2020-06-24 16:20:00,69.08,97.20
129N04641,2020-06-24 16:30:00,69.49,99.70
129N04641,2020-06-24 16:40:00,66.76,100.00
129N04641,2020-06-24 16:50:00,63.61,85.00
129N04641,2020-06-24 17:00:00,73.00,57.10
129N04641,2020-06-24 17:10:00,72.47,73.20
129N04641,2020-06-24 17:20:00,69.79,98.30
129N04641,2020-06-24 17:30:00,65.33,98.20
129N04641,2020-06-24 17:40:00,66.86,96.80
129N04641,2020-06-24 17:50:00,71.47,88.20
129N04641,2020-06-24 18:00:00,73.30,94.30
129N04641,2020-06-24 18:10:00,72.90,99.50
129N04641,2020-06-24 18:20:00,69.63,92.90
129N04641,2020-06-24 18:30:00,68.15,98.50
129N04641,2020-06-24 18:40:00,69.52,99.60
129N04641,2020-06-24 18:50:00,73.09,99.20
129N04641,2020-06-24 19:00:00,71.90,83.10
129N04641,2020-06-24 19:10:00,66.38,100.00
129N04641,2020-06-24 19:20:00,66.49,100.00
129N04641,2020-06-24 19:30:00,67.60,100.00
129N04641,2020-06-24 19:40:00,64.39,100.00
129N04641,2020-06-24 19:50:00,74.65,79.60
129N04641,2020-06-24 20:00:00,70.64,90.30
129N04641,2020-06-24 20:10:00,64.26,100.00
129N04641,2020-06-24 20:20:00,73.25,64.20
129N04641,2020-06-24 20:30:00,78.09,72.56
129N04641,2020-06-24 20:40:00,57.00,21.20
129N04641,2020-06-24 20:50:00,57.00,65.70
129N04641,2020-06-24 21:00:00,60.16,100.00
129N04641,2020-06-24 21:10:00,60.40,100.00
129N04641,2020-06-24 21:20:00,60.29,76.88
129N04641,2020-06-24 21:30:00,61.00,71.67
129N04641,2020-06-24 21:40:00,60.79,100.00
129N04641,2020-06-24 21:50:00,58.47,100.00
129N04641,2020-06-24 22:00:00,64.38,83.70
129N04641,2020-06-24 22:10:00,60.19,100.00
129N04641,2020-06-24 22:20:00,61.29,100.00
129N04641,2020-06-24 22:30:00,62.00,100.00
129N04641,2020-06-24 22:40:00,61.50,100.00
129N04641,2020-06-24 22:50:00,61.00,100.00
129N04641,2020-06-24 23:00:00,61.64,92.11
129N04641,2020-06-24 23:10:00,56.43,73.00
129N04641,2020-06-24 23:20:00,55.03,70.40
129N04641,2020-06-24 23:30:00,57.00,92.50
129N04641,2020-06-24 23:40:00,57.00,99.50
129N04641,2020-06-24 23:50:00,52.95,84.00
129-04748,2020-06-24 00:00:00,56.14,57.50
129-04748,2020-06-24 00:10:00,52.00,45.30
129-04748,2020-06-24 00:20:00,,
129-04748,2020-06-24 00:30:00,56.00,89.40
129-04748,2020-06-24 00:40:00,55.66,100.00
129-04748,2020-06-24 00:50:00,,
129-04748,2020-06-24 01:00:00,50.32,89.78
129-04748,2020-06-24 01:10:00,48.97,88.60
129-04748,2020-06-24 01:20:00,43.98,68.00
129-04748,2020-06-24 01:30:00,48.57,96.80
129-04748,2020-06-24 01:40:00,45.66,84.00
129-04748,2020-06-24 01:50:00,,
129-04748,2020-06-24 02:00:00,46.24,
129-04748,2020-06-24 02:10:00,51.92,86.00
129-04748,2020-06-24 02:20:00,53.00,93.00
129-04748,2020-06-24 02:30:00,47.00,78.43
129-04748,2020-06-24 02:40:00,43.12,63.60
129-04748,2020-06-24 02:50:00,,
129-04748,2020-06-24 03:00:00,,
129-04748,2020-06-24 03:10:00,,
129-04748,2020-06-24 03:20:00,53.04,61.80
129-04748,2020-06-24 03:30:00,53.26,61.40
129-04748,2020-06-24 03:40:00,45.86,77.50
129-04748,2020-06-24 03:50:00,49.41,99.00
129-04748,2020-06-24 04:00:00,,
129-04748,2020-06-24 04:10:00,41.00,
129-04748,2020-06-24 04:20:00,54.11,91.29
129-04748,2020-06-24 04:30:00,59.75,88.00
129-04748,2020-06-24 04:40:00,60.14,88.50
129-04748,2020-06-24 04:50:00,60.14,86.50
129-04748,2020-06-24 05:00:00,67.09,42.20
129-04748,2020-06-24 05:10:00,64.84,83.80
129-04748,2020-06-24 05:20:00,66.46,81.40
129-04748,2020-06-24 05:30:00,55.63,100.00
129-04748,2020-06-24 05:40:00,56.23,91.10
129-04748,2020-06-24 05:50:00,54.04,90.40
129-04748,2020-06-24 06:00:00,57.78,97.30
129-04748,2020-06-24 06:10:00,53.09,100.00
129-04748,2020-06-24 06:20:00,50.43,100.00
129-04748,2020-06-24 06:30:00,45.92,100.00
129-04748,2020-06-24 06:40:00,44.37,100.00
129-04748,2020-06-24 06:50:00,49.04,100.00
129-04748,2020-06-24 07:00:00,50.09,100.00
129-04748,2020-06-24 07:10:00,51.99,100.00
129-04748,2020-06-24 07:20:00,49.44,100.00
129-04748,2020-06-24 07:30:00,54.33,95.00
129-04748,2020-06-24 07:40:00,48.49,100.00
129-04748,2020-06-24 07:50:00,51.79,100.00
129-04748,2020-06-24 08:00:00,49.68,100.00
129-04748,2020-06-24 08:10:00,50.14,100.00
129-04748,2020-06-24 08:20:00,50.53,100.00
129-04748,2020-06-24 08:30:00,52.85,97.10
129-04748,2020-06-24 08:40:00,54.95,100.00
129-04748,2020-06-24 08:50:00,52.80,95.10
129-04748,2020-06-24 09:00:00,50.83,96.00
129-04748,2020-06-24 09:10:00,44.98,100.00
129-04748,2020-06-24 09:20:00,47.81,100.00
129-04748,2020-06-24 09:30:00,46.42,100.00
129-04748,2020-06-24 09:40:00,38.00,100.00
129-04748,2020-06-24 09:50:00,37.65,100.00
129-04748,2020-06-24 10:00:00,47.56,87.90
129-04748,2020-06-24 10:10:00,44.95,95.90
129-04748,2020-06-24 10:20:00,42.86,99.60
129-04748,2020-06-24 10:30:00,50.00,100.00
129-04748,2020-06-24 10:40:00,45.91,100.00
129-04748,2020-06-24 10:50:00,46.08,100.00
129-04748,2020-06-24 11:00:00,43.08,93.90
129-04748,2020-06-24 11:10:00,41.39,89.80
129-04748,2020-06-24 11:20:00,47.10,95.50
129-04748,2020-06-24 11:30:00,55.87,100.00
129-04748,2020-06-24 11:40:00,45.25,100.00
129-04748,2020-06-24 11:50:00,35.48,100.00
129-04748,2020-06-24 12:00:00,40.64,100.00
129-04748,2020-06-24 12:10:00,41.84,100.00
129-04748,2020-06-24 12:20:00,45.36,100.00
129-04748,2020-06-24 12:30:00,44.55,100.00
129-04748,2020-06-24 12:40:00,41.25,100.00
129-04748,2020-06-24 12:50:00,49.50,75.10
129-04748,2020-06-24 13:00:00,48.63,90.80
129-04748,2020-06-24 13:10:00,49.13,100.00
129-04748,2020-06-24 13:20:00,46.03,100.00
129-04748,2020-06-24 13:30:00,41.84,100.00
129-04748,2020-06-24 13:40:00,44.14,100.00
129-04748,2020-06-24 13:50:00,45.30,91.30
129-04748,2020-06-24 14:00:00,41.84,100.00
129-04748,2020-06-24 14:10:00,46.97,100.00
129-04748,2020-06-24 14:20:00,43.98,100.00
129-04748,2020-06-24 14:30:00,46.85,100.00
129-04748,2020-06-24 14:40:00,44.39,100.00
129-04748,2020-06-24 14:50:00,49.47,100.00
129-04748,2020-06-24 15:00:00,53.67,68.90
129-04748,2020-06-24 15:10:00,47.47,89.20
129-04748,2020-06-24 15:20:00,45.07,99.80
129-04748,2020-06-24 15:30:00,43.62,88.50
129-04748,2020-06-24 15:40:00,33.65,100.00
129-04748,2020-06-24 15:50:00,48.95,100.00
129-04748,2020-06-24 16:00:00,42.34,100.00
129-04748,2020-06-24 16:10:00,42.30,100.00
129-04748,2020-06-24 16:20:00,36.85,100.00
129-04748,2020-06-24 16:30:00,47.59,100.00
129-04748,2020-06-24 16:40:00,46.92,100.00
129-04748,2020-06-24 16:50:00,37.94,100.00
129-04748,2020-06-24 17:00:00,37.49,99.40
129-04748,2020-06-24 17:10:00,44.12,91.30
129-04748,2020-06-24 17:20:00,47.17,90.30
129-04748,2020-06-24 17:30:00,49.43,73.40
129-04748,2020-06-24 17:40:00,45.33,100.00
129-04748,2020-06-24 17:50:00,44.65,100.00
129-04748,2020-06-24 18:00:00,46.37,100.00
129-04748,2020-06-24 18:10:00,42.82,91.60
129-04748,2020-06-24 18:20:00,52.48,100.00
129-04748,2020-06-24 18:30:00,43.67,91.70
129-04748,2020-06-24 18:40:00,34.32,94.30
129-04748,2020-06-24 18:50:00,39.66,98.20
129-04748,2020-06-24 19:00:00,42.56,98.50
129-04748,2020-06-24 19:10:00,51.55,62.70
129-04748,2020-06-24 19:20:00,43.22,90.60
129-04748,2020-06-24 19:30:00,45.15,82.90
129-04748,2020-06-24 19:40:00,43.57,95.50
129-04748,2020-06-24 19:50:00,43.29,100.00
129-04748,2020-06-24 20:00:00,48.15,85.50
129-04748,2020-06-24 20:10:00,48.76,73.00
129-04748,2020-06-24 20:20:00,48.04,89.40
129-04748,2020-06-24 20:30:00,45.04,100.00
129-04748,2020-06-24 20:40:00,45.88,100.00
129-04748,2020-06-24 20:50:00,42.20,100.00
129-04748,2020-06-24 21:00:00,38.71,100.00
129-04748,2020-06-24 21:10:00,48.45,100.00
129-04748,2020-06-24 21:20:00,45.49,100.00
129-04748,2020-06-24 21:30:00,48.37,62.00
129-04748,2020-06-24 21:40:00,47.76,67.90
129-04748,2020-06-24 21:50:00,50.00,89.70
129-04748,2020-06-24 22:00:00,48.98,98.75
129-04748,2020-06-24 22:10:00,48.75,100.00
129-04748,2020-06-24 22:20:00,51.55,79.90
129-04748,2020-06-24 22:30:00,51.58,80.50
129-04748,2020-06-24 22:40:00,46.42,98.90
129-04748,2020-06-24 22:50:00,52.55,84.60
129-04748,2020-06-24 23:00:00,55.30,86.80
129-04748,2020-06-24 23:10:00,47.47,98.30
129-04748,2020-06-24 23:20:00,47.34,94.00
129-04748,2020-06-24 23:30:00,46.28,77.70
129-04748,2020-06-24 23:40:00,42.00,68.20
129-04748,2020-06-24 23:50:00,42.00,85.33
129N04480,2020-06-24 00:00:00,69.00,96.20
129N04480,2020-06-24 00:10:00,69.00,99.00
129N04480,2020-06-24 00:20:00,81.00,8.67
129N04480,2020-06-24 00:30:00,81.00,40.11
129N04480,2020-06-24 00:40:00,,
129N04480,2020-06-24 00:50:00,66.00,
129N04480,2020-06-24 01:00:00,66.00,
129N04480,2020-06-24 01:10:00,66.00,
129N04480,2020-06-24 01:20:00,67.47,100.00
129N04480,2020-06-24 01:30:00,69.00,100.00
129N04480,2020-06-24 01:40:00,,
129N04480,2020-06-24 01:50:00,66.42,20.00
129N04480,2020-06-24 02:00:00,77.00,54.00
129N04480,2020-06-24 02:10:00,77.00,76.00
129N04480,2020-06-24 02:20:00,,
129N04480,2020-06-24 02:30:00,77.00,
129N04480,2020-06-24 02:40:00,77.00,
129N04480,2020-06-24 02:50:00,77.00,
129N04480,2020-06-24 03:00:00,77.00,
129N04480,2020-06-24 03:10:00,77.00,
129N04480,2020-06-24 03:20:00,73.10,100.00
129N04480,2020-06-24 03:30:00,70.08,94.11
129N04480,2020-06-24 03:40:00,67.00,86.33
129N04480,2020-06-24 03:50:00,,
129N04480,2020-06-24 04:00:00,65.00,75.20
129N04480,2020-06-24 04:10:00,,
129N04480,2020-06-24 04:20:00,,
129N04480,2020-06-24 04:30:00,71.85,78.40
129N04480,2020-06-24 04:40:00,72.70,78.50
129N04480,2020-06-24 04:50:00,80.48,36.88
129N04480,2020-06-24 05:00:00,75.74,63.20
129N04480,2020-06-24 05:10:00,73.68,81.80
129N04480,2020-06-24 05:20:00,75.59,91.60
129N04480,2020-06-24 05:30:00,73.47,98.20
129N04480,2020-06-24 05:40:00,73.50,96.90
129N04480,2020-06-24 05:50:00,74.54,89.10
129N04480,2020-06-24 06:00:00,76.18,91.70
129N04480,2020-06-24 06:10:00,72.12,99.00
129N04480,2020-06-24 06:20:00,72.55,97.60
129N04480,2020-06-24 06:30:00,69.04,100.00
129N04480,2020-06-24 06:40:00,68.08,100.00
129N04480,2020-06-24 06:50:00,67.96,100.00
129N04480,2020-06-24 07:00:00,70.69,100.00
129N04480,2020-06-24 07:10:00,69.17,100.00
129N04480,2020-06-24 07:20:00,67.09,100.00
129N04480,2020-06-24 07:30:00,69.79,100.00
129N04480,2020-06-24 07:40:00,69.58,100.00
129N04480,2020-06-24 07:50:00,69.99,100.00
129N04480,2020-06-24 08:00:00,70.08,100.00
129N04480,2020-06-24 08:10:00,71.91,84.70
129N04480,2020-06-24 08:20:00,71.16,94.70
129N04480,2020-06-24 08:30:00,71.63,98.50
129N04480,2020-06-24 08:40:00,66.54,97.60
129N04480,2020-06-24 08:50:00,67.05,98.80
129N04480,2020-06-24 09:00:00,70.58,85.50
129N04480,2020-06-24 09:10:00,70.81,88.40
129N04480,2020-06-24 09:20:00,65.38,100.00
129N04480,2020-06-24 09:30:00,67.13,100.00
129N04480,2020-06-24 09:40:00,70.16,91.30
129N04480,2020-06-24 09:50:00,72.38,69.40
129N04480,2020-06-24 10:00:00,64.78,97.60
129N04480,2020-06-24 10:10:00,65.79,94.10
129N04480,2020-06-24 10:20:00,71.58,72.30
129N04480,2020-06-24 10:30:00,70.58,80.30
129N04480,2020-06-24 10:40:00,66.08,100.00
129N04480,2020-06-24 10:50:00,66.19,100.00
129N04480,2020-06-24 11:00:00,66.85,99.40
129N04480,2020-06-24 11:10:00,68.85,91.40
129N04480,2020-06-24 11:20:00,68.54,97.30
129N04480,2020-06-24 11:30:00,66.46,100.00
129N04480,2020-06-24 11:40:00,69.36,96.80
129N04480,2020-06-24 11:50:00,66.03,100.00
129N04480,2020-06-24 12:00:00,66.19,97.00
129N04480,2020-06-24 12:10:00,68.35,89.10
129N04480,2020-06-24 12:20:00,68.27,96.00
129N04480,2020-06-24 12:30:00,67.69,100.00
129N04480,2020-06-24 12:40:00,64.25,100.00
129N04480,2020-06-24 12:50:00,60.29,86.50
129N04480,2020-06-24 13:00:00,58.52,53.10
129N04480,2020-06-24 13:10:00,62.88,95.40
129N04480,2020-06-24 13:20:00,63.78,100.00
129N04480,2020-06-24 13:30:00,64.29,100.00
129N04480,2020-06-24 13:40:00,70.25,60.70
129N04480,2020-06-24 13:50:00,68.87,70.30
129N04480,2020-06-24 14:00:00,71.79,62.60
129N04480,2020-06-24 14:10:00,74.17,62.90
129N04480,2020-06-24 14:20:00,68.44,96.80
129N04480,2020-06-24 14:30:00,72.08,99.90
129N04480,2020-06-24 14:40:00,68.71,99.50
129N04480,2020-06-24 14:50:00,68.37,99.30
129N04480,2020-06-24 15:00:00,66.29,100.00
129N04480,2020-06-24 15:10:00,70.11,80.70
129N04480,2020-06-24 15:20:00,71.96,61.40
129N04480,2020-06-24 15:30:00,66.89,99.40
129N04480,2020-06-24 15:40:00,74.29,71.30
129N04480,2020-06-24 15:50:00,69.95,98.40
129N04480,2020-06-24 16:00:00,68.09,100.00
129N04480,2020-06-24 16:10:00,66.72,98.50
129N04480,2020-06-24 16:20:00,71.35,90.10
129N04480,2020-06-24 16:30:00,69.64,86.10
129N04480,2020-06-24 16:40:00,66.58,100.00
129N04480,2020-06-24 16:50:00,70.19,98.80
129N04480,2020-06-24 17:00:00,66.67,60.90
129N04480,2020-06-24 17:10:00,57.22,31.90
129N04480,2020-06-24 17:20:00,64.67,95.50
129N04480,2020-06-24 17:30:00,67.74,95.60
129N04480,2020-06-24 17:40:00,69.94,65.20
129N04480,2020-06-24 17:50:00,64.68,89.30
129N04480,2020-06-24 18:00:00,67.21,85.00
129N04480,2020-06-24 18:10:00,68.54,94.10
129N04480,2020-06-24 18:20:00,63.58,100.00
129N04480,2020-06-24 18:30:00,66.93,100.00
129N04480,2020-06-24 18:40:00,68.38,95.90
129N04480,2020-06-24 18:50:00,68.97,100.00
129N04480,2020-06-24 19:00:00,74.08,95.20
129N04480,2020-06-24 19:10:00,71.83,85.00
129N04480,2020-06-24 19:20:00,68.94,100.00
129N04480,2020-06-24 19:30:00,67.00,100.00
129N04480,2020-06-24 19:40:00,61.87,72.80
129N04480,2020-06-24 19:50:00,67.95,96.30
129N04480,2020-06-24 20:00:00,64.86,90.70
129N04480,2020-06-24 20:10:00,68.45,86.80
129N04480,2020-06-24 20:20:00,65.00,100.00
129N04480,2020-06-24 20:30:00,63.59,100.00
129N04480,2020-06-24 20:40:00,49.99,12.90
129N04480,2020-06-24 20:50:00,48.48,24.00
129N04480,2020-06-24 21:00:00,67.74,100.00
129N04480,2020-06-24 21:10:00,66.50,100.00
129N04480,2020-06-24 21:20:00,67.00,100.00
129N04480,2020-06-24 21:30:00,,
129N04480,2020-06-24 21:40:00,81.00,18.00
129N04480,2020-06-24 21:50:00,81.00,22.88
129N04480,2020-06-24 22:00:00,69.42,95.22
129N04480,2020-06-24 22:10:00,67.08,91.80
129N04480,2020-06-24 22:20:00,63.76,96.60
129N04480,2020-06-24 22:30:00,65.75,90.70
129N04480,2020-06-24 22:40:00,61.39,100.00
129N04480,2020-06-24 22:50:00,,
129N04480,2020-06-24 23:00:00,77.00,
129N04480,2020-06-24 23:10:00,73.72,100.00
129N04480,2020-06-24 23:20:00,59.76,91.80
129N04480,2020-06-24 23:30:00,58.00,88.80
129N04480,2020-06-24 23:40:00,60.00,99.67
129N04480,2020-06-24 23:50:00,60.00,100.00
129N04481,2020-06-24 00:00:00,,
129N04481,2020-06-24 00:10:00,,
129N04481,2020-06-24 00:20:00,,
129N04481,2020-06-24 00:30:00,,
129N04481,2020-06-24 00:40:00,,
129N04481,2020-06-24 00:50:00,,
129N04481,2020-06-24 01:00:00,,
129N04481,2020-06-24 01:10:00,,
129N04481,2020-06-24 01:20:00,69.00,61.50
129N04481,2020-06-24 01:30:00,69.00,91.00
129N04481,2020-06-24 01:40:00,,
129N04481,2020-06-24 01:50:00,65.00,
129N04481,2020-06-24 02:00:00,,
129N04481,2020-06-24 02:10:00,,
129N04481,2020-06-24 02:20:00,65.00,
129N04481,2020-06-24 02:30:00,65.00,
129N04481,2020-06-24 02:40:00,64.30,
129N04481,2020-06-24 02:50:00,,
129N04481,2020-06-24 03:00:00,,
129N04481,2020-06-24 03:10:00,,
129N04481,2020-06-24 03:20:00,69.00,75.29
129N04481,2020-06-24 03:30:00,67.40,88.25
129N04481,2020-06-24 03:40:00,64.65,95.43
129N04481,2020-06-24 03:50:00,,
129N04481,2020-06-24 04:00:00,62.60,95.00
129N04481,2020-06-24 04:10:00,,
129N04481,2020-06-24 04:20:00,71.50,33.50
129N04481,2020-06-24 04:30:00,66.02,60.80
129N04481,2020-06-24 04:40:00,71.96,64.22
129N04481,2020-06-24 04:50:00,66.59,65.00
129N04481,2020-06-24 05:00:00,67.58,80.40
129N04481,2020-06-24 05:10:00,71.31,82.80
129N04481,2020-06-24 05:20:00,69.47,91.60
129N04481,2020-06-24 05:30:00,66.99,92.20
129N04481,2020-06-24 05:40:00,66.58,95.80
129N04481,2020-06-24 05:50:00,65.78,96.00
129N04481,2020-06-24 06:00:00,66.19,96.90
129N04481,2020-06-24 06:10:00,66.46,99.80
129N04481,2020-06-24 06:20:00,65.59,100.00
129N04481,2020-06-24 06:30:00,58.92,100.00
129N04481,2020-06-24 06:40:00,60.46,100.00
129N04481,2020-06-24 06:50:00,63.08,97.30
129N04481,2020-06-24 07:00:00,66.10,100.00
129N04481,2020-06-24 07:10:00,65.18,91.60
129N04481,2020-06-24 07:20:00,62.37,94.20
129N04481,2020-06-24 07:30:00,57.77,99.70
129N04481,2020-06-24 07:40:00,60.90,98.30
129N04481,2020-06-24 07:50:00,61.53,100.00
129N04481,2020-06-24 08:00:00,63.49,85.60
129N04481,2020-06-24 08:10:00,63.67,100.00
129N04481,2020-06-24 08:20:00,64.97,89.60
129N04481,2020-06-24 08:30:00,60.02,99.80
129N04481,2020-06-24 08:40:00,59.15,95.40
129N04481,2020-06-24 08:50:00,57.71,95.50
129N04481,2020-06-24 09:00:00,61.19,93.70
129N04481,2020-06-24 09:10:00,57.37,99.70
129N04481,2020-06-24 09:20:00,56.98,100.00
129N04481,2020-06-24 09:30:00,60.59,97.40
129N04481,2020-06-24 09:40:00,60.26,94.50
129N04481,2020-06-24 09:50:00,56.37,100.00
129N04481,2020-06-24 10:00:00,55.87,98.40
129N04481,2020-06-24 10:10:00,56.37,100.00
129N04481,2020-06-24 10:20:00,58.35,86.00
129N04481,2020-06-24 10:30:00,57.49,98.70
129N04481,2020-06-24 10:40:00,57.79,86.30
129N04481,2020-06-24 10:50:00,57.81,88.60
129N04481,2020-06-24 11:00:00,60.52,83.40
129N04481,2020-06-24 11:10:00,60.11,83.40
129N04481,2020-06-24 11:20:00,58.06,91.50
129N04481,2020-06-24 11:30:00,57.66,99.70
129N04481,2020-06-24 11:40:00,58.81,99.70
129N04481,2020-06-24 11:50:00,64.98,73.70
129N04481,2020-06-24 12:00:00,57.38,93.70
129N04481,2020-06-24 12:10:00,60.06,90.50
129N04481,2020-06-24 12:20:00,56.46,100.00
129N04481,2020-06-24 12:30:00,59.41,98.20
129N04481,2020-06-24 12:40:00,52.80,88.10
129N04481,2020-06-24 12:50:00,48.28,69.20
129N04481,2020-06-24 13:00:00,52.79,92.10
129N04481,2020-06-24 13:10:00,56.07,100.00
129N04481,2020-06-24 13:20:00,54.81,96.60
129N04481,2020-06-24 13:30:00,55.00,100.00
129N04481,2020-06-24 13:40:00,58.01,94.00
129N04481,2020-06-24 13:50:00,60.88,100.00
129N04481,2020-06-24 14:00:00,55.20,100.00
129N04481,2020-06-24 14:10:00,62.13,66.70
129N04481,2020-06-24 14:20:00,63.96,75.00
129N04481,2020-06-24 14:30:00,64.38,99.40
129N04481,2020-06-24 14:40:00,59.84,95.10
129N04481,2020-06-24 14:50:00,63.60,89.10
129N04481,2020-06-24 15:00:00,56.79,93.20
129N04481,2020-06-24 15:10:00,57.60,93.90
129N04481,2020-06-24 15:20:00,54.98,91.40
129N04481,2020-06-24 15:30:00,58.11,94.30
129N04481,2020-06-24 15:40:00,64.80,76.70
129N04481,2020-06-24 15:50:00,62.27,85.20
129N04481,2020-06-24 16:00:00,59.07,100.00
129N04481,2020-06-24 16:10:00,59.59,98.10
129N04481,2020-06-24 16:20:00,61.47,99.60
129N04481,2020-06-24 16:30:00,59.79,100.00
129N04481,2020-06-24 16:40:00,61.20,92.90
129N04481,2020-06-24 16:50:00,58.63,90.50
129N04481,2020-06-24 17:00:00,57.96,100.00
129N04481,2020-06-24 17:10:00,59.88,100.00
129N04481,2020-06-24 17:20:00,54.27,90.20
129N04481,2020-06-24 17:30:00,61.40,74.30
129N04481,2020-06-24 17:40:00,60.75,89.70
129N04481,2020-06-24 17:50:00,65.41,69.50
129N04481,2020-06-24 18:00:00,66.21,66.80
129N04481,2020-06-24 18:10:00,66.13,90.00
129N04481,2020-06-24 18:20:00,60.88,100.00
129N04481,2020-06-24 18:30:00,57.98,100.00
129N04481,2020-06-24 18:40:00,60.39,100.00
129N04481,2020-06-24 18:50:00,61.23,95.80
129N04481,2020-06-24 19:00:00,67.58,90.70
129N04481,2020-06-24 19:10:00,63.65,82.90
129N04481,2020-06-24 19:20:00,58.45,100.00
129N04481,2020-06-24 19:30:00,59.61,100.00
129N04481,2020-06-24 19:40:00,61.84,97.10
129N04481,2020-06-24 19:50:00,61.45,98.10
129N04481,2020-06-24 20:00:00,60.60,91.20
129N04481,2020-06-24 20:10:00,66.14,52.60
129N04481,2020-06-24 20:20:00,62.20,96.00
129N04481,2020-06-24 20:30:00,62.86,94.20
129N04481,2020-06-24 20:40:00,60.00,100.00
129N04481,2020-06-24 20:50:00,58.47,99.14
129N04481,2020-06-24 21:00:00,60.89,92.50
129N04481,2020-06-24 21:10:00,57.07,97.90
129N04481,2020-06-24 21:20:00,58.39,100.00
129N04481,2020-06-24 21:30:00,53.96,100.00
129N04481,2020-06-24 21:40:00,67.81,44.70
129N04481,2020-06-24 21:50:00,79.17,19.00
129N04481,2020-06-24 22:00:00,63.03,95.83
129N04481,2020-06-24 22:10:00,63.37,94.90
129N04481,2020-06-24 22:20:00,58.62,89.50
129N04481,2020-06-24 22:30:00,58.10,90.90
129N04481,2020-06-24 22:40:00,58.00,99.13
129N04481,2020-06-24 22:50:00,,
129N04481,2020-06-24 23:00:00,65.00,
129N04481,2020-06-24 23:10:00,61.80,96.00
129N04481,2020-06-24 23:20:00,54.59,91.40
129N04481,2020-06-24 23:30:00,53.00,93.50
129N04481,2020-06-24 23:40:00,,
129N04481,2020-06-24 23:50:00,58.00,88.00
129-04749,2020-06-24 00:00:00,46.64,57.50
129-04749,2020-06-24 00:10:00,45.00,45.30
129-04749,2020-06-24 00:20:00,,
129-04749,2020-06-24 00:30:00,52.00,89.40
129-04749,2020-06-24 00:40:00,51.66,100.00
129-04749,2020-06-24 00:50:00,,
129-04749,2020-06-24 01:00:00,47.00,89.78
129-04749,2020-06-24 01:10:00,44.40,88.60
129-04749,2020-06-24 01:20:00,40.90,68.00
129-04749,2020-06-24 01:30:00,46.02,96.80
129-04749,2020-06-24 01:40:00,39.00,84.00
129-04749,2020-06-24 01:50:00,,
129-04749,2020-06-24 02:00:00,46.24,
129-04749,2020-06-24 02:10:00,48.00,86.00
129-04749,2020-06-24 02:20:00,46.04,93.00
129-04749,2020-06-24 02:30:00,44.85,78.43
129-04749,2020-06-24 02:40:00,37.22,63.60
129-04749,2020-06-24 02:50:00,,
129-04749,2020-06-24 03:00:00,,
129-04749,2020-06-24 03:10:00,,
129-04749,2020-06-24 03:20:00,55.00,61.80
129-04749,2020-06-24 03:30:00,51.00,61.40
129-04749,2020-06-24 03:40:00,47.69,77.50
129-04749,2020-06-24 03:50:00,54.28,99.00
129-04749,2020-06-24 04:00:00,,
129-04749,2020-06-24 04:10:00,41.00,
129-04749,2020-06-24 04:20:00,55.14,91.29
129-04749,2020-06-24 04:30:00,59.00,88.00
129-04749,2020-06-24 04:40:00,58.94,88.50
129-04749,2020-06-24 04:50:00,60.49,86.50
129-04749,2020-06-24 05:00:00,67.89,42.20
129-04749,2020-06-24 05:10:00,58.07,83.80
129-04749,2020-06-24 05:20:00,62.72,81.40
129-04749,2020-06-24 05:30:00,54.81,100.00
129-04749,2020-06-24 05:40:00,51.73,91.10
129-04749,2020-06-24 05:50:00,51.89,90.40
129-04749,2020-06-24 06:00:00,50.88,97.30
129-04749,2020-06-24 06:10:00,42.68,100.00
129-04749,2020-06-24 06:20:00,35.10,100.00
129-04749,2020-06-24 06:30:00,39.74,100.00
129-04749,2020-06-24 06:40:00,38.32,100.00
129-04749,2020-06-24 06:50:00,39.28,100.00
129-04749,2020-06-24 07:00:00,36.83,100.00
129-04749,2020-06-24 07:10:00,41.47,100.00
129-04749,2020-06-24 07:20:00,35.38,100.00
129-04749,2020-06-24 07:30:00,38.39,95.00
129-04749,2020-06-24 07:40:00,40.28,100.00
129-04749,2020-06-24 07:50:00,42.13,100.00
129-04749,2020-06-24 08:00:00,36.79,100.00
129-04749,2020-06-24 08:10:00,34.29,100.00
129-04749,2020-06-24 08:20:00,42.46,100.00
129-04749,2020-06-24 08:30:00,43.58,97.10
129-04749,2020-06-24 08:40:00,39.31,100.00
129-04749,2020-06-24 08:50:00,42.27,95.10
129-04749,2020-06-24 09:00:00,44.30,96.00
129-04749,2020-06-24 09:10:00,39.95,100.00
129-04749,2020-06-24 09:20:00,40.84,100.00
129-04749,2020-06-24 09:30:00,33.68,100.00
129-04749,2020-06-24 09:40:00,28.14,100.00
129-04749,2020-06-24 09:50:00,33.64,100.00
129-04749,2020-06-24 10:00:00,42.39,87.90
129-04749,2020-06-24 10:10:00,33.21,95.90
129-04749,2020-06-24 10:20:00,36.58,99.60
129-04749,2020-06-24 10:30:00,39.36,100.00
129-04749,2020-06-24 10:40:00,36.17,100.00
129-04749,2020-06-24 10:50:00,24.75,100.00
129-04749,2020-06-24 11:00:00,25.85,93.90
129-04749,2020-06-24 11:10:00,34.34,89.80
129-04749,2020-06-24 11:20:00,36.97,95.50
129-04749,2020-06-24 11:30:00,36.44,100.00
129-04749,2020-06-24 11:40:00,35.00,100.00
129-04749,2020-06-24 11:50:00,26.49,100.00
129-04749,2020-06-24 12:00:00,24.10,100.00
129-04749,2020-06-24 12:10:00,22.76,100.00
129-04749,2020-06-24 12:20:00,37.33,100.00
129-04749,2020-06-24 12:30:00,33.98,100.00
129-04749,2020-06-24 12:40:00,34.14,100.00
129-04749,2020-06-24 12:50:00,36.24,75.10
129-04749,2020-06-24 13:00:00,25.40,90.80
129-04749,2020-06-24 13:10:00,34.94,100.00
129-04749,2020-06-24 13:20:00,29.89,100.00
129-04749,2020-06-24 13:30:00,31.90,100.00
129-04749,2020-06-24 13:40:00,31.08,100.00
129-04749,2020-06-24 13:50:00,40.09,91.30
129-04749,2020-06-24 14:00:00,31.08,100.00
129-04749,2020-06-24 14:10:00,31.13,100.00
129-04749,2020-06-24 14:20:00,32.03,100.00
129-04749,2020-06-24 14:30:00,32.15,100.00
129-04749,2020-06-24 14:40:00,29.06,100.00
129-04749,2020-06-24 14:50:00,26.46,100.00
129-04749,2020-06-24 15:00:00,43.15,68.90
129-04749,2020-06-24 15:10:00,38.18,89.20
129-04749,2020-06-24 15:20:00,33.63,99.80
129-04749,2020-06-24 15:30:00,41.37,88.50
129-04749,2020-06-24 15:40:00,30.65,100.00
129-04749,2020-06-24 15:50:00,34.66,100.00
129-04749,2020-06-24 16:00:00,37.85,100.00
129-04749,2020-06-24 16:10:00,34.77,100.00
129-04749,2020-06-24 16:20:00,26.34,100.00
129-04749,2020-06-24 16:30:00,34.68,100.00
129-04749,2020-06-24 16:40:00,35.02,100.00
129-04749,2020-06-24 16:50:00,27.36,100.00
129-04749,2020-06-24 17:00:00,25.00,99.40
129-04749,2020-06-24 17:10:00,25.46,91.30
129-04749,2020-06-24 17:20:00,36.25,90.30
129-04749,2020-06-24 17:30:00,24.14,73.40
129-04749,2020-06-24 17:40:00,30.47,100.00
129-04749,2020-06-24 17:50:00,42.54,100.00
129-04749,2020-06-24 18:00:00,32.13,100.00
129-04749,2020-06-24 18:10:00,41.43,91.60
129-04749,2020-06-24 18:20:00,32.14,100.00
129-04749,2020-06-24 18:30:00,26.67,91.70
129-04749,2020-06-24 18:40:00,32.60,94.30
129-04749,2020-06-24 18:50:00,51.00,98.20
129-04749,2020-06-24 19:00:00,41.55,98.50
129-04749,2020-06-24 19:10:00,48.55,62.70
129-04749,2020-06-24 19:20:00,29.38,90.60
129-04749,2020-06-24 19:30:00,37.50,82.90
129-04749,2020-06-24 19:40:00,46.70,95.50
129-04749,2020-06-24 19:50:00,39.20,100.00
129-04749,2020-06-24 20:00:00,36.67,85.50
129-04749,2020-06-24 20:10:00,40.02,73.00
129-04749,2020-06-24 20:20:00,33.80,89.40
129-04749,2020-06-24 20:30:00,33.97,100.00
129-04749,2020-06-24 20:40:00,43.15,100.00
129-04749,2020-06-24 20:50:00,33.10,100.00
129-04749,2020-06-24 21:00:00,33.00,100.00
129-04749,2020-06-24 21:10:00,31.77,100.00
129-04749,2020-06-24 21:20:00,26.12,100.00
129-04749,2020-06-24 21:30:00,35.40,62.00
129-04749,2020-06-24 21:40:00,45.50,67.90
129-04749,2020-06-24 21:50:00,49.18,89.70
129-04749,2020-06-24 22:00:00,51.00,98.75
129-04749,2020-06-24 22:10:00,34.86,100.00
129-04749,2020-06-24 22:20:00,41.21,79.90
129-04749,2020-06-24 22:30:00,46.18,80.50
129-04749,2020-06-24 22:40:00,39.75,98.90
129-04749,2020-06-24 22:50:00,33.97,84.60
129-04749,2020-06-24 23:00:00,40.18,86.80
129-04749,2020-06-24 23:10:00,50.07,98.30
129-04749,2020-06-24 23:20:00,37.67,94.00
129-04749,2020-06-24 23:30:00,43.27,77.70
129-04749,2020-06-24 23:40:00,33.38,68.20
129-04749,2020-06-24 23:50:00,33.00,85.33
129-04746,2020-06-24 00:00:00,62.00,86.00
129-04746,2020-06-24 00:10:00,61.79,83.00
129-04746,2020-06-24 00:20:00,63.00,87.00
129-04746,2020-06-24 00:30:00,58.00,79.00
129-04746,2020-06-24 00:40:00,58.00,93.00
129-04746,2020-06-24 00:50:00,,
129-04746,2020-06-24 01:00:00,48.24,43.57
129-04746,2020-06-24 01:10:00,48.00,67.40
129-04746,2020-06-24 01:20:00,,
129-04746,2020-06-24 01:30:00,51.77,84.44
129-04746,2020-06-24 01:40:00,51.32,90.00
129-04746,2020-06-24 01:50:00,,
129-04746,2020-06-24 02:00:00,,
129-04746,2020-06-24 02:10:00,57.00,76.17
129-04746,2020-06-24 02:20:00,57.00,92.33
129-04746,2020-06-24 02:30:00,49.80,70.33
129-04746,2020-06-24 02:40:00,50.35,80.50
129-04746,2020-06-24 02:50:00,,
129-04746,2020-06-24 03:00:00,,
129-04746,2020-06-24 03:10:00,,
129-04746,2020-06-24 03:20:00,51.00,72.00
129-04746,2020-06-24 03:30:00,51.00,92.10
129-04746,2020-06-24 03:40:00,52.62,76.90
129-04746,2020-06-24 03:50:00,63.49,53.13
129-04746,2020-06-24 04:00:00,,
129-04746,2020-06-24 04:10:00,55.00,90.00
129-04746,2020-06-24 04:20:00,63.00,87.88
129-04746,2020-06-24 04:30:00,64.50,80.00
129-04746,2020-06-24 04:40:00,65.03,81.40
129-04746,2020-06-24 04:50:00,61.74,90.80
129-04746,2020-06-24 05:00:00,67.58,65.10
129-04746,2020-06-24 05:10:00,69.45,67.00
129-04746,2020-06-24 05:20:00,74.11,44.70
129-04746,2020-06-24 05:30:00,63.70,95.90
129-04746,2020-06-24 05:40:00,64.53,84.20
129-04746,2020-06-24 05:50:00,60.66,87.00
129-04746,2020-06-24 06:00:00,58.11,86.10
129-04746,2020-06-24 06:10:00,55.88,99.30
129-04746,2020-06-24 06:20:00,57.70,99.10
129-04746,2020-06-24 06:30:00,55.08,100.00
129-04746,2020-06-24 06:40:00,53.16,100.00
129-04746,2020-06-24 06:50:00,52.18,100.00
129-04746,2020-06-24 07:00:00,51.06,100.00
129-04746,2020-06-24 07:10:00,51.05,100.00
129-04746,2020-06-24 07:20:00,51.07,100.00
129-04746,2020-06-24 07:30:00,50.87,100.00
129-04746,2020-06-24 07:40:00,51.84,99.00
129-04746,2020-06-24 07:50:00,52.89,95.50
129-04746,2020-06-24 08:00:00,48.76,100.00
129-04746,2020-06-24 08:10:00,48.82,93.30
129-04746,2020-06-24 08:20:00,48.58,100.00
129-04746,2020-06-24 08:30:00,49.36,99.00
129-04746,2020-06-24 08:40:00,52.19,94.90
129-04746,2020-06-24 08:50:00,50.89,94.90
129-04746,2020-06-24 09:00:00,52.28,88.80
129-04746,2020-06-24 09:10:00,52.27,94.80
129-04746,2020-06-24 09:20:00,51.17,99.70
129-04746,2020-06-24 09:30:00,49.58,98.90
129-04746,2020-06-24 09:40:00,51.25,100.00
129-04746,2020-06-24 09:50:00,50.98,97.80
129-04746,2020-06-24 10:00:00,51.34,93.00
129-04746,2020-06-24 10:10:00,49.57,98.30
129-04746,2020-06-24 10:20:00,49.59,94.60
129-04746,2020-06-24 10:30:00,49.79,99.70
129-04746,2020-06-24 10:40:00,49.36,97.00
129-04746,2020-06-24 10:50:00,54.89,88.30
129-04746,2020-06-24 11:00:00,50.19,98.50
129-04746,2020-06-24 11:10:00,53.57,76.10
129-04746,2020-06-24 11:20:00,54.84,83.90
129-04746,2020-06-24 11:30:00,50.58,97.60
129-04746,2020-06-24 11:40:00,52.28,96.50
129-04746,2020-06-24 11:50:00,51.72,98.50
129-04746,2020-06-24 12:00:00,52.58,96.40
129-04746,2020-06-24 12:10:00,51.32,95.10
129-04746,2020-06-24 12:20:00,49.67,99.90
129-04746,2020-06-24 12:30:00,49.90,100.00
129-04746,2020-06-24 12:40:00,49.68,100.00
129-04746,2020-06-24 12:50:00,51.14,95.80
129-04746,2020-06-24 13:00:00,54.56,88.30
129-04746,2020-06-24 13:10:00,52.99,97.30
129-04746,2020-06-24 13:20:00,49.88,100.00
129-04746,2020-06-24 13:30:00,53.11,91.50
129-04746,2020-06-24 13:40:00,53.04,88.60
129-04746,2020-06-24 13:50:00,49.24,92.90
129-04746,2020-06-24 14:00:00,52.01,94.80
129-04746,2020-06-24 14:10:00,52.17,98.90
129-04746,2020-06-24 14:20:00,46.85,100.00
129-04746,2020-06-24 14:30:00,48.67,100.00
129-04746,2020-06-24 14:40:00,49.60,100.00
129-04746,2020-06-24 14:50:00,47.95,98.50
129-04746,2020-06-24 15:00:00,51.40,72.80
129-04746,2020-06-24 15:10:00,58.02,38.70
129-04746,2020-06-24 15:20:00,51.74,98.80
129-04746,2020-06-24 15:30:00,55.86,80.90
129-04746,2020-06-24 15:40:00,56.23,79.70
129-04746,2020-06-24 15:50:00,53.05,98.60
129-04746,2020-06-24 16:00:00,53.68,99.00
129-04746,2020-06-24 16:10:00,56.27,96.80
129-04746,2020-06-24 16:20:00,51.42,98.20
129-04746,2020-06-24 16:30:00,51.48,94.40
129-04746,2020-06-24 16:40:00,59.29,82.50
129-04746,2020-06-24 16:50:00,49.37,97.90
129-04746,2020-06-24 17:00:00,49.11,84.00
129-04746,2020-06-24 17:10:00,47.90,99.80
129-04746,2020-06-24 17:20:00,51.70,99.30
129-04746,2020-06-24 17:30:00,51.39,81.90
129-04746,2020-06-24 17:40:00,51.19,87.70
129-04746,2020-06-24 17:50:00,48.03,99.50
129-04746,2020-06-24 18:00:00,46.97,84.10
129-04746,2020-06-24 18:10:00,56.62,46.10
129-04746,2020-06-24 18:20:00,52.55,94.40
129-04746,2020-06-24 18:30:00,51.38,98.60
129-04746,2020-06-24 18:40:00,49.28,93.80
129-04746,2020-06-24 18:50:00,50.93,95.00
129-04746,2020-06-24 19:00:00,53.99,76.90
129-04746,2020-06-24 19:10:00,58.34,77.00
129-04746,2020-06-24 19:20:00,51.72,93.80
129-04746,2020-06-24 19:30:00,51.79,99.90
129-04746,2020-06-24 19:40:00,53.28,99.80
129-04746,2020-06-24 19:50:00,52.90,100.00
129-04746,2020-06-24 20:00:00,50.77,98.00
129-04746,2020-06-24 20:10:00,50.03,96.80
129-04746,2020-06-24 20:20:00,49.16,100.00
129-04746,2020-06-24 20:30:00,46.62,100.00
129-04746,2020-06-24 20:40:00,48.99,98.60
129-04746,2020-06-24 20:50:00,57.00,100.00
129-04746,2020-06-24 21:00:00,36.72,59.90
129-04746,2020-06-24 21:10:00,48.82,93.50
129-04746,2020-06-24 21:20:00,48.31,93.20
129-04746,2020-06-24 21:30:00,46.28,56.40
129-04746,2020-06-24 21:40:00,50.76,73.60
129-04746,2020-06-24 21:50:00,52.00,100.00
129-04746,2020-06-24 22:00:00,52.00,100.00
129-04746,2020-06-24 22:10:00,50.09,50.25
129-04746,2020-06-24 22:20:00,50.70,59.80
129-04746,2020-06-24 22:30:00,44.83,90.40
129-04746,2020-06-24 22:40:00,48.91,96.90
129-04746,2020-06-24 22:50:00,45.00,85.80
129-04746,2020-06-24 23:00:00,59.87,43.40
129-04746,2020-06-24 23:10:00,55.60,84.40
129-04746,2020-06-24 23:20:00,55.87,94.13
129-04746,2020-06-24 23:30:00,55.00,90.80
129-04746,2020-06-24 23:40:00,55.00,84.00
129-04746,2020-06-24 23:50:00,,
129-04747,2020-06-24 00:00:00,59.27,69.67
129-04747,2020-06-24 00:10:00,58.00,62.00
129-04747,2020-06-24 00:20:00,,
129-04747,2020-06-24 00:30:00,58.00,94.88
129-04747,2020-06-24 00:40:00,58.00,100.00
129-04747,2020-06-24 00:50:00,,
129-04747,2020-06-24 01:00:00,50.36,73.25
129-04747,2020-06-24 01:10:00,50.00,84.00
129-04747,2020-06-24 01:20:00,,
129-04747,2020-06-24 01:30:00,47.14,94.10
129-04747,2020-06-24 01:40:00,45.31,92.67
129-04747,2020-06-24 01:50:00,,
129-04747,2020-06-24 02:00:00,,
129-04747,2020-06-24 02:10:00,53.00,81.00
129-04747,2020-06-24 02:20:00,51.92,93.00
129-04747,2020-06-24 02:30:00,47.57,74.71
129-04747,2020-06-24 02:40:00,47.00,71.38
129-04747,2020-06-24 02:50:00,,
129-04747,2020-06-24 03:00:00,,
129-04747,2020-06-24 03:10:00,,
129-04747,2020-06-24 03:20:00,65.00,45.50
129-04747,2020-06-24 03:30:00,60.95,76.40
129-04747,2020-06-24 03:40:00,47.48,71.50
129-04747,2020-06-24 03:50:00,51.70,88.57
129-04747,2020-06-24 04:00:00,,
129-04747,2020-06-24 04:10:00,53.00,52.00
129-04747,2020-06-24 04:20:00,49.00,96.86
129-04747,2020-06-24 04:30:00,51.99,96.33
129-04747,2020-06-24 04:40:00,56.71,84.80
129-04747,2020-06-24 04:50:00,60.99,83.90
129-04747,2020-06-24 05:00:00,63.88,59.80
129-04747,2020-06-24 05:10:00,67.99,61.80
129-04747,2020-06-24 05:20:00,66.83,61.70
129-04747,2020-06-24 05:30:00,55.94,100.00
129-04747,2020-06-24 05:40:00,60.43,94.10
129-04747,2020-06-24 05:50:00,54.14,95.00
129-04747,2020-06-24 06:00:00,56.35,98.60
129-04747,2020-06-24 06:10:00,53.38,99.90
129-04747,2020-06-24 06:20:00,51.71,99.70
129-04747,2020-06-24 06:30:00,49.74,100.00
129-04747,2020-06-24 06:40:00,47.68,100.00
129-04747,2020-06-24 06:50:00,48.17,100.00
129-04747,2020-06-24 07:00:00,49.19,100.00
129-04747,2020-06-24 07:10:00,46.58,99.70
129-04747,2020-06-24 07:20:00,47.19,99.50
129-04747,2020-06-24 07:30:00,51.77,96.80
129-04747,2020-06-24 07:40:00,52.56,99.80
129-04747,2020-06-24 07:50:00,51.21,99.90
129-04747,2020-06-24 08:00:00,50.36,99.80
129-04747,2020-06-24 08:10:00,48.26,99.60
129-04747,2020-06-24 08:20:00,48.12,99.30
129-04747,2020-06-24 08:30:00,48.66,98.40
129-04747,2020-06-24 08:40:00,52.05,99.10
129-04747,2020-06-24 08:50:00,49.04,95.30
129-04747,2020-06-24 09:00:00,46.92,96.00
129-04747,2020-06-24 09:10:00,48.87,93.40
129-04747,2020-06-24 09:20:00,51.04,99.90
129-04747,2020-06-24 09:30:00,47.18,99.10
129-04747,2020-06-24 09:40:00,43.65,96.80
129-04747,2020-06-24 09:50:00,43.13,99.50
129-04747,2020-06-24 10:00:00,45.29,96.30
129-04747,2020-06-24 10:10:00,47.70,97.40
129-04747,2020-06-24 10:20:00,44.19,93.40
129-04747,2020-06-24 10:30:00,41.87,99.80
129-04747,2020-06-24 10:40:00,47.82,96.50
129-04747,2020-06-24 10:50:00,51.27,98.70
129-04747,2020-06-24 11:00:00,44.61,96.40
129-04747,2020-06-24 11:10:00,47.74,73.70
129-04747,2020-06-24 11:20:00,47.38,90.90
129-04747,2020-06-24 11:30:00,48.27,96.30
129-04747,2020-06-24 11:40:00,43.43,97.30
129-04747,2020-06-24 11:50:00,42.13,99.90
129-04747,2020-06-24 12:00:00,46.03,99.90
129-04747,2020-06-24 12:10:00,49.22,94.40
129-04747,2020-06-24 12:20:00,44.60,99.70
129-04747,2020-06-24 12:30:00,45.08,99.90
129-04747,2020-06-24 12:40:00,45.29,100.00
129-04747,2020-06-24 12:50:00,50.94,87.70
129-04747,2020-06-24 13:00:00,54.54,86.80
129-04747,2020-06-24 13:10:00,49.41,99.80
129-04747,2020-06-24 13:20:00,47.29,99.80
129-04747,2020-06-24 13:30:00,43.06,97.60
129-04747,2020-06-24 13:40:00,46.48,91.10
129-04747,2020-06-24 13:50:00,47.59,88.30
129-04747,2020-06-24 14:00:00,45.40,93.30
129-04747,2020-06-24 14:10:00,47.59,100.00
129-04747,2020-06-24 14:20:00,46.00,99.80
129-04747,2020-06-24 14:30:00,44.66,99.80
129-04747,2020-06-24 14:40:00,44.38,100.00
129-04747,2020-06-24 14:50:00,51.25,97.70
129-04747,2020-06-24 15:00:00,46.51,75.10
129-04747,2020-06-24 15:10:00,52.90,45.00
129-04747,2020-06-24 15:20:00,46.30,98.50
129-04747,2020-06-24 15:30:00,43.42,81.60
129-04747,2020-06-24 15:40:00,42.77,82.10
129-04747,2020-06-24 15:50:00,47.46,98.30
129-04747,2020-06-24 16:00:00,48.01,99.20
129-04747,2020-06-24 16:10:00,49.43,99.80
129-04747,2020-06-24 16:20:00,46.15,99.00
129-04747,2020-06-24 16:30:00,50.10,97.20
129-04747,2020-06-24 16:40:00,53.05,98.50
129-04747,2020-06-24 16:50:00,41.97,99.80
129-04747,2020-06-24 17:00:00,36.55,78.90
129-04747,2020-06-24 17:10:00,45.51,94.90
129-04747,2020-06-24 17:20:00,46.80,96.20
129-04747,2020-06-24 17:30:00,49.54,68.80
129-04747,2020-06-24 17:40:00,49.59,85.90
129-04747,2020-06-24 17:50:00,44.97,99.60
129-04747,2020-06-24 18:00:00,43.45,97.50
129-04747,2020-06-24 18:10:00,51.79,57.30
129-04747,2020-06-24 18:20:00,54.34,93.30
129-04747,2020-06-24 18:30:00,49.60,97.40
129-04747,2020-06-24 18:40:00,38.16,90.70
129-04747,2020-06-24 18:50:00,47.35,92.90
129-04747,2020-06-24 19:00:00,46.52,72.90
129-04747,2020-06-24 19:10:00,52.15,72.90
129-04747,2020-06-24 19:20:00,41.06,90.80
129-04747,2020-06-24 19:30:00,42.78,94.90
129-04747,2020-06-24 19:40:00,45.26,98.50
129-04747,2020-06-24 19:50:00,45.42,100.00
129-04747,2020-06-24 20:00:00,48.25,94.90
129-04747,2020-06-24 20:10:00,49.48,86.90
129-04747,2020-06-24 20:20:00,49.55,96.00
129-04747,2020-06-24 20:30:00,45.55,99.50
129-04747,2020-06-24 20:40:00,43.00,97.40
129-04747,2020-06-24 20:50:00,47.32,100.00
129-04747,2020-06-24 21:00:00,41.31,100.00
129-04747,2020-06-24 21:10:00,48.19,100.00
129-04747,2020-06-24 21:20:00,40.74,91.40
129-04747,2020-06-24 21:30:00,48.20,41.50
129-04747,2020-06-24 21:40:00,49.32,60.80
129-04747,2020-06-24 21:50:00,43.00,97.10
129-04747,2020-06-24 22:00:00,42.00,99.00
129-04747,2020-06-24 22:10:00,50.60,78.75
129-04747,2020-06-24 22:20:00,54.09,68.10
129-04747,2020-06-24 22:30:00,52.68,91.20
129-04747,2020-06-24 22:40:00,43.06,99.60
129-04747,2020-06-24 22:50:00,50.73,94.20
129-04747,2020-06-24 23:00:00,57.77,57.50
129-04747,2020-06-24 23:10:00,52.59,86.60
129-04747,2020-06-24 23:20:00,51.28,94.30
129-04747,2020-06-24 23:30:00,45.33,81.30
129-04747,2020-06-24 23:40:00,42.39,66.60
129-04747,2020-06-24 23:50:00,,
