tmc,tstamp,speed,cvalue
129+04597,2020-02-25 00:00:00,62.89,89.20
129+04597,2020-02-25 00:10:00,65.53,85.40
129+04597,2020-02-25 00:20:00,66.78,73.90
129+04597,2020-02-25 00:30:00,67.45,90.10
129+04597,2020-02-25 00:40:00,65.98,97.60
129+04597,2020-02-25 00:50:00,65.60,97.80
129+04597,2020-02-25 01:00:00,60.74,59.00
129+04597,2020-02-25 01:10:00,64.83,81.80
129+04597,2020-02-25 01:20:00,63.77,84.50
129+04597,2020-02-25 01:30:00,58.16,62.17
129+04597,2020-02-25 01:40:00,,
129+04597,2020-02-25 01:50:00,74.46,29.75
129+04597,2020-02-25 02:00:00,67.43,64.80
129+04597,2020-02-25 02:10:00,65.77,88.10
129+04597,2020-02-25 02:20:00,66.13,91.50
129+04597,2020-02-25 02:30:00,66.27,80.67
129+04597,2020-02-25 02:40:00,68.87,82.10
129+04597,2020-02-25 02:50:00,65.84,81.10
129+04597,2020-02-25 03:00:00,61.67,68.80
129+04597,2020-02-25 03:10:00,60.81,47.00
129+04597,2020-02-25 03:20:00,69.99,69.00
129+04597,2020-02-25 03:30:00,67.88,82.50
129+04597,2020-02-25 03:40:00,65.82,86.50
129+04597,2020-02-25 03:50:00,70.55,67.00
129+04597,2020-02-25 04:00:00,66.12,70.30
129+04597,2020-02-25 04:10:00,63.39,69.40
129+04597,2020-02-25 04:20:00,62.58,73.20
129+04597,2020-02-25 04:30:00,65.57,97.20
129+04597,2020-02-25 04:40:00,65.40,99.80
129+04597,2020-02-25 04:50:00,68.64,83.10
129+04597,2020-02-25 05:00:00,69.35,71.20
129+04597,2020-02-25 05:10:00,70.30,77.00
129+04597,2020-02-25 05:20:00,70.19,98.50
129+04597,2020-02-25 05:30:00,72.48,89.30
129+04597,2020-02-25 05:40:00,68.54,99.00
129+04597,2020-02-25 05:50:00,67.19,100.00
129+04597,2020-02-25 06:00:00,66.99,100.00
129+04597,2020-02-25 06:10:00,66.30,100.00
129+04597,2020-02-25 06:20:00,67.38,100.00
129+04597,2020-02-25 06:30:00,69.09,100.00
129+04597,2020-02-25 06:40:00,70.89,100.00
129+04597,2020-02-25 06:50:00,71.68,100.00
129+04597,2020-02-25 07:00:00,71.40,100.00
129+04597,2020-02-25 07:10:00,71.89,100.00
129+04597,2020-02-25 07:20:00,69.56,100.00
129+04597,2020-02-25 07:30:00,70.10,100.00
129+04597,2020-02-25 07:40:00,70.58,100.00
129+04597,2020-02-25 07:50:00,67.79,100.00
129+04597,2020-02-25 08:00:00,69.58,100.00
129+04597,2020-02-25 08:10:00,66.88,100.00
129+04597,2020-02-25 08:20:00,69.48,100.00
129+04597,2020-02-25 08:30:00,68.68,100.00
129+04597,2020-02-25 08:40:00,66.38,100.00
129+04597,2020-02-25 08:50:00,67.19,100.00
129+04597,2020-02-25 09:00:00,67.19,100.00
129+04597,2020-02-25 09:10:00,66.00,100.00
129+04597,2020-02-25 09:20:00,67.38,100.00
129+04597,2020-02-25 09:30:00,66.89,100.00
129+04597,2020-02-25 09:40:00,66.97,100.00
129+04597,2020-02-25 09:50:00,66.68,99.70
129+04597,2020-02-25 10:00:00,65.58,100.00
129+04597,2020-02-25 10:10:00,66.98,100.00
129+04597,2020-02-25 10:20:00,68.89,100.00
129+04597,2020-02-25 10:30:00,68.68,100.00
129+04597,2020-02-25 10:40:00,71.48,100.00
129+04597,2020-02-25 10:50:00,74.16,89.00
129+04597,2020-02-25 11:00:00,70.99,94.00
129+04597,2020-02-25 11:10:00,67.96,100.00
129+04597,2020-02-25 11:20:00,69.79,99.20
129+04597,2020-02-25 11:30:00,68.49,94.80
129+04597,2020-02-25 11:40:00,70.75,100.00
129+04597,2020-02-25 11:50:00,70.79,96.50
129+04597,2020-02-25 12:00:00,73.99,94.40
129+04597,2020-02-25 12:10:00,70.00,96.80
129+04597,2020-02-25 12:20:00,72.51,98.80
129+04597,2020-02-25 12:30:00,70.58,99.60
129+04597,2020-02-25 12:40:00,72.57,100.00
129+04597,2020-02-25 12:50:00,70.84,98.00
129+04597,2020-02-25 13:00:00,67.97,100.00
129+04597,2020-02-25 13:10:00,69.39,100.00
129+04597,2020-02-25 13:20:00,69.18,99.90
129+04597,2020-02-25 13:30:00,71.18,100.00
129+04597,2020-02-25 13:40:00,70.50,99.20
129+04597,2020-02-25 13:50:00,69.17,99.60
129+04597,2020-02-25 14:00:00,70.38,100.00
129+04597,2020-02-25 14:10:00,72.99,100.00
129+04597,2020-02-25 14:20:00,69.86,100.00
129+04597,2020-02-25 14:30:00,69.29,100.00
129+04597,2020-02-25 14:40:00,71.46,100.00
129+04597,2020-02-25 14:50:00,73.26,100.00
129+04597,2020-02-25 15:00:00,70.47,100.00
129+04597,2020-02-25 15:10:00,68.48,100.00
129+04597,2020-02-25 15:20:00,68.69,100.00
129+04597,2020-02-25 15:30:00,71.27,97.60
129+04597,2020-02-25 15:40:00,69.29,100.00
129+04597,2020-02-25 15:50:00,69.48,100.00
129+04597,2020-02-25 16:00:00,69.99,100.00
129+04597,2020-02-25 16:10:00,70.78,100.00
129+04597,2020-02-25 16:20:00,70.20,100.00
129+04597,2020-02-25 16:30:00,73.16,85.60
129+04597,2020-02-25 16:40:00,72.73,98.30
129+04597,2020-02-25 16:50:00,67.77,99.00
129+04597,2020-02-25 17:00:00,67.69,100.00
129+04597,2020-02-25 17:10:00,69.88,100.00
129+04597,2020-02-25 17:20:00,69.80,100.00
129+04597,2020-02-25 17:30:00,69.89,100.00
129+04597,2020-02-25 17:40:00,68.19,100.00
129+04597,2020-02-25 17:50:00,66.85,100.00
129+04597,2020-02-25 18:00:00,66.38,100.00
129+04597,2020-02-25 18:10:00,67.19,100.00
129+04597,2020-02-25 18:20:00,68.07,100.00
129+04597,2020-02-25 18:30:00,68.79,94.70
129+04597,2020-02-25 18:40:00,68.49,97.60
129+04597,2020-02-25 18:50:00,67.05,97.90
129+04597,2020-02-25 19:00:00,70.98,82.60
129+04597,2020-02-25 19:10:00,73.03,84.60
129+04597,2020-02-25 19:20:00,70.68,94.70
129+04597,2020-02-25 19:30:00,70.46,92.70
129+04597,2020-02-25 19:40:00,66.76,89.90
129+04597,2020-02-25 19:50:00,63.88,100.00
129+04597,2020-02-25 20:00:00,66.73,91.70
129+04597,2020-02-25 20:10:00,68.68,89.30
129+04597,2020-02-25 20:20:00,65.41,97.90
129+04597,2020-02-25 20:30:00,67.19,94.90
129+04597,2020-02-25 20:40:00,64.49,99.70
129+04597,2020-02-25 20:50:00,61.99,100.00
129+04597,2020-02-25 21:00:00,65.05,95.40
129+04597,2020-02-25 21:10:00,66.58,94.50
129+04597,2020-02-25 21:20:00,66.10,98.30
129+04597,2020-02-25 21:30:00,64.08,99.50
129+04597,2020-02-25 21:40:00,67.68,76.90
129+04597,2020-02-25 21:50:00,61.65,99.70
129+04597,2020-02-25 22:00:00,66.51,84.90
129+04597,2020-02-25 22:10:00,64.79,98.00
129+04597,2020-02-25 22:20:00,65.53,92.80
129+04597,2020-02-25 22:30:00,63.90,97.20
129+04597,2020-02-25 22:40:00,64.79,95.00
129+04597,2020-02-25 22:50:00,63.07,95.00
129+04597,2020-02-25 23:00:00,63.06,96.70
129+04597,2020-02-25 23:10:00,67.00,85.88
129+04597,2020-02-25 23:20:00,67.74,83.00
129+04597,2020-02-25 23:30:00,64.95,86.80
129+04597,2020-02-25 23:40:00,64.18,96.20
129+04597,2020-02-25 23:50:00,63.98,94.70
129P04605,2020-02-25 00:00:00,58.17,80.30
129P04605,2020-02-25 00:10:00,56.72,64.60
129P04605,2020-02-25 00:20:00,52.92,53.70
129P04605,2020-02-25 00:30:00,57.67,96.20
129P04605,2020-02-25 00:40:00,60.25,78.10
129P04605,2020-02-25 00:50:00,60.09,74.33
129P04605,2020-02-25 01:00:00,54.48,86.60
129P04605,2020-02-25 01:10:00,53.55,78.50
129P04605,2020-02-25 01:20:00,60.64,66.38
129P04605,2020-02-25 01:30:00,58.68,92.20
129P04605,2020-02-25 01:40:00,61.27,67.60
129P04605,2020-02-25 01:50:00,62.02,71.40
129P04605,2020-02-25 02:00:00,74.48,10.00
129P04605,2020-02-25 02:10:00,54.93,55.20
129P04605,2020-02-25 02:20:00,56.04,72.00
129P04605,2020-02-25 02:30:00,56.20,81.90
129P04605,2020-02-25 02:40:00,60.00,100.00
129P04605,2020-02-25 02:50:00,62.33,83.90
129P04605,2020-02-25 03:00:00,58.15,94.20
129P04605,2020-02-25 03:10:00,57.70,97.70
129P04605,2020-02-25 03:20:00,59.90,85.50
129P04605,2020-02-25 03:30:00,62.08,86.90
129P04605,2020-02-25 03:40:00,61.47,66.00
129P04605,2020-02-25 03:50:00,59.48,79.60
129P04605,2020-02-25 04:00:00,64.49,83.00
129P04605,2020-02-25 04:10:00,58.35,76.70
129P04605,2020-02-25 04:20:00,65.50,54.89
129P04605,2020-02-25 04:30:00,60.80,90.80
129P04605,2020-02-25 04:40:00,60.62,91.10
129P04605,2020-02-25 04:50:00,64.59,90.20
129P04605,2020-02-25 05:00:00,62.07,98.60
129P04605,2020-02-25 05:10:00,62.75,97.80
129P04605,2020-02-25 05:20:00,62.21,100.00
129P04605,2020-02-25 05:30:00,65.61,98.80
129P04605,2020-02-25 05:40:00,66.62,100.00
129P04605,2020-02-25 05:50:00,60.74,100.00
129P04605,2020-02-25 06:00:00,61.48,100.00
129P04605,2020-02-25 06:10:00,59.86,100.00
129P04605,2020-02-25 06:20:00,59.65,100.00
129P04605,2020-02-25 06:30:00,56.28,100.00
129P04605,2020-02-25 06:40:00,55.54,100.00
129P04605,2020-02-25 06:50:00,52.50,100.00
129P04605,2020-02-25 07:00:00,53.38,100.00
129P04605,2020-02-25 07:10:00,52.58,100.00
129P04605,2020-02-25 07:20:00,53.09,100.00
129P04605,2020-02-25 07:30:00,52.67,100.00
129P04605,2020-02-25 07:40:00,51.28,100.00
129P04605,2020-02-25 07:50:00,48.88,100.00
129P04605,2020-02-25 08:00:00,50.55,100.00
129P04605,2020-02-25 08:10:00,51.57,100.00
129P04605,2020-02-25 08:20:00,49.44,100.00
129P04605,2020-02-25 08:30:00,50.73,100.00
129P04605,2020-02-25 08:40:00,52.17,100.00
129P04605,2020-02-25 08:50:00,52.46,100.00
129P04605,2020-02-25 09:00:00,54.75,100.00
129P04605,2020-02-25 09:10:00,58.16,100.00
129P04605,2020-02-25 09:20:00,56.68,100.00
129P04605,2020-02-25 09:30:00,59.16,100.00
129P04605,2020-02-25 09:40:00,56.19,100.00
129P04605,2020-02-25 09:50:00,55.26,100.00
129P04605,2020-02-25 10:00:00,56.35,100.00
129P04605,2020-02-25 10:10:00,55.88,100.00
129P04605,2020-02-25 10:20:00,58.16,100.00
129P04605,2020-02-25 10:30:00,57.86,100.00
129P04605,2020-02-25 10:40:00,55.98,100.00
129P04605,2020-02-25 10:50:00,56.45,100.00
129P04605,2020-02-25 11:00:00,60.49,100.00
129P04605,2020-02-25 11:10:00,58.33,95.70
129P04605,2020-02-25 11:20:00,60.58,100.00
129P04605,2020-02-25 11:30:00,58.40,100.00
129P04605,2020-02-25 11:40:00,59.54,100.00
129P04605,2020-02-25 11:50:00,58.64,100.00
129P04605,2020-02-25 12:00:00,55.69,100.00
129P04605,2020-02-25 12:10:00,55.00,100.00
129P04605,2020-02-25 12:20:00,56.38,100.00
129P04605,2020-02-25 12:30:00,57.20,100.00
129P04605,2020-02-25 12:40:00,55.10,100.00
129P04605,2020-02-25 12:50:00,57.19,100.00
129P04605,2020-02-25 13:00:00,56.90,100.00
129P04605,2020-02-25 13:10:00,57.01,100.00
129P04605,2020-02-25 13:20:00,57.28,100.00
129P04605,2020-02-25 13:30:00,55.26,100.00
129P04605,2020-02-25 13:40:00,57.57,100.00
129P04605,2020-02-25 13:50:00,57.39,100.00
129P04605,2020-02-25 14:00:00,59.60,100.00
129P04605,2020-02-25 14:10:00,57.79,100.00
129P04605,2020-02-25 14:20:00,55.96,100.00
129P04605,2020-02-25 14:30:00,56.29,100.00
129P04605,2020-02-25 14:40:00,55.09,100.00
129P04605,2020-02-25 14:50:00,56.99,100.00
129P04605,2020-02-25 15:00:00,56.36,100.00
129P04605,2020-02-25 15:10:00,56.39,100.00
129P04605,2020-02-25 15:20:00,55.98,100.00
129P04605,2020-02-25 15:30:00,56.76,100.00
129P04605,2020-02-25 15:40:00,55.19,100.00
129P04605,2020-02-25 15:50:00,54.99,100.00
129P04605,2020-02-25 16:00:00,55.25,100.00
129P04605,2020-02-25 16:10:00,56.87,100.00
129P04605,2020-02-25 16:20:00,55.48,100.00
129P04605,2020-02-25 16:30:00,56.26,100.00
129P04605,2020-02-25 16:40:00,60.16,100.00
129P04605,2020-02-25 16:50:00,55.17,100.00
129P04605,2020-02-25 17:00:00,58.74,100.00
129P04605,2020-02-25 17:10:00,56.58,100.00
129P04605,2020-02-25 17:20:00,57.56,100.00
129P04605,2020-02-25 17:30:00,55.39,100.00
129P04605,2020-02-25 17:40:00,55.88,100.00
129P04605,2020-02-25 17:50:00,56.19,100.00
129P04605,2020-02-25 18:00:00,53.51,100.00
129P04605,2020-02-25 18:10:00,55.39,100.00
129P04605,2020-02-25 18:20:00,55.48,100.00
129P04605,2020-02-25 18:30:00,56.29,100.00
129P04605,2020-02-25 18:40:00,57.64,100.00
129P04605,2020-02-25 18:50:00,59.35,100.00
129P04605,2020-02-25 19:00:00,55.35,100.00
129P04605,2020-02-25 19:10:00,61.57,100.00
129P04605,2020-02-25 19:20:00,59.97,100.00
129P04605,2020-02-25 19:30:00,57.42,100.00
129P04605,2020-02-25 19:40:00,57.82,100.00
129P04605,2020-02-25 19:50:00,58.28,100.00
129P04605,2020-02-25 20:00:00,57.75,99.90
129P04605,2020-02-25 20:10:00,56.25,99.40
129P04605,2020-02-25 20:20:00,55.57,100.00
129P04605,2020-02-25 20:30:00,57.76,100.00
129P04605,2020-02-25 20:40:00,59.59,97.00
129P04605,2020-02-25 20:50:00,57.79,100.00
129P04605,2020-02-25 21:00:00,58.70,100.00
129P04605,2020-02-25 21:10:00,56.58,100.00
129P04605,2020-02-25 21:20:00,55.59,100.00
129P04605,2020-02-25 21:30:00,55.80,100.00
129P04605,2020-02-25 21:40:00,56.09,100.00
129P04605,2020-02-25 21:50:00,59.05,96.50
129P04605,2020-02-25 22:00:00,56.28,98.00
129P04605,2020-02-25 22:10:00,58.35,92.00
129P04605,2020-02-25 22:20:00,60.84,82.90
129P04605,2020-02-25 22:30:00,54.32,73.40
129P04605,2020-02-25 22:40:00,54.99,96.30
129P04605,2020-02-25 22:50:00,55.76,99.20
129P04605,2020-02-25 23:00:00,58.48,92.10
129P04605,2020-02-25 23:10:00,58.68,82.60
129P04605,2020-02-25 23:20:00,58.26,73.40
129P04605,2020-02-25 23:30:00,59.48,92.60
129P04605,2020-02-25 23:40:00,57.00,92.60
129P04605,2020-02-25 23:50:00,57.38,89.67
129P04604,2020-02-25 00:00:00,66.47,28.70
129P04604,2020-02-25 00:10:00,58.10,33.40
129P04604,2020-02-25 00:20:00,53.62,60.30
129P04604,2020-02-25 00:30:00,56.02,89.20
129P04604,2020-02-25 00:40:00,60.53,96.40
129P04604,2020-02-25 00:50:00,60.48,90.75
129P04604,2020-02-25 01:00:00,54.50,92.50
129P04604,2020-02-25 01:10:00,53.76,80.90
129P04604,2020-02-25 01:20:00,60.11,68.25
129P04604,2020-02-25 01:30:00,57.39,97.70
129P04604,2020-02-25 01:40:00,60.43,74.70
129P04604,2020-02-25 01:50:00,61.37,79.44
129P04604,2020-02-25 02:00:00,74.48,9.11
129P04604,2020-02-25 02:10:00,54.64,57.40
129P04604,2020-02-25 02:20:00,54.89,70.60
129P04604,2020-02-25 02:30:00,55.20,81.00
129P04604,2020-02-25 02:40:00,60.41,98.14
129P04604,2020-02-25 02:50:00,61.61,81.60
129P04604,2020-02-25 03:00:00,56.75,93.10
129P04604,2020-02-25 03:10:00,55.20,88.40
129P04604,2020-02-25 03:20:00,57.41,91.20
129P04604,2020-02-25 03:30:00,60.94,86.10
129P04604,2020-02-25 03:40:00,56.36,93.00
129P04604,2020-02-25 03:50:00,58.33,79.50
129P04604,2020-02-25 04:00:00,61.34,77.90
129P04604,2020-02-25 04:10:00,55.96,87.80
129P04604,2020-02-25 04:20:00,66.24,56.50
129P04604,2020-02-25 04:30:00,59.32,87.10
129P04604,2020-02-25 04:40:00,59.73,90.50
129P04604,2020-02-25 04:50:00,63.19,93.60
129P04604,2020-02-25 05:00:00,59.21,100.00
129P04604,2020-02-25 05:10:00,61.89,96.10
129P04604,2020-02-25 05:20:00,62.00,100.00
129P04604,2020-02-25 05:30:00,64.16,98.50
129P04604,2020-02-25 05:40:00,61.82,100.00
129P04604,2020-02-25 05:50:00,58.38,100.00
129P04604,2020-02-25 06:00:00,59.21,100.00
129P04604,2020-02-25 06:10:00,57.16,100.00
129P04604,2020-02-25 06:20:00,57.22,100.00
129P04604,2020-02-25 06:30:00,52.80,100.00
129P04604,2020-02-25 06:40:00,51.66,100.00
129P04604,2020-02-25 06:50:00,48.90,100.00
129P04604,2020-02-25 07:00:00,47.97,100.00
129P04604,2020-02-25 07:10:00,47.49,100.00
129P04604,2020-02-25 07:20:00,48.69,100.00
129P04604,2020-02-25 07:30:00,49.07,100.00
129P04604,2020-02-25 07:40:00,49.06,100.00
129P04604,2020-02-25 07:50:00,47.10,100.00
129P04604,2020-02-25 08:00:00,48.24,100.00
129P04604,2020-02-25 08:10:00,48.28,100.00
129P04604,2020-02-25 08:20:00,46.83,100.00
129P04604,2020-02-25 08:30:00,45.84,100.00
129P04604,2020-02-25 08:40:00,44.66,100.00
129P04604,2020-02-25 08:50:00,48.79,100.00
129P04604,2020-02-25 09:00:00,53.18,100.00
129P04604,2020-02-25 09:10:00,56.57,100.00
129P04604,2020-02-25 09:20:00,54.70,100.00
129P04604,2020-02-25 09:30:00,56.97,100.00
129P04604,2020-02-25 09:40:00,55.09,100.00
129P04604,2020-02-25 09:50:00,53.77,100.00
129P04604,2020-02-25 10:00:00,54.95,100.00
129P04604,2020-02-25 10:10:00,54.57,100.00
129P04604,2020-02-25 10:20:00,56.76,100.00
129P04604,2020-02-25 10:30:00,57.12,100.00
129P04604,2020-02-25 10:40:00,55.98,100.00
129P04604,2020-02-25 10:50:00,54.87,100.00
129P04604,2020-02-25 11:00:00,58.04,100.00
129P04604,2020-02-25 11:10:00,58.91,94.50
129P04604,2020-02-25 11:20:00,60.07,100.00
129P04604,2020-02-25 11:30:00,57.13,100.00
129P04604,2020-02-25 11:40:00,59.07,100.00
129P04604,2020-02-25 11:50:00,56.71,100.00
129P04604,2020-02-25 12:00:00,56.65,100.00
129P04604,2020-02-25 12:10:00,54.80,100.00
129P04604,2020-02-25 12:20:00,55.89,100.00
129P04604,2020-02-25 12:30:00,57.87,100.00
129P04604,2020-02-25 12:40:00,55.08,100.00
129P04604,2020-02-25 12:50:00,55.49,100.00
129P04604,2020-02-25 13:00:00,56.37,100.00
129P04604,2020-02-25 13:10:00,56.53,100.00
129P04604,2020-02-25 13:20:00,56.28,100.00
129P04604,2020-02-25 13:30:00,54.96,100.00
129P04604,2020-02-25 13:40:00,56.56,100.00
129P04604,2020-02-25 13:50:00,55.77,100.00
129P04604,2020-02-25 14:00:00,56.47,100.00
129P04604,2020-02-25 14:10:00,56.49,100.00
129P04604,2020-02-25 14:20:00,54.36,100.00
129P04604,2020-02-25 14:30:00,54.58,100.00
129P04604,2020-02-25 14:40:00,54.38,100.00
129P04604,2020-02-25 14:50:00,55.88,100.00
129P04604,2020-02-25 15:00:00,54.69,100.00
129P04604,2020-02-25 15:10:00,53.27,100.00
129P04604,2020-02-25 15:20:00,54.29,100.00
129P04604,2020-02-25 15:30:00,53.85,100.00
129P04604,2020-02-25 15:40:00,53.37,100.00
129P04604,2020-02-25 15:50:00,53.38,100.00
129P04604,2020-02-25 16:00:00,53.58,100.00
129P04604,2020-02-25 16:10:00,55.39,100.00
129P04604,2020-02-25 16:20:00,53.98,100.00
129P04604,2020-02-25 16:30:00,55.60,100.00
129P04604,2020-02-25 16:40:00,59.44,100.00
129P04604,2020-02-25 16:50:00,54.47,100.00
129P04604,2020-02-25 17:00:00,55.15,100.00
129P04604,2020-02-25 17:10:00,54.69,100.00
129P04604,2020-02-25 17:20:00,56.25,100.00
129P04604,2020-02-25 17:30:00,53.99,100.00
129P04604,2020-02-25 17:40:00,54.98,100.00
129P04604,2020-02-25 17:50:00,54.18,100.00
129P04604,2020-02-25 18:00:00,52.49,100.00
129P04604,2020-02-25 18:10:00,54.19,100.00
129P04604,2020-02-25 18:20:00,54.06,100.00
129P04604,2020-02-25 18:30:00,55.87,100.00
129P04604,2020-02-25 18:40:00,56.94,100.00
129P04604,2020-02-25 18:50:00,58.15,100.00
129P04604,2020-02-25 19:00:00,54.46,100.00
129P04604,2020-02-25 19:10:00,59.81,100.00
129P04604,2020-02-25 19:20:00,57.92,100.00
129P04604,2020-02-25 19:30:00,54.54,98.90
129P04604,2020-02-25 19:40:00,58.98,100.00
129P04604,2020-02-25 19:50:00,58.43,98.90
129P04604,2020-02-25 20:00:00,56.16,99.30
129P04604,2020-02-25 20:10:00,55.00,98.00
129P04604,2020-02-25 20:20:00,53.23,93.40
129P04604,2020-02-25 20:30:00,55.18,100.00
129P04604,2020-02-25 20:40:00,57.98,97.60
129P04604,2020-02-25 20:50:00,55.93,100.00
129P04604,2020-02-25 21:00:00,58.07,90.60
129P04604,2020-02-25 21:10:00,54.60,100.00
129P04604,2020-02-25 21:20:00,54.29,100.00
129P04604,2020-02-25 21:30:00,54.20,100.00
129P04604,2020-02-25 21:40:00,55.09,100.00
129P04604,2020-02-25 21:50:00,57.95,96.20
129P04604,2020-02-25 22:00:00,55.98,97.50
129P04604,2020-02-25 22:10:00,59.58,75.30
129P04604,2020-02-25 22:20:00,59.46,83.30
129P04604,2020-02-25 22:30:00,54.20,79.30
129P04604,2020-02-25 22:40:00,54.38,94.10
129P04604,2020-02-25 22:50:00,55.65,99.30
129P04604,2020-02-25 23:00:00,57.07,94.60
129P04604,2020-02-25 23:10:00,57.04,82.00
129P04604,2020-02-25 23:20:00,57.32,69.30
129P04604,2020-02-25 23:30:00,58.75,92.70
129P04604,2020-02-25 23:40:00,55.10,90.30
129P04604,2020-02-25 23:50:00,55.57,92.60
129+04598,2020-02-25 00:00:00,66.00,97.20
129+04598,2020-02-25 00:10:00,68.15,94.70
129+04598,2020-02-25 00:20:00,69.94,89.60
129+04598,2020-02-25 00:30:00,69.18,91.00
129+04598,2020-02-25 00:40:00,67.67,95.00
129+04598,2020-02-25 00:50:00,67.47,94.20
129+04598,2020-02-25 01:00:00,66.47,80.00
129+04598,2020-02-25 01:10:00,65.27,80.70
129+04598,2020-02-25 01:20:00,67.43,91.10
129+04598,2020-02-25 01:30:00,65.16,97.17
129+04598,2020-02-25 01:40:00,,
129+04598,2020-02-25 01:50:00,73.97,31.33
129+04598,2020-02-25 02:00:00,69.58,50.50
129+04598,2020-02-25 02:10:00,67.87,77.80
129+04598,2020-02-25 02:20:00,67.94,90.50
129+04598,2020-02-25 02:30:00,68.91,89.13
129+04598,2020-02-25 02:40:00,74.58,69.70
129+04598,2020-02-25 02:50:00,66.69,75.70
129+04598,2020-02-25 03:00:00,62.08,47.40
129+04598,2020-02-25 03:10:00,60.70,41.33
129+04598,2020-02-25 03:20:00,71.00,81.70
129+04598,2020-02-25 03:30:00,69.68,71.90
129+04598,2020-02-25 03:40:00,67.75,69.40
129+04598,2020-02-25 03:50:00,70.35,82.70
129+04598,2020-02-25 04:00:00,67.73,86.70
129+04598,2020-02-25 04:10:00,64.70,77.00
129+04598,2020-02-25 04:20:00,66.46,92.50
129+04598,2020-02-25 04:30:00,67.58,93.40
129+04598,2020-02-25 04:40:00,68.19,99.10
129+04598,2020-02-25 04:50:00,70.84,67.50
129+04598,2020-02-25 05:00:00,73.75,53.60
129+04598,2020-02-25 05:10:00,71.78,84.00
129+04598,2020-02-25 05:20:00,71.99,97.70
129+04598,2020-02-25 05:30:00,74.37,93.40
129+04598,2020-02-25 05:40:00,71.67,94.50
129+04598,2020-02-25 05:50:00,69.89,99.20
129+04598,2020-02-25 06:00:00,69.58,100.00
129+04598,2020-02-25 06:10:00,67.19,100.00
129+04598,2020-02-25 06:20:00,71.37,99.70
129+04598,2020-02-25 06:30:00,71.09,100.00
129+04598,2020-02-25 06:40:00,73.29,100.00
129+04598,2020-02-25 06:50:00,73.77,100.00
129+04598,2020-02-25 07:00:00,73.39,100.00
129+04598,2020-02-25 07:10:00,75.00,100.00
129+04598,2020-02-25 07:20:00,72.56,100.00
129+04598,2020-02-25 07:30:00,71.39,100.00
129+04598,2020-02-25 07:40:00,73.08,100.00
129+04598,2020-02-25 07:50:00,70.59,100.00
129+04598,2020-02-25 08:00:00,73.30,98.90
129+04598,2020-02-25 08:10:00,71.68,100.00
129+04598,2020-02-25 08:20:00,74.27,100.00
129+04598,2020-02-25 08:30:00,71.72,100.00
129+04598,2020-02-25 08:40:00,68.68,100.00
129+04598,2020-02-25 08:50:00,69.89,100.00
129+04598,2020-02-25 09:00:00,70.47,97.50
129+04598,2020-02-25 09:10:00,68.09,99.90
129+04598,2020-02-25 09:20:00,69.77,100.00
129+04598,2020-02-25 09:30:00,69.99,100.00
129+04598,2020-02-25 09:40:00,69.58,100.00
129+04598,2020-02-25 09:50:00,69.88,99.80
129+04598,2020-02-25 10:00:00,67.39,100.00
129+04598,2020-02-25 10:10:00,70.44,100.00
129+04598,2020-02-25 10:20:00,71.09,100.00
129+04598,2020-02-25 10:30:00,71.07,97.70
129+04598,2020-02-25 10:40:00,72.88,93.10
129+04598,2020-02-25 10:50:00,74.18,95.70
129+04598,2020-02-25 11:00:00,72.07,92.60
129+04598,2020-02-25 11:10:00,71.95,96.30
129+04598,2020-02-25 11:20:00,73.08,98.70
129+04598,2020-02-25 11:30:00,70.99,93.90
129+04598,2020-02-25 11:40:00,74.49,99.20
129+04598,2020-02-25 11:50:00,74.12,93.30
129+04598,2020-02-25 12:00:00,74.87,91.40
129+04598,2020-02-25 12:10:00,72.32,94.70
129+04598,2020-02-25 12:20:00,72.98,98.30
129+04598,2020-02-25 12:30:00,72.70,91.20
129+04598,2020-02-25 12:40:00,74.26,100.00
129+04598,2020-02-25 12:50:00,74.95,99.30
129+04598,2020-02-25 13:00:00,69.55,98.00
129+04598,2020-02-25 13:10:00,70.79,98.80
129+04598,2020-02-25 13:20:00,72.53,97.70
129+04598,2020-02-25 13:30:00,74.65,90.00
129+04598,2020-02-25 13:40:00,72.85,95.00
129+04598,2020-02-25 13:50:00,71.96,99.40
129+04598,2020-02-25 14:00:00,73.19,100.00
129+04598,2020-02-25 14:10:00,74.39,100.00
129+04598,2020-02-25 14:20:00,70.46,100.00
129+04598,2020-02-25 14:30:00,71.58,100.00
129+04598,2020-02-25 14:40:00,74.70,100.00
129+04598,2020-02-25 14:50:00,75.97,100.00
129+04598,2020-02-25 15:00:00,72.45,100.00
129+04598,2020-02-25 15:10:00,69.43,100.00
129+04598,2020-02-25 15:20:00,69.69,99.60
129+04598,2020-02-25 15:30:00,74.64,96.10
129+04598,2020-02-25 15:40:00,71.10,100.00
129+04598,2020-02-25 15:50:00,70.87,100.00
129+04598,2020-02-25 16:00:00,72.57,100.00
129+04598,2020-02-25 16:10:00,72.68,100.00
129+04598,2020-02-25 16:20:00,70.09,100.00
129+04598,2020-02-25 16:30:00,75.86,86.60
129+04598,2020-02-25 16:40:00,75.25,99.60
129+04598,2020-02-25 16:50:00,70.94,100.00
129+04598,2020-02-25 17:00:00,68.70,100.00
129+04598,2020-02-25 17:10:00,72.55,100.00
129+04598,2020-02-25 17:20:00,72.19,100.00
129+04598,2020-02-25 17:30:00,71.99,100.00
129+04598,2020-02-25 17:40:00,70.70,100.00
129+04598,2020-02-25 17:50:00,71.05,99.90
129+04598,2020-02-25 18:00:00,66.99,100.00
129+04598,2020-02-25 18:10:00,68.76,100.00
129+04598,2020-02-25 18:20:00,70.96,96.00
129+04598,2020-02-25 18:30:00,69.88,98.90
129+04598,2020-02-25 18:40:00,68.47,99.80
129+04598,2020-02-25 18:50:00,68.85,97.30
129+04598,2020-02-25 19:00:00,71.18,91.90
129+04598,2020-02-25 19:10:00,72.26,100.00
129+04598,2020-02-25 19:20:00,70.29,98.70
129+04598,2020-02-25 19:30:00,70.79,96.00
129+04598,2020-02-25 19:40:00,68.99,94.10
129+04598,2020-02-25 19:50:00,69.00,89.40
129+04598,2020-02-25 20:00:00,71.60,88.88
129+04598,2020-02-25 20:10:00,65.54,90.80
129+04598,2020-02-25 20:20:00,65.55,75.70
129+04598,2020-02-25 20:30:00,71.68,88.30
129+04598,2020-02-25 20:40:00,67.48,98.50
129+04598,2020-02-25 20:50:00,66.32,91.60
129+04598,2020-02-25 21:00:00,68.47,91.60
129+04598,2020-02-25 21:10:00,67.19,99.60
129+04598,2020-02-25 21:20:00,70.07,76.00
129+04598,2020-02-25 21:30:00,65.59,99.90
129+04598,2020-02-25 21:40:00,69.81,78.10
129+04598,2020-02-25 21:50:00,65.11,98.10
129+04598,2020-02-25 22:00:00,69.24,90.60
129+04598,2020-02-25 22:10:00,66.75,94.20
129+04598,2020-02-25 22:20:00,66.87,87.00
129+04598,2020-02-25 22:30:00,65.40,95.80
129+04598,2020-02-25 22:40:00,65.99,94.90
129+04598,2020-02-25 22:50:00,65.49,97.40
129+04598,2020-02-25 23:00:00,64.37,92.10
129+04598,2020-02-25 23:10:00,62.00,84.00
129+04598,2020-02-25 23:20:00,68.41,82.43
129+04598,2020-02-25 23:30:00,66.47,91.80
129+04598,2020-02-25 23:40:00,67.35,92.70
129+04598,2020-02-25 23:50:00,68.39,96.20
129+04610,2020-02-25 00:00:00,65.90,99.90
129+04610,2020-02-25 00:10:00,66.19,99.70
129+04610,2020-02-25 00:20:00,66.19,98.10
129+04610,2020-02-25 00:30:00,64.95,84.50
129+04610,2020-02-25 00:40:00,64.53,73.50
129+04610,2020-02-25 00:50:00,68.00,87.33
129+04610,2020-02-25 01:00:00,64.87,96.50
129+04610,2020-02-25 01:10:00,64.28,98.43
129+04610,2020-02-25 01:20:00,64.00,99.40
129+04610,2020-02-25 01:30:00,66.87,98.63
129+04610,2020-02-25 01:40:00,65.79,98.70
129+04610,2020-02-25 01:50:00,64.22,92.30
129+04610,2020-02-25 02:00:00,69.81,47.50
129+04610,2020-02-25 02:10:00,71.34,33.50
129+04610,2020-02-25 02:20:00,65.98,93.40
129+04610,2020-02-25 02:30:00,68.00,98.60
129+04610,2020-02-25 02:40:00,63.15,72.40
129+04610,2020-02-25 02:50:00,65.11,88.30
129+04610,2020-02-25 03:00:00,65.44,98.78
129+04610,2020-02-25 03:10:00,66.22,99.11
129+04610,2020-02-25 03:20:00,66.98,83.50
129+04610,2020-02-25 03:30:00,73.21,41.80
129+04610,2020-02-25 03:40:00,69.73,70.70
129+04610,2020-02-25 03:50:00,65.76,82.70
129+04610,2020-02-25 04:00:00,71.65,52.90
129+04610,2020-02-25 04:10:00,64.50,59.70
129+04610,2020-02-25 04:20:00,70.24,48.90
129+04610,2020-02-25 04:30:00,68.49,87.50
129+04610,2020-02-25 04:40:00,64.17,65.30
129+04610,2020-02-25 04:50:00,67.84,76.80
129+04610,2020-02-25 05:00:00,65.20,99.80
129+04610,2020-02-25 05:10:00,68.77,92.90
129+04610,2020-02-25 05:20:00,70.47,86.20
129+04610,2020-02-25 05:30:00,70.79,100.00
129+04610,2020-02-25 05:40:00,70.14,100.00
129+04610,2020-02-25 05:50:00,70.28,100.00
129+04610,2020-02-25 06:00:00,68.99,100.00
129+04610,2020-02-25 06:10:00,69.38,100.00
129+04610,2020-02-25 06:20:00,68.54,100.00
129+04610,2020-02-25 06:30:00,69.68,100.00
129+04610,2020-02-25 06:40:00,69.39,100.00
129+04610,2020-02-25 06:50:00,66.58,100.00
129+04610,2020-02-25 07:00:00,67.35,100.00
129+04610,2020-02-25 07:10:00,67.99,100.00
129+04610,2020-02-25 07:20:00,66.90,100.00
129+04610,2020-02-25 07:30:00,67.29,100.00
129+04610,2020-02-25 07:40:00,66.77,100.00
129+04610,2020-02-25 07:50:00,66.79,100.00
129+04610,2020-02-25 08:00:00,67.66,100.00
129+04610,2020-02-25 08:10:00,68.78,100.00
129+04610,2020-02-25 08:20:00,67.16,100.00
129+04610,2020-02-25 08:30:00,71.78,100.00
129+04610,2020-02-25 08:40:00,69.98,100.00
129+04610,2020-02-25 08:50:00,66.69,99.90
129+04610,2020-02-25 09:00:00,67.49,100.00
129+04610,2020-02-25 09:10:00,69.47,100.00
129+04610,2020-02-25 09:20:00,70.78,100.00
129+04610,2020-02-25 09:30:00,72.47,100.00
129+04610,2020-02-25 09:40:00,70.12,97.70
129+04610,2020-02-25 09:50:00,69.26,100.00
129+04610,2020-02-25 10:00:00,65.29,100.00
129+04610,2020-02-25 10:10:00,68.27,100.00
129+04610,2020-02-25 10:20:00,67.89,100.00
129+04610,2020-02-25 10:30:00,68.15,100.00
129+04610,2020-02-25 10:40:00,66.48,100.00
129+04610,2020-02-25 10:50:00,68.16,100.00
129+04610,2020-02-25 11:00:00,66.08,100.00
129+04610,2020-02-25 11:10:00,66.19,100.00
129+04610,2020-02-25 11:20:00,69.27,100.00
129+04610,2020-02-25 11:30:00,68.27,100.00
129+04610,2020-02-25 11:40:00,66.16,100.00
129+04610,2020-02-25 11:50:00,68.77,100.00
129+04610,2020-02-25 12:00:00,69.09,100.00
129+04610,2020-02-25 12:10:00,66.77,100.00
129+04610,2020-02-25 12:20:00,68.20,90.60
129+04610,2020-02-25 12:30:00,66.16,100.00
129+04610,2020-02-25 12:40:00,67.38,100.00
129+04610,2020-02-25 12:50:00,67.88,100.00
129+04610,2020-02-25 13:00:00,70.47,100.00
129+04610,2020-02-25 13:10:00,71.49,100.00
129+04610,2020-02-25 13:20:00,66.34,100.00
129+04610,2020-02-25 13:30:00,69.69,100.00
129+04610,2020-02-25 13:40:00,70.90,96.90
129+04610,2020-02-25 13:50:00,68.95,100.00
129+04610,2020-02-25 14:00:00,65.69,100.00
129+04610,2020-02-25 14:10:00,69.19,100.00
129+04610,2020-02-25 14:20:00,69.23,100.00
129+04610,2020-02-25 14:30:00,67.09,100.00
129+04610,2020-02-25 14:40:00,67.28,100.00
129+04610,2020-02-25 14:50:00,67.76,100.00
129+04610,2020-02-25 15:00:00,70.46,100.00
129+04610,2020-02-25 15:10:00,70.27,100.00
129+04610,2020-02-25 15:20:00,68.57,100.00
129+04610,2020-02-25 15:30:00,67.78,100.00
129+04610,2020-02-25 15:40:00,67.08,100.00
129+04610,2020-02-25 15:50:00,71.29,100.00
129+04610,2020-02-25 16:00:00,68.06,100.00
129+04610,2020-02-25 16:10:00,68.78,100.00
129+04610,2020-02-25 16:20:00,68.37,100.00
129+04610,2020-02-25 16:30:00,68.79,100.00
129+04610,2020-02-25 16:40:00,68.46,100.00
129+04610,2020-02-25 16:50:00,67.58,100.00
129+04610,2020-02-25 17:00:00,70.66,100.00
129+04610,2020-02-25 17:10:00,66.15,100.00
129+04610,2020-02-25 17:20:00,64.69,100.00
129+04610,2020-02-25 17:30:00,65.29,100.00
129+04610,2020-02-25 17:40:00,69.07,100.00
129+04610,2020-02-25 17:50:00,68.99,100.00
129+04610,2020-02-25 18:00:00,66.98,95.80
129+04610,2020-02-25 18:10:00,63.49,100.00
129+04610,2020-02-25 18:20:00,63.10,100.00
129+04610,2020-02-25 18:30:00,65.85,100.00
129+04610,2020-02-25 18:40:00,67.86,100.00
129+04610,2020-02-25 18:50:00,65.59,100.00
129+04610,2020-02-25 19:00:00,65.20,100.00
129+04610,2020-02-25 19:10:00,66.26,100.00
129+04610,2020-02-25 19:20:00,68.14,100.00
129+04610,2020-02-25 19:30:00,67.74,100.00
129+04610,2020-02-25 19:40:00,67.46,100.00
129+04610,2020-02-25 19:50:00,68.49,100.00
129+04610,2020-02-25 20:00:00,69.37,100.00
129+04610,2020-02-25 20:10:00,63.68,100.00
129+04610,2020-02-25 20:20:00,65.19,100.00
129+04610,2020-02-25 20:30:00,62.94,100.00
129+04610,2020-02-25 20:40:00,64.56,100.00
129+04610,2020-02-25 20:50:00,65.26,100.00
129+04610,2020-02-25 21:00:00,62.79,100.00
129+04610,2020-02-25 21:10:00,66.25,94.70
129+04610,2020-02-25 21:20:00,69.24,66.10
129+04610,2020-02-25 21:30:00,63.49,100.00
129+04610,2020-02-25 21:40:00,61.96,100.00
129+04610,2020-02-25 21:50:00,61.82,100.00
129+04610,2020-02-25 22:00:00,64.77,100.00
129+04610,2020-02-25 22:10:00,64.89,91.00
129+04610,2020-02-25 22:20:00,62.98,97.80
129+04610,2020-02-25 22:30:00,64.59,96.80
129+04610,2020-02-25 22:40:00,65.48,94.40
129+04610,2020-02-25 22:50:00,61.69,89.60
129+04610,2020-02-25 23:00:00,62.09,92.80
129+04610,2020-02-25 23:10:00,62.99,38.50
129+04610,2020-02-25 23:20:00,59.29,75.10
129+04610,2020-02-25 23:30:00,61.00,99.22
129+04610,2020-02-25 23:40:00,62.00,99.14
129+04610,2020-02-25 23:50:00,63.28,88.33
129+04599,2020-02-25 00:00:00,65.70,91.50
129+04599,2020-02-25 00:10:00,68.07,94.10
129+04599,2020-02-25 00:20:00,69.38,89.50
129+04599,2020-02-25 00:30:00,67.19,97.50
129+04599,2020-02-25 00:40:00,67.29,97.60
129+04599,2020-02-25 00:50:00,65.60,93.20
129+04599,2020-02-25 01:00:00,64.81,85.14
129+04599,2020-02-25 01:10:00,66.36,68.20
129+04599,2020-02-25 01:20:00,68.33,84.80
129+04599,2020-02-25 01:30:00,66.00,99.00
129+04599,2020-02-25 01:40:00,,
129+04599,2020-02-25 01:50:00,75.12,40.33
129+04599,2020-02-25 02:00:00,71.29,54.40
129+04599,2020-02-25 02:10:00,68.12,88.20
129+04599,2020-02-25 02:20:00,67.97,84.50
129+04599,2020-02-25 02:30:00,60.42,45.00
129+04599,2020-02-25 02:40:00,75.17,62.70
129+04599,2020-02-25 02:50:00,65.77,77.50
129+04599,2020-02-25 03:00:00,62.09,71.80
129+04599,2020-02-25 03:10:00,60.65,72.90
129+04599,2020-02-25 03:20:00,69.79,71.90
129+04599,2020-02-25 03:30:00,68.65,80.50
129+04599,2020-02-25 03:40:00,68.33,75.80
129+04599,2020-02-25 03:50:00,70.43,71.30
129+04599,2020-02-25 04:00:00,70.74,82.60
129+04599,2020-02-25 04:10:00,66.10,80.50
129+04599,2020-02-25 04:20:00,68.21,97.33
129+04599,2020-02-25 04:30:00,67.69,95.00
129+04599,2020-02-25 04:40:00,67.60,99.70
129+04599,2020-02-25 04:50:00,70.54,71.60
129+04599,2020-02-25 05:00:00,73.33,55.40
129+04599,2020-02-25 05:10:00,71.83,88.60
129+04599,2020-02-25 05:20:00,72.16,96.90
129+04599,2020-02-25 05:30:00,74.42,95.70
129+04599,2020-02-25 05:40:00,72.35,98.80
129+04599,2020-02-25 05:50:00,69.38,100.00
129+04599,2020-02-25 06:00:00,69.29,100.00
129+04599,2020-02-25 06:10:00,68.49,100.00
129+04599,2020-02-25 06:20:00,71.39,100.00
129+04599,2020-02-25 06:30:00,72.08,100.00
129+04599,2020-02-25 06:40:00,71.10,100.00
129+04599,2020-02-25 06:50:00,73.18,100.00
129+04599,2020-02-25 07:00:00,75.80,100.00
129+04599,2020-02-25 07:10:00,75.19,100.00
129+04599,2020-02-25 07:20:00,73.39,100.00
129+04599,2020-02-25 07:30:00,71.10,100.00
129+04599,2020-02-25 07:40:00,69.48,100.00
129+04599,2020-02-25 07:50:00,61.17,100.00
129+04599,2020-02-25 08:00:00,57.60,100.00
129+04599,2020-02-25 08:10:00,69.48,99.70
129+04599,2020-02-25 08:20:00,72.49,100.00
129+04599,2020-02-25 08:30:00,72.53,100.00
129+04599,2020-02-25 08:40:00,70.47,100.00
129+04599,2020-02-25 08:50:00,71.19,100.00
129+04599,2020-02-25 09:00:00,72.38,97.90
129+04599,2020-02-25 09:10:00,68.59,100.00
129+04599,2020-02-25 09:20:00,72.35,100.00
129+04599,2020-02-25 09:30:00,69.85,100.00
129+04599,2020-02-25 09:40:00,70.29,100.00
129+04599,2020-02-25 09:50:00,69.58,98.10
129+04599,2020-02-25 10:00:00,70.57,99.30
129+04599,2020-02-25 10:10:00,71.96,92.90
129+04599,2020-02-25 10:20:00,71.59,100.00
129+04599,2020-02-25 10:30:00,68.40,100.00
129+04599,2020-02-25 10:40:00,70.19,100.00
129+04599,2020-02-25 10:50:00,70.69,99.50
129+04599,2020-02-25 11:00:00,69.58,98.40
129+04599,2020-02-25 11:10:00,71.36,95.00
129+04599,2020-02-25 11:20:00,71.37,100.00
129+04599,2020-02-25 11:30:00,72.25,90.60
129+04599,2020-02-25 11:40:00,73.78,95.80
129+04599,2020-02-25 11:50:00,72.17,100.00
129+04599,2020-02-25 12:00:00,73.47,96.60
129+04599,2020-02-25 12:10:00,70.95,99.40
129+04599,2020-02-25 12:20:00,71.15,100.00
129+04599,2020-02-25 12:30:00,71.28,100.00
129+04599,2020-02-25 12:40:00,73.87,99.90
129+04599,2020-02-25 12:50:00,73.47,98.70
129+04599,2020-02-25 13:00:00,70.09,99.60
129+04599,2020-02-25 13:10:00,70.98,98.50
129+04599,2020-02-25 13:20:00,70.69,99.50
129+04599,2020-02-25 13:30:00,72.83,97.60
129+04599,2020-02-25 13:40:00,70.36,99.80
129+04599,2020-02-25 13:50:00,69.94,98.70
129+04599,2020-02-25 14:00:00,73.66,100.00
129+04599,2020-02-25 14:10:00,74.35,100.00
129+04599,2020-02-25 14:20:00,69.88,99.90
129+04599,2020-02-25 14:30:00,70.89,100.00
129+04599,2020-02-25 14:40:00,73.35,100.00
129+04599,2020-02-25 14:50:00,75.09,100.00
129+04599,2020-02-25 15:00:00,73.35,100.00
129+04599,2020-02-25 15:10:00,69.78,99.90
129+04599,2020-02-25 15:20:00,70.73,100.00
129+04599,2020-02-25 15:30:00,73.13,100.00
129+04599,2020-02-25 15:40:00,72.26,100.00
129+04599,2020-02-25 15:50:00,71.78,100.00
129+04599,2020-02-25 16:00:00,72.97,100.00
129+04599,2020-02-25 16:10:00,75.18,100.00
129+04599,2020-02-25 16:20:00,72.89,100.00
129+04599,2020-02-25 16:30:00,74.99,96.00
129+04599,2020-02-25 16:40:00,76.78,97.00
129+04599,2020-02-25 16:50:00,73.86,99.90
129+04599,2020-02-25 17:00:00,69.07,100.00
129+04599,2020-02-25 17:10:00,71.98,100.00
129+04599,2020-02-25 17:20:00,72.69,100.00
129+04599,2020-02-25 17:30:00,72.08,100.00
129+04599,2020-02-25 17:40:00,70.69,100.00
129+04599,2020-02-25 17:50:00,70.69,100.00
129+04599,2020-02-25 18:00:00,68.99,100.00
129+04599,2020-02-25 18:10:00,69.27,100.00
129+04599,2020-02-25 18:20:00,71.99,91.30
129+04599,2020-02-25 18:30:00,71.67,92.50
129+04599,2020-02-25 18:40:00,68.79,99.60
129+04599,2020-02-25 18:50:00,68.89,95.50
129+04599,2020-02-25 19:00:00,71.79,95.90
129+04599,2020-02-25 19:10:00,71.06,98.20
129+04599,2020-02-25 19:20:00,70.78,96.80
129+04599,2020-02-25 19:30:00,72.78,89.10
129+04599,2020-02-25 19:40:00,68.34,97.80
129+04599,2020-02-25 19:50:00,66.00,100.00
129+04599,2020-02-25 20:00:00,65.71,78.90
129+04599,2020-02-25 20:10:00,69.71,92.00
129+04599,2020-02-25 20:20:00,67.21,95.20
129+04599,2020-02-25 20:30:00,71.32,91.40
129+04599,2020-02-25 20:40:00,67.43,97.50
129+04599,2020-02-25 20:50:00,66.52,96.90
129+04599,2020-02-25 21:00:00,69.75,88.40
129+04599,2020-02-25 21:10:00,67.19,99.70
129+04599,2020-02-25 21:20:00,69.92,93.30
129+04599,2020-02-25 21:30:00,66.26,99.80
129+04599,2020-02-25 21:40:00,70.24,85.70
129+04599,2020-02-25 21:50:00,64.45,95.70
129+04599,2020-02-25 22:00:00,69.15,88.90
129+04599,2020-02-25 22:10:00,66.99,96.90
129+04599,2020-02-25 22:20:00,66.96,92.00
129+04599,2020-02-25 22:30:00,65.89,95.50
129+04599,2020-02-25 22:40:00,66.47,96.70
129+04599,2020-02-25 22:50:00,67.17,94.70
129+04599,2020-02-25 23:00:00,65.50,95.80
129+04599,2020-02-25 23:10:00,65.00,95.30
129+04599,2020-02-25 23:20:00,64.78,95.56
129+04599,2020-02-25 23:30:00,64.67,94.90
129+04599,2020-02-25 23:40:00,66.87,90.80
129+04599,2020-02-25 23:50:00,67.50,92.60
129P04603,2020-02-25 00:00:00,65.02,26.90
129P04603,2020-02-25 00:10:00,58.18,34.40
129P04603,2020-02-25 00:20:00,59.43,93.30
129P04603,2020-02-25 00:30:00,55.63,77.50
129P04603,2020-02-25 00:40:00,61.25,97.20
129P04603,2020-02-25 00:50:00,60.02,89.25
129P04603,2020-02-25 01:00:00,54.00,73.63
129P04603,2020-02-25 01:10:00,56.05,72.67
129P04603,2020-02-25 01:20:00,60.27,85.80
129P04603,2020-02-25 01:30:00,57.70,98.80
129P04603,2020-02-25 01:40:00,59.56,88.20
129P04603,2020-02-25 01:50:00,61.23,72.30
129P04603,2020-02-25 02:00:00,65.47,32.70
129P04603,2020-02-25 02:10:00,57.81,39.56
129P04603,2020-02-25 02:20:00,59.11,88.20
129P04603,2020-02-25 02:30:00,54.03,57.20
129P04603,2020-02-25 02:40:00,60.82,79.90
129P04603,2020-02-25 02:50:00,61.14,89.70
129P04603,2020-02-25 03:00:00,56.41,80.00
129P04603,2020-02-25 03:10:00,55.20,84.30
129P04603,2020-02-25 03:20:00,56.50,91.30
129P04603,2020-02-25 03:30:00,60.75,85.70
129P04603,2020-02-25 03:40:00,55.85,91.00
129P04603,2020-02-25 03:50:00,57.71,79.40
129P04603,2020-02-25 04:00:00,63.06,58.80
129P04603,2020-02-25 04:10:00,57.44,87.20
129P04603,2020-02-25 04:20:00,60.58,62.90
129P04603,2020-02-25 04:30:00,61.39,71.20
129P04603,2020-02-25 04:40:00,61.14,94.10
129P04603,2020-02-25 04:50:00,63.08,88.10
129P04603,2020-02-25 05:00:00,59.25,96.10
129P04603,2020-02-25 05:10:00,61.87,92.40
129P04603,2020-02-25 05:20:00,60.40,100.00
129P04603,2020-02-25 05:30:00,63.92,97.90
129P04603,2020-02-25 05:40:00,61.63,100.00
129P04603,2020-02-25 05:50:00,58.58,100.00
129P04603,2020-02-25 06:00:00,59.67,100.00
129P04603,2020-02-25 06:10:00,58.48,100.00
129P04603,2020-02-25 06:20:00,58.18,100.00
129P04603,2020-02-25 06:30:00,53.25,100.00
129P04603,2020-02-25 06:40:00,49.03,100.00
129P04603,2020-02-25 06:50:00,46.84,100.00
129P04603,2020-02-25 07:00:00,44.75,100.00
129P04603,2020-02-25 07:10:00,46.09,100.00
129P04603,2020-02-25 07:20:00,41.34,100.00
129P04603,2020-02-25 07:30:00,39.25,100.00
129P04603,2020-02-25 07:40:00,35.39,100.00
129P04603,2020-02-25 07:50:00,32.16,100.00
129P04603,2020-02-25 08:00:00,33.14,100.00
129P04603,2020-02-25 08:10:00,34.35,100.00
129P04603,2020-02-25 08:20:00,34.73,100.00
129P04603,2020-02-25 08:30:00,32.99,100.00
129P04603,2020-02-25 08:40:00,38.96,100.00
129P04603,2020-02-25 08:50:00,45.46,100.00
129P04603,2020-02-25 09:00:00,52.59,100.00
129P04603,2020-02-25 09:10:00,56.56,100.00
129P04603,2020-02-25 09:20:00,55.39,100.00
129P04603,2020-02-25 09:30:00,56.79,100.00
129P04603,2020-02-25 09:40:00,56.28,100.00
129P04603,2020-02-25 09:50:00,53.88,100.00
129P04603,2020-02-25 10:00:00,55.84,100.00
129P04603,2020-02-25 10:10:00,55.09,100.00
129P04603,2020-02-25 10:20:00,56.77,100.00
129P04603,2020-02-25 10:30:00,57.08,100.00
129P04603,2020-02-25 10:40:00,55.59,100.00
129P04603,2020-02-25 10:50:00,55.58,100.00
129P04603,2020-02-25 11:00:00,57.30,100.00
129P04603,2020-02-25 11:10:00,58.26,93.40
129P04603,2020-02-25 11:20:00,60.95,100.00
129P04603,2020-02-25 11:30:00,56.62,100.00
129P04603,2020-02-25 11:40:00,57.96,99.40
129P04603,2020-02-25 11:50:00,58.48,100.00
129P04603,2020-02-25 12:00:00,57.68,100.00
129P04603,2020-02-25 12:10:00,55.97,100.00
129P04603,2020-02-25 12:20:00,54.15,100.00
129P04603,2020-02-25 12:30:00,57.44,100.00
129P04603,2020-02-25 12:40:00,54.58,100.00
129P04603,2020-02-25 12:50:00,55.49,100.00
129P04603,2020-02-25 13:00:00,57.19,100.00
129P04603,2020-02-25 13:10:00,55.95,100.00
129P04603,2020-02-25 13:20:00,55.54,100.00
129P04603,2020-02-25 13:30:00,55.87,100.00
129P04603,2020-02-25 13:40:00,58.60,100.00
129P04603,2020-02-25 13:50:00,55.97,100.00
129P04603,2020-02-25 14:00:00,55.88,100.00
129P04603,2020-02-25 14:10:00,57.28,100.00
129P04603,2020-02-25 14:20:00,54.24,100.00
129P04603,2020-02-25 14:30:00,55.10,100.00
129P04603,2020-02-25 14:40:00,54.58,100.00
129P04603,2020-02-25 14:50:00,55.99,100.00
129P04603,2020-02-25 15:00:00,55.77,100.00
129P04603,2020-02-25 15:10:00,53.97,100.00
129P04603,2020-02-25 15:20:00,54.28,100.00
129P04603,2020-02-25 15:30:00,53.09,100.00
129P04603,2020-02-25 15:40:00,52.84,100.00
129P04603,2020-02-25 15:50:00,53.09,100.00
129P04603,2020-02-25 16:00:00,52.07,100.00
129P04603,2020-02-25 16:10:00,55.77,100.00
129P04603,2020-02-25 16:20:00,54.96,100.00
129P04603,2020-02-25 16:30:00,55.23,100.00
129P04603,2020-02-25 16:40:00,57.25,100.00
129P04603,2020-02-25 16:50:00,54.27,100.00
129P04603,2020-02-25 17:00:00,54.05,100.00
129P04603,2020-02-25 17:10:00,54.96,100.00
129P04603,2020-02-25 17:20:00,55.78,100.00
129P04603,2020-02-25 17:30:00,54.90,100.00
129P04603,2020-02-25 17:40:00,55.47,100.00
129P04603,2020-02-25 17:50:00,53.06,100.00
129P04603,2020-02-25 18:00:00,52.84,100.00
129P04603,2020-02-25 18:10:00,53.79,100.00
129P04603,2020-02-25 18:20:00,55.56,100.00
129P04603,2020-02-25 18:30:00,56.59,100.00
129P04603,2020-02-25 18:40:00,55.34,100.00
129P04603,2020-02-25 18:50:00,55.68,100.00
129P04603,2020-02-25 19:00:00,56.95,96.40
129P04603,2020-02-25 19:10:00,60.72,95.70
129P04603,2020-02-25 19:20:00,58.77,99.50
129P04603,2020-02-25 19:30:00,57.57,96.90
129P04603,2020-02-25 19:40:00,62.25,68.20
129P04603,2020-02-25 19:50:00,60.01,86.70
129P04603,2020-02-25 20:00:00,57.95,99.70
129P04603,2020-02-25 20:10:00,57.75,99.40
129P04603,2020-02-25 20:20:00,55.52,99.30
129P04603,2020-02-25 20:30:00,57.23,98.80
129P04603,2020-02-25 20:40:00,59.29,95.60
129P04603,2020-02-25 20:50:00,52.99,100.00
129P04603,2020-02-25 21:00:00,57.63,87.40
129P04603,2020-02-25 21:10:00,54.78,100.00
129P04603,2020-02-25 21:20:00,56.68,100.00
129P04603,2020-02-25 21:30:00,55.30,100.00
129P04603,2020-02-25 21:40:00,54.37,100.00
129P04603,2020-02-25 21:50:00,57.32,90.60
129P04603,2020-02-25 22:00:00,56.76,95.90
129P04603,2020-02-25 22:10:00,60.07,73.30
129P04603,2020-02-25 22:20:00,56.43,72.60
129P04603,2020-02-25 22:30:00,54.57,82.90
129P04603,2020-02-25 22:40:00,53.68,84.20
129P04603,2020-02-25 22:50:00,55.17,99.60
129P04603,2020-02-25 23:00:00,56.99,94.30
129P04603,2020-02-25 23:10:00,60.25,64.00
129P04603,2020-02-25 23:20:00,59.64,60.57
129P04603,2020-02-25 23:30:00,58.28,97.60
129P04603,2020-02-25 23:40:00,55.48,83.30
129P04603,2020-02-25 23:50:00,55.49,88.90
129P04602,2020-02-25 00:00:00,57.00,91.60
129P04602,2020-02-25 00:10:00,56.35,87.30
129P04602,2020-02-25 00:20:00,59.25,91.50
129P04602,2020-02-25 00:30:00,60.63,84.60
129P04602,2020-02-25 00:40:00,61.89,84.60
129P04602,2020-02-25 00:50:00,58.83,93.80
129P04602,2020-02-25 01:00:00,55.00,71.25
129P04602,2020-02-25 01:10:00,56.90,72.83
129P04602,2020-02-25 01:20:00,62.18,84.20
129P04602,2020-02-25 01:30:00,58.98,98.00
129P04602,2020-02-25 01:40:00,62.01,70.00
129P04602,2020-02-25 01:50:00,64.14,59.80
129P04602,2020-02-25 02:00:00,67.93,27.40
129P04602,2020-02-25 02:10:00,57.81,40.56
129P04602,2020-02-25 02:20:00,60.71,87.70
129P04602,2020-02-25 02:30:00,53.81,45.60
129P04602,2020-02-25 02:40:00,63.47,80.30
129P04602,2020-02-25 02:50:00,60.87,96.20
129P04602,2020-02-25 03:00:00,57.43,85.60
129P04602,2020-02-25 03:10:00,55.60,81.70
129P04602,2020-02-25 03:20:00,58.14,94.60
129P04602,2020-02-25 03:30:00,62.27,73.10
129P04602,2020-02-25 03:40:00,61.58,73.10
129P04602,2020-02-25 03:50:00,61.19,76.60
129P04602,2020-02-25 04:00:00,64.78,69.30
129P04602,2020-02-25 04:10:00,58.39,72.50
129P04602,2020-02-25 04:20:00,62.42,62.70
129P04602,2020-02-25 04:30:00,62.88,67.50
129P04602,2020-02-25 04:40:00,62.34,94.90
129P04602,2020-02-25 04:50:00,64.08,89.70
129P04602,2020-02-25 05:00:00,59.49,93.40
129P04602,2020-02-25 05:10:00,64.24,90.70
129P04602,2020-02-25 05:20:00,62.77,100.00
129P04602,2020-02-25 05:30:00,65.23,100.00
129P04602,2020-02-25 05:40:00,64.08,100.00
129P04602,2020-02-25 05:50:00,60.39,100.00
129P04602,2020-02-25 06:00:00,60.78,100.00
129P04602,2020-02-25 06:10:00,58.25,100.00
129P04602,2020-02-25 06:20:00,58.79,100.00
129P04602,2020-02-25 06:30:00,55.67,100.00
129P04602,2020-02-25 06:40:00,49.12,100.00
129P04602,2020-02-25 06:50:00,39.12,100.00
129P04602,2020-02-25 07:00:00,36.52,100.00
129P04602,2020-02-25 07:10:00,42.64,100.00
129P04602,2020-02-25 07:20:00,36.58,100.00
129P04602,2020-02-25 07:30:00,33.73,100.00
129P04602,2020-02-25 07:40:00,30.80,100.00
129P04602,2020-02-25 07:50:00,27.36,100.00
129P04602,2020-02-25 08:00:00,27.99,100.00
129P04602,2020-02-25 08:10:00,29.96,100.00
129P04602,2020-02-25 08:20:00,29.53,100.00
129P04602,2020-02-25 08:30:00,29.38,100.00
129P04602,2020-02-25 08:40:00,39.94,100.00
129P04602,2020-02-25 08:50:00,43.45,100.00
129P04602,2020-02-25 09:00:00,55.01,100.00
129P04602,2020-02-25 09:10:00,57.38,100.00
129P04602,2020-02-25 09:20:00,58.49,100.00
129P04602,2020-02-25 09:30:00,58.06,100.00
129P04602,2020-02-25 09:40:00,57.57,100.00
129P04602,2020-02-25 09:50:00,55.78,100.00
129P04602,2020-02-25 10:00:00,58.25,100.00
129P04602,2020-02-25 10:10:00,55.97,100.00
129P04602,2020-02-25 10:20:00,59.32,100.00
129P04602,2020-02-25 10:30:00,59.25,100.00
129P04602,2020-02-25 10:40:00,56.87,100.00
129P04602,2020-02-25 10:50:00,57.98,100.00
129P04602,2020-02-25 11:00:00,59.04,100.00
129P04602,2020-02-25 11:10:00,62.96,90.40
129P04602,2020-02-25 11:20:00,62.45,100.00
129P04602,2020-02-25 11:30:00,60.54,100.00
129P04602,2020-02-25 11:40:00,59.05,100.00
129P04602,2020-02-25 11:50:00,59.19,100.00
129P04602,2020-02-25 12:00:00,60.36,100.00
129P04602,2020-02-25 12:10:00,57.18,100.00
129P04602,2020-02-25 12:20:00,56.29,100.00
129P04602,2020-02-25 12:30:00,58.14,100.00
129P04602,2020-02-25 12:40:00,56.93,100.00
129P04602,2020-02-25 12:50:00,59.37,100.00
129P04602,2020-02-25 13:00:00,57.99,100.00
129P04602,2020-02-25 13:10:00,59.25,100.00
129P04602,2020-02-25 13:20:00,57.44,100.00
129P04602,2020-02-25 13:30:00,58.84,100.00
129P04602,2020-02-25 13:40:00,60.93,95.30
129P04602,2020-02-25 13:50:00,57.17,100.00
129P04602,2020-02-25 14:00:00,58.45,100.00
129P04602,2020-02-25 14:10:00,59.42,100.00
129P04602,2020-02-25 14:20:00,58.41,100.00
129P04602,2020-02-25 14:30:00,56.99,100.00
129P04602,2020-02-25 14:40:00,57.09,100.00
129P04602,2020-02-25 14:50:00,56.79,100.00
129P04602,2020-02-25 15:00:00,58.86,100.00
129P04602,2020-02-25 15:10:00,57.09,100.00
129P04602,2020-02-25 15:20:00,58.19,100.00
129P04602,2020-02-25 15:30:00,56.79,100.00
129P04602,2020-02-25 15:40:00,57.49,100.00
129P04602,2020-02-25 15:50:00,56.99,100.00
129P04602,2020-02-25 16:00:00,58.84,100.00
129P04602,2020-02-25 16:10:00,59.14,100.00
129P04602,2020-02-25 16:20:00,59.60,100.00
129P04602,2020-02-25 16:30:00,59.72,100.00
129P04602,2020-02-25 16:40:00,62.00,100.00
129P04602,2020-02-25 16:50:00,59.96,100.00
129P04602,2020-02-25 17:00:00,60.98,100.00
129P04602,2020-02-25 17:10:00,59.17,100.00
129P04602,2020-02-25 17:20:00,58.57,100.00
129P04602,2020-02-25 17:30:00,59.34,100.00
129P04602,2020-02-25 17:40:00,58.76,100.00
129P04602,2020-02-25 17:50:00,56.69,100.00
129P04602,2020-02-25 18:00:00,58.37,100.00
129P04602,2020-02-25 18:10:00,57.06,100.00
129P04602,2020-02-25 18:20:00,57.63,100.00
129P04602,2020-02-25 18:30:00,57.97,100.00
129P04602,2020-02-25 18:40:00,59.12,100.00
129P04602,2020-02-25 18:50:00,60.25,100.00
129P04602,2020-02-25 19:00:00,58.51,100.00
129P04602,2020-02-25 19:10:00,61.77,100.00
129P04602,2020-02-25 19:20:00,60.05,100.00
129P04602,2020-02-25 19:30:00,58.84,96.80
129P04602,2020-02-25 19:40:00,61.94,88.60
129P04602,2020-02-25 19:50:00,58.90,98.90
129P04602,2020-02-25 20:00:00,62.19,98.80
129P04602,2020-02-25 20:10:00,61.96,100.00
129P04602,2020-02-25 20:20:00,58.45,99.20
129P04602,2020-02-25 20:30:00,56.78,100.00
129P04602,2020-02-25 20:40:00,58.56,100.00
129P04602,2020-02-25 20:50:00,53.88,100.00
129P04602,2020-02-25 21:00:00,56.79,100.00
129P04602,2020-02-25 21:10:00,55.80,100.00
129P04602,2020-02-25 21:20:00,57.49,100.00
129P04602,2020-02-25 21:30:00,57.09,100.00
129P04602,2020-02-25 21:40:00,55.30,100.00
129P04602,2020-02-25 21:50:00,57.37,97.80
129P04602,2020-02-25 22:00:00,56.48,97.90
129P04602,2020-02-25 22:10:00,57.66,99.20
129P04602,2020-02-25 22:20:00,60.16,80.10
129P04602,2020-02-25 22:30:00,56.64,84.70
129P04602,2020-02-25 22:40:00,55.19,96.90
129P04602,2020-02-25 22:50:00,57.68,99.40
129P04602,2020-02-25 23:00:00,58.58,95.40
129P04602,2020-02-25 23:10:00,61.39,66.90
129P04602,2020-02-25 23:20:00,60.19,73.00
129P04602,2020-02-25 23:30:00,60.69,97.40
129P04602,2020-02-25 23:40:00,57.18,87.10
129P04602,2020-02-25 23:50:00,59.20,99.20
129+04611,2020-02-25 00:00:00,67.50,95.20
129+04611,2020-02-25 00:10:00,70.00,99.60
129+04611,2020-02-25 00:20:00,68.07,98.20
129+04611,2020-02-25 00:30:00,67.10,92.67
129+04611,2020-02-25 00:40:00,67.58,97.90
129+04611,2020-02-25 00:50:00,69.27,97.43
129+04611,2020-02-25 01:00:00,67.00,95.13
129+04611,2020-02-25 01:10:00,66.28,93.29
129+04611,2020-02-25 01:20:00,65.50,95.50
129+04611,2020-02-25 01:30:00,66.39,98.30
129+04611,2020-02-25 01:40:00,67.79,97.20
129+04611,2020-02-25 01:50:00,65.40,98.80
129+04611,2020-02-25 02:00:00,66.39,97.90
129+04611,2020-02-25 02:10:00,65.57,90.60
129+04611,2020-02-25 02:20:00,67.46,98.30
129+04611,2020-02-25 02:30:00,74.99,45.10
129+04611,2020-02-25 02:40:00,64.50,60.20
129+04611,2020-02-25 02:50:00,67.02,81.30
129+04611,2020-02-25 03:00:00,68.32,97.78
129+04611,2020-02-25 03:10:00,69.42,94.89
129+04611,2020-02-25 03:20:00,70.49,83.89
129+04611,2020-02-25 03:30:00,74.18,62.40
129+04611,2020-02-25 03:40:00,74.83,77.10
129+04611,2020-02-25 03:50:00,68.43,75.20
129+04611,2020-02-25 04:00:00,72.64,70.80
129+04611,2020-02-25 04:10:00,67.69,72.60
129+04611,2020-02-25 04:20:00,72.99,50.30
129+04611,2020-02-25 04:30:00,70.97,89.30
129+04611,2020-02-25 04:40:00,67.58,84.80
129+04611,2020-02-25 04:50:00,70.60,88.20
129+04611,2020-02-25 05:00:00,70.26,97.70
129+04611,2020-02-25 05:10:00,70.01,93.50
129+04611,2020-02-25 05:20:00,72.62,95.20
129+04611,2020-02-25 05:30:00,73.26,100.00
129+04611,2020-02-25 05:40:00,74.07,100.00
129+04611,2020-02-25 05:50:00,72.51,100.00
129+04611,2020-02-25 06:00:00,70.60,100.00
129+04611,2020-02-25 06:10:00,71.89,100.00
129+04611,2020-02-25 06:20:00,70.69,100.00
129+04611,2020-02-25 06:30:00,71.82,100.00
129+04611,2020-02-25 06:40:00,72.10,100.00
129+04611,2020-02-25 06:50:00,71.19,100.00
129+04611,2020-02-25 07:00:00,68.29,100.00
129+04611,2020-02-25 07:10:00,70.49,100.00
129+04611,2020-02-25 07:20:00,70.49,100.00
129+04611,2020-02-25 07:30:00,69.09,100.00
129+04611,2020-02-25 07:40:00,70.29,100.00
129+04611,2020-02-25 07:50:00,69.48,100.00
129+04611,2020-02-25 08:00:00,70.79,100.00
129+04611,2020-02-25 08:10:00,71.78,100.00
129+04611,2020-02-25 08:20:00,72.99,100.00
129+04611,2020-02-25 08:30:00,73.25,95.00
129+04611,2020-02-25 08:40:00,72.57,100.00
129+04611,2020-02-25 08:50:00,70.59,100.00
129+04611,2020-02-25 09:00:00,70.23,100.00
129+04611,2020-02-25 09:10:00,72.08,100.00
129+04611,2020-02-25 09:20:00,73.48,99.00
129+04611,2020-02-25 09:30:00,72.49,99.90
129+04611,2020-02-25 09:40:00,72.46,99.80
129+04611,2020-02-25 09:50:00,72.06,100.00
129+04611,2020-02-25 10:00:00,69.59,100.00
129+04611,2020-02-25 10:10:00,72.08,98.70
129+04611,2020-02-25 10:20:00,71.30,100.00
129+04611,2020-02-25 10:30:00,73.16,100.00
129+04611,2020-02-25 10:40:00,70.55,100.00
129+04611,2020-02-25 10:50:00,72.72,99.70
129+04611,2020-02-25 11:00:00,69.24,100.00
129+04611,2020-02-25 11:10:00,69.23,99.30
129+04611,2020-02-25 11:20:00,69.08,100.00
129+04611,2020-02-25 11:30:00,71.98,99.00
129+04611,2020-02-25 11:40:00,70.94,98.00
129+04611,2020-02-25 11:50:00,71.96,99.10
129+04611,2020-02-25 12:00:00,71.47,100.00
129+04611,2020-02-25 12:10:00,67.96,100.00
129+04611,2020-02-25 12:20:00,69.41,94.30
129+04611,2020-02-25 12:30:00,70.34,100.00
129+04611,2020-02-25 12:40:00,70.82,100.00
129+04611,2020-02-25 12:50:00,70.08,100.00
129+04611,2020-02-25 13:00:00,71.23,100.00
129+04611,2020-02-25 13:10:00,72.78,100.00
129+04611,2020-02-25 13:20:00,70.53,100.00
129+04611,2020-02-25 13:30:00,69.68,100.00
129+04611,2020-02-25 13:40:00,75.78,90.60
129+04611,2020-02-25 13:50:00,71.62,99.40
129+04611,2020-02-25 14:00:00,68.58,100.00
129+04611,2020-02-25 14:10:00,69.85,100.00
129+04611,2020-02-25 14:20:00,73.78,100.00
129+04611,2020-02-25 14:30:00,72.08,100.00
129+04611,2020-02-25 14:40:00,72.15,100.00
129+04611,2020-02-25 14:50:00,70.86,100.00
129+04611,2020-02-25 15:00:00,73.36,100.00
129+04611,2020-02-25 15:10:00,71.89,100.00
129+04611,2020-02-25 15:20:00,71.49,100.00
129+04611,2020-02-25 15:30:00,69.99,100.00
129+04611,2020-02-25 15:40:00,70.48,100.00
129+04611,2020-02-25 15:50:00,73.29,100.00
129+04611,2020-02-25 16:00:00,70.76,100.00
129+04611,2020-02-25 16:10:00,72.19,100.00
129+04611,2020-02-25 16:20:00,72.39,100.00
129+04611,2020-02-25 16:30:00,71.69,100.00
129+04611,2020-02-25 16:40:00,70.28,100.00
129+04611,2020-02-25 16:50:00,70.70,100.00
129+04611,2020-02-25 17:00:00,72.27,100.00
129+04611,2020-02-25 17:10:00,71.57,100.00
129+04611,2020-02-25 17:20:00,70.70,100.00
129+04611,2020-02-25 17:30:00,70.69,100.00
129+04611,2020-02-25 17:40:00,73.47,95.40
129+04611,2020-02-25 17:50:00,72.47,100.00
129+04611,2020-02-25 18:00:00,70.27,100.00
129+04611,2020-02-25 18:10:00,66.89,100.00
129+04611,2020-02-25 18:20:00,67.19,100.00
129+04611,2020-02-25 18:30:00,71.12,100.00
129+04611,2020-02-25 18:40:00,70.76,95.40
129+04611,2020-02-25 18:50:00,68.50,100.00
129+04611,2020-02-25 19:00:00,67.99,100.00
129+04611,2020-02-25 19:10:00,69.25,100.00
129+04611,2020-02-25 19:20:00,70.68,100.00
129+04611,2020-02-25 19:30:00,68.97,100.00
129+04611,2020-02-25 19:40:00,70.21,96.70
129+04611,2020-02-25 19:50:00,70.16,97.50
129+04611,2020-02-25 20:00:00,71.05,97.40
129+04611,2020-02-25 20:10:00,69.48,100.00
129+04611,2020-02-25 20:20:00,72.86,78.90
129+04611,2020-02-25 20:30:00,67.36,100.00
129+04611,2020-02-25 20:40:00,67.69,100.00
129+04611,2020-02-25 20:50:00,70.01,97.10
129+04611,2020-02-25 21:00:00,65.72,100.00
129+04611,2020-02-25 21:10:00,71.12,81.20
129+04611,2020-02-25 21:20:00,76.10,48.80
129+04611,2020-02-25 21:30:00,66.29,100.00
129+04611,2020-02-25 21:40:00,67.39,100.00
129+04611,2020-02-25 21:50:00,71.28,82.90
129+04611,2020-02-25 22:00:00,70.08,99.30
129+04611,2020-02-25 22:10:00,68.10,99.60
129+04611,2020-02-25 22:20:00,67.09,86.20
129+04611,2020-02-25 22:30:00,66.90,87.80
129+04611,2020-02-25 22:40:00,67.87,97.60
129+04611,2020-02-25 22:50:00,65.79,89.90
129+04611,2020-02-25 23:00:00,63.89,89.00
129+04611,2020-02-25 23:10:00,73.87,43.30
129+04611,2020-02-25 23:20:00,69.59,97.10
129+04611,2020-02-25 23:30:00,,
129+04611,2020-02-25 23:40:00,65.00,76.83
129+04611,2020-02-25 23:50:00,66.98,75.44
129P04601,2020-02-25 00:00:00,57.78,93.40
129P04601,2020-02-25 00:10:00,55.29,73.30
129P04601,2020-02-25 00:20:00,60.08,93.70
129P04601,2020-02-25 00:30:00,60.70,77.70
129P04601,2020-02-25 00:40:00,60.76,87.90
129P04601,2020-02-25 00:50:00,55.17,80.60
129P04601,2020-02-25 01:00:00,53.25,67.75
129P04601,2020-02-25 01:10:00,59.26,76.00
129P04601,2020-02-25 01:20:00,61.17,81.10
129P04601,2020-02-25 01:30:00,57.13,98.20
129P04601,2020-02-25 01:40:00,58.90,85.00
129P04601,2020-02-25 01:50:00,63.10,68.40
129P04601,2020-02-25 02:00:00,63.93,45.20
129P04601,2020-02-25 02:10:00,57.81,42.89
129P04601,2020-02-25 02:20:00,59.82,90.60
129P04601,2020-02-25 02:30:00,52.95,44.70
129P04601,2020-02-25 02:40:00,63.75,71.30
129P04601,2020-02-25 02:50:00,60.86,95.20
129P04601,2020-02-25 03:00:00,56.76,87.00
129P04601,2020-02-25 03:10:00,55.88,86.10
129P04601,2020-02-25 03:20:00,58.59,86.20
129P04601,2020-02-25 03:30:00,60.27,82.30
129P04601,2020-02-25 03:40:00,64.59,67.67
129P04601,2020-02-25 03:50:00,62.61,82.60
129P04601,2020-02-25 04:00:00,62.51,84.10
129P04601,2020-02-25 04:10:00,56.57,61.30
129P04601,2020-02-25 04:20:00,62.40,62.70
129P04601,2020-02-25 04:30:00,62.03,70.40
129P04601,2020-02-25 04:40:00,60.47,96.70
129P04601,2020-02-25 04:50:00,63.12,81.10
129P04601,2020-02-25 05:00:00,63.25,91.80
129P04601,2020-02-25 05:10:00,61.29,96.70
129P04601,2020-02-25 05:20:00,64.28,100.00
129P04601,2020-02-25 05:30:00,66.86,100.00
129P04601,2020-02-25 05:40:00,63.92,100.00
129P04601,2020-02-25 05:50:00,59.98,100.00
129P04601,2020-02-25 06:00:00,58.78,100.00
129P04601,2020-02-25 06:10:00,57.09,100.00
129P04601,2020-02-25 06:20:00,57.88,100.00
129P04601,2020-02-25 06:30:00,55.27,100.00
129P04601,2020-02-25 06:40:00,49.82,100.00
129P04601,2020-02-25 06:50:00,28.34,100.00
129P04601,2020-02-25 07:00:00,26.19,100.00
129P04601,2020-02-25 07:10:00,32.45,100.00
129P04601,2020-02-25 07:20:00,30.44,100.00
129P04601,2020-02-25 07:30:00,26.95,100.00
129P04601,2020-02-25 07:40:00,25.26,100.00
129P04601,2020-02-25 07:50:00,22.07,100.00
129P04601,2020-02-25 08:00:00,22.26,100.00
129P04601,2020-02-25 08:10:00,23.93,100.00
129P04601,2020-02-25 08:20:00,25.84,100.00
129P04601,2020-02-25 08:30:00,25.99,100.00
129P04601,2020-02-25 08:40:00,44.56,100.00
129P04601,2020-02-25 08:50:00,49.38,100.00
129P04601,2020-02-25 09:00:00,55.67,100.00
129P04601,2020-02-25 09:10:00,56.67,100.00
129P04601,2020-02-25 09:20:00,59.27,100.00
129P04601,2020-02-25 09:30:00,57.78,100.00
129P04601,2020-02-25 09:40:00,57.38,100.00
129P04601,2020-02-25 09:50:00,54.79,100.00
129P04601,2020-02-25 10:00:00,59.22,100.00
129P04601,2020-02-25 10:10:00,55.79,100.00
129P04601,2020-02-25 10:20:00,59.15,100.00
129P04601,2020-02-25 10:30:00,58.24,100.00
129P04601,2020-02-25 10:40:00,57.29,100.00
129P04601,2020-02-25 10:50:00,57.48,100.00
129P04601,2020-02-25 11:00:00,58.92,100.00
129P04601,2020-02-25 11:10:00,63.18,93.20
129P04601,2020-02-25 11:20:00,60.24,100.00
129P04601,2020-02-25 11:30:00,60.30,100.00
129P04601,2020-02-25 11:40:00,58.98,100.00
129P04601,2020-02-25 11:50:00,57.47,100.00
129P04601,2020-02-25 12:00:00,59.88,100.00
129P04601,2020-02-25 12:10:00,58.15,100.00
129P04601,2020-02-25 12:20:00,57.47,100.00
129P04601,2020-02-25 12:30:00,57.46,100.00
129P04601,2020-02-25 12:40:00,58.07,100.00
129P04601,2020-02-25 12:50:00,57.96,100.00
129P04601,2020-02-25 13:00:00,56.80,100.00
129P04601,2020-02-25 13:10:00,58.05,100.00
129P04601,2020-02-25 13:20:00,58.02,100.00
129P04601,2020-02-25 13:30:00,60.25,100.00
129P04601,2020-02-25 13:40:00,59.32,100.00
129P04601,2020-02-25 13:50:00,56.99,100.00
129P04601,2020-02-25 14:00:00,58.86,100.00
129P04601,2020-02-25 14:10:00,58.73,100.00
129P04601,2020-02-25 14:20:00,58.53,100.00
129P04601,2020-02-25 14:30:00,56.59,100.00
129P04601,2020-02-25 14:40:00,56.89,100.00
129P04601,2020-02-25 14:50:00,57.09,100.00
129P04601,2020-02-25 15:00:00,57.47,100.00
129P04601,2020-02-25 15:10:00,55.69,100.00
129P04601,2020-02-25 15:20:00,55.99,100.00
129P04601,2020-02-25 15:30:00,56.19,100.00
129P04601,2020-02-25 15:40:00,56.19,100.00
129P04601,2020-02-25 15:50:00,56.50,100.00
129P04601,2020-02-25 16:00:00,57.28,100.00
129P04601,2020-02-25 16:10:00,58.88,100.00
129P04601,2020-02-25 16:20:00,57.76,100.00
129P04601,2020-02-25 16:30:00,58.46,100.00
129P04601,2020-02-25 16:40:00,58.09,100.00
129P04601,2020-02-25 16:50:00,56.89,100.00
129P04601,2020-02-25 17:00:00,59.18,100.00
129P04601,2020-02-25 17:10:00,57.55,100.00
129P04601,2020-02-25 17:20:00,57.24,100.00
129P04601,2020-02-25 17:30:00,57.67,100.00
129P04601,2020-02-25 17:40:00,57.78,100.00
129P04601,2020-02-25 17:50:00,55.89,100.00
129P04601,2020-02-25 18:00:00,57.16,100.00
129P04601,2020-02-25 18:10:00,56.17,100.00
129P04601,2020-02-25 18:20:00,57.28,100.00
129P04601,2020-02-25 18:30:00,55.79,100.00
129P04601,2020-02-25 18:40:00,55.96,100.00
129P04601,2020-02-25 18:50:00,57.40,100.00
129P04601,2020-02-25 19:00:00,59.13,100.00
129P04601,2020-02-25 19:10:00,62.06,100.00
129P04601,2020-02-25 19:20:00,59.56,99.20
129P04601,2020-02-25 19:30:00,57.98,100.00
129P04601,2020-02-25 19:40:00,56.77,100.00
129P04601,2020-02-25 19:50:00,57.60,100.00
129P04601,2020-02-25 20:00:00,61.47,96.80
129P04601,2020-02-25 20:10:00,61.56,100.00
129P04601,2020-02-25 20:20:00,57.54,99.60
129P04601,2020-02-25 20:30:00,56.28,100.00
129P04601,2020-02-25 20:40:00,57.54,100.00
129P04601,2020-02-25 20:50:00,55.28,100.00
129P04601,2020-02-25 21:00:00,57.18,100.00
129P04601,2020-02-25 21:10:00,55.58,100.00
129P04601,2020-02-25 21:20:00,58.19,100.00
129P04601,2020-02-25 21:30:00,57.36,100.00
129P04601,2020-02-25 21:40:00,55.29,100.00
129P04601,2020-02-25 21:50:00,57.09,100.00
129P04601,2020-02-25 22:00:00,55.79,98.50
129P04601,2020-02-25 22:10:00,57.28,99.70
129P04601,2020-02-25 22:20:00,60.27,83.10
129P04601,2020-02-25 22:30:00,57.73,82.40
129P04601,2020-02-25 22:40:00,55.29,97.80
129P04601,2020-02-25 22:50:00,55.40,98.50
129P04601,2020-02-25 23:00:00,58.29,98.00
129P04601,2020-02-25 23:10:00,61.15,69.60
129P04601,2020-02-25 23:20:00,57.60,81.90
129P04601,2020-02-25 23:30:00,61.97,86.20
129P04601,2020-02-25 23:40:00,57.80,95.00
129P04601,2020-02-25 23:50:00,58.44,87.90
129P04600,2020-02-25 00:00:00,59.34,92.30
129P04600,2020-02-25 00:10:00,59.93,81.30
129P04600,2020-02-25 00:20:00,64.49,75.40
129P04600,2020-02-25 00:30:00,61.72,92.60
129P04600,2020-02-25 00:40:00,62.50,96.00
129P04600,2020-02-25 00:50:00,57.10,68.50
129P04600,2020-02-25 01:00:00,56.49,63.50
129P04600,2020-02-25 01:10:00,59.93,43.00
129P04600,2020-02-25 01:20:00,65.40,58.10
129P04600,2020-02-25 01:30:00,60.55,99.89
129P04600,2020-02-25 01:40:00,,
129P04600,2020-02-25 01:50:00,65.30,50.89
129P04600,2020-02-25 02:00:00,62.98,60.50
129P04600,2020-02-25 02:10:00,62.86,71.70
129P04600,2020-02-25 02:20:00,62.17,82.70
129P04600,2020-02-25 02:30:00,55.59,58.50
129P04600,2020-02-25 02:40:00,67.16,75.90
129P04600,2020-02-25 02:50:00,65.47,66.80
129P04600,2020-02-25 03:00:00,57.30,69.80
129P04600,2020-02-25 03:10:00,58.11,86.78
129P04600,2020-02-25 03:20:00,66.76,67.56
129P04600,2020-02-25 03:30:00,63.40,89.30
129P04600,2020-02-25 03:40:00,62.42,90.50
129P04600,2020-02-25 03:50:00,60.79,90.60
129P04600,2020-02-25 04:00:00,64.87,93.60
129P04600,2020-02-25 04:10:00,58.79,80.00
129P04600,2020-02-25 04:20:00,61.27,95.40
129P04600,2020-02-25 04:30:00,63.83,86.90
129P04600,2020-02-25 04:40:00,64.69,94.10
129P04600,2020-02-25 04:50:00,64.72,83.20
129P04600,2020-02-25 05:00:00,67.48,77.00
129P04600,2020-02-25 05:10:00,67.74,79.50
129P04600,2020-02-25 05:20:00,67.45,95.80
129P04600,2020-02-25 05:30:00,68.51,98.50
129P04600,2020-02-25 05:40:00,67.62,100.00
129P04600,2020-02-25 05:50:00,62.25,100.00
129P04600,2020-02-25 06:00:00,63.99,100.00
129P04600,2020-02-25 06:10:00,63.46,100.00
129P04600,2020-02-25 06:20:00,65.36,100.00
129P04600,2020-02-25 06:30:00,62.84,100.00
129P04600,2020-02-25 06:40:00,60.46,100.00
129P04600,2020-02-25 06:50:00,54.05,100.00
129P04600,2020-02-25 07:00:00,60.75,100.00
129P04600,2020-02-25 07:10:00,59.36,100.00
129P04600,2020-02-25 07:20:00,58.25,100.00
129P04600,2020-02-25 07:30:00,31.18,100.00
129P04600,2020-02-25 07:40:00,19.58,100.00
129P04600,2020-02-25 07:50:00,12.76,100.00
129P04600,2020-02-25 08:00:00,14.87,100.00
129P04600,2020-02-25 08:10:00,21.40,100.00
129P04600,2020-02-25 08:20:00,35.45,100.00
129P04600,2020-02-25 08:30:00,61.70,100.00
129P04600,2020-02-25 08:40:00,61.18,100.00
129P04600,2020-02-25 08:50:00,64.99,100.00
129P04600,2020-02-25 09:00:00,63.38,100.00
129P04600,2020-02-25 09:10:00,63.09,100.00
129P04600,2020-02-25 09:20:00,64.26,100.00
129P04600,2020-02-25 09:30:00,61.15,100.00
129P04600,2020-02-25 09:40:00,61.60,100.00
129P04600,2020-02-25 09:50:00,59.46,100.00
129P04600,2020-02-25 10:00:00,64.26,96.90
129P04600,2020-02-25 10:10:00,64.58,91.00
129P04600,2020-02-25 10:20:00,64.55,100.00
129P04600,2020-02-25 10:30:00,61.45,100.00
129P04600,2020-02-25 10:40:00,64.08,100.00
129P04600,2020-02-25 10:50:00,66.09,100.00
129P04600,2020-02-25 11:00:00,61.56,99.30
129P04600,2020-02-25 11:10:00,65.57,92.40
129P04600,2020-02-25 11:20:00,63.89,100.00
129P04600,2020-02-25 11:30:00,64.66,98.20
129P04600,2020-02-25 11:40:00,65.66,93.80
129P04600,2020-02-25 11:50:00,61.56,100.00
129P04600,2020-02-25 12:00:00,65.38,100.00
129P04600,2020-02-25 12:10:00,63.57,100.00
129P04600,2020-02-25 12:20:00,63.25,100.00
129P04600,2020-02-25 12:30:00,63.85,100.00
129P04600,2020-02-25 12:40:00,64.97,100.00
129P04600,2020-02-25 12:50:00,66.19,98.20
129P04600,2020-02-25 13:00:00,63.37,100.00
129P04600,2020-02-25 13:10:00,62.90,100.00
129P04600,2020-02-25 13:20:00,65.24,100.00
129P04600,2020-02-25 13:30:00,65.26,100.00
129P04600,2020-02-25 13:40:00,63.12,99.80
129P04600,2020-02-25 13:50:00,62.59,100.00
129P04600,2020-02-25 14:00:00,63.67,100.00
129P04600,2020-02-25 14:10:00,63.97,100.00
129P04600,2020-02-25 14:20:00,64.59,100.00
129P04600,2020-02-25 14:30:00,64.57,100.00
129P04600,2020-02-25 14:40:00,65.98,100.00
129P04600,2020-02-25 14:50:00,66.08,100.00
129P04600,2020-02-25 15:00:00,66.87,100.00
129P04600,2020-02-25 15:10:00,60.06,100.00
129P04600,2020-02-25 15:20:00,61.79,100.00
129P04600,2020-02-25 15:30:00,63.78,100.00
129P04600,2020-02-25 15:40:00,64.33,100.00
129P04600,2020-02-25 15:50:00,65.06,100.00
129P04600,2020-02-25 16:00:00,65.19,100.00
129P04600,2020-02-25 16:10:00,67.08,100.00
129P04600,2020-02-25 16:20:00,64.18,100.00
129P04600,2020-02-25 16:30:00,66.12,99.70
129P04600,2020-02-25 16:40:00,67.36,100.00
129P04600,2020-02-25 16:50:00,63.89,100.00
129P04600,2020-02-25 17:00:00,65.03,100.00
129P04600,2020-02-25 17:10:00,64.43,100.00
129P04600,2020-02-25 17:20:00,65.27,100.00
129P04600,2020-02-25 17:30:00,64.68,100.00
129P04600,2020-02-25 17:40:00,63.36,100.00
129P04600,2020-02-25 17:50:00,61.19,100.00
129P04600,2020-02-25 18:00:00,63.59,100.00
129P04600,2020-02-25 18:10:00,61.19,100.00
129P04600,2020-02-25 18:20:00,65.51,79.40
129P04600,2020-02-25 18:30:00,64.33,95.90
129P04600,2020-02-25 18:40:00,61.97,100.00
129P04600,2020-02-25 18:50:00,63.48,100.00
129P04600,2020-02-25 19:00:00,64.26,98.30
129P04600,2020-02-25 19:10:00,65.25,97.90
129P04600,2020-02-25 19:20:00,63.00,100.00
129P04600,2020-02-25 19:30:00,64.44,92.70
129P04600,2020-02-25 19:40:00,65.27,92.40
129P04600,2020-02-25 19:50:00,58.37,100.00
129P04600,2020-02-25 20:00:00,53.47,52.70
129P04600,2020-02-25 20:10:00,63.86,81.00
129P04600,2020-02-25 20:20:00,61.23,97.60
129P04600,2020-02-25 20:30:00,59.61,100.00
129P04600,2020-02-25 20:40:00,60.85,100.00
129P04600,2020-02-25 20:50:00,58.24,100.00
129P04600,2020-02-25 21:00:00,60.03,94.20
129P04600,2020-02-25 21:10:00,58.74,100.00
129P04600,2020-02-25 21:20:00,62.08,99.00
129P04600,2020-02-25 21:30:00,60.28,98.90
129P04600,2020-02-25 21:40:00,57.95,97.70
129P04600,2020-02-25 21:50:00,60.07,97.70
129P04600,2020-02-25 22:00:00,60.30,89.60
129P04600,2020-02-25 22:10:00,59.26,94.70
129P04600,2020-02-25 22:20:00,61.83,89.20
129P04600,2020-02-25 22:30:00,60.14,86.30
129P04600,2020-02-25 22:40:00,58.48,92.00
129P04600,2020-02-25 22:50:00,61.18,94.90
129P04600,2020-02-25 23:00:00,60.99,97.80
129P04600,2020-02-25 23:10:00,62.66,89.89
129P04600,2020-02-25 23:20:00,59.99,97.14
129P04600,2020-02-25 23:30:00,61.12,98.25
129P04600,2020-02-25 23:40:00,59.77,78.80
129P04600,2020-02-25 23:50:00,58.63,88.30
129+04596,2020-02-25 00:00:00,52.20,58.40
129+04596,2020-02-25 00:10:00,60.15,67.10
129+04596,2020-02-25 00:20:00,62.78,46.00
129+04596,2020-02-25 00:30:00,57.37,96.00
129+04596,2020-02-25 00:40:00,56.18,91.80
129+04596,2020-02-25 00:50:00,54.51,78.80
129+04596,2020-02-25 01:00:00,47.22,35.90
129+04596,2020-02-25 01:10:00,56.66,52.50
129+04596,2020-02-25 01:20:00,49.29,43.70
129+04596,2020-02-25 01:30:00,44.20,40.40
129+04596,2020-02-25 01:40:00,45.00,95.00
129+04596,2020-02-25 01:50:00,67.94,34.00
129+04596,2020-02-25 02:00:00,62.18,60.00
129+04596,2020-02-25 02:10:00,62.14,94.60
129+04596,2020-02-25 02:20:00,57.57,84.30
129+04596,2020-02-25 02:30:00,57.80,86.14
129+04596,2020-02-25 02:40:00,57.98,87.60
129+04596,2020-02-25 02:50:00,60.41,97.00
129+04596,2020-02-25 03:00:00,54.67,75.30
129+04596,2020-02-25 03:10:00,56.28,67.00
129+04596,2020-02-25 03:20:00,68.26,38.50
129+04596,2020-02-25 03:30:00,65.71,55.90
129+04596,2020-02-25 03:40:00,57.00,86.00
129+04596,2020-02-25 03:50:00,67.83,52.30
129+04596,2020-02-25 04:00:00,59.56,51.30
129+04596,2020-02-25 04:10:00,56.91,78.70
129+04596,2020-02-25 04:20:00,55.30,83.00
129+04596,2020-02-25 04:30:00,58.45,89.80
129+04596,2020-02-25 04:40:00,57.39,99.60
129+04596,2020-02-25 04:50:00,60.06,88.80
129+04596,2020-02-25 05:00:00,58.81,95.20
129+04596,2020-02-25 05:10:00,62.67,82.20
129+04596,2020-02-25 05:20:00,60.58,100.00
129+04596,2020-02-25 05:30:00,65.50,98.90
129+04596,2020-02-25 05:40:00,60.77,100.00
129+04596,2020-02-25 05:50:00,58.46,100.00
129+04596,2020-02-25 06:00:00,59.06,100.00
129+04596,2020-02-25 06:10:00,60.85,100.00
129+04596,2020-02-25 06:20:00,61.78,100.00
129+04596,2020-02-25 06:30:00,61.48,100.00
129+04596,2020-02-25 06:40:00,62.17,100.00
129+04596,2020-02-25 06:50:00,67.12,100.00
129+04596,2020-02-25 07:00:00,65.26,100.00
129+04596,2020-02-25 07:10:00,65.28,100.00
129+04596,2020-02-25 07:20:00,59.86,100.00
129+04596,2020-02-25 07:30:00,63.77,100.00
129+04596,2020-02-25 07:40:00,63.86,100.00
129+04596,2020-02-25 07:50:00,59.35,100.00
129+04596,2020-02-25 08:00:00,61.59,100.00
129+04596,2020-02-25 08:10:00,60.45,100.00
129+04596,2020-02-25 08:20:00,62.59,100.00
129+04596,2020-02-25 08:30:00,61.77,100.00
129+04596,2020-02-25 08:40:00,61.25,100.00
129+04596,2020-02-25 08:50:00,64.30,100.00
129+04596,2020-02-25 09:00:00,64.57,93.80
129+04596,2020-02-25 09:10:00,60.65,100.00
129+04596,2020-02-25 09:20:00,65.74,100.00
129+04596,2020-02-25 09:30:00,62.68,100.00
129+04596,2020-02-25 09:40:00,60.41,100.00
129+04596,2020-02-25 09:50:00,62.26,97.90
129+04596,2020-02-25 10:00:00,61.25,100.00
129+04596,2020-02-25 10:10:00,61.04,100.00
129+04596,2020-02-25 10:20:00,61.85,100.00
129+04596,2020-02-25 10:30:00,62.23,100.00
129+04596,2020-02-25 10:40:00,63.87,100.00
129+04596,2020-02-25 10:50:00,58.62,98.20
129+04596,2020-02-25 11:00:00,61.10,99.30
129+04596,2020-02-25 11:10:00,60.14,100.00
129+04596,2020-02-25 11:20:00,64.39,90.50
129+04596,2020-02-25 11:30:00,63.94,90.00
129+04596,2020-02-25 11:40:00,64.04,100.00
129+04596,2020-02-25 11:50:00,61.65,100.00
129+04596,2020-02-25 12:00:00,63.27,100.00
129+04596,2020-02-25 12:10:00,62.78,100.00
129+04596,2020-02-25 12:20:00,68.14,79.00
129+04596,2020-02-25 12:30:00,61.67,100.00
129+04596,2020-02-25 12:40:00,68.38,83.70
129+04596,2020-02-25 12:50:00,65.05,98.90
129+04596,2020-02-25 13:00:00,61.66,100.00
129+04596,2020-02-25 13:10:00,64.66,97.30
129+04596,2020-02-25 13:20:00,60.66,100.00
129+04596,2020-02-25 13:30:00,66.60,97.90
129+04596,2020-02-25 13:40:00,64.68,98.80
129+04596,2020-02-25 13:50:00,59.36,100.00
129+04596,2020-02-25 14:00:00,62.64,100.00
129+04596,2020-02-25 14:10:00,67.30,100.00
129+04596,2020-02-25 14:20:00,64.80,95.40
129+04596,2020-02-25 14:30:00,61.99,100.00
129+04596,2020-02-25 14:40:00,66.28,100.00
129+04596,2020-02-25 14:50:00,63.33,100.00
129+04596,2020-02-25 15:00:00,63.08,100.00
129+04596,2020-02-25 15:10:00,60.29,100.00
129+04596,2020-02-25 15:20:00,57.69,100.00
129+04596,2020-02-25 15:30:00,60.31,100.00
129+04596,2020-02-25 15:40:00,62.68,100.00
129+04596,2020-02-25 15:50:00,62.16,100.00
129+04596,2020-02-25 16:00:00,63.40,100.00
129+04596,2020-02-25 16:10:00,66.43,100.00
129+04596,2020-02-25 16:20:00,62.89,100.00
129+04596,2020-02-25 16:30:00,66.81,79.10
129+04596,2020-02-25 16:40:00,66.79,96.50
129+04596,2020-02-25 16:50:00,63.33,99.80
129+04596,2020-02-25 17:00:00,61.26,100.00
129+04596,2020-02-25 17:10:00,63.14,100.00
129+04596,2020-02-25 17:20:00,63.83,100.00
129+04596,2020-02-25 17:30:00,64.76,100.00
129+04596,2020-02-25 17:40:00,62.75,100.00
129+04596,2020-02-25 17:50:00,58.27,100.00
129+04596,2020-02-25 18:00:00,56.79,100.00
129+04596,2020-02-25 18:10:00,60.34,100.00
129+04596,2020-02-25 18:20:00,63.37,100.00
129+04596,2020-02-25 18:30:00,60.56,100.00
129+04596,2020-02-25 18:40:00,60.86,94.60
129+04596,2020-02-25 18:50:00,58.42,100.00
129+04596,2020-02-25 19:00:00,65.60,66.40
129+04596,2020-02-25 19:10:00,69.62,30.80
129+04596,2020-02-25 19:20:00,66.91,72.50
129+04596,2020-02-25 19:30:00,62.56,92.90
129+04596,2020-02-25 19:40:00,58.83,94.40
129+04596,2020-02-25 19:50:00,56.18,100.00
129+04596,2020-02-25 20:00:00,58.89,99.10
129+04596,2020-02-25 20:10:00,56.85,100.00
129+04596,2020-02-25 20:20:00,57.90,100.00
129+04596,2020-02-25 20:30:00,61.43,88.30
129+04596,2020-02-25 20:40:00,58.02,96.20
129+04596,2020-02-25 20:50:00,55.20,100.00
129+04596,2020-02-25 21:00:00,59.64,100.00
129+04596,2020-02-25 21:10:00,56.64,100.00
129+04596,2020-02-25 21:20:00,55.09,100.00
129+04596,2020-02-25 21:30:00,56.58,100.00
129+04596,2020-02-25 21:40:00,59.59,84.90
129+04596,2020-02-25 21:50:00,53.67,82.70
129+04596,2020-02-25 22:00:00,59.83,75.50
129+04596,2020-02-25 22:10:00,57.35,98.30
129+04596,2020-02-25 22:20:00,58.87,92.70
129+04596,2020-02-25 22:30:00,57.97,96.10
129+04596,2020-02-25 22:40:00,55.09,90.20
129+04596,2020-02-25 22:50:00,57.11,90.00
129+04596,2020-02-25 23:00:00,58.16,89.50
129+04596,2020-02-25 23:10:00,59.67,93.00
129+04596,2020-02-25 23:20:00,57.00,96.40
129+04596,2020-02-25 23:30:00,53.27,89.10
129+04596,2020-02-25 23:40:00,56.79,89.00
129+04596,2020-02-25 23:50:00,56.46,92.50
129+04605,2020-02-25 00:00:00,66.47,28.70
129+04605,2020-02-25 00:10:00,60.95,33.40
129+04605,2020-02-25 00:20:00,52.79,60.30
129+04605,2020-02-25 00:30:00,55.55,89.20
129+04605,2020-02-25 00:40:00,61.03,96.40
129+04605,2020-02-25 00:50:00,61.02,90.75
129+04605,2020-02-25 01:00:00,55.00,92.50
129+04605,2020-02-25 01:10:00,53.76,80.90
129+04605,2020-02-25 01:20:00,59.54,68.25
129+04605,2020-02-25 01:30:00,57.70,97.70
129+04605,2020-02-25 01:40:00,60.16,74.70
129+04605,2020-02-25 01:50:00,61.71,79.44
129+04605,2020-02-25 02:00:00,74.48,9.11
129+04605,2020-02-25 02:10:00,54.01,57.40
129+04605,2020-02-25 02:20:00,55.17,70.60
129+04605,2020-02-25 02:30:00,55.99,81.00
129+04605,2020-02-25 02:40:00,58.48,98.14
129+04605,2020-02-25 02:50:00,61.61,81.60
129+04605,2020-02-25 03:00:00,56.86,93.10
129+04605,2020-02-25 03:10:00,55.39,88.40
129+04605,2020-02-25 03:20:00,57.50,91.20
129+04605,2020-02-25 03:30:00,60.88,86.10
129+04605,2020-02-25 03:40:00,57.05,93.00
129+04605,2020-02-25 03:50:00,58.33,79.50
129+04605,2020-02-25 04:00:00,62.67,77.90
129+04605,2020-02-25 04:10:00,57.60,87.80
129+04605,2020-02-25 04:20:00,66.62,56.50
129+04605,2020-02-25 04:30:00,62.74,87.10
129+04605,2020-02-25 04:40:00,60.01,90.50
129+04605,2020-02-25 04:50:00,63.89,93.60
129+04605,2020-02-25 05:00:00,62.10,100.00
129+04605,2020-02-25 05:10:00,62.85,96.10
129+04605,2020-02-25 05:20:00,61.46,100.00
129+04605,2020-02-25 05:30:00,64.74,98.50
129+04605,2020-02-25 05:40:00,63.36,100.00
129+04605,2020-02-25 05:50:00,58.77,100.00
129+04605,2020-02-25 06:00:00,60.28,100.00
129+04605,2020-02-25 06:10:00,57.87,100.00
129+04605,2020-02-25 06:20:00,57.96,100.00
129+04605,2020-02-25 06:30:00,53.59,100.00
129+04605,2020-02-25 06:40:00,53.19,100.00
129+04605,2020-02-25 06:50:00,49.59,100.00
129+04605,2020-02-25 07:00:00,49.66,100.00
129+04605,2020-02-25 07:10:00,49.36,100.00
129+04605,2020-02-25 07:20:00,49.96,100.00
129+04605,2020-02-25 07:30:00,49.26,100.00
129+04605,2020-02-25 07:40:00,49.06,100.00
129+04605,2020-02-25 07:50:00,47.10,100.00
129+04605,2020-02-25 08:00:00,48.24,100.00
129+04605,2020-02-25 08:10:00,48.28,100.00
129+04605,2020-02-25 08:20:00,47.62,100.00
129+04605,2020-02-25 08:30:00,48.03,100.00
129+04605,2020-02-25 08:40:00,48.10,100.00
129+04605,2020-02-25 08:50:00,49.76,100.00
129+04605,2020-02-25 09:00:00,53.32,100.00
129+04605,2020-02-25 09:10:00,56.17,100.00
129+04605,2020-02-25 09:20:00,55.09,100.00
129+04605,2020-02-25 09:30:00,56.08,100.00
129+04605,2020-02-25 09:40:00,54.89,100.00
129+04605,2020-02-25 09:50:00,53.54,100.00
129+04605,2020-02-25 10:00:00,54.15,100.00
129+04605,2020-02-25 10:10:00,54.18,100.00
129+04605,2020-02-25 10:20:00,56.08,100.00
129+04605,2020-02-25 10:30:00,56.84,100.00
129+04605,2020-02-25 10:40:00,54.97,100.00
129+04605,2020-02-25 10:50:00,54.36,100.00
129+04605,2020-02-25 11:00:00,58.24,100.00
129+04605,2020-02-25 11:10:00,57.54,94.50
129+04605,2020-02-25 11:20:00,59.90,100.00
129+04605,2020-02-25 11:30:00,56.36,100.00
129+04605,2020-02-25 11:40:00,58.24,100.00
129+04605,2020-02-25 11:50:00,57.22,100.00
129+04605,2020-02-25 12:00:00,55.36,100.00
129+04605,2020-02-25 12:10:00,53.57,100.00
129+04605,2020-02-25 12:20:00,55.28,100.00
129+04605,2020-02-25 12:30:00,56.78,100.00
129+04605,2020-02-25 12:40:00,54.58,100.00
129+04605,2020-02-25 12:50:00,54.99,100.00
129+04605,2020-02-25 13:00:00,55.39,100.00
129+04605,2020-02-25 13:10:00,55.96,100.00
129+04605,2020-02-25 13:20:00,55.98,100.00
129+04605,2020-02-25 13:30:00,54.06,100.00
129+04605,2020-02-25 13:40:00,55.57,100.00
129+04605,2020-02-25 13:50:00,56.37,100.00
129+04605,2020-02-25 14:00:00,56.96,100.00
129+04605,2020-02-25 14:10:00,55.79,100.00
129+04605,2020-02-25 14:20:00,54.14,100.00
129+04605,2020-02-25 14:30:00,54.27,100.00
129+04605,2020-02-25 14:40:00,53.58,100.00
129+04605,2020-02-25 14:50:00,55.69,100.00
129+04605,2020-02-25 15:00:00,55.08,100.00
129+04605,2020-02-25 15:10:00,54.59,100.00
129+04605,2020-02-25 15:20:00,54.89,100.00
129+04605,2020-02-25 15:30:00,55.06,100.00
129+04605,2020-02-25 15:40:00,54.07,100.00
129+04605,2020-02-25 15:50:00,53.28,100.00
129+04605,2020-02-25 16:00:00,53.87,100.00
129+04605,2020-02-25 16:10:00,55.59,100.00
129+04605,2020-02-25 16:20:00,53.99,100.00
129+04605,2020-02-25 16:30:00,55.64,100.00
129+04605,2020-02-25 16:40:00,59.58,100.00
129+04605,2020-02-25 16:50:00,54.72,100.00
129+04605,2020-02-25 17:00:00,56.73,100.00
129+04605,2020-02-25 17:10:00,55.09,100.00
129+04605,2020-02-25 17:20:00,56.63,100.00
129+04605,2020-02-25 17:30:00,53.89,100.00
129+04605,2020-02-25 17:40:00,54.58,100.00
129+04605,2020-02-25 17:50:00,54.37,100.00
129+04605,2020-02-25 18:00:00,52.27,100.00
129+04605,2020-02-25 18:10:00,54.58,100.00
129+04605,2020-02-25 18:20:00,54.36,100.00
129+04605,2020-02-25 18:30:00,55.19,100.00
129+04605,2020-02-25 18:40:00,56.54,100.00
129+04605,2020-02-25 18:50:00,57.74,100.00
129+04605,2020-02-25 19:00:00,55.05,100.00
129+04605,2020-02-25 19:10:00,59.72,100.00
129+04605,2020-02-25 19:20:00,58.72,100.00
129+04605,2020-02-25 19:30:00,55.20,98.90
129+04605,2020-02-25 19:40:00,58.00,100.00
129+04605,2020-02-25 19:50:00,58.57,98.90
129+04605,2020-02-25 20:00:00,56.66,99.30
129+04605,2020-02-25 20:10:00,55.21,98.00
129+04605,2020-02-25 20:20:00,53.23,93.40
129+04605,2020-02-25 20:30:00,56.27,100.00
129+04605,2020-02-25 20:40:00,58.19,97.60
129+04605,2020-02-25 20:50:00,56.56,100.00
129+04605,2020-02-25 21:00:00,57.15,90.60
129+04605,2020-02-25 21:10:00,54.80,100.00
129+04605,2020-02-25 21:20:00,54.60,100.00
129+04605,2020-02-25 21:30:00,55.00,100.00
129+04605,2020-02-25 21:40:00,54.90,100.00
129+04605,2020-02-25 21:50:00,58.07,96.20
129+04605,2020-02-25 22:00:00,55.97,97.50
129+04605,2020-02-25 22:10:00,58.89,75.30
129+04605,2020-02-25 22:20:00,57.60,83.30
129+04605,2020-02-25 22:30:00,54.19,79.30
129+04605,2020-02-25 22:40:00,54.38,94.10
129+04605,2020-02-25 22:50:00,54.86,99.30
129+04605,2020-02-25 23:00:00,56.96,94.60
129+04605,2020-02-25 23:10:00,57.04,82.00
129+04605,2020-02-25 23:20:00,57.49,69.30
129+04605,2020-02-25 23:30:00,58.57,92.70
129+04605,2020-02-25 23:40:00,55.19,90.30
129+04605,2020-02-25 23:50:00,55.76,92.60
129+04606,2020-02-25 00:00:00,57.47,95.10
129+04606,2020-02-25 00:10:00,56.66,81.70
129+04606,2020-02-25 00:20:00,52.23,57.80
129+04606,2020-02-25 00:30:00,55.18,96.70
129+04606,2020-02-25 00:40:00,58.53,78.70
129+04606,2020-02-25 00:50:00,58.27,56.67
129+04606,2020-02-25 01:00:00,50.98,68.30
129+04606,2020-02-25 01:10:00,52.38,78.80
129+04606,2020-02-25 01:20:00,57.11,86.57
129+04606,2020-02-25 01:30:00,58.19,79.30
129+04606,2020-02-25 01:40:00,60.64,60.60
129+04606,2020-02-25 01:50:00,61.56,72.00
129+04606,2020-02-25 02:00:00,74.48,8.33
129+04606,2020-02-25 02:10:00,54.59,57.90
129+04606,2020-02-25 02:20:00,55.70,73.50
129+04606,2020-02-25 02:30:00,56.99,87.80
129+04606,2020-02-25 02:40:00,59.00,98.80
129+04606,2020-02-25 02:50:00,61.88,84.80
129+04606,2020-02-25 03:00:00,57.63,93.20
129+04606,2020-02-25 03:10:00,57.59,96.90
129+04606,2020-02-25 03:20:00,60.17,94.00
129+04606,2020-02-25 03:30:00,61.17,93.60
129+04606,2020-02-25 03:40:00,59.06,95.10
129+04606,2020-02-25 03:50:00,57.78,72.80
129+04606,2020-02-25 04:00:00,66.16,48.70
129+04606,2020-02-25 04:10:00,58.88,83.50
129+04606,2020-02-25 04:20:00,66.15,58.38
129+04606,2020-02-25 04:30:00,60.95,94.00
129+04606,2020-02-25 04:40:00,60.17,90.50
129+04606,2020-02-25 04:50:00,62.59,99.70
129+04606,2020-02-25 05:00:00,60.60,98.70
129+04606,2020-02-25 05:10:00,60.87,99.20
129+04606,2020-02-25 05:20:00,62.35,100.00
129+04606,2020-02-25 05:30:00,66.49,85.20
129+04606,2020-02-25 05:40:00,67.53,100.00
129+04606,2020-02-25 05:50:00,61.32,100.00
129+04606,2020-02-25 06:00:00,63.69,100.00
129+04606,2020-02-25 06:10:00,61.85,100.00
129+04606,2020-02-25 06:20:00,62.08,100.00
129+04606,2020-02-25 06:30:00,58.08,100.00
129+04606,2020-02-25 06:40:00,57.34,100.00
129+04606,2020-02-25 06:50:00,53.99,100.00
129+04606,2020-02-25 07:00:00,54.87,100.00
129+04606,2020-02-25 07:10:00,55.40,100.00
129+04606,2020-02-25 07:20:00,55.88,100.00
129+04606,2020-02-25 07:30:00,55.79,100.00
129+04606,2020-02-25 07:40:00,55.29,100.00
129+04606,2020-02-25 07:50:00,54.97,99.50
129+04606,2020-02-25 08:00:00,54.88,100.00
129+04606,2020-02-25 08:10:00,56.79,100.00
129+04606,2020-02-25 08:20:00,52.98,100.00
129+04606,2020-02-25 08:30:00,54.54,100.00
129+04606,2020-02-25 08:40:00,55.47,100.00
129+04606,2020-02-25 08:50:00,55.59,100.00
129+04606,2020-02-25 09:00:00,55.58,100.00
129+04606,2020-02-25 09:10:00,59.58,100.00
129+04606,2020-02-25 09:20:00,58.69,100.00
129+04606,2020-02-25 09:30:00,60.06,100.00
129+04606,2020-02-25 09:40:00,56.58,100.00
129+04606,2020-02-25 09:50:00,55.54,100.00
129+04606,2020-02-25 10:00:00,58.20,100.00
129+04606,2020-02-25 10:10:00,56.85,100.00
129+04606,2020-02-25 10:20:00,59.83,100.00
129+04606,2020-02-25 10:30:00,58.94,100.00
129+04606,2020-02-25 10:40:00,56.16,100.00
129+04606,2020-02-25 10:50:00,57.93,100.00
129+04606,2020-02-25 11:00:00,61.00,96.80
129+04606,2020-02-25 11:10:00,57.81,97.10
129+04606,2020-02-25 11:20:00,61.55,100.00
129+04606,2020-02-25 11:30:00,59.73,100.00
129+04606,2020-02-25 11:40:00,60.14,98.20
129+04606,2020-02-25 11:50:00,59.87,100.00
129+04606,2020-02-25 12:00:00,56.29,100.00
129+04606,2020-02-25 12:10:00,54.60,100.00
129+04606,2020-02-25 12:20:00,56.86,100.00
129+04606,2020-02-25 12:30:00,59.64,100.00
129+04606,2020-02-25 12:40:00,55.69,100.00
129+04606,2020-02-25 12:50:00,57.88,100.00
129+04606,2020-02-25 13:00:00,56.89,100.00
129+04606,2020-02-25 13:10:00,56.86,100.00
129+04606,2020-02-25 13:20:00,57.26,100.00
129+04606,2020-02-25 13:30:00,56.15,100.00
129+04606,2020-02-25 13:40:00,59.07,100.00
129+04606,2020-02-25 13:50:00,57.78,100.00
129+04606,2020-02-25 14:00:00,60.82,100.00
129+04606,2020-02-25 14:10:00,59.39,100.00
129+04606,2020-02-25 14:20:00,58.12,100.00
129+04606,2020-02-25 14:30:00,57.48,100.00
129+04606,2020-02-25 14:40:00,55.79,100.00
129+04606,2020-02-25 14:50:00,57.47,100.00
129+04606,2020-02-25 15:00:00,55.69,100.00
129+04606,2020-02-25 15:10:00,56.48,100.00
129+04606,2020-02-25 15:20:00,55.78,100.00
129+04606,2020-02-25 15:30:00,56.18,100.00
129+04606,2020-02-25 15:40:00,55.09,100.00
129+04606,2020-02-25 15:50:00,55.00,100.00
129+04606,2020-02-25 16:00:00,55.00,100.00
129+04606,2020-02-25 16:10:00,58.36,100.00
129+04606,2020-02-25 16:20:00,55.76,100.00
129+04606,2020-02-25 16:30:00,56.45,100.00
129+04606,2020-02-25 16:40:00,58.93,100.00
129+04606,2020-02-25 16:50:00,54.56,100.00
129+04606,2020-02-25 17:00:00,57.85,100.00
129+04606,2020-02-25 17:10:00,55.77,100.00
129+04606,2020-02-25 17:20:00,56.56,100.00
129+04606,2020-02-25 17:30:00,54.59,100.00
129+04606,2020-02-25 17:40:00,55.71,100.00
129+04606,2020-02-25 17:50:00,56.09,100.00
129+04606,2020-02-25 18:00:00,53.72,100.00
129+04606,2020-02-25 18:10:00,55.68,100.00
129+04606,2020-02-25 18:20:00,55.69,100.00
129+04606,2020-02-25 18:30:00,55.58,100.00
129+04606,2020-02-25 18:40:00,57.20,100.00
129+04606,2020-02-25 18:50:00,59.96,100.00
129+04606,2020-02-25 19:00:00,57.19,100.00
129+04606,2020-02-25 19:10:00,61.26,100.00
129+04606,2020-02-25 19:20:00,58.77,100.00
129+04606,2020-02-25 19:30:00,57.84,99.80
129+04606,2020-02-25 19:40:00,57.10,100.00
129+04606,2020-02-25 19:50:00,58.19,100.00
129+04606,2020-02-25 20:00:00,58.02,100.00
129+04606,2020-02-25 20:10:00,56.52,97.00
129+04606,2020-02-25 20:20:00,55.24,98.80
129+04606,2020-02-25 20:30:00,57.09,100.00
129+04606,2020-02-25 20:40:00,57.89,100.00
129+04606,2020-02-25 20:50:00,57.40,100.00
129+04606,2020-02-25 21:00:00,60.97,70.30
129+04606,2020-02-25 21:10:00,56.08,100.00
129+04606,2020-02-25 21:20:00,55.99,100.00
129+04606,2020-02-25 21:30:00,55.20,100.00
129+04606,2020-02-25 21:40:00,55.20,100.00
129+04606,2020-02-25 21:50:00,59.70,73.50
129+04606,2020-02-25 22:00:00,55.39,99.20
129+04606,2020-02-25 22:10:00,56.37,96.80
129+04606,2020-02-25 22:20:00,59.36,84.50
129+04606,2020-02-25 22:30:00,52.99,68.40
129+04606,2020-02-25 22:40:00,54.69,97.00
129+04606,2020-02-25 22:50:00,56.51,95.20
129+04606,2020-02-25 23:00:00,56.78,97.20
129+04606,2020-02-25 23:10:00,58.46,78.50
129+04606,2020-02-25 23:20:00,58.57,68.50
129+04606,2020-02-25 23:30:00,58.59,96.20
129+04606,2020-02-25 23:40:00,55.00,90.60
129+04606,2020-02-25 23:50:00,56.27,93.33
129+04607,2020-02-25 00:00:00,59.43,89.00
129+04607,2020-02-25 00:10:00,57.66,83.20
129+04607,2020-02-25 00:20:00,54.55,54.90
129+04607,2020-02-25 00:30:00,56.76,89.00
129+04607,2020-02-25 00:40:00,61.87,73.10
129+04607,2020-02-25 00:50:00,59.27,64.00
129+04607,2020-02-25 01:00:00,52.90,68.20
129+04607,2020-02-25 01:10:00,54.56,78.70
129+04607,2020-02-25 01:20:00,59.41,88.71
129+04607,2020-02-25 01:30:00,60.19,79.80
129+04607,2020-02-25 01:40:00,57.97,88.20
129+04607,2020-02-25 01:50:00,58.54,81.70
129+04607,2020-02-25 02:00:00,68.34,41.60
129+04607,2020-02-25 02:10:00,64.84,91.70
129+04607,2020-02-25 02:20:00,56.90,63.40
129+04607,2020-02-25 02:30:00,60.45,87.90
129+04607,2020-02-25 02:40:00,57.50,79.70
129+04607,2020-02-25 02:50:00,62.35,80.30
129+04607,2020-02-25 03:00:00,58.39,99.00
129+04607,2020-02-25 03:10:00,59.47,98.90
129+04607,2020-02-25 03:20:00,62.06,88.40
129+04607,2020-02-25 03:30:00,63.62,82.00
129+04607,2020-02-25 03:40:00,62.63,73.20
129+04607,2020-02-25 03:50:00,61.27,74.30
129+04607,2020-02-25 04:00:00,65.76,77.20
129+04607,2020-02-25 04:10:00,59.82,79.40
129+04607,2020-02-25 04:20:00,64.57,68.33
129+04607,2020-02-25 04:30:00,61.95,93.89
129+04607,2020-02-25 04:40:00,62.53,93.20
129+04607,2020-02-25 04:50:00,63.68,99.80
129+04607,2020-02-25 05:00:00,62.75,99.00
129+04607,2020-02-25 05:10:00,62.15,100.00
129+04607,2020-02-25 05:20:00,63.60,100.00
129+04607,2020-02-25 05:30:00,68.53,90.90
129+04607,2020-02-25 05:40:00,67.93,100.00
129+04607,2020-02-25 05:50:00,63.43,100.00
129+04607,2020-02-25 06:00:00,66.49,100.00
129+04607,2020-02-25 06:10:00,65.58,100.00
129+04607,2020-02-25 06:20:00,64.07,100.00
129+04607,2020-02-25 06:30:00,61.54,100.00
129+04607,2020-02-25 06:40:00,61.30,100.00
129+04607,2020-02-25 06:50:00,56.59,100.00
129+04607,2020-02-25 07:00:00,57.84,100.00
129+04607,2020-02-25 07:10:00,57.49,100.00
129+04607,2020-02-25 07:20:00,59.49,100.00
129+04607,2020-02-25 07:30:00,57.69,100.00
129+04607,2020-02-25 07:40:00,57.39,100.00
129+04607,2020-02-25 07:50:00,58.58,99.80
129+04607,2020-02-25 08:00:00,57.00,100.00
129+04607,2020-02-25 08:10:00,57.98,100.00
129+04607,2020-02-25 08:20:00,56.78,100.00
129+04607,2020-02-25 08:30:00,56.04,100.00
129+04607,2020-02-25 08:40:00,58.57,100.00
129+04607,2020-02-25 08:50:00,57.70,100.00
129+04607,2020-02-25 09:00:00,59.78,100.00
129+04607,2020-02-25 09:10:00,61.98,100.00
129+04607,2020-02-25 09:20:00,58.99,100.00
129+04607,2020-02-25 09:30:00,62.48,100.00
129+04607,2020-02-25 09:40:00,58.38,100.00
129+04607,2020-02-25 09:50:00,57.23,100.00
129+04607,2020-02-25 10:00:00,59.28,100.00
129+04607,2020-02-25 10:10:00,58.84,100.00
129+04607,2020-02-25 10:20:00,60.92,100.00
129+04607,2020-02-25 10:30:00,60.41,100.00
129+04607,2020-02-25 10:40:00,59.45,100.00
129+04607,2020-02-25 10:50:00,60.54,100.00
129+04607,2020-02-25 11:00:00,63.00,98.90
129+04607,2020-02-25 11:10:00,60.24,100.00
129+04607,2020-02-25 11:20:00,64.17,100.00
129+04607,2020-02-25 11:30:00,61.41,100.00
129+04607,2020-02-25 11:40:00,61.34,100.00
129+04607,2020-02-25 11:50:00,61.58,100.00
129+04607,2020-02-25 12:00:00,58.65,100.00
129+04607,2020-02-25 12:10:00,56.10,100.00
129+04607,2020-02-25 12:20:00,58.65,100.00
129+04607,2020-02-25 12:30:00,61.58,100.00
129+04607,2020-02-25 12:40:00,57.97,100.00
129+04607,2020-02-25 12:50:00,60.66,100.00
129+04607,2020-02-25 13:00:00,58.83,100.00
129+04607,2020-02-25 13:10:00,58.87,100.00
129+04607,2020-02-25 13:20:00,59.92,100.00
129+04607,2020-02-25 13:30:00,59.56,100.00
129+04607,2020-02-25 13:40:00,60.06,100.00
129+04607,2020-02-25 13:50:00,60.49,100.00
129+04607,2020-02-25 14:00:00,63.61,92.30
129+04607,2020-02-25 14:10:00,61.08,100.00
129+04607,2020-02-25 14:20:00,58.82,100.00
129+04607,2020-02-25 14:30:00,59.76,100.00
129+04607,2020-02-25 14:40:00,57.80,100.00
129+04607,2020-02-25 14:50:00,57.69,100.00
129+04607,2020-02-25 15:00:00,58.37,100.00
129+04607,2020-02-25 15:10:00,58.74,100.00
129+04607,2020-02-25 15:20:00,56.77,100.00
129+04607,2020-02-25 15:30:00,57.49,100.00
129+04607,2020-02-25 15:40:00,56.98,100.00
129+04607,2020-02-25 15:50:00,57.89,100.00
129+04607,2020-02-25 16:00:00,56.78,100.00
129+04607,2020-02-25 16:10:00,59.18,100.00
129+04607,2020-02-25 16:20:00,58.45,100.00
129+04607,2020-02-25 16:30:00,59.05,100.00
129+04607,2020-02-25 16:40:00,60.44,100.00
129+04607,2020-02-25 16:50:00,56.35,100.00
129+04607,2020-02-25 17:00:00,59.36,100.00
129+04607,2020-02-25 17:10:00,58.32,100.00
129+04607,2020-02-25 17:20:00,57.59,100.00
129+04607,2020-02-25 17:30:00,56.89,100.00
129+04607,2020-02-25 17:40:00,57.52,100.00
129+04607,2020-02-25 17:50:00,59.06,100.00
129+04607,2020-02-25 18:00:00,56.63,100.00
129+04607,2020-02-25 18:10:00,57.87,100.00
129+04607,2020-02-25 18:20:00,59.50,100.00
129+04607,2020-02-25 18:30:00,58.46,100.00
129+04607,2020-02-25 18:40:00,59.05,100.00
129+04607,2020-02-25 18:50:00,60.27,100.00
129+04607,2020-02-25 19:00:00,61.29,100.00
129+04607,2020-02-25 19:10:00,62.99,100.00
129+04607,2020-02-25 19:20:00,61.98,100.00
129+04607,2020-02-25 19:30:00,62.15,98.20
129+04607,2020-02-25 19:40:00,60.02,100.00
129+04607,2020-02-25 19:50:00,60.03,100.00
129+04607,2020-02-25 20:00:00,61.15,99.80
129+04607,2020-02-25 20:10:00,59.14,94.80
129+04607,2020-02-25 20:20:00,59.52,95.00
129+04607,2020-02-25 20:30:00,59.98,100.00
129+04607,2020-02-25 20:40:00,60.59,100.00
129+04607,2020-02-25 20:50:00,57.88,100.00
129+04607,2020-02-25 21:00:00,64.02,68.80
129+04607,2020-02-25 21:10:00,60.07,99.70
129+04607,2020-02-25 21:20:00,57.09,100.00
129+04607,2020-02-25 21:30:00,56.69,100.00
129+04607,2020-02-25 21:40:00,58.39,100.00
129+04607,2020-02-25 21:50:00,61.17,83.50
129+04607,2020-02-25 22:00:00,58.04,99.20
129+04607,2020-02-25 22:10:00,58.37,97.60
129+04607,2020-02-25 22:20:00,60.67,90.70
129+04607,2020-02-25 22:30:00,56.02,67.70
129+04607,2020-02-25 22:40:00,56.66,95.90
129+04607,2020-02-25 22:50:00,57.29,98.60
129+04607,2020-02-25 23:00:00,58.37,98.00
129+04607,2020-02-25 23:10:00,58.18,96.70
129+04607,2020-02-25 23:20:00,58.80,90.67
129+04607,2020-02-25 23:30:00,58.00,99.50
129+04607,2020-02-25 23:40:00,55.70,93.20
129+04607,2020-02-25 23:50:00,55.50,70.10
129+04608,2020-02-25 00:00:00,51.87,91.50
129+04608,2020-02-25 00:10:00,55.78,94.40
129+04608,2020-02-25 00:20:00,52.49,94.60
129+04608,2020-02-25 00:30:00,50.74,85.30
129+04608,2020-02-25 00:40:00,49.93,78.40
129+04608,2020-02-25 00:50:00,51.28,73.30
129+04608,2020-02-25 01:00:00,54.42,80.40
129+04608,2020-02-25 01:10:00,52.00,85.90
129+04608,2020-02-25 01:20:00,54.47,87.38
129+04608,2020-02-25 01:30:00,52.52,70.80
129+04608,2020-02-25 01:40:00,54.79,97.00
129+04608,2020-02-25 01:50:00,54.53,83.80
129+04608,2020-02-25 02:00:00,61.50,43.10
129+04608,2020-02-25 02:10:00,54.39,85.50
129+04608,2020-02-25 02:20:00,53.44,82.90
129+04608,2020-02-25 02:30:00,53.32,80.90
129+04608,2020-02-25 02:40:00,56.79,95.40
129+04608,2020-02-25 02:50:00,55.29,97.60
129+04608,2020-02-25 03:00:00,56.17,93.30
129+04608,2020-02-25 03:10:00,58.59,84.80
129+04608,2020-02-25 03:20:00,61.23,71.50
129+04608,2020-02-25 03:30:00,65.54,72.50
129+04608,2020-02-25 03:40:00,63.68,98.38
129+04608,2020-02-25 03:50:00,59.58,73.20
129+04608,2020-02-25 04:00:00,65.34,82.60
129+04608,2020-02-25 04:10:00,59.32,76.30
129+04608,2020-02-25 04:20:00,64.97,50.00
129+04608,2020-02-25 04:30:00,63.51,68.30
129+04608,2020-02-25 04:40:00,62.12,90.50
129+04608,2020-02-25 04:50:00,63.84,92.10
129+04608,2020-02-25 05:00:00,63.18,99.10
129+04608,2020-02-25 05:10:00,61.89,99.80
129+04608,2020-02-25 05:20:00,62.41,100.00
129+04608,2020-02-25 05:30:00,66.06,96.50
129+04608,2020-02-25 05:40:00,66.39,100.00
129+04608,2020-02-25 05:50:00,63.53,100.00
129+04608,2020-02-25 06:00:00,64.76,100.00
129+04608,2020-02-25 06:10:00,64.73,100.00
129+04608,2020-02-25 06:20:00,61.58,100.00
129+04608,2020-02-25 06:30:00,61.99,100.00
129+04608,2020-02-25 06:40:00,61.72,100.00
129+04608,2020-02-25 06:50:00,57.00,100.00
129+04608,2020-02-25 07:00:00,57.47,100.00
129+04608,2020-02-25 07:10:00,57.60,100.00
129+04608,2020-02-25 07:20:00,59.08,100.00
129+04608,2020-02-25 07:30:00,57.49,100.00
129+04608,2020-02-25 07:40:00,57.20,100.00
129+04608,2020-02-25 07:50:00,58.36,100.00
129+04608,2020-02-25 08:00:00,56.70,100.00
129+04608,2020-02-25 08:10:00,56.99,100.00
129+04608,2020-02-25 08:20:00,56.78,100.00
129+04608,2020-02-25 08:30:00,56.18,100.00
129+04608,2020-02-25 08:40:00,57.28,100.00
129+04608,2020-02-25 08:50:00,57.07,100.00
129+04608,2020-02-25 09:00:00,59.18,100.00
129+04608,2020-02-25 09:10:00,58.75,100.00
129+04608,2020-02-25 09:20:00,58.19,100.00
129+04608,2020-02-25 09:30:00,60.16,100.00
129+04608,2020-02-25 09:40:00,58.40,100.00
129+04608,2020-02-25 09:50:00,57.00,100.00
129+04608,2020-02-25 10:00:00,57.72,100.00
129+04608,2020-02-25 10:10:00,58.38,100.00
129+04608,2020-02-25 10:20:00,59.95,100.00
129+04608,2020-02-25 10:30:00,59.27,100.00
129+04608,2020-02-25 10:40:00,58.88,100.00
129+04608,2020-02-25 10:50:00,59.06,100.00
129+04608,2020-02-25 11:00:00,60.80,100.00
129+04608,2020-02-25 11:10:00,57.68,100.00
129+04608,2020-02-25 11:20:00,60.78,100.00
129+04608,2020-02-25 11:30:00,59.58,100.00
129+04608,2020-02-25 11:40:00,58.93,100.00
129+04608,2020-02-25 11:50:00,59.76,100.00
129+04608,2020-02-25 12:00:00,58.54,100.00
129+04608,2020-02-25 12:10:00,56.00,100.00
129+04608,2020-02-25 12:20:00,55.59,100.00
129+04608,2020-02-25 12:30:00,59.98,100.00
129+04608,2020-02-25 12:40:00,56.80,100.00
129+04608,2020-02-25 12:50:00,57.50,100.00
129+04608,2020-02-25 13:00:00,60.07,100.00
129+04608,2020-02-25 13:10:00,58.69,100.00
129+04608,2020-02-25 13:20:00,57.98,100.00
129+04608,2020-02-25 13:30:00,59.75,100.00
129+04608,2020-02-25 13:40:00,59.68,100.00
129+04608,2020-02-25 13:50:00,59.99,100.00
129+04608,2020-02-25 14:00:00,59.22,100.00
129+04608,2020-02-25 14:10:00,56.49,100.00
129+04608,2020-02-25 14:20:00,56.78,100.00
129+04608,2020-02-25 14:30:00,57.69,100.00
129+04608,2020-02-25 14:40:00,57.19,100.00
129+04608,2020-02-25 14:50:00,57.09,100.00
129+04608,2020-02-25 15:00:00,56.80,100.00
129+04608,2020-02-25 15:10:00,56.58,100.00
129+04608,2020-02-25 15:20:00,56.09,100.00
129+04608,2020-02-25 15:30:00,55.30,100.00
129+04608,2020-02-25 15:40:00,56.49,100.00
129+04608,2020-02-25 15:50:00,57.58,100.00
129+04608,2020-02-25 16:00:00,57.27,100.00
129+04608,2020-02-25 16:10:00,57.59,100.00
129+04608,2020-02-25 16:20:00,56.78,100.00
129+04608,2020-02-25 16:30:00,58.38,100.00
129+04608,2020-02-25 16:40:00,56.85,100.00
129+04608,2020-02-25 16:50:00,53.80,100.00
129+04608,2020-02-25 17:00:00,54.97,100.00
129+04608,2020-02-25 17:10:00,54.99,100.00
129+04608,2020-02-25 17:20:00,54.56,100.00
129+04608,2020-02-25 17:30:00,56.28,100.00
129+04608,2020-02-25 17:40:00,57.07,100.00
129+04608,2020-02-25 17:50:00,57.69,100.00
129+04608,2020-02-25 18:00:00,55.99,100.00
129+04608,2020-02-25 18:10:00,56.89,100.00
129+04608,2020-02-25 18:20:00,58.35,100.00
129+04608,2020-02-25 18:30:00,57.88,100.00
129+04608,2020-02-25 18:40:00,58.97,100.00
129+04608,2020-02-25 18:50:00,60.18,100.00
129+04608,2020-02-25 19:00:00,60.19,100.00
129+04608,2020-02-25 19:10:00,62.39,100.00
129+04608,2020-02-25 19:20:00,61.58,100.00
129+04608,2020-02-25 19:30:00,60.24,100.00
129+04608,2020-02-25 19:40:00,57.60,100.00
129+04608,2020-02-25 19:50:00,58.45,100.00
129+04608,2020-02-25 20:00:00,58.26,100.00
129+04608,2020-02-25 20:10:00,58.29,100.00
129+04608,2020-02-25 20:20:00,56.05,100.00
129+04608,2020-02-25 20:30:00,56.90,100.00
129+04608,2020-02-25 20:40:00,58.29,100.00
129+04608,2020-02-25 20:50:00,55.98,100.00
129+04608,2020-02-25 21:00:00,60.47,80.10
129+04608,2020-02-25 21:10:00,59.44,96.10
129+04608,2020-02-25 21:20:00,56.37,100.00
129+04608,2020-02-25 21:30:00,55.69,100.00
129+04608,2020-02-25 21:40:00,57.29,100.00
129+04608,2020-02-25 21:50:00,58.66,100.00
129+04608,2020-02-25 22:00:00,56.08,100.00
129+04608,2020-02-25 22:10:00,56.28,99.70
129+04608,2020-02-25 22:20:00,57.86,94.50
129+04608,2020-02-25 22:30:00,57.49,91.20
129+04608,2020-02-25 22:40:00,56.07,95.00
129+04608,2020-02-25 22:50:00,57.00,99.10
129+04608,2020-02-25 23:00:00,57.99,96.40
129+04608,2020-02-25 23:10:00,51.10,53.70
129+04608,2020-02-25 23:20:00,50.81,62.75
129+04608,2020-02-25 23:30:00,55.69,96.90
129+04608,2020-02-25 23:40:00,56.38,91.90
129+04608,2020-02-25 23:50:00,55.37,70.60
129+04601,2020-02-25 00:00:00,55.57,84.20
129+04601,2020-02-25 00:10:00,55.46,86.50
129+04601,2020-02-25 00:20:00,62.00,77.70
129+04601,2020-02-25 00:30:00,59.26,94.50
129+04601,2020-02-25 00:40:00,58.69,97.40
129+04601,2020-02-25 00:50:00,55.59,82.40
129+04601,2020-02-25 01:00:00,53.49,66.25
129+04601,2020-02-25 01:10:00,55.99,60.60
129+04601,2020-02-25 01:20:00,59.52,78.10
129+04601,2020-02-25 01:30:00,54.76,94.89
129+04601,2020-02-25 01:40:00,53.00,85.67
129+04601,2020-02-25 01:50:00,59.98,59.10
129+04601,2020-02-25 02:00:00,65.17,27.90
129+04601,2020-02-25 02:10:00,58.62,63.88
129+04601,2020-02-25 02:20:00,58.08,94.50
129+04601,2020-02-25 02:30:00,54.45,73.70
129+04601,2020-02-25 02:40:00,60.92,86.00
129+04601,2020-02-25 02:50:00,60.44,91.10
129+04601,2020-02-25 03:00:00,55.77,80.20
129+04601,2020-02-25 03:10:00,55.47,89.40
129+04601,2020-02-25 03:20:00,61.85,62.50
129+04601,2020-02-25 03:30:00,60.51,89.40
129+04601,2020-02-25 03:40:00,60.85,76.50
129+04601,2020-02-25 03:50:00,58.58,81.50
129+04601,2020-02-25 04:00:00,61.80,79.50
129+04601,2020-02-25 04:10:00,55.67,70.60
129+04601,2020-02-25 04:20:00,63.13,58.30
129+04601,2020-02-25 04:30:00,60.78,72.10
129+04601,2020-02-25 04:40:00,61.16,95.40
129+04601,2020-02-25 04:50:00,61.69,97.90
129+04601,2020-02-25 05:00:00,65.03,77.40
129+04601,2020-02-25 05:10:00,65.10,81.90
129+04601,2020-02-25 05:20:00,65.48,92.10
129+04601,2020-02-25 05:30:00,65.93,100.00
129+04601,2020-02-25 05:40:00,61.91,100.00
129+04601,2020-02-25 05:50:00,58.85,100.00
129+04601,2020-02-25 06:00:00,59.68,100.00
129+04601,2020-02-25 06:10:00,57.19,100.00
129+04601,2020-02-25 06:20:00,60.79,100.00
129+04601,2020-02-25 06:30:00,58.54,100.00
129+04601,2020-02-25 06:40:00,53.57,100.00
129+04601,2020-02-25 06:50:00,28.74,100.00
129+04601,2020-02-25 07:00:00,28.01,100.00
129+04601,2020-02-25 07:10:00,32.41,100.00
129+04601,2020-02-25 07:20:00,29.79,100.00
129+04601,2020-02-25 07:30:00,22.19,100.00
129+04601,2020-02-25 07:40:00,18.04,100.00
129+04601,2020-02-25 07:50:00,14.08,100.00
129+04601,2020-02-25 08:00:00,15.97,100.00
129+04601,2020-02-25 08:10:00,18.63,100.00
129+04601,2020-02-25 08:20:00,24.02,100.00
129+04601,2020-02-25 08:30:00,41.83,100.00
129+04601,2020-02-25 08:40:00,51.82,100.00
129+04601,2020-02-25 08:50:00,55.06,100.00
129+04601,2020-02-25 09:00:00,58.16,100.00
129+04601,2020-02-25 09:10:00,59.68,100.00
129+04601,2020-02-25 09:20:00,61.66,100.00
129+04601,2020-02-25 09:30:00,57.06,100.00
129+04601,2020-02-25 09:40:00,57.39,100.00
129+04601,2020-02-25 09:50:00,55.39,100.00
129+04601,2020-02-25 10:00:00,61.25,95.10
129+04601,2020-02-25 10:10:00,61.27,72.70
129+04601,2020-02-25 10:20:00,59.63,100.00
129+04601,2020-02-25 10:30:00,57.81,100.00
129+04601,2020-02-25 10:40:00,59.33,100.00
129+04601,2020-02-25 10:50:00,62.07,100.00
129+04601,2020-02-25 11:00:00,57.54,100.00
129+04601,2020-02-25 11:10:00,61.68,99.30
129+04601,2020-02-25 11:20:00,60.98,100.00
129+04601,2020-02-25 11:30:00,61.26,100.00
129+04601,2020-02-25 11:40:00,61.23,100.00
129+04601,2020-02-25 11:50:00,60.09,100.00
129+04601,2020-02-25 12:00:00,62.28,100.00
129+04601,2020-02-25 12:10:00,59.95,100.00
129+04601,2020-02-25 12:20:00,57.47,100.00
129+04601,2020-02-25 12:30:00,58.27,100.00
129+04601,2020-02-25 12:40:00,59.16,100.00
129+04601,2020-02-25 12:50:00,59.14,100.00
129+04601,2020-02-25 13:00:00,57.60,100.00
129+04601,2020-02-25 13:10:00,57.76,100.00
129+04601,2020-02-25 13:20:00,58.40,100.00
129+04601,2020-02-25 13:30:00,61.28,100.00
129+04601,2020-02-25 13:40:00,59.41,100.00
129+04601,2020-02-25 13:50:00,59.28,100.00
129+04601,2020-02-25 14:00:00,59.42,100.00
129+04601,2020-02-25 14:10:00,60.12,100.00
129+04601,2020-02-25 14:20:00,59.57,100.00
129+04601,2020-02-25 14:30:00,58.47,100.00
129+04601,2020-02-25 14:40:00,59.56,100.00
129+04601,2020-02-25 14:50:00,59.70,100.00
129+04601,2020-02-25 15:00:00,60.88,100.00
129+04601,2020-02-25 15:10:00,56.77,100.00
129+04601,2020-02-25 15:20:00,57.20,100.00
129+04601,2020-02-25 15:30:00,58.46,100.00
129+04601,2020-02-25 15:40:00,59.66,100.00
129+04601,2020-02-25 15:50:00,59.29,100.00
129+04601,2020-02-25 16:00:00,59.77,100.00
129+04601,2020-02-25 16:10:00,62.10,100.00
129+04601,2020-02-25 16:20:00,58.95,100.00
129+04601,2020-02-25 16:30:00,60.78,100.00
129+04601,2020-02-25 16:40:00,63.16,100.00
129+04601,2020-02-25 16:50:00,57.58,100.00
129+04601,2020-02-25 17:00:00,60.05,100.00
129+04601,2020-02-25 17:10:00,59.91,100.00
129+04601,2020-02-25 17:20:00,60.55,100.00
129+04601,2020-02-25 17:30:00,58.38,100.00
129+04601,2020-02-25 17:40:00,59.08,100.00
129+04601,2020-02-25 17:50:00,57.30,100.00
129+04601,2020-02-25 18:00:00,57.94,100.00
129+04601,2020-02-25 18:10:00,56.27,95.50
129+04601,2020-02-25 18:20:00,60.97,100.00
129+04601,2020-02-25 18:30:00,59.41,95.10
129+04601,2020-02-25 18:40:00,58.27,98.50
129+04601,2020-02-25 18:50:00,58.72,100.00
129+04601,2020-02-25 19:00:00,59.24,100.00
129+04601,2020-02-25 19:10:00,61.32,100.00
129+04601,2020-02-25 19:20:00,57.57,100.00
129+04601,2020-02-25 19:30:00,57.11,100.00
129+04601,2020-02-25 19:40:00,56.90,100.00
129+04601,2020-02-25 19:50:00,56.07,100.00
129+04601,2020-02-25 20:00:00,57.30,93.60
129+04601,2020-02-25 20:10:00,62.00,64.40
129+04601,2020-02-25 20:20:00,59.39,90.70
129+04601,2020-02-25 20:30:00,57.34,100.00
129+04601,2020-02-25 20:40:00,56.99,100.00
129+04601,2020-02-25 20:50:00,53.74,100.00
129+04601,2020-02-25 21:00:00,58.64,87.10
129+04601,2020-02-25 21:10:00,55.77,100.00
129+04601,2020-02-25 21:20:00,59.64,91.30
129+04601,2020-02-25 21:30:00,55.46,100.00
129+04601,2020-02-25 21:40:00,54.42,100.00
129+04601,2020-02-25 21:50:00,55.87,95.70
129+04601,2020-02-25 22:00:00,54.41,82.90
129+04601,2020-02-25 22:10:00,59.48,73.70
129+04601,2020-02-25 22:20:00,58.25,88.10
129+04601,2020-02-25 22:30:00,56.48,97.80
129+04601,2020-02-25 22:40:00,55.20,95.00
129+04601,2020-02-25 22:50:00,56.85,95.40
129+04601,2020-02-25 23:00:00,58.07,96.10
129+04601,2020-02-25 23:10:00,58.39,94.40
129+04601,2020-02-25 23:20:00,57.97,94.30
129+04601,2020-02-25 23:30:00,59.70,83.90
129+04601,2020-02-25 23:40:00,55.23,81.60
129+04601,2020-02-25 23:50:00,57.55,94.70
129+04602,2020-02-25 00:00:00,57.69,93.40
129+04602,2020-02-25 00:10:00,56.32,73.30
129+04602,2020-02-25 00:20:00,59.35,93.70
129+04602,2020-02-25 00:30:00,60.52,77.70
129+04602,2020-02-25 00:40:00,63.19,87.90
129+04602,2020-02-25 00:50:00,56.29,80.60
129+04602,2020-02-25 01:00:00,55.00,67.75
129+04602,2020-02-25 01:10:00,58.94,76.00
129+04602,2020-02-25 01:20:00,62.59,81.10
129+04602,2020-02-25 01:30:00,59.98,98.20
129+04602,2020-02-25 01:40:00,63.00,85.00
129+04602,2020-02-25 01:50:00,64.73,68.40
129+04602,2020-02-25 02:00:00,68.10,45.20
129+04602,2020-02-25 02:10:00,57.68,42.89
129+04602,2020-02-25 02:20:00,61.63,90.60
129+04602,2020-02-25 02:30:00,53.85,44.70
129+04602,2020-02-25 02:40:00,63.82,71.30
129+04602,2020-02-25 02:50:00,61.77,95.20
129+04602,2020-02-25 03:00:00,58.14,87.00
129+04602,2020-02-25 03:10:00,56.20,86.10
129+04602,2020-02-25 03:20:00,59.95,86.20
129+04602,2020-02-25 03:30:00,61.44,82.30
129+04602,2020-02-25 03:40:00,65.30,67.67
129+04602,2020-02-25 03:50:00,62.61,82.60
129+04602,2020-02-25 04:00:00,62.51,84.10
129+04602,2020-02-25 04:10:00,58.58,61.30
129+04602,2020-02-25 04:20:00,64.79,62.70
129+04602,2020-02-25 04:30:00,63.54,70.40
129+04602,2020-02-25 04:40:00,61.66,96.70
129+04602,2020-02-25 04:50:00,64.18,81.10
129+04602,2020-02-25 05:00:00,64.11,91.80
129+04602,2020-02-25 05:10:00,62.07,96.70
129+04602,2020-02-25 05:20:00,63.97,100.00
129+04602,2020-02-25 05:30:00,66.94,100.00
129+04602,2020-02-25 05:40:00,65.10,100.00
129+04602,2020-02-25 05:50:00,61.59,100.00
129+04602,2020-02-25 06:00:00,60.27,100.00
129+04602,2020-02-25 06:10:00,58.59,100.00
129+04602,2020-02-25 06:20:00,59.68,100.00
129+04602,2020-02-25 06:30:00,56.24,100.00
129+04602,2020-02-25 06:40:00,51.33,100.00
129+04602,2020-02-25 06:50:00,34.01,100.00
129+04602,2020-02-25 07:00:00,32.99,100.00
129+04602,2020-02-25 07:10:00,40.90,100.00
129+04602,2020-02-25 07:20:00,36.15,100.00
129+04602,2020-02-25 07:30:00,30.44,100.00
129+04602,2020-02-25 07:40:00,28.84,100.00
129+04602,2020-02-25 07:50:00,24.56,100.00
129+04602,2020-02-25 08:00:00,24.57,100.00
129+04602,2020-02-25 08:10:00,27.21,100.00
129+04602,2020-02-25 08:20:00,28.65,100.00
129+04602,2020-02-25 08:30:00,28.63,100.00
129+04602,2020-02-25 08:40:00,45.20,100.00
129+04602,2020-02-25 08:50:00,48.69,100.00
129+04602,2020-02-25 09:00:00,55.88,100.00
129+04602,2020-02-25 09:10:00,57.47,100.00
129+04602,2020-02-25 09:20:00,59.28,100.00
129+04602,2020-02-25 09:30:00,58.58,100.00
129+04602,2020-02-25 09:40:00,58.36,100.00
129+04602,2020-02-25 09:50:00,56.70,100.00
129+04602,2020-02-25 10:00:00,58.95,100.00
129+04602,2020-02-25 10:10:00,56.17,100.00
129+04602,2020-02-25 10:20:00,60.24,100.00
129+04602,2020-02-25 10:30:00,59.32,100.00
129+04602,2020-02-25 10:40:00,57.98,100.00
129+04602,2020-02-25 10:50:00,58.18,100.00
129+04602,2020-02-25 11:00:00,58.95,100.00
129+04602,2020-02-25 11:10:00,63.09,93.20
129+04602,2020-02-25 11:20:00,60.82,100.00
129+04602,2020-02-25 11:30:00,61.41,100.00
129+04602,2020-02-25 11:40:00,60.27,100.00
129+04602,2020-02-25 11:50:00,59.67,100.00
129+04602,2020-02-25 12:00:00,61.90,100.00
129+04602,2020-02-25 12:10:00,58.16,100.00
129+04602,2020-02-25 12:20:00,57.49,100.00
129+04602,2020-02-25 12:30:00,58.32,100.00
129+04602,2020-02-25 12:40:00,57.69,100.00
129+04602,2020-02-25 12:50:00,58.18,100.00
129+04602,2020-02-25 13:00:00,57.59,100.00
129+04602,2020-02-25 13:10:00,58.94,100.00
129+04602,2020-02-25 13:20:00,58.22,100.00
129+04602,2020-02-25 13:30:00,60.25,100.00
129+04602,2020-02-25 13:40:00,60.66,100.00
129+04602,2020-02-25 13:50:00,56.79,100.00
129+04602,2020-02-25 14:00:00,58.56,100.00
129+04602,2020-02-25 14:10:00,59.61,100.00
129+04602,2020-02-25 14:20:00,59.33,100.00
129+04602,2020-02-25 14:30:00,57.29,100.00
129+04602,2020-02-25 14:40:00,57.39,100.00
129+04602,2020-02-25 14:50:00,57.58,100.00
129+04602,2020-02-25 15:00:00,58.16,100.00
129+04602,2020-02-25 15:10:00,56.70,100.00
129+04602,2020-02-25 15:20:00,57.50,100.00
129+04602,2020-02-25 15:30:00,57.19,100.00
129+04602,2020-02-25 15:40:00,56.88,100.00
129+04602,2020-02-25 15:50:00,56.59,100.00
129+04602,2020-02-25 16:00:00,58.17,100.00
129+04602,2020-02-25 16:10:00,58.84,100.00
129+04602,2020-02-25 16:20:00,59.04,100.00
129+04602,2020-02-25 16:30:00,59.15,100.00
129+04602,2020-02-25 16:40:00,60.59,100.00
129+04602,2020-02-25 16:50:00,58.57,100.00
129+04602,2020-02-25 17:00:00,60.07,100.00
129+04602,2020-02-25 17:10:00,58.75,100.00
129+04602,2020-02-25 17:20:00,57.66,100.00
129+04602,2020-02-25 17:30:00,58.35,100.00
129+04602,2020-02-25 17:40:00,57.97,100.00
129+04602,2020-02-25 17:50:00,56.79,100.00
129+04602,2020-02-25 18:00:00,58.07,100.00
129+04602,2020-02-25 18:10:00,57.27,100.00
129+04602,2020-02-25 18:20:00,58.56,100.00
129+04602,2020-02-25 18:30:00,56.88,100.00
129+04602,2020-02-25 18:40:00,57.08,100.00
129+04602,2020-02-25 18:50:00,58.88,100.00
129+04602,2020-02-25 19:00:00,59.78,100.00
129+04602,2020-02-25 19:10:00,62.26,100.00
129+04602,2020-02-25 19:20:00,59.95,99.20
129+04602,2020-02-25 19:30:00,58.24,100.00
129+04602,2020-02-25 19:40:00,60.07,100.00
129+04602,2020-02-25 19:50:00,58.66,100.00
129+04602,2020-02-25 20:00:00,63.39,96.80
129+04602,2020-02-25 20:10:00,63.04,100.00
129+04602,2020-02-25 20:20:00,57.89,99.60
129+04602,2020-02-25 20:30:00,56.18,100.00
129+04602,2020-02-25 20:40:00,58.69,100.00
129+04602,2020-02-25 20:50:00,55.39,100.00
129+04602,2020-02-25 21:00:00,57.89,100.00
129+04602,2020-02-25 21:10:00,56.09,100.00
129+04602,2020-02-25 21:20:00,58.29,100.00
129+04602,2020-02-25 21:30:00,58.65,100.00
129+04602,2020-02-25 21:40:00,55.69,100.00
129+04602,2020-02-25 21:50:00,57.78,100.00
129+04602,2020-02-25 22:00:00,56.69,98.50
129+04602,2020-02-25 22:10:00,57.55,99.70
129+04602,2020-02-25 22:20:00,61.14,83.10
129+04602,2020-02-25 22:30:00,57.97,82.40
129+04602,2020-02-25 22:40:00,55.67,97.80
129+04602,2020-02-25 22:50:00,57.46,98.50
129+04602,2020-02-25 23:00:00,58.88,98.00
129+04602,2020-02-25 23:10:00,62.62,69.60
129+04602,2020-02-25 23:20:00,59.78,81.90
129+04602,2020-02-25 23:30:00,62.08,86.20
129+04602,2020-02-25 23:40:00,58.18,95.00
129+04602,2020-02-25 23:50:00,60.94,87.90
129+04603,2020-02-25 00:00:00,58.86,89.10
129+04603,2020-02-25 00:10:00,55.11,64.90
129+04603,2020-02-25 00:20:00,60.28,86.40
129+04603,2020-02-25 00:30:00,56.17,72.20
129+04603,2020-02-25 00:40:00,61.47,82.50
129+04603,2020-02-25 00:50:00,60.48,72.50
129+04603,2020-02-25 01:00:00,54.00,71.88
129+04603,2020-02-25 01:10:00,56.05,74.33
129+04603,2020-02-25 01:20:00,61.67,81.10
129+04603,2020-02-25 01:30:00,59.08,97.40
129+04603,2020-02-25 01:40:00,62.01,68.00
129+04603,2020-02-25 01:50:00,64.01,57.60
129+04603,2020-02-25 02:00:00,67.93,27.00
129+04603,2020-02-25 02:10:00,57.55,42.78
129+04603,2020-02-25 02:20:00,62.39,99.10
129+04603,2020-02-25 02:30:00,53.61,39.20
129+04603,2020-02-25 02:40:00,63.66,80.40
129+04603,2020-02-25 02:50:00,61.85,95.70
129+04603,2020-02-25 03:00:00,57.32,81.00
129+04603,2020-02-25 03:10:00,55.20,76.20
129+04603,2020-02-25 03:20:00,58.41,92.20
129+04603,2020-02-25 03:30:00,61.05,87.40
129+04603,2020-02-25 03:40:00,56.25,89.90
129+04603,2020-02-25 03:50:00,57.71,78.80
129+04603,2020-02-25 04:00:00,63.82,55.30
129+04603,2020-02-25 04:10:00,57.60,85.30
129+04603,2020-02-25 04:20:00,60.71,60.00
129+04603,2020-02-25 04:30:00,61.70,72.10
129+04603,2020-02-25 04:40:00,62.34,90.60
129+04603,2020-02-25 04:50:00,62.16,94.90
129+04603,2020-02-25 05:00:00,59.08,93.60
129+04603,2020-02-25 05:10:00,63.03,87.80
129+04603,2020-02-25 05:20:00,60.80,100.00
129+04603,2020-02-25 05:30:00,64.55,96.80
129+04603,2020-02-25 05:40:00,62.78,100.00
129+04603,2020-02-25 05:50:00,60.47,100.00
129+04603,2020-02-25 06:00:00,60.63,100.00
129+04603,2020-02-25 06:10:00,58.49,100.00
129+04603,2020-02-25 06:20:00,58.07,100.00
129+04603,2020-02-25 06:30:00,54.58,100.00
129+04603,2020-02-25 06:40:00,45.22,100.00
129+04603,2020-02-25 06:50:00,45.03,100.00
129+04603,2020-02-25 07:00:00,44.23,100.00
129+04603,2020-02-25 07:10:00,44.03,100.00
129+04603,2020-02-25 07:20:00,37.94,100.00
129+04603,2020-02-25 07:30:00,38.30,100.00
129+04603,2020-02-25 07:40:00,34.25,100.00
129+04603,2020-02-25 07:50:00,31.00,100.00
129+04603,2020-02-25 08:00:00,32.35,100.00
129+04603,2020-02-25 08:10:00,33.37,100.00
129+04603,2020-02-25 08:20:00,31.98,100.00
129+04603,2020-02-25 08:30:00,30.69,100.00
129+04603,2020-02-25 08:40:00,35.12,100.00
129+04603,2020-02-25 08:50:00,40.03,100.00
129+04603,2020-02-25 09:00:00,52.00,100.00
129+04603,2020-02-25 09:10:00,55.34,100.00
129+04603,2020-02-25 09:20:00,54.37,100.00
129+04603,2020-02-25 09:30:00,54.89,100.00
129+04603,2020-02-25 09:40:00,55.57,100.00
129+04603,2020-02-25 09:50:00,52.48,100.00
129+04603,2020-02-25 10:00:00,54.17,100.00
129+04603,2020-02-25 10:10:00,53.49,100.00
129+04603,2020-02-25 10:20:00,55.66,100.00
129+04603,2020-02-25 10:30:00,56.66,100.00
129+04603,2020-02-25 10:40:00,54.28,100.00
129+04603,2020-02-25 10:50:00,54.18,100.00
129+04603,2020-02-25 11:00:00,55.78,100.00
129+04603,2020-02-25 11:10:00,58.76,96.50
129+04603,2020-02-25 11:20:00,61.74,100.00
129+04603,2020-02-25 11:30:00,57.08,100.00
129+04603,2020-02-25 11:40:00,56.65,99.70
129+04603,2020-02-25 11:50:00,56.84,100.00
129+04603,2020-02-25 12:00:00,56.27,100.00
129+04603,2020-02-25 12:10:00,54.88,100.00
129+04603,2020-02-25 12:20:00,53.38,100.00
129+04603,2020-02-25 12:30:00,56.18,100.00
129+04603,2020-02-25 12:40:00,53.27,100.00
129+04603,2020-02-25 12:50:00,53.96,100.00
129+04603,2020-02-25 13:00:00,55.08,100.00
129+04603,2020-02-25 13:10:00,56.22,100.00
129+04603,2020-02-25 13:20:00,54.66,100.00
129+04603,2020-02-25 13:30:00,54.56,100.00
129+04603,2020-02-25 13:40:00,57.86,100.00
129+04603,2020-02-25 13:50:00,54.68,100.00
129+04603,2020-02-25 14:00:00,54.95,100.00
129+04603,2020-02-25 14:10:00,56.25,100.00
129+04603,2020-02-25 14:20:00,53.49,100.00
129+04603,2020-02-25 14:30:00,53.99,100.00
129+04603,2020-02-25 14:40:00,53.87,100.00
129+04603,2020-02-25 14:50:00,54.78,100.00
129+04603,2020-02-25 15:00:00,56.75,100.00
129+04603,2020-02-25 15:10:00,54.76,100.00
129+04603,2020-02-25 15:20:00,54.89,100.00
129+04603,2020-02-25 15:30:00,53.59,100.00
129+04603,2020-02-25 15:40:00,53.66,100.00
129+04603,2020-02-25 15:50:00,53.69,100.00
129+04603,2020-02-25 16:00:00,54.46,100.00
129+04603,2020-02-25 16:10:00,56.42,100.00
129+04603,2020-02-25 16:20:00,56.93,100.00
129+04603,2020-02-25 16:30:00,56.92,100.00
129+04603,2020-02-25 16:40:00,58.86,100.00
129+04603,2020-02-25 16:50:00,54.97,100.00
129+04603,2020-02-25 17:00:00,55.33,100.00
129+04603,2020-02-25 17:10:00,55.99,100.00
129+04603,2020-02-25 17:20:00,56.18,100.00
129+04603,2020-02-25 17:30:00,56.46,100.00
129+04603,2020-02-25 17:40:00,55.88,100.00
129+04603,2020-02-25 17:50:00,55.07,100.00
129+04603,2020-02-25 18:00:00,55.36,100.00
129+04603,2020-02-25 18:10:00,53.88,100.00
129+04603,2020-02-25 18:20:00,54.87,100.00
129+04603,2020-02-25 18:30:00,56.39,100.00
129+04603,2020-02-25 18:40:00,56.11,100.00
129+04603,2020-02-25 18:50:00,56.58,100.00
129+04603,2020-02-25 19:00:00,58.20,100.00
129+04603,2020-02-25 19:10:00,60.88,100.00
129+04603,2020-02-25 19:20:00,59.56,100.00
129+04603,2020-02-25 19:30:00,59.68,96.90
129+04603,2020-02-25 19:40:00,63.83,75.00
129+04603,2020-02-25 19:50:00,60.34,93.70
129+04603,2020-02-25 20:00:00,61.93,98.80
129+04603,2020-02-25 20:10:00,58.47,100.00
129+04603,2020-02-25 20:20:00,56.95,99.60
129+04603,2020-02-25 20:30:00,55.96,100.00
129+04603,2020-02-25 20:40:00,59.38,99.70
129+04603,2020-02-25 20:50:00,52.88,100.00
129+04603,2020-02-25 21:00:00,54.69,100.00
129+04603,2020-02-25 21:10:00,55.50,100.00
129+04603,2020-02-25 21:20:00,57.28,100.00
129+04603,2020-02-25 21:30:00,55.69,100.00
129+04603,2020-02-25 21:40:00,54.56,100.00
129+04603,2020-02-25 21:50:00,57.43,89.40
129+04603,2020-02-25 22:00:00,56.78,98.40
129+04603,2020-02-25 22:10:00,59.18,86.70
129+04603,2020-02-25 22:20:00,56.31,82.00
129+04603,2020-02-25 22:30:00,54.82,83.60
129+04603,2020-02-25 22:40:00,54.19,92.30
129+04603,2020-02-25 22:50:00,56.28,99.00
129+04603,2020-02-25 23:00:00,58.05,87.40
129+04603,2020-02-25 23:10:00,61.39,57.70
129+04603,2020-02-25 23:20:00,58.70,69.80
129+04603,2020-02-25 23:30:00,58.57,98.20
129+04603,2020-02-25 23:40:00,55.18,76.50
129+04603,2020-02-25 23:50:00,58.09,99.10
129+04604,2020-02-25 00:00:00,64.73,34.10
129+04604,2020-02-25 00:10:00,57.18,46.90
129+04604,2020-02-25 00:20:00,56.39,93.50
129+04604,2020-02-25 00:30:00,54.16,83.60
129+04604,2020-02-25 00:40:00,59.54,95.90
129+04604,2020-02-25 00:50:00,59.23,89.50
129+04604,2020-02-25 01:00:00,52.50,75.90
129+04604,2020-02-25 01:10:00,54.09,83.00
129+04604,2020-02-25 01:20:00,58.36,85.80
129+04604,2020-02-25 01:30:00,55.48,97.90
129+04604,2020-02-25 01:40:00,58.54,78.80
129+04604,2020-02-25 01:50:00,59.56,88.13
129+04604,2020-02-25 02:00:00,66.78,13.90
129+04604,2020-02-25 02:10:00,55.36,50.70
129+04604,2020-02-25 02:20:00,52.78,70.40
129+04604,2020-02-25 02:30:00,53.39,82.80
129+04604,2020-02-25 02:40:00,56.52,92.70
129+04604,2020-02-25 02:50:00,60.41,77.10
129+04604,2020-02-25 03:00:00,55.93,93.70
129+04604,2020-02-25 03:10:00,53.89,89.10
129+04604,2020-02-25 03:20:00,55.40,90.60
129+04604,2020-02-25 03:30:00,58.82,84.40
129+04604,2020-02-25 03:40:00,54.55,90.50
129+04604,2020-02-25 03:50:00,56.73,76.20
129+04604,2020-02-25 04:00:00,61.46,62.00
129+04604,2020-02-25 04:10:00,54.57,73.60
129+04604,2020-02-25 04:20:00,57.72,65.00
129+04604,2020-02-25 04:30:00,59.36,86.70
129+04604,2020-02-25 04:40:00,60.02,90.10
129+04604,2020-02-25 04:50:00,62.79,73.30
129+04604,2020-02-25 05:00:00,56.58,98.70
129+04604,2020-02-25 05:10:00,60.94,97.00
129+04604,2020-02-25 05:20:00,59.13,100.00
129+04604,2020-02-25 05:30:00,61.70,98.90
129+04604,2020-02-25 05:40:00,60.69,100.00
129+04604,2020-02-25 05:50:00,56.36,100.00
129+04604,2020-02-25 06:00:00,57.67,100.00
129+04604,2020-02-25 06:10:00,55.92,100.00
129+04604,2020-02-25 06:20:00,55.67,100.00
129+04604,2020-02-25 06:30:00,51.50,100.00
129+04604,2020-02-25 06:40:00,49.30,100.00
129+04604,2020-02-25 06:50:00,47.39,100.00
129+04604,2020-02-25 07:00:00,45.77,100.00
129+04604,2020-02-25 07:10:00,46.26,100.00
129+04604,2020-02-25 07:20:00,43.93,100.00
129+04604,2020-02-25 07:30:00,42.83,100.00
129+04604,2020-02-25 07:40:00,39.21,100.00
129+04604,2020-02-25 07:50:00,33.44,100.00
129+04604,2020-02-25 08:00:00,35.41,100.00
129+04604,2020-02-25 08:10:00,37.40,100.00
129+04604,2020-02-25 08:20:00,41.50,100.00
129+04604,2020-02-25 08:30:00,41.45,100.00
129+04604,2020-02-25 08:40:00,42.65,100.00
129+04604,2020-02-25 08:50:00,46.49,100.00
129+04604,2020-02-25 09:00:00,51.49,100.00
129+04604,2020-02-25 09:10:00,55.98,100.00
129+04604,2020-02-25 09:20:00,53.79,100.00
129+04604,2020-02-25 09:30:00,54.99,100.00
129+04604,2020-02-25 09:40:00,54.00,100.00
129+04604,2020-02-25 09:50:00,52.39,100.00
129+04604,2020-02-25 10:00:00,54.93,100.00
129+04604,2020-02-25 10:10:00,52.99,100.00
129+04604,2020-02-25 10:20:00,55.05,100.00
129+04604,2020-02-25 10:30:00,55.85,100.00
129+04604,2020-02-25 10:40:00,54.87,100.00
129+04604,2020-02-25 10:50:00,54.17,100.00
129+04604,2020-02-25 11:00:00,55.98,100.00
129+04604,2020-02-25 11:10:00,56.94,100.00
129+04604,2020-02-25 11:20:00,59.18,100.00
129+04604,2020-02-25 11:30:00,55.03,100.00
129+04604,2020-02-25 11:40:00,58.38,100.00
129+04604,2020-02-25 11:50:00,56.62,100.00
129+04604,2020-02-25 12:00:00,55.64,100.00
129+04604,2020-02-25 12:10:00,53.99,100.00
129+04604,2020-02-25 12:20:00,54.39,100.00
129+04604,2020-02-25 12:30:00,57.18,100.00
129+04604,2020-02-25 12:40:00,54.00,100.00
129+04604,2020-02-25 12:50:00,54.30,100.00
129+04604,2020-02-25 13:00:00,55.78,100.00
129+04604,2020-02-25 13:10:00,55.24,100.00
129+04604,2020-02-25 13:20:00,54.95,100.00
129+04604,2020-02-25 13:30:00,55.07,100.00
129+04604,2020-02-25 13:40:00,55.02,100.00
129+04604,2020-02-25 13:50:00,53.98,100.00
129+04604,2020-02-25 14:00:00,54.69,100.00
129+04604,2020-02-25 14:10:00,56.26,100.00
129+04604,2020-02-25 14:20:00,52.85,100.00
129+04604,2020-02-25 14:30:00,53.79,100.00
129+04604,2020-02-25 14:40:00,53.28,100.00
129+04604,2020-02-25 14:50:00,54.98,100.00
129+04604,2020-02-25 15:00:00,53.79,100.00
129+04604,2020-02-25 15:10:00,51.97,100.00
129+04604,2020-02-25 15:20:00,52.89,100.00
129+04604,2020-02-25 15:30:00,52.28,100.00
129+04604,2020-02-25 15:40:00,50.91,100.00
129+04604,2020-02-25 15:50:00,51.38,100.00
129+04604,2020-02-25 16:00:00,51.39,100.00
129+04604,2020-02-25 16:10:00,53.89,100.00
129+04604,2020-02-25 16:20:00,52.77,100.00
129+04604,2020-02-25 16:30:00,53.22,100.00
129+04604,2020-02-25 16:40:00,55.95,100.00
129+04604,2020-02-25 16:50:00,51.98,100.00
129+04604,2020-02-25 17:00:00,53.04,100.00
129+04604,2020-02-25 17:10:00,53.19,100.00
129+04604,2020-02-25 17:20:00,54.66,100.00
129+04604,2020-02-25 17:30:00,52.79,100.00
129+04604,2020-02-25 17:40:00,53.48,100.00
129+04604,2020-02-25 17:50:00,52.07,100.00
129+04604,2020-02-25 18:00:00,49.73,100.00
129+04604,2020-02-25 18:10:00,52.69,100.00
129+04604,2020-02-25 18:20:00,52.99,100.00
129+04604,2020-02-25 18:30:00,54.28,100.00
129+04604,2020-02-25 18:40:00,55.12,100.00
129+04604,2020-02-25 18:50:00,55.73,100.00
129+04604,2020-02-25 19:00:00,52.66,100.00
129+04604,2020-02-25 19:10:00,58.10,100.00
129+04604,2020-02-25 19:20:00,56.91,100.00
129+04604,2020-02-25 19:30:00,54.24,97.20
129+04604,2020-02-25 19:40:00,55.42,100.00
129+04604,2020-02-25 19:50:00,55.84,100.00
129+04604,2020-02-25 20:00:00,54.55,100.00
129+04604,2020-02-25 20:10:00,53.74,100.00
129+04604,2020-02-25 20:20:00,52.02,100.00
129+04604,2020-02-25 20:30:00,54.36,100.00
129+04604,2020-02-25 20:40:00,57.48,86.40
129+04604,2020-02-25 20:50:00,52.77,100.00
129+04604,2020-02-25 21:00:00,56.23,81.40
129+04604,2020-02-25 21:10:00,52.60,100.00
129+04604,2020-02-25 21:20:00,53.56,100.00
129+04604,2020-02-25 21:30:00,52.89,100.00
129+04604,2020-02-25 21:40:00,53.09,100.00
129+04604,2020-02-25 21:50:00,55.04,94.10
129+04604,2020-02-25 22:00:00,54.64,94.30
129+04604,2020-02-25 22:10:00,58.56,70.50
129+04604,2020-02-25 22:20:00,54.70,84.80
129+04604,2020-02-25 22:30:00,52.89,88.20
129+04604,2020-02-25 22:40:00,52.48,92.40
129+04604,2020-02-25 22:50:00,53.48,99.80
129+04604,2020-02-25 23:00:00,55.27,97.40
129+04604,2020-02-25 23:10:00,55.53,80.50
129+04604,2020-02-25 23:20:00,56.41,68.70
129+04604,2020-02-25 23:30:00,56.56,94.10
129+04604,2020-02-25 23:40:00,53.80,92.20
129+04604,2020-02-25 23:50:00,53.47,89.60
129+04609,2020-02-25 00:00:00,56.11,72.00
129+04609,2020-02-25 00:10:00,58.91,94.90
129+04609,2020-02-25 00:20:00,57.06,87.10
129+04609,2020-02-25 00:30:00,57.27,86.33
129+04609,2020-02-25 00:40:00,55.81,91.40
129+04609,2020-02-25 00:50:00,57.00,99.50
129+04609,2020-02-25 01:00:00,59.00,98.00
129+04609,2020-02-25 01:10:00,55.00,99.20
129+04609,2020-02-25 01:20:00,55.00,95.80
129+04609,2020-02-25 01:30:00,51.88,66.13
129+04609,2020-02-25 01:40:00,61.56,63.20
129+04609,2020-02-25 01:50:00,55.07,59.90
129+04609,2020-02-25 02:00:00,55.67,67.80
129+04609,2020-02-25 02:10:00,59.03,47.25
129+04609,2020-02-25 02:20:00,57.78,98.70
129+04609,2020-02-25 02:30:00,55.33,97.30
129+04609,2020-02-25 02:40:00,58.14,99.60
129+04609,2020-02-25 02:50:00,57.59,99.30
129+04609,2020-02-25 03:00:00,57.28,98.86
129+04609,2020-02-25 03:10:00,60.59,96.10
129+04609,2020-02-25 03:20:00,59.51,80.00
129+04609,2020-02-25 03:30:00,70.49,18.00
129+04609,2020-02-25 03:40:00,65.60,68.40
129+04609,2020-02-25 03:50:00,60.69,82.60
129+04609,2020-02-25 04:00:00,67.08,79.10
129+04609,2020-02-25 04:10:00,58.91,49.90
129+04609,2020-02-25 04:20:00,62.69,49.80
129+04609,2020-02-25 04:30:00,64.59,97.50
129+04609,2020-02-25 04:40:00,58.05,61.70
129+04609,2020-02-25 04:50:00,62.51,70.00
129+04609,2020-02-25 05:00:00,59.19,99.10
129+04609,2020-02-25 05:10:00,63.18,90.80
129+04609,2020-02-25 05:20:00,62.88,82.80
129+04609,2020-02-25 05:30:00,64.71,100.00
129+04609,2020-02-25 05:40:00,65.18,100.00
129+04609,2020-02-25 05:50:00,63.95,100.00
129+04609,2020-02-25 06:00:00,64.33,100.00
129+04609,2020-02-25 06:10:00,62.99,100.00
129+04609,2020-02-25 06:20:00,61.77,100.00
129+04609,2020-02-25 06:30:00,62.59,100.00
129+04609,2020-02-25 06:40:00,62.77,100.00
129+04609,2020-02-25 06:50:00,59.00,100.00
129+04609,2020-02-25 07:00:00,60.95,100.00
129+04609,2020-02-25 07:10:00,60.53,100.00
129+04609,2020-02-25 07:20:00,59.19,100.00
129+04609,2020-02-25 07:30:00,58.39,100.00
129+04609,2020-02-25 07:40:00,58.18,100.00
129+04609,2020-02-25 07:50:00,57.57,100.00
129+04609,2020-02-25 08:00:00,59.81,100.00
129+04609,2020-02-25 08:10:00,59.76,100.00
129+04609,2020-02-25 08:20:00,59.14,100.00
129+04609,2020-02-25 08:30:00,62.77,100.00
129+04609,2020-02-25 08:40:00,62.54,100.00
129+04609,2020-02-25 08:50:00,61.15,100.00
129+04609,2020-02-25 09:00:00,60.79,100.00
129+04609,2020-02-25 09:10:00,64.12,99.70
129+04609,2020-02-25 09:20:00,64.16,100.00
129+04609,2020-02-25 09:30:00,69.55,100.00
129+04609,2020-02-25 09:40:00,63.04,100.00
129+04609,2020-02-25 09:50:00,63.96,100.00
129+04609,2020-02-25 10:00:00,61.39,100.00
129+04609,2020-02-25 10:10:00,62.58,100.00
129+04609,2020-02-25 10:20:00,62.18,100.00
129+04609,2020-02-25 10:30:00,61.34,100.00
129+04609,2020-02-25 10:40:00,60.78,100.00
129+04609,2020-02-25 10:50:00,62.34,98.30
129+04609,2020-02-25 11:00:00,63.55,100.00
129+04609,2020-02-25 11:10:00,62.54,100.00
129+04609,2020-02-25 11:20:00,64.11,100.00
129+04609,2020-02-25 11:30:00,62.97,100.00
129+04609,2020-02-25 11:40:00,60.96,100.00
129+04609,2020-02-25 11:50:00,60.37,100.00
129+04609,2020-02-25 12:00:00,61.76,100.00
129+04609,2020-02-25 12:10:00,58.79,100.00
129+04609,2020-02-25 12:20:00,62.00,93.70
129+04609,2020-02-25 12:30:00,60.39,100.00
129+04609,2020-02-25 12:40:00,61.55,100.00
129+04609,2020-02-25 12:50:00,62.36,100.00
129+04609,2020-02-25 13:00:00,61.34,100.00
129+04609,2020-02-25 13:10:00,62.18,100.00
129+04609,2020-02-25 13:20:00,61.38,100.00
129+04609,2020-02-25 13:30:00,62.58,100.00
129+04609,2020-02-25 13:40:00,67.17,87.70
129+04609,2020-02-25 13:50:00,66.17,95.40
129+04609,2020-02-25 14:00:00,60.37,100.00
129+04609,2020-02-25 14:10:00,61.12,100.00
129+04609,2020-02-25 14:20:00,60.39,100.00
129+04609,2020-02-25 14:30:00,61.56,100.00
129+04609,2020-02-25 14:40:00,61.35,100.00
129+04609,2020-02-25 14:50:00,63.57,100.00
129+04609,2020-02-25 15:00:00,63.36,100.00
129+04609,2020-02-25 15:10:00,61.14,100.00
129+04609,2020-02-25 15:20:00,62.77,100.00
129+04609,2020-02-25 15:30:00,61.94,100.00
129+04609,2020-02-25 15:40:00,62.17,100.00
129+04609,2020-02-25 15:50:00,64.52,100.00
129+04609,2020-02-25 16:00:00,60.96,100.00
129+04609,2020-02-25 16:10:00,63.96,100.00
129+04609,2020-02-25 16:20:00,61.57,100.00
129+04609,2020-02-25 16:30:00,61.18,100.00
129+04609,2020-02-25 16:40:00,60.39,100.00
129+04609,2020-02-25 16:50:00,59.98,100.00
129+04609,2020-02-25 17:00:00,62.37,100.00
129+04609,2020-02-25 17:10:00,59.97,100.00
129+04609,2020-02-25 17:20:00,59.98,100.00
129+04609,2020-02-25 17:30:00,60.79,100.00
129+04609,2020-02-25 17:40:00,60.49,100.00
129+04609,2020-02-25 17:50:00,61.98,100.00
129+04609,2020-02-25 18:00:00,57.32,100.00
129+04609,2020-02-25 18:10:00,56.17,100.00
129+04609,2020-02-25 18:20:00,58.30,100.00
129+04609,2020-02-25 18:30:00,59.09,100.00
129+04609,2020-02-25 18:40:00,62.18,100.00
129+04609,2020-02-25 18:50:00,58.75,100.00
129+04609,2020-02-25 19:00:00,58.38,100.00
129+04609,2020-02-25 19:10:00,59.93,100.00
129+04609,2020-02-25 19:20:00,57.98,100.00
129+04609,2020-02-25 19:30:00,61.93,100.00
129+04609,2020-02-25 19:40:00,61.59,100.00
129+04609,2020-02-25 19:50:00,62.96,100.00
129+04609,2020-02-25 20:00:00,63.18,97.60
129+04609,2020-02-25 20:10:00,58.30,100.00
129+04609,2020-02-25 20:20:00,56.76,100.00
129+04609,2020-02-25 20:30:00,53.24,91.40
129+04609,2020-02-25 20:40:00,57.55,100.00
129+04609,2020-02-25 20:50:00,55.97,100.00
129+04609,2020-02-25 21:00:00,54.33,100.00
129+04609,2020-02-25 21:10:00,57.06,100.00
129+04609,2020-02-25 21:20:00,60.28,88.90
129+04609,2020-02-25 21:30:00,56.29,100.00
129+04609,2020-02-25 21:40:00,56.17,100.00
129+04609,2020-02-25 21:50:00,58.59,100.00
129+04609,2020-02-25 22:00:00,57.98,99.40
129+04609,2020-02-25 22:10:00,60.35,88.20
129+04609,2020-02-25 22:20:00,61.56,94.40
129+04609,2020-02-25 22:30:00,58.97,97.10
129+04609,2020-02-25 22:40:00,56.67,92.30
129+04609,2020-02-25 22:50:00,53.15,82.40
129+04609,2020-02-25 23:00:00,56.42,88.40
129+04609,2020-02-25 23:10:00,60.85,51.30
129+04609,2020-02-25 23:20:00,57.73,98.00
129+04609,2020-02-25 23:30:00,56.00,95.11
129+04609,2020-02-25 23:40:00,51.00,76.13
129+04609,2020-02-25 23:50:00,51.00,88.75
129P04597,2020-02-25 00:00:00,65.19,97.20
129P04597,2020-02-25 00:10:00,68.15,94.70
129P04597,2020-02-25 00:20:00,67.79,89.60
129P04597,2020-02-25 00:30:00,69.18,91.00
129P04597,2020-02-25 00:40:00,68.39,95.00
129P04597,2020-02-25 00:50:00,68.19,94.20
129P04597,2020-02-25 01:00:00,66.47,80.00
129P04597,2020-02-25 01:10:00,65.27,80.70
129P04597,2020-02-25 01:20:00,66.91,91.10
129P04597,2020-02-25 01:30:00,65.00,97.17
129P04597,2020-02-25 01:40:00,,
129P04597,2020-02-25 01:50:00,73.67,31.33
129P04597,2020-02-25 02:00:00,70.46,50.50
129P04597,2020-02-25 02:10:00,67.82,77.80
129P04597,2020-02-25 02:20:00,68.53,90.50
129P04597,2020-02-25 02:30:00,69.88,89.13
129P04597,2020-02-25 02:40:00,74.58,69.70
129P04597,2020-02-25 02:50:00,66.69,75.70
129P04597,2020-02-25 03:00:00,62.63,47.40
129P04597,2020-02-25 03:10:00,60.95,41.33
129P04597,2020-02-25 03:20:00,71.00,81.70
129P04597,2020-02-25 03:30:00,69.68,71.90
129P04597,2020-02-25 03:40:00,67.75,69.40
129P04597,2020-02-25 03:50:00,70.35,82.70
129P04597,2020-02-25 04:00:00,67.73,86.70
129P04597,2020-02-25 04:10:00,64.58,77.00
129P04597,2020-02-25 04:20:00,64.98,92.50
129P04597,2020-02-25 04:30:00,68.14,93.40
129P04597,2020-02-25 04:40:00,67.19,99.10
129P04597,2020-02-25 04:50:00,70.77,67.50
129P04597,2020-02-25 05:00:00,73.56,53.60
129P04597,2020-02-25 05:10:00,72.48,84.00
129P04597,2020-02-25 05:20:00,71.99,97.70
129P04597,2020-02-25 05:30:00,74.38,93.40
129P04597,2020-02-25 05:40:00,71.78,94.50
129P04597,2020-02-25 05:50:00,70.39,99.20
129P04597,2020-02-25 06:00:00,68.58,100.00
129P04597,2020-02-25 06:10:00,66.59,100.00
129P04597,2020-02-25 06:20:00,70.16,99.70
129P04597,2020-02-25 06:30:00,69.79,100.00
129P04597,2020-02-25 06:40:00,73.00,100.00
129P04597,2020-02-25 06:50:00,73.98,100.00
129P04597,2020-02-25 07:00:00,73.20,100.00
129P04597,2020-02-25 07:10:00,73.79,100.00
129P04597,2020-02-25 07:20:00,71.79,100.00
129P04597,2020-02-25 07:30:00,71.79,100.00
129P04597,2020-02-25 07:40:00,73.18,100.00
129P04597,2020-02-25 07:50:00,70.38,100.00
129P04597,2020-02-25 08:00:00,72.84,98.90
129P04597,2020-02-25 08:10:00,69.96,100.00
129P04597,2020-02-25 08:20:00,73.55,100.00
129P04597,2020-02-25 08:30:00,70.71,100.00
129P04597,2020-02-25 08:40:00,67.58,100.00
129P04597,2020-02-25 08:50:00,68.79,100.00
129P04597,2020-02-25 09:00:00,69.95,97.50
129P04597,2020-02-25 09:10:00,68.79,99.90
129P04597,2020-02-25 09:20:00,69.77,100.00
129P04597,2020-02-25 09:30:00,69.79,100.00
129P04597,2020-02-25 09:40:00,69.76,100.00
129P04597,2020-02-25 09:50:00,69.18,99.80
129P04597,2020-02-25 10:00:00,67.18,100.00
129P04597,2020-02-25 10:10:00,70.53,100.00
129P04597,2020-02-25 10:20:00,70.99,100.00
129P04597,2020-02-25 10:30:00,71.36,97.70
129P04597,2020-02-25 10:40:00,73.18,93.10
129P04597,2020-02-25 10:50:00,74.39,95.70
129P04597,2020-02-25 11:00:00,71.59,92.60
129P04597,2020-02-25 11:10:00,72.35,96.30
129P04597,2020-02-25 11:20:00,74.39,98.70
129P04597,2020-02-25 11:30:00,71.79,93.90
129P04597,2020-02-25 11:40:00,73.78,99.20
129P04597,2020-02-25 11:50:00,72.95,93.30
129P04597,2020-02-25 12:00:00,75.20,91.40
129P04597,2020-02-25 12:10:00,73.06,94.70
129P04597,2020-02-25 12:20:00,74.55,98.30
129P04597,2020-02-25 12:30:00,72.90,91.20
129P04597,2020-02-25 12:40:00,73.79,100.00
129P04597,2020-02-25 12:50:00,73.58,99.30
129P04597,2020-02-25 13:00:00,70.12,98.00
129P04597,2020-02-25 13:10:00,71.39,98.80
129P04597,2020-02-25 13:20:00,72.97,97.70
129P04597,2020-02-25 13:30:00,74.74,90.00
129P04597,2020-02-25 13:40:00,72.95,95.00
129P04597,2020-02-25 13:50:00,72.97,99.40
129P04597,2020-02-25 14:00:00,73.39,100.00
129P04597,2020-02-25 14:10:00,73.59,100.00
129P04597,2020-02-25 14:20:00,71.34,100.00
129P04597,2020-02-25 14:30:00,72.19,100.00
129P04597,2020-02-25 14:40:00,74.51,100.00
129P04597,2020-02-25 14:50:00,75.97,100.00
129P04597,2020-02-25 15:00:00,72.76,100.00
129P04597,2020-02-25 15:10:00,68.95,100.00
129P04597,2020-02-25 15:20:00,69.79,99.60
129P04597,2020-02-25 15:30:00,74.39,96.10
129P04597,2020-02-25 15:40:00,71.20,100.00
129P04597,2020-02-25 15:50:00,70.92,100.00
129P04597,2020-02-25 16:00:00,72.77,100.00
129P04597,2020-02-25 16:10:00,73.78,100.00
129P04597,2020-02-25 16:20:00,71.39,100.00
129P04597,2020-02-25 16:30:00,74.75,86.60
129P04597,2020-02-25 16:40:00,74.71,99.60
129P04597,2020-02-25 16:50:00,69.59,100.00
129P04597,2020-02-25 17:00:00,70.39,100.00
129P04597,2020-02-25 17:10:00,72.76,100.00
129P04597,2020-02-25 17:20:00,72.19,100.00
129P04597,2020-02-25 17:30:00,72.19,100.00
129P04597,2020-02-25 17:40:00,71.20,100.00
129P04597,2020-02-25 17:50:00,71.17,99.90
129P04597,2020-02-25 18:00:00,67.55,100.00
129P04597,2020-02-25 18:10:00,68.95,100.00
129P04597,2020-02-25 18:20:00,70.98,96.00
129P04597,2020-02-25 18:30:00,70.39,98.90
129P04597,2020-02-25 18:40:00,69.39,99.80
129P04597,2020-02-25 18:50:00,69.70,97.30
129P04597,2020-02-25 19:00:00,72.99,91.90
129P04597,2020-02-25 19:10:00,72.76,100.00
129P04597,2020-02-25 19:20:00,70.78,98.70
129P04597,2020-02-25 19:30:00,70.58,96.00
129P04597,2020-02-25 19:40:00,68.79,94.10
129P04597,2020-02-25 19:50:00,69.00,89.40
129P04597,2020-02-25 20:00:00,71.86,88.88
129P04597,2020-02-25 20:10:00,65.66,90.80
129P04597,2020-02-25 20:20:00,65.99,75.70
129P04597,2020-02-25 20:30:00,71.19,88.30
129P04597,2020-02-25 20:40:00,67.26,98.50
129P04597,2020-02-25 20:50:00,66.14,91.60
129P04597,2020-02-25 21:00:00,69.92,91.60
129P04597,2020-02-25 21:10:00,67.38,99.60
129P04597,2020-02-25 21:20:00,70.65,76.00
129P04597,2020-02-25 21:30:00,66.08,99.90
129P04597,2020-02-25 21:40:00,69.81,78.10
129P04597,2020-02-25 21:50:00,65.62,98.10
129P04597,2020-02-25 22:00:00,68.33,90.60
129P04597,2020-02-25 22:10:00,65.79,94.20
129P04597,2020-02-25 22:20:00,67.32,87.00
129P04597,2020-02-25 22:30:00,65.77,95.80
129P04597,2020-02-25 22:40:00,66.54,94.90
129P04597,2020-02-25 22:50:00,65.19,97.40
129P04597,2020-02-25 23:00:00,64.17,92.10
129P04597,2020-02-25 23:10:00,61.00,84.00
129P04597,2020-02-25 23:20:00,71.00,82.43
129P04597,2020-02-25 23:30:00,67.87,91.80
129P04597,2020-02-25 23:40:00,67.35,92.70
129P04597,2020-02-25 23:50:00,67.56,96.20
129P04596,2020-02-25 00:00:00,58.59,89.20
129P04596,2020-02-25 00:10:00,62.82,85.40
129P04596,2020-02-25 00:20:00,64.24,73.90
129P04596,2020-02-25 00:30:00,61.76,90.10
129P04596,2020-02-25 00:40:00,61.88,97.60
129P04596,2020-02-25 00:50:00,61.78,97.80
129P04596,2020-02-25 01:00:00,54.47,59.00
129P04596,2020-02-25 01:10:00,57.89,81.80
129P04596,2020-02-25 01:20:00,59.30,84.50
129P04596,2020-02-25 01:30:00,55.00,62.17
129P04596,2020-02-25 01:40:00,,
129P04596,2020-02-25 01:50:00,73.47,29.75
129P04596,2020-02-25 02:00:00,62.43,64.80
129P04596,2020-02-25 02:10:00,62.33,88.10
129P04596,2020-02-25 02:20:00,61.57,91.50
129P04596,2020-02-25 02:30:00,61.96,80.67
129P04596,2020-02-25 02:40:00,68.46,82.10
129P04596,2020-02-25 02:50:00,64.98,81.10
129P04596,2020-02-25 03:00:00,59.59,68.80
129P04596,2020-02-25 03:10:00,60.63,47.00
129P04596,2020-02-25 03:20:00,69.99,69.00
129P04596,2020-02-25 03:30:00,65.04,82.50
129P04596,2020-02-25 03:40:00,61.10,86.50
129P04596,2020-02-25 03:50:00,70.55,67.00
129P04596,2020-02-25 04:00:00,65.34,70.30
129P04596,2020-02-25 04:10:00,61.35,69.40
129P04596,2020-02-25 04:20:00,59.78,73.20
129P04596,2020-02-25 04:30:00,62.54,97.20
129P04596,2020-02-25 04:40:00,62.17,99.80
129P04596,2020-02-25 04:50:00,64.96,83.10
129P04596,2020-02-25 05:00:00,63.91,71.20
129P04596,2020-02-25 05:10:00,67.53,77.00
129P04596,2020-02-25 05:20:00,65.65,98.50
129P04596,2020-02-25 05:30:00,71.54,89.30
129P04596,2020-02-25 05:40:00,65.34,99.00
129P04596,2020-02-25 05:50:00,64.18,100.00
129P04596,2020-02-25 06:00:00,63.79,100.00
129P04596,2020-02-25 06:10:00,63.77,100.00
129P04596,2020-02-25 06:20:00,64.98,100.00
129P04596,2020-02-25 06:30:00,65.59,100.00
129P04596,2020-02-25 06:40:00,66.89,100.00
129P04596,2020-02-25 06:50:00,68.98,100.00
129P04596,2020-02-25 07:00:00,67.99,100.00
129P04596,2020-02-25 07:10:00,69.19,100.00
129P04596,2020-02-25 07:20:00,66.10,100.00
129P04596,2020-02-25 07:30:00,67.38,100.00
129P04596,2020-02-25 07:40:00,67.16,100.00
129P04596,2020-02-25 07:50:00,63.16,100.00
129P04596,2020-02-25 08:00:00,66.19,100.00
129P04596,2020-02-25 08:10:00,64.17,100.00
129P04596,2020-02-25 08:20:00,65.74,100.00
129P04596,2020-02-25 08:30:00,65.19,100.00
129P04596,2020-02-25 08:40:00,64.17,100.00
129P04596,2020-02-25 08:50:00,66.59,100.00
129P04596,2020-02-25 09:00:00,66.19,100.00
129P04596,2020-02-25 09:10:00,64.18,100.00
129P04596,2020-02-25 09:20:00,66.38,100.00
129P04596,2020-02-25 09:30:00,65.57,100.00
129P04596,2020-02-25 09:40:00,65.17,100.00
129P04596,2020-02-25 09:50:00,64.59,99.70
129P04596,2020-02-25 10:00:00,63.77,100.00
129P04596,2020-02-25 10:10:00,64.16,100.00
129P04596,2020-02-25 10:20:00,64.35,100.00
129P04596,2020-02-25 10:30:00,64.94,100.00
129P04596,2020-02-25 10:40:00,69.11,100.00
129P04596,2020-02-25 10:50:00,67.85,89.00
129P04596,2020-02-25 11:00:00,67.23,94.00
129P04596,2020-02-25 11:10:00,64.93,100.00
129P04596,2020-02-25 11:20:00,65.39,99.20
129P04596,2020-02-25 11:30:00,66.57,94.80
129P04596,2020-02-25 11:40:00,68.11,100.00
129P04596,2020-02-25 11:50:00,65.85,96.50
129P04596,2020-02-25 12:00:00,69.52,94.40
129P04596,2020-02-25 12:10:00,67.52,96.80
129P04596,2020-02-25 12:20:00,69.93,98.80
129P04596,2020-02-25 12:30:00,63.98,99.60
129P04596,2020-02-25 12:40:00,69.97,100.00
129P04596,2020-02-25 12:50:00,67.97,98.00
129P04596,2020-02-25 13:00:00,66.38,100.00
129P04596,2020-02-25 13:10:00,67.37,100.00
129P04596,2020-02-25 13:20:00,65.79,99.90
129P04596,2020-02-25 13:30:00,68.57,100.00
129P04596,2020-02-25 13:40:00,67.51,99.20
129P04596,2020-02-25 13:50:00,63.97,99.60
129P04596,2020-02-25 14:00:00,65.55,100.00
129P04596,2020-02-25 14:10:00,69.04,100.00
129P04596,2020-02-25 14:20:00,66.53,100.00
129P04596,2020-02-25 14:30:00,65.56,100.00
129P04596,2020-02-25 14:40:00,67.49,100.00
129P04596,2020-02-25 14:50:00,67.16,100.00
129P04596,2020-02-25 15:00:00,67.59,100.00
129P04596,2020-02-25 15:10:00,65.79,100.00
129P04596,2020-02-25 15:20:00,63.19,100.00
129P04596,2020-02-25 15:30:00,67.15,97.60
129P04596,2020-02-25 15:40:00,67.19,100.00
129P04596,2020-02-25 15:50:00,66.96,100.00
129P04596,2020-02-25 16:00:00,68.39,100.00
129P04596,2020-02-25 16:10:00,69.76,100.00
129P04596,2020-02-25 16:20:00,69.00,100.00
129P04596,2020-02-25 16:30:00,70.57,85.60
129P04596,2020-02-25 16:40:00,68.58,98.30
129P04596,2020-02-25 16:50:00,66.19,99.00
129P04596,2020-02-25 17:00:00,64.77,100.00
129P04596,2020-02-25 17:10:00,66.58,100.00
129P04596,2020-02-25 17:20:00,66.59,100.00
129P04596,2020-02-25 17:30:00,67.79,100.00
129P04596,2020-02-25 17:40:00,66.57,100.00
129P04596,2020-02-25 17:50:00,63.17,100.00
129P04596,2020-02-25 18:00:00,62.96,100.00
129P04596,2020-02-25 18:10:00,64.77,100.00
129P04596,2020-02-25 18:20:00,66.77,100.00
129P04596,2020-02-25 18:30:00,65.94,94.70
129P04596,2020-02-25 18:40:00,66.75,97.60
129P04596,2020-02-25 18:50:00,65.94,97.90
129P04596,2020-02-25 19:00:00,69.03,82.60
129P04596,2020-02-25 19:10:00,71.35,84.60
129P04596,2020-02-25 19:20:00,69.73,94.70
129P04596,2020-02-25 19:30:00,71.29,92.70
129P04596,2020-02-25 19:40:00,65.39,89.90
129P04596,2020-02-25 19:50:00,60.99,100.00
129P04596,2020-02-25 20:00:00,65.79,91.70
129P04596,2020-02-25 20:10:00,67.57,89.30
129P04596,2020-02-25 20:20:00,64.10,97.90
129P04596,2020-02-25 20:30:00,64.74,94.90
129P04596,2020-02-25 20:40:00,61.89,99.70
129P04596,2020-02-25 20:50:00,59.15,100.00
129P04596,2020-02-25 21:00:00,63.94,95.40
129P04596,2020-02-25 21:10:00,63.91,94.50
129P04596,2020-02-25 21:20:00,59.68,98.30
129P04596,2020-02-25 21:30:00,60.79,99.50
129P04596,2020-02-25 21:40:00,66.41,76.90
129P04596,2020-02-25 21:50:00,61.27,99.70
129P04596,2020-02-25 22:00:00,64.63,84.90
129P04596,2020-02-25 22:10:00,62.54,98.00
129P04596,2020-02-25 22:20:00,64.04,92.80
129P04596,2020-02-25 22:30:00,61.98,97.20
129P04596,2020-02-25 22:40:00,60.86,95.00
129P04596,2020-02-25 22:50:00,61.97,95.00
129P04596,2020-02-25 23:00:00,62.17,96.70
129P04596,2020-02-25 23:10:00,67.00,85.88
129P04596,2020-02-25 23:20:00,61.00,83.00
129P04596,2020-02-25 23:30:00,58.06,86.80
129P04596,2020-02-25 23:40:00,61.74,96.20
129P04596,2020-02-25 23:50:00,61.98,94.70
129P04615,2020-02-25 00:00:00,58.93,63.20
129P04615,2020-02-25 00:10:00,50.91,68.40
129P04615,2020-02-25 00:20:00,46.76,53.70
129P04615,2020-02-25 00:30:00,50.07,74.22
129P04615,2020-02-25 00:40:00,47.15,75.89
129P04615,2020-02-25 00:50:00,50.77,90.40
129P04615,2020-02-25 01:00:00,51.55,89.14
129P04615,2020-02-25 01:10:00,52.53,92.00
129P04615,2020-02-25 01:20:00,58.99,48.30
129P04615,2020-02-25 01:30:00,57.88,66.71
129P04615,2020-02-25 01:40:00,41.71,24.38
129P04615,2020-02-25 01:50:00,46.72,74.20
129P04615,2020-02-25 02:00:00,44.96,76.20
129P04615,2020-02-25 02:10:00,48.70,97.00
129P04615,2020-02-25 02:20:00,47.57,94.20
129P04615,2020-02-25 02:30:00,51.90,70.60
129P04615,2020-02-25 02:40:00,51.89,88.00
129P04615,2020-02-25 02:50:00,,
129P04615,2020-02-25 03:00:00,51.36,90.38
129P04615,2020-02-25 03:10:00,49.32,86.17
129P04615,2020-02-25 03:20:00,50.00,95.22
129P04615,2020-02-25 03:30:00,52.72,88.89
129P04615,2020-02-25 03:40:00,52.48,91.90
129P04615,2020-02-25 03:50:00,52.36,96.30
129P04615,2020-02-25 04:00:00,52.77,95.40
129P04615,2020-02-25 04:10:00,51.85,90.70
129P04615,2020-02-25 04:20:00,51.64,79.30
129P04615,2020-02-25 04:30:00,59.06,53.40
129P04615,2020-02-25 04:40:00,51.96,92.60
129P04615,2020-02-25 04:50:00,49.86,86.20
129P04615,2020-02-25 05:00:00,51.75,93.10
129P04615,2020-02-25 05:10:00,50.94,100.00
129P04615,2020-02-25 05:20:00,57.07,63.30
129P04615,2020-02-25 05:30:00,55.43,100.00
129P04615,2020-02-25 05:40:00,62.25,43.50
129P04615,2020-02-25 05:50:00,54.51,97.20
129P04615,2020-02-25 06:00:00,52.09,100.00
129P04615,2020-02-25 06:10:00,54.23,99.80
129P04615,2020-02-25 06:20:00,56.95,90.00
129P04615,2020-02-25 06:30:00,55.27,98.60
129P04615,2020-02-25 06:40:00,52.72,100.00
129P04615,2020-02-25 06:50:00,54.36,100.00
129P04615,2020-02-25 07:00:00,54.79,100.00
129P04615,2020-02-25 07:10:00,54.85,100.00
129P04615,2020-02-25 07:20:00,53.82,100.00
129P04615,2020-02-25 07:30:00,50.68,100.00
129P04615,2020-02-25 07:40:00,52.86,100.00
129P04615,2020-02-25 07:50:00,51.97,100.00
129P04615,2020-02-25 08:00:00,54.90,92.70
129P04615,2020-02-25 08:10:00,53.34,100.00
129P04615,2020-02-25 08:20:00,49.92,100.00
129P04615,2020-02-25 08:30:00,54.35,93.50
129P04615,2020-02-25 08:40:00,57.39,99.00
129P04615,2020-02-25 08:50:00,55.99,100.00
129P04615,2020-02-25 09:00:00,57.45,100.00
129P04615,2020-02-25 09:10:00,60.84,100.00
129P04615,2020-02-25 09:20:00,60.98,88.70
129P04615,2020-02-25 09:30:00,56.78,93.50
129P04615,2020-02-25 09:40:00,54.39,99.50
129P04615,2020-02-25 09:50:00,57.24,91.80
129P04615,2020-02-25 10:00:00,60.41,88.20
129P04615,2020-02-25 10:10:00,61.68,71.90
129P04615,2020-02-25 10:20:00,56.66,98.60
129P04615,2020-02-25 10:30:00,56.44,97.40
129P04615,2020-02-25 10:40:00,58.88,92.70
129P04615,2020-02-25 10:50:00,57.08,100.00
129P04615,2020-02-25 11:00:00,52.17,100.00
129P04615,2020-02-25 11:10:00,52.94,100.00
129P04615,2020-02-25 11:20:00,57.87,81.50
129P04615,2020-02-25 11:30:00,59.30,81.70
129P04615,2020-02-25 11:40:00,57.04,88.90
129P04615,2020-02-25 11:50:00,55.76,97.10
129P04615,2020-02-25 12:00:00,57.89,94.10
129P04615,2020-02-25 12:10:00,63.19,63.20
129P04615,2020-02-25 12:20:00,56.26,74.00
129P04615,2020-02-25 12:30:00,57.28,77.80
129P04615,2020-02-25 12:40:00,60.74,90.70
129P04615,2020-02-25 12:50:00,54.95,97.60
129P04615,2020-02-25 13:00:00,58.98,98.30
129P04615,2020-02-25 13:10:00,56.37,100.00
129P04615,2020-02-25 13:20:00,54.56,99.10
129P04615,2020-02-25 13:30:00,59.71,72.20
129P04615,2020-02-25 13:40:00,61.56,69.00
129P04615,2020-02-25 13:50:00,55.97,100.00
129P04615,2020-02-25 14:00:00,60.64,80.40
129P04615,2020-02-25 14:10:00,58.97,91.40
129P04615,2020-02-25 14:20:00,55.47,100.00
129P04615,2020-02-25 14:30:00,56.06,84.60
129P04615,2020-02-25 14:40:00,61.79,99.50
129P04615,2020-02-25 14:50:00,57.94,100.00
129P04615,2020-02-25 15:00:00,57.87,100.00
129P04615,2020-02-25 15:10:00,55.64,100.00
129P04615,2020-02-25 15:20:00,58.53,99.20
129P04615,2020-02-25 15:30:00,61.91,85.90
129P04615,2020-02-25 15:40:00,62.75,69.20
129P04615,2020-02-25 15:50:00,58.08,93.30
129P04615,2020-02-25 16:00:00,61.12,98.00
129P04615,2020-02-25 16:10:00,61.16,84.70
129P04615,2020-02-25 16:20:00,55.72,100.00
129P04615,2020-02-25 16:30:00,56.60,100.00
129P04615,2020-02-25 16:40:00,58.22,100.00
129P04615,2020-02-25 16:50:00,61.28,100.00
129P04615,2020-02-25 17:00:00,58.55,100.00
129P04615,2020-02-25 17:10:00,54.69,100.00
129P04615,2020-02-25 17:20:00,52.65,100.00
129P04615,2020-02-25 17:30:00,55.78,100.00
129P04615,2020-02-25 17:40:00,55.95,100.00
129P04615,2020-02-25 17:50:00,55.36,98.90
129P04615,2020-02-25 18:00:00,54.18,96.50
129P04615,2020-02-25 18:10:00,50.48,100.00
129P04615,2020-02-25 18:20:00,54.57,100.00
129P04615,2020-02-25 18:30:00,54.14,100.00
129P04615,2020-02-25 18:40:00,47.06,85.20
129P04615,2020-02-25 18:50:00,54.96,100.00
129P04615,2020-02-25 19:00:00,53.58,100.00
129P04615,2020-02-25 19:10:00,53.59,100.00
129P04615,2020-02-25 19:20:00,49.98,100.00
129P04615,2020-02-25 19:30:00,50.37,100.00
129P04615,2020-02-25 19:40:00,51.25,100.00
129P04615,2020-02-25 19:50:00,50.69,92.60
129P04615,2020-02-25 20:00:00,55.04,100.00
129P04615,2020-02-25 20:10:00,60.53,49.20
129P04615,2020-02-25 20:20:00,56.16,80.60
129P04615,2020-02-25 20:30:00,60.94,52.80
129P04615,2020-02-25 20:40:00,50.00,100.00
129P04615,2020-02-25 20:50:00,51.08,100.00
129P04615,2020-02-25 21:00:00,51.45,100.00
129P04615,2020-02-25 21:10:00,50.83,100.00
129P04615,2020-02-25 21:20:00,51.52,85.70
129P04615,2020-02-25 21:30:00,52.65,94.10
129P04615,2020-02-25 21:40:00,52.58,100.00
129P04615,2020-02-25 21:50:00,50.67,100.00
129P04615,2020-02-25 22:00:00,51.76,80.70
129P04615,2020-02-25 22:10:00,49.58,87.70
129P04615,2020-02-25 22:20:00,50.82,96.83
129P04615,2020-02-25 22:30:00,53.00,92.11
129P04615,2020-02-25 22:40:00,52.40,96.60
129P04615,2020-02-25 22:50:00,50.47,88.10
129P04615,2020-02-25 23:00:00,48.46,74.60
129P04615,2020-02-25 23:10:00,47.39,70.50
129P04615,2020-02-25 23:20:00,46.76,86.44
129P04615,2020-02-25 23:30:00,47.03,80.70
129P04615,2020-02-25 23:40:00,52.55,82.57
129P04615,2020-02-25 23:50:00,,
129P04614,2020-02-25 00:00:00,67.77,77.90
129P04614,2020-02-25 00:10:00,67.88,74.60
129P04614,2020-02-25 00:20:00,70.95,93.33
129P04614,2020-02-25 00:30:00,67.00,86.30
129P04614,2020-02-25 00:40:00,68.23,96.25
129P04614,2020-02-25 00:50:00,68.07,98.50
129P04614,2020-02-25 01:00:00,68.50,99.00
129P04614,2020-02-25 01:10:00,69.39,90.80
129P04614,2020-02-25 01:20:00,71.39,83.90
129P04614,2020-02-25 01:30:00,71.19,91.00
129P04614,2020-02-25 01:40:00,67.00,81.78
129P04614,2020-02-25 01:50:00,66.97,82.88
129P04614,2020-02-25 02:00:00,64.79,72.20
129P04614,2020-02-25 02:10:00,67.58,98.40
129P04614,2020-02-25 02:20:00,67.79,94.30
129P04614,2020-02-25 02:30:00,67.79,96.10
129P04614,2020-02-25 02:40:00,67.80,98.60
129P04614,2020-02-25 02:50:00,,
129P04614,2020-02-25 03:00:00,68.58,94.70
129P04614,2020-02-25 03:10:00,68.00,98.33
129P04614,2020-02-25 03:20:00,68.00,99.00
129P04614,2020-02-25 03:30:00,70.11,90.56
129P04614,2020-02-25 03:40:00,68.60,98.30
129P04614,2020-02-25 03:50:00,67.42,97.29
129P04614,2020-02-25 04:00:00,67.20,96.70
129P04614,2020-02-25 04:10:00,70.64,70.10
129P04614,2020-02-25 04:20:00,69.87,93.90
129P04614,2020-02-25 04:30:00,67.69,93.30
129P04614,2020-02-25 04:40:00,69.37,95.40
129P04614,2020-02-25 04:50:00,73.32,60.20
129P04614,2020-02-25 05:00:00,70.76,87.50
129P04614,2020-02-25 05:10:00,68.57,98.80
129P04614,2020-02-25 05:20:00,72.48,95.20
129P04614,2020-02-25 05:30:00,71.79,99.10
129P04614,2020-02-25 05:40:00,70.77,99.90
129P04614,2020-02-25 05:50:00,70.78,100.00
129P04614,2020-02-25 06:00:00,71.27,100.00
129P04614,2020-02-25 06:10:00,72.05,100.00
129P04614,2020-02-25 06:20:00,73.39,100.00
129P04614,2020-02-25 06:30:00,72.48,100.00
129P04614,2020-02-25 06:40:00,72.77,100.00
129P04614,2020-02-25 06:50:00,74.09,100.00
129P04614,2020-02-25 07:00:00,71.59,99.70
129P04614,2020-02-25 07:10:00,71.39,100.00
129P04614,2020-02-25 07:20:00,72.19,100.00
129P04614,2020-02-25 07:30:00,73.69,100.00
129P04614,2020-02-25 07:40:00,70.78,100.00
129P04614,2020-02-25 07:50:00,69.29,100.00
129P04614,2020-02-25 08:00:00,72.67,100.00
129P04614,2020-02-25 08:10:00,72.66,100.00
129P04614,2020-02-25 08:20:00,69.59,100.00
129P04614,2020-02-25 08:30:00,70.49,100.00
129P04614,2020-02-25 08:40:00,72.68,100.00
129P04614,2020-02-25 08:50:00,74.50,98.00
129P04614,2020-02-25 09:00:00,72.72,98.40
129P04614,2020-02-25 09:10:00,70.69,99.90
129P04614,2020-02-25 09:20:00,72.65,97.90
129P04614,2020-02-25 09:30:00,70.89,99.70
129P04614,2020-02-25 09:40:00,71.94,94.60
129P04614,2020-02-25 09:50:00,71.14,95.70
129P04614,2020-02-25 10:00:00,73.19,99.30
129P04614,2020-02-25 10:10:00,70.96,99.10
129P04614,2020-02-25 10:20:00,74.87,81.60
129P04614,2020-02-25 10:30:00,70.66,99.80
129P04614,2020-02-25 10:40:00,68.98,100.00
129P04614,2020-02-25 10:50:00,70.76,98.80
129P04614,2020-02-25 11:00:00,75.46,77.60
129P04614,2020-02-25 11:10:00,76.04,74.90
129P04614,2020-02-25 11:20:00,69.86,94.90
129P04614,2020-02-25 11:30:00,69.89,100.00
129P04614,2020-02-25 11:40:00,69.78,99.70
129P04614,2020-02-25 11:50:00,70.98,100.00
129P04614,2020-02-25 12:00:00,72.48,97.60
129P04614,2020-02-25 12:10:00,73.46,100.00
129P04614,2020-02-25 12:20:00,71.90,97.60
129P04614,2020-02-25 12:30:00,69.10,96.90
129P04614,2020-02-25 12:40:00,74.91,74.40
129P04614,2020-02-25 12:50:00,70.29,99.90
129P04614,2020-02-25 13:00:00,71.59,100.00
129P04614,2020-02-25 13:10:00,72.76,98.30
129P04614,2020-02-25 13:20:00,74.36,99.20
129P04614,2020-02-25 13:30:00,72.35,96.50
129P04614,2020-02-25 13:40:00,70.58,100.00
129P04614,2020-02-25 13:50:00,69.76,100.00
129P04614,2020-02-25 14:00:00,71.88,100.00
129P04614,2020-02-25 14:10:00,71.68,97.50
129P04614,2020-02-25 14:20:00,72.50,100.00
129P04614,2020-02-25 14:30:00,73.26,93.40
129P04614,2020-02-25 14:40:00,72.07,100.00
129P04614,2020-02-25 14:50:00,71.69,100.00
129P04614,2020-02-25 15:00:00,71.49,100.00
129P04614,2020-02-25 15:10:00,75.37,100.00
129P04614,2020-02-25 15:20:00,72.86,97.80
129P04614,2020-02-25 15:30:00,73.38,99.90
129P04614,2020-02-25 15:40:00,75.29,100.00
129P04614,2020-02-25 15:50:00,73.78,100.00
129P04614,2020-02-25 16:00:00,74.35,100.00
129P04614,2020-02-25 16:10:00,73.17,100.00
129P04614,2020-02-25 16:20:00,73.00,100.00
129P04614,2020-02-25 16:30:00,71.99,100.00
129P04614,2020-02-25 16:40:00,71.78,100.00
129P04614,2020-02-25 16:50:00,72.08,100.00
129P04614,2020-02-25 17:00:00,70.65,100.00
129P04614,2020-02-25 17:10:00,73.47,99.00
129P04614,2020-02-25 17:20:00,71.05,100.00
129P04614,2020-02-25 17:30:00,70.90,100.00
129P04614,2020-02-25 17:40:00,71.49,100.00
129P04614,2020-02-25 17:50:00,71.74,100.00
129P04614,2020-02-25 18:00:00,73.86,100.00
129P04614,2020-02-25 18:10:00,70.99,94.00
129P04614,2020-02-25 18:20:00,70.39,100.00
129P04614,2020-02-25 18:30:00,69.69,100.00
129P04614,2020-02-25 18:40:00,69.46,95.60
129P04614,2020-02-25 18:50:00,68.39,100.00
129P04614,2020-02-25 19:00:00,69.09,100.00
129P04614,2020-02-25 19:10:00,69.55,97.30
129P04614,2020-02-25 19:20:00,71.29,100.00
129P04614,2020-02-25 19:30:00,70.55,100.00
129P04614,2020-02-25 19:40:00,70.60,100.00
129P04614,2020-02-25 19:50:00,69.28,99.60
129P04614,2020-02-25 20:00:00,71.68,93.80
129P04614,2020-02-25 20:10:00,70.02,90.00
129P04614,2020-02-25 20:20:00,66.19,100.00
129P04614,2020-02-25 20:30:00,69.26,97.00
129P04614,2020-02-25 20:40:00,66.09,100.00
129P04614,2020-02-25 20:50:00,70.05,100.00
129P04614,2020-02-25 21:00:00,72.69,74.30
129P04614,2020-02-25 21:10:00,60.26,40.90
129P04614,2020-02-25 21:20:00,67.15,95.20
129P04614,2020-02-25 21:30:00,72.71,57.90
129P04614,2020-02-25 21:40:00,68.36,100.00
129P04614,2020-02-25 21:50:00,71.10,80.90
129P04614,2020-02-25 22:00:00,73.10,70.90
129P04614,2020-02-25 22:10:00,70.56,90.50
129P04614,2020-02-25 22:20:00,66.37,70.70
129P04614,2020-02-25 22:30:00,64.48,62.60
129P04614,2020-02-25 22:40:00,65.76,79.40
129P04614,2020-02-25 22:50:00,67.90,98.10
129P04614,2020-02-25 23:00:00,65.47,92.60
129P04614,2020-02-25 23:10:00,72.84,47.89
129P04614,2020-02-25 23:20:00,63.82,74.30
129P04614,2020-02-25 23:30:00,64.03,81.30
129P04614,2020-02-25 23:40:00,66.00,100.00
129P04614,2020-02-25 23:50:00,,
129+04600,2020-02-25 00:00:00,61.58,86.30
129+04600,2020-02-25 00:10:00,64.15,94.30
129+04600,2020-02-25 00:20:00,66.00,87.00
129+04600,2020-02-25 00:30:00,62.01,89.40
129+04600,2020-02-25 00:40:00,63.79,98.10
129+04600,2020-02-25 00:50:00,61.39,88.50
129+04600,2020-02-25 01:00:00,60.48,84.00
129+04600,2020-02-25 01:10:00,61.58,59.20
129+04600,2020-02-25 01:20:00,66.74,61.70
129+04600,2020-02-25 01:30:00,62.62,99.63
129+04600,2020-02-25 01:40:00,,
129+04600,2020-02-25 01:50:00,71.53,57.00
129+04600,2020-02-25 02:00:00,68.84,44.80
129+04600,2020-02-25 02:10:00,64.37,86.00
129+04600,2020-02-25 02:20:00,63.79,76.40
129+04600,2020-02-25 02:30:00,55.39,46.40
129+04600,2020-02-25 02:40:00,70.39,84.60
129+04600,2020-02-25 02:50:00,67.22,69.20
129+04600,2020-02-25 03:00:00,59.16,83.10
129+04600,2020-02-25 03:10:00,59.98,89.89
129+04600,2020-02-25 03:20:00,69.44,67.56
129+04600,2020-02-25 03:30:00,64.93,89.60
129+04600,2020-02-25 03:40:00,64.91,85.00
129+04600,2020-02-25 03:50:00,66.19,84.70
129+04600,2020-02-25 04:00:00,68.01,80.80
129+04600,2020-02-25 04:10:00,60.96,59.00
129+04600,2020-02-25 04:20:00,60.99,78.60
129+04600,2020-02-25 04:30:00,65.31,89.70
129+04600,2020-02-25 04:40:00,65.80,98.30
129+04600,2020-02-25 04:50:00,66.11,85.20
129+04600,2020-02-25 05:00:00,68.48,63.00
129+04600,2020-02-25 05:10:00,68.23,80.30
129+04600,2020-02-25 05:20:00,68.18,97.90
129+04600,2020-02-25 05:30:00,70.79,100.00
129+04600,2020-02-25 05:40:00,67.87,100.00
129+04600,2020-02-25 05:50:00,64.47,100.00
129+04600,2020-02-25 06:00:00,64.18,100.00
129+04600,2020-02-25 06:10:00,64.28,100.00
129+04600,2020-02-25 06:20:00,67.25,100.00
129+04600,2020-02-25 06:30:00,66.47,100.00
129+04600,2020-02-25 06:40:00,64.09,100.00
129+04600,2020-02-25 06:50:00,64.52,100.00
129+04600,2020-02-25 07:00:00,69.63,100.00
129+04600,2020-02-25 07:10:00,67.57,100.00
129+04600,2020-02-25 07:20:00,66.08,100.00
129+04600,2020-02-25 07:30:00,53.03,100.00
129+04600,2020-02-25 07:40:00,36.06,100.00
129+04600,2020-02-25 07:50:00,20.05,100.00
129+04600,2020-02-25 08:00:00,20.40,100.00
129+04600,2020-02-25 08:10:00,45.86,100.00
129+04600,2020-02-25 08:20:00,61.23,100.00
129+04600,2020-02-25 08:30:00,66.30,100.00
129+04600,2020-02-25 08:40:00,64.24,100.00
129+04600,2020-02-25 08:50:00,67.39,100.00
129+04600,2020-02-25 09:00:00,65.69,100.00
129+04600,2020-02-25 09:10:00,64.58,100.00
129+04600,2020-02-25 09:20:00,67.75,100.00
129+04600,2020-02-25 09:30:00,64.06,100.00
129+04600,2020-02-25 09:40:00,64.48,100.00
129+04600,2020-02-25 09:50:00,62.66,100.00
129+04600,2020-02-25 10:00:00,67.40,93.80
129+04600,2020-02-25 10:10:00,67.21,95.80
129+04600,2020-02-25 10:20:00,66.58,100.00
129+04600,2020-02-25 10:30:00,63.15,100.00
129+04600,2020-02-25 10:40:00,65.63,100.00
129+04600,2020-02-25 10:50:00,66.70,98.10
129+04600,2020-02-25 11:00:00,64.43,98.20
129+04600,2020-02-25 11:10:00,68.65,91.10
129+04600,2020-02-25 11:20:00,67.39,100.00
129+04600,2020-02-25 11:30:00,69.64,99.30
129+04600,2020-02-25 11:40:00,67.77,99.10
129+04600,2020-02-25 11:50:00,62.20,100.00
129+04600,2020-02-25 12:00:00,67.24,100.00
129+04600,2020-02-25 12:10:00,66.54,100.00
129+04600,2020-02-25 12:20:00,66.74,100.00
129+04600,2020-02-25 12:30:00,67.16,100.00
129+04600,2020-02-25 12:40:00,66.64,100.00
129+04600,2020-02-25 12:50:00,67.28,99.80
129+04600,2020-02-25 13:00:00,65.24,98.40
129+04600,2020-02-25 13:10:00,65.99,100.00
129+04600,2020-02-25 13:20:00,66.67,100.00
129+04600,2020-02-25 13:30:00,70.98,100.00
129+04600,2020-02-25 13:40:00,66.28,98.50
129+04600,2020-02-25 13:50:00,65.26,100.00
129+04600,2020-02-25 14:00:00,66.78,100.00
129+04600,2020-02-25 14:10:00,64.77,100.00
129+04600,2020-02-25 14:20:00,66.87,100.00
129+04600,2020-02-25 14:30:00,66.07,100.00
129+04600,2020-02-25 14:40:00,70.18,100.00
129+04600,2020-02-25 14:50:00,69.48,100.00
129+04600,2020-02-25 15:00:00,69.34,100.00
129+04600,2020-02-25 15:10:00,62.17,100.00
129+04600,2020-02-25 15:20:00,65.18,100.00
129+04600,2020-02-25 15:30:00,65.94,100.00
129+04600,2020-02-25 15:40:00,65.91,100.00
129+04600,2020-02-25 15:50:00,67.26,100.00
129+04600,2020-02-25 16:00:00,67.38,100.00
129+04600,2020-02-25 16:10:00,70.18,100.00
129+04600,2020-02-25 16:20:00,66.50,100.00
129+04600,2020-02-25 16:30:00,67.76,94.40
129+04600,2020-02-25 16:40:00,68.25,100.00
129+04600,2020-02-25 16:50:00,65.88,100.00
129+04600,2020-02-25 17:00:00,66.69,100.00
129+04600,2020-02-25 17:10:00,64.94,100.00
129+04600,2020-02-25 17:20:00,67.44,100.00
129+04600,2020-02-25 17:30:00,67.90,100.00
129+04600,2020-02-25 17:40:00,66.47,100.00
129+04600,2020-02-25 17:50:00,64.16,100.00
129+04600,2020-02-25 18:00:00,66.59,100.00
129+04600,2020-02-25 18:10:00,64.48,100.00
129+04600,2020-02-25 18:20:00,67.29,82.50
129+04600,2020-02-25 18:30:00,66.52,93.40
129+04600,2020-02-25 18:40:00,63.73,99.60
129+04600,2020-02-25 18:50:00,65.16,100.00
129+04600,2020-02-25 19:00:00,63.86,93.30
129+04600,2020-02-25 19:10:00,65.38,100.00
129+04600,2020-02-25 19:20:00,65.18,100.00
129+04600,2020-02-25 19:30:00,67.57,86.90
129+04600,2020-02-25 19:40:00,65.04,99.10
129+04600,2020-02-25 19:50:00,61.30,100.00
129+04600,2020-02-25 20:00:00,58.29,53.80
129+04600,2020-02-25 20:10:00,69.20,52.00
129+04600,2020-02-25 20:20:00,62.88,100.00
129+04600,2020-02-25 20:30:00,64.21,100.00
129+04600,2020-02-25 20:40:00,62.47,98.30
129+04600,2020-02-25 20:50:00,61.97,100.00
129+04600,2020-02-25 21:00:00,64.49,74.80
129+04600,2020-02-25 21:10:00,62.48,100.00
129+04600,2020-02-25 21:20:00,64.15,100.00
129+04600,2020-02-25 21:30:00,62.89,100.00
129+04600,2020-02-25 21:40:00,64.23,94.00
129+04600,2020-02-25 21:50:00,62.36,98.20
129+04600,2020-02-25 22:00:00,64.04,84.80
129+04600,2020-02-25 22:10:00,62.42,87.70
129+04600,2020-02-25 22:20:00,62.37,94.80
129+04600,2020-02-25 22:30:00,61.29,93.70
129+04600,2020-02-25 22:40:00,62.00,98.10
129+04600,2020-02-25 22:50:00,62.89,97.20
129+04600,2020-02-25 23:00:00,62.90,98.40
129+04600,2020-02-25 23:10:00,63.80,97.60
129+04600,2020-02-25 23:20:00,62.49,97.10
129+04600,2020-02-25 23:30:00,63.39,99.10
129+04600,2020-02-25 23:40:00,62.33,93.90
129+04600,2020-02-25 23:50:00,61.34,91.70
129P04613,2020-02-25 00:00:00,67.48,67.60
129P04613,2020-02-25 00:10:00,69.49,73.00
129P04613,2020-02-25 00:20:00,72.09,87.80
129P04613,2020-02-25 00:30:00,68.00,85.70
129P04613,2020-02-25 00:40:00,71.04,85.25
129P04613,2020-02-25 00:50:00,69.10,97.90
129P04613,2020-02-25 01:00:00,69.18,95.60
129P04613,2020-02-25 01:10:00,71.39,91.00
129P04613,2020-02-25 01:20:00,71.00,94.00
129P04613,2020-02-25 01:30:00,68.41,80.75
129P04613,2020-02-25 01:40:00,66.10,70.70
129P04613,2020-02-25 01:50:00,65.65,76.11
129P04613,2020-02-25 02:00:00,65.61,85.13
129P04613,2020-02-25 02:10:00,68.55,93.11
129P04613,2020-02-25 02:20:00,68.28,92.30
129P04613,2020-02-25 02:30:00,71.24,72.50
129P04613,2020-02-25 02:40:00,73.41,62.71
129P04613,2020-02-25 02:50:00,72.32,89.00
129P04613,2020-02-25 03:00:00,69.49,95.60
129P04613,2020-02-25 03:10:00,68.00,85.71
129P04613,2020-02-25 03:20:00,71.42,94.44
129P04613,2020-02-25 03:30:00,70.10,99.10
129P04613,2020-02-25 03:40:00,67.99,92.80
129P04613,2020-02-25 03:50:00,67.50,91.38
129P04613,2020-02-25 04:00:00,67.00,92.20
129P04613,2020-02-25 04:10:00,69.75,85.30
129P04613,2020-02-25 04:20:00,69.99,96.40
129P04613,2020-02-25 04:30:00,68.89,98.90
129P04613,2020-02-25 04:40:00,69.28,97.50
129P04613,2020-02-25 04:50:00,71.94,74.50
129P04613,2020-02-25 05:00:00,72.57,76.30
129P04613,2020-02-25 05:10:00,71.36,96.60
129P04613,2020-02-25 05:20:00,74.28,79.80
129P04613,2020-02-25 05:30:00,71.47,99.50
129P04613,2020-02-25 05:40:00,72.55,100.00
129P04613,2020-02-25 05:50:00,72.76,100.00
129P04613,2020-02-25 06:00:00,73.38,100.00
129P04613,2020-02-25 06:10:00,73.08,100.00
129P04613,2020-02-25 06:20:00,73.93,100.00
129P04613,2020-02-25 06:30:00,74.09,100.00
129P04613,2020-02-25 06:40:00,74.49,100.00
129P04613,2020-02-25 06:50:00,75.10,100.00
129P04613,2020-02-25 07:00:00,72.26,100.00
129P04613,2020-02-25 07:10:00,71.78,100.00
129P04613,2020-02-25 07:20:00,72.57,100.00
129P04613,2020-02-25 07:30:00,73.67,100.00
129P04613,2020-02-25 07:40:00,72.18,100.00
129P04613,2020-02-25 07:50:00,73.56,100.00
129P04613,2020-02-25 08:00:00,75.60,100.00
129P04613,2020-02-25 08:10:00,73.57,100.00
129P04613,2020-02-25 08:20:00,72.89,99.50
129P04613,2020-02-25 08:30:00,71.45,99.80
129P04613,2020-02-25 08:40:00,72.28,100.00
129P04613,2020-02-25 08:50:00,73.39,99.40
129P04613,2020-02-25 09:00:00,71.59,100.00
129P04613,2020-02-25 09:10:00,72.19,100.00
129P04613,2020-02-25 09:20:00,73.56,100.00
129P04613,2020-02-25 09:30:00,74.70,97.60
129P04613,2020-02-25 09:40:00,73.18,99.10
129P04613,2020-02-25 09:50:00,74.06,99.40
129P04613,2020-02-25 10:00:00,72.85,98.30
129P04613,2020-02-25 10:10:00,74.03,100.00
129P04613,2020-02-25 10:20:00,75.10,98.00
129P04613,2020-02-25 10:30:00,73.29,100.00
129P04613,2020-02-25 10:40:00,74.48,100.00
129P04613,2020-02-25 10:50:00,74.25,99.60
129P04613,2020-02-25 11:00:00,74.40,83.40
129P04613,2020-02-25 11:10:00,76.28,84.30
129P04613,2020-02-25 11:20:00,72.12,99.60
129P04613,2020-02-25 11:30:00,72.39,100.00
129P04613,2020-02-25 11:40:00,73.75,97.70
129P04613,2020-02-25 11:50:00,73.13,100.00
129P04613,2020-02-25 12:00:00,73.57,100.00
129P04613,2020-02-25 12:10:00,74.47,100.00
129P04613,2020-02-25 12:20:00,69.78,100.00
129P04613,2020-02-25 12:30:00,73.15,91.10
129P04613,2020-02-25 12:40:00,74.01,87.80
129P04613,2020-02-25 12:50:00,72.97,100.00
129P04613,2020-02-25 13:00:00,72.56,100.00
129P04613,2020-02-25 13:10:00,74.74,94.60
129P04613,2020-02-25 13:20:00,72.65,99.80
129P04613,2020-02-25 13:30:00,75.30,83.40
129P04613,2020-02-25 13:40:00,71.55,100.00
129P04613,2020-02-25 13:50:00,72.07,100.00
129P04613,2020-02-25 14:00:00,74.69,99.10
129P04613,2020-02-25 14:10:00,71.62,99.20
129P04613,2020-02-25 14:20:00,72.98,100.00
129P04613,2020-02-25 14:30:00,73.78,98.40
129P04613,2020-02-25 14:40:00,76.29,100.00
129P04613,2020-02-25 14:50:00,74.39,100.00
129P04613,2020-02-25 15:00:00,71.99,100.00
129P04613,2020-02-25 15:10:00,76.39,100.00
129P04613,2020-02-25 15:20:00,73.79,99.70
129P04613,2020-02-25 15:30:00,75.17,100.00
129P04613,2020-02-25 15:40:00,74.06,100.00
129P04613,2020-02-25 15:50:00,73.65,100.00
129P04613,2020-02-25 16:00:00,75.89,100.00
129P04613,2020-02-25 16:10:00,75.98,100.00
129P04613,2020-02-25 16:20:00,76.08,100.00
129P04613,2020-02-25 16:30:00,76.09,100.00
129P04613,2020-02-25 16:40:00,74.08,100.00
129P04613,2020-02-25 16:50:00,72.49,100.00
129P04613,2020-02-25 17:00:00,74.75,100.00
129P04613,2020-02-25 17:10:00,78.19,94.50
129P04613,2020-02-25 17:20:00,72.94,100.00
129P04613,2020-02-25 17:30:00,72.26,100.00
129P04613,2020-02-25 17:40:00,74.87,100.00
129P04613,2020-02-25 17:50:00,73.83,100.00
129P04613,2020-02-25 18:00:00,71.99,100.00
129P04613,2020-02-25 18:10:00,69.74,99.70
129P04613,2020-02-25 18:20:00,70.65,100.00
129P04613,2020-02-25 18:30:00,74.36,98.00
129P04613,2020-02-25 18:40:00,73.39,97.70
129P04613,2020-02-25 18:50:00,70.38,100.00
129P04613,2020-02-25 19:00:00,70.29,100.00
129P04613,2020-02-25 19:10:00,70.80,100.00
129P04613,2020-02-25 19:20:00,71.09,100.00
129P04613,2020-02-25 19:30:00,72.95,100.00
129P04613,2020-02-25 19:40:00,72.36,100.00
129P04613,2020-02-25 19:50:00,69.69,100.00
129P04613,2020-02-25 20:00:00,72.26,95.50
129P04613,2020-02-25 20:10:00,72.87,95.50
129P04613,2020-02-25 20:20:00,69.14,90.70
129P04613,2020-02-25 20:30:00,71.83,94.60
129P04613,2020-02-25 20:40:00,67.14,100.00
129P04613,2020-02-25 20:50:00,70.49,100.00
129P04613,2020-02-25 21:00:00,71.63,78.60
129P04613,2020-02-25 21:10:00,67.83,91.40
129P04613,2020-02-25 21:20:00,74.41,67.10
129P04613,2020-02-25 21:30:00,71.44,86.50
129P04613,2020-02-25 21:40:00,68.98,100.00
129P04613,2020-02-25 21:50:00,72.51,80.00
129P04613,2020-02-25 22:00:00,73.60,74.00
129P04613,2020-02-25 22:10:00,68.96,78.60
129P04613,2020-02-25 22:20:00,66.25,60.80
129P04613,2020-02-25 22:30:00,70.00,82.80
129P04613,2020-02-25 22:40:00,68.19,89.70
129P04613,2020-02-25 22:50:00,67.29,97.00
129P04613,2020-02-25 23:00:00,65.00,88.50
129P04613,2020-02-25 23:10:00,67.43,88.80
129P04613,2020-02-25 23:20:00,68.97,73.40
129P04613,2020-02-25 23:30:00,68.29,98.60
129P04613,2020-02-25 23:40:00,69.00,97.50
129P04613,2020-02-25 23:50:00,70.00,95.89
129P04612,2020-02-25 00:00:00,64.99,83.50
129P04612,2020-02-25 00:10:00,65.35,85.60
129P04612,2020-02-25 00:20:00,63.91,74.80
129P04612,2020-02-25 00:30:00,55.02,29.25
129P04612,2020-02-25 00:40:00,63.15,86.10
129P04612,2020-02-25 00:50:00,65.85,85.40
129P04612,2020-02-25 01:00:00,65.69,79.00
129P04612,2020-02-25 01:10:00,67.23,65.70
129P04612,2020-02-25 01:20:00,62.06,91.67
129P04612,2020-02-25 01:30:00,59.50,73.63
129P04612,2020-02-25 01:40:00,60.11,86.78
129P04612,2020-02-25 01:50:00,66.00,89.13
129P04612,2020-02-25 02:00:00,62.87,97.70
129P04612,2020-02-25 02:10:00,61.85,97.44
129P04612,2020-02-25 02:20:00,66.84,74.90
129P04612,2020-02-25 02:30:00,64.77,83.00
129P04612,2020-02-25 02:40:00,60.39,86.40
129P04612,2020-02-25 02:50:00,67.69,86.71
129P04612,2020-02-25 03:00:00,64.36,95.60
129P04612,2020-02-25 03:10:00,65.39,97.20
129P04612,2020-02-25 03:20:00,66.59,92.70
129P04612,2020-02-25 03:30:00,70.27,65.70
129P04612,2020-02-25 03:40:00,68.43,87.50
129P04612,2020-02-25 03:50:00,64.77,89.10
129P04612,2020-02-25 04:00:00,63.00,74.80
129P04612,2020-02-25 04:10:00,64.43,76.40
129P04612,2020-02-25 04:20:00,58.89,54.80
129P04612,2020-02-25 04:30:00,66.19,75.40
129P04612,2020-02-25 04:40:00,68.91,58.10
129P04612,2020-02-25 04:50:00,69.93,52.90
129P04612,2020-02-25 05:00:00,72.46,63.60
129P04612,2020-02-25 05:10:00,72.37,71.80
129P04612,2020-02-25 05:20:00,73.87,81.70
129P04612,2020-02-25 05:30:00,71.28,95.30
129P04612,2020-02-25 05:40:00,70.67,100.00
129P04612,2020-02-25 05:50:00,70.39,100.00
129P04612,2020-02-25 06:00:00,70.58,99.80
129P04612,2020-02-25 06:10:00,71.56,100.00
129P04612,2020-02-25 06:20:00,71.44,100.00
129P04612,2020-02-25 06:30:00,71.28,100.00
129P04612,2020-02-25 06:40:00,70.79,100.00
129P04612,2020-02-25 06:50:00,66.85,100.00
129P04612,2020-02-25 07:00:00,65.39,100.00
129P04612,2020-02-25 07:10:00,67.98,100.00
129P04612,2020-02-25 07:20:00,67.39,100.00
129P04612,2020-02-25 07:30:00,68.68,100.00
129P04612,2020-02-25 07:40:00,67.79,100.00
129P04612,2020-02-25 07:50:00,70.60,100.00
129P04612,2020-02-25 08:00:00,70.98,100.00
129P04612,2020-02-25 08:10:00,68.98,100.00
129P04612,2020-02-25 08:20:00,70.50,99.90
129P04612,2020-02-25 08:30:00,64.42,99.80
129P04612,2020-02-25 08:40:00,66.44,100.00
129P04612,2020-02-25 08:50:00,70.25,92.40
129P04612,2020-02-25 09:00:00,70.88,100.00
129P04612,2020-02-25 09:10:00,70.19,100.00
129P04612,2020-02-25 09:20:00,70.16,100.00
129P04612,2020-02-25 09:30:00,70.87,99.80
129P04612,2020-02-25 09:40:00,72.97,83.80
129P04612,2020-02-25 09:50:00,70.59,100.00
129P04612,2020-02-25 10:00:00,70.49,99.70
129P04612,2020-02-25 10:10:00,71.08,99.60
129P04612,2020-02-25 10:20:00,72.27,98.50
129P04612,2020-02-25 10:30:00,72.41,100.00
129P04612,2020-02-25 10:40:00,71.39,100.00
129P04612,2020-02-25 10:50:00,72.28,97.60
129P04612,2020-02-25 11:00:00,72.96,90.50
129P04612,2020-02-25 11:10:00,70.96,96.50
129P04612,2020-02-25 11:20:00,70.14,96.60
129P04612,2020-02-25 11:30:00,70.30,99.70
129P04612,2020-02-25 11:40:00,71.45,95.50
129P04612,2020-02-25 11:50:00,72.23,99.80
129P04612,2020-02-25 12:00:00,69.73,100.00
129P04612,2020-02-25 12:10:00,70.04,99.90
129P04612,2020-02-25 12:20:00,65.80,100.00
129P04612,2020-02-25 12:30:00,68.48,91.40
129P04612,2020-02-25 12:40:00,69.69,94.20
129P04612,2020-02-25 12:50:00,69.68,100.00
129P04612,2020-02-25 13:00:00,69.38,99.90
129P04612,2020-02-25 13:10:00,70.08,100.00
129P04612,2020-02-25 13:20:00,67.38,100.00
129P04612,2020-02-25 13:30:00,67.98,99.60
129P04612,2020-02-25 13:40:00,70.26,94.80
129P04612,2020-02-25 13:50:00,69.48,100.00
129P04612,2020-02-25 14:00:00,69.79,97.60
129P04612,2020-02-25 14:10:00,69.57,99.20
129P04612,2020-02-25 14:20:00,73.96,98.80
129P04612,2020-02-25 14:30:00,70.39,99.90
129P04612,2020-02-25 14:40:00,71.97,100.00
129P04612,2020-02-25 14:50:00,72.38,100.00
129P04612,2020-02-25 15:00:00,71.99,100.00
129P04612,2020-02-25 15:10:00,71.59,100.00
129P04612,2020-02-25 15:20:00,68.46,100.00
129P04612,2020-02-25 15:30:00,71.78,100.00
129P04612,2020-02-25 15:40:00,70.29,100.00
129P04612,2020-02-25 15:50:00,72.18,100.00
129P04612,2020-02-25 16:00:00,71.18,100.00
129P04612,2020-02-25 16:10:00,70.75,100.00
129P04612,2020-02-25 16:20:00,71.58,100.00
129P04612,2020-02-25 16:30:00,71.29,100.00
129P04612,2020-02-25 16:40:00,70.50,100.00
129P04612,2020-02-25 16:50:00,69.59,100.00
129P04612,2020-02-25 17:00:00,71.04,100.00
129P04612,2020-02-25 17:10:00,71.18,99.90
129P04612,2020-02-25 17:20:00,70.69,100.00
129P04612,2020-02-25 17:30:00,70.59,100.00
129P04612,2020-02-25 17:40:00,70.38,100.00
129P04612,2020-02-25 17:50:00,69.89,100.00
129P04612,2020-02-25 18:00:00,69.26,99.90
129P04612,2020-02-25 18:10:00,64.37,100.00
129P04612,2020-02-25 18:20:00,67.98,100.00
129P04612,2020-02-25 18:30:00,67.47,100.00
129P04612,2020-02-25 18:40:00,66.65,92.20
129P04612,2020-02-25 18:50:00,66.84,97.60
129P04612,2020-02-25 19:00:00,67.10,100.00
129P04612,2020-02-25 19:10:00,69.48,91.70
129P04612,2020-02-25 19:20:00,67.43,100.00
129P04612,2020-02-25 19:30:00,69.68,100.00
129P04612,2020-02-25 19:40:00,71.63,82.40
129P04612,2020-02-25 19:50:00,67.46,99.80
129P04612,2020-02-25 20:00:00,70.79,96.00
129P04612,2020-02-25 20:10:00,70.00,98.00
129P04612,2020-02-25 20:20:00,69.59,92.00
129P04612,2020-02-25 20:30:00,67.62,97.70
129P04612,2020-02-25 20:40:00,64.76,100.00
129P04612,2020-02-25 20:50:00,68.00,100.00
129P04612,2020-02-25 21:00:00,67.44,82.40
129P04612,2020-02-25 21:10:00,65.91,96.20
129P04612,2020-02-25 21:20:00,72.68,55.90
129P04612,2020-02-25 21:30:00,66.79,94.30
129P04612,2020-02-25 21:40:00,64.89,100.00
129P04612,2020-02-25 21:50:00,70.93,61.40
129P04612,2020-02-25 22:00:00,67.77,97.90
129P04612,2020-02-25 22:10:00,65.03,83.50
129P04612,2020-02-25 22:20:00,60.18,46.80
129P04612,2020-02-25 22:30:00,62.69,83.10
129P04612,2020-02-25 22:40:00,65.17,83.30
129P04612,2020-02-25 22:50:00,62.25,89.40
129P04612,2020-02-25 23:00:00,58.59,80.90
129P04612,2020-02-25 23:10:00,58.29,87.00
129P04612,2020-02-25 23:20:00,67.95,52.60
129P04612,2020-02-25 23:30:00,64.70,91.20
129P04612,2020-02-25 23:40:00,63.00,98.38
129P04612,2020-02-25 23:50:00,,
129P04611,2020-02-25 00:00:00,66.29,92.60
129P04611,2020-02-25 00:10:00,68.19,98.80
129P04611,2020-02-25 00:20:00,63.65,68.78
129P04611,2020-02-25 00:30:00,63.42,81.22
129P04611,2020-02-25 00:40:00,64.47,95.90
129P04611,2020-02-25 00:50:00,66.89,92.33
129P04611,2020-02-25 01:00:00,66.12,96.50
129P04611,2020-02-25 01:10:00,66.00,97.29
129P04611,2020-02-25 01:20:00,65.50,97.20
129P04611,2020-02-25 01:30:00,65.78,97.89
129P04611,2020-02-25 01:40:00,65.30,99.50
129P04611,2020-02-25 01:50:00,65.40,98.10
129P04611,2020-02-25 02:00:00,65.90,98.60
129P04611,2020-02-25 02:10:00,65.50,98.00
129P04611,2020-02-25 02:20:00,67.12,88.60
129P04611,2020-02-25 02:30:00,66.68,94.30
129P04611,2020-02-25 02:40:00,63.20,79.50
129P04611,2020-02-25 02:50:00,64.79,86.50
129P04611,2020-02-25 03:00:00,65.32,96.11
129P04611,2020-02-25 03:10:00,66.88,93.22
129P04611,2020-02-25 03:20:00,67.19,84.63
129P04611,2020-02-25 03:30:00,72.07,52.00
129P04611,2020-02-25 03:40:00,70.81,63.50
129P04611,2020-02-25 03:50:00,65.95,68.75
129P04611,2020-02-25 04:00:00,65.80,82.30
129P04611,2020-02-25 04:10:00,65.40,80.90
129P04611,2020-02-25 04:20:00,70.70,53.30
129P04611,2020-02-25 04:30:00,69.12,85.80
129P04611,2020-02-25 04:40:00,67.08,97.90
129P04611,2020-02-25 04:50:00,69.42,82.90
129P04611,2020-02-25 05:00:00,72.61,72.10
129P04611,2020-02-25 05:10:00,71.13,87.60
129P04611,2020-02-25 05:20:00,72.97,91.70
129P04611,2020-02-25 05:30:00,72.29,98.30
129P04611,2020-02-25 05:40:00,73.13,95.60
129P04611,2020-02-25 05:50:00,70.73,100.00
129P04611,2020-02-25 06:00:00,70.29,100.00
129P04611,2020-02-25 06:10:00,70.98,100.00
129P04611,2020-02-25 06:20:00,70.19,100.00
129P04611,2020-02-25 06:30:00,70.45,100.00
129P04611,2020-02-25 06:40:00,71.29,100.00
129P04611,2020-02-25 06:50:00,70.89,100.00
129P04611,2020-02-25 07:00:00,68.65,99.90
129P04611,2020-02-25 07:10:00,69.78,100.00
129P04611,2020-02-25 07:20:00,71.00,100.00
129P04611,2020-02-25 07:30:00,70.07,100.00
129P04611,2020-02-25 07:40:00,70.69,100.00
129P04611,2020-02-25 07:50:00,70.59,100.00
129P04611,2020-02-25 08:00:00,70.29,100.00
129P04611,2020-02-25 08:10:00,70.60,100.00
129P04611,2020-02-25 08:20:00,71.08,100.00
129P04611,2020-02-25 08:30:00,72.82,88.40
129P04611,2020-02-25 08:40:00,69.88,100.00
129P04611,2020-02-25 08:50:00,71.19,99.30
129P04611,2020-02-25 09:00:00,69.56,99.00
129P04611,2020-02-25 09:10:00,72.27,96.70
129P04611,2020-02-25 09:20:00,73.58,96.30
129P04611,2020-02-25 09:30:00,71.79,97.00
129P04611,2020-02-25 09:40:00,70.25,96.80
129P04611,2020-02-25 09:50:00,70.79,99.70
129P04611,2020-02-25 10:00:00,69.59,100.00
129P04611,2020-02-25 10:10:00,72.17,95.40
129P04611,2020-02-25 10:20:00,71.68,100.00
129P04611,2020-02-25 10:30:00,71.58,100.00
129P04611,2020-02-25 10:40:00,70.64,99.10
129P04611,2020-02-25 10:50:00,72.79,97.10
129P04611,2020-02-25 11:00:00,70.86,98.60
129P04611,2020-02-25 11:10:00,69.65,100.00
129P04611,2020-02-25 11:20:00,69.98,99.10
129P04611,2020-02-25 11:30:00,70.59,100.00
129P04611,2020-02-25 11:40:00,69.77,96.00
129P04611,2020-02-25 11:50:00,73.36,100.00
129P04611,2020-02-25 12:00:00,72.58,100.00
129P04611,2020-02-25 12:10:00,69.15,99.90
129P04611,2020-02-25 12:20:00,71.23,96.60
129P04611,2020-02-25 12:30:00,70.94,95.80
129P04611,2020-02-25 12:40:00,69.73,98.10
129P04611,2020-02-25 12:50:00,69.89,100.00
129P04611,2020-02-25 13:00:00,70.17,100.00
129P04611,2020-02-25 13:10:00,71.99,100.00
129P04611,2020-02-25 13:20:00,68.99,100.00
129P04611,2020-02-25 13:30:00,70.85,95.10
129P04611,2020-02-25 13:40:00,75.69,74.40
129P04611,2020-02-25 13:50:00,74.12,66.70
129P04611,2020-02-25 14:00:00,67.40,100.00
129P04611,2020-02-25 14:10:00,69.46,100.00
129P04611,2020-02-25 14:20:00,74.49,100.00
129P04611,2020-02-25 14:30:00,72.25,99.20
129P04611,2020-02-25 14:40:00,72.15,100.00
129P04611,2020-02-25 14:50:00,70.07,100.00
129P04611,2020-02-25 15:00:00,72.57,100.00
129P04611,2020-02-25 15:10:00,72.28,99.70
129P04611,2020-02-25 15:20:00,71.19,100.00
129P04611,2020-02-25 15:30:00,70.19,100.00
129P04611,2020-02-25 15:40:00,69.78,100.00
129P04611,2020-02-25 15:50:00,72.37,100.00
129P04611,2020-02-25 16:00:00,70.04,100.00
129P04611,2020-02-25 16:10:00,71.47,100.00
129P04611,2020-02-25 16:20:00,71.98,100.00
129P04611,2020-02-25 16:30:00,71.09,100.00
129P04611,2020-02-25 16:40:00,69.77,100.00
129P04611,2020-02-25 16:50:00,69.98,100.00
129P04611,2020-02-25 17:00:00,73.84,100.00
129P04611,2020-02-25 17:10:00,72.76,100.00
129P04611,2020-02-25 17:20:00,70.30,100.00
129P04611,2020-02-25 17:30:00,70.30,100.00
129P04611,2020-02-25 17:40:00,72.18,99.80
129P04611,2020-02-25 17:50:00,71.18,100.00
129P04611,2020-02-25 18:00:00,70.09,100.00
129P04611,2020-02-25 18:10:00,65.28,100.00
129P04611,2020-02-25 18:20:00,67.08,100.00
129P04611,2020-02-25 18:30:00,68.80,90.80
129P04611,2020-02-25 18:40:00,69.66,79.60
129P04611,2020-02-25 18:50:00,66.39,100.00
129P04611,2020-02-25 19:00:00,68.39,100.00
129P04611,2020-02-25 19:10:00,68.19,100.00
129P04611,2020-02-25 19:20:00,67.99,100.00
129P04611,2020-02-25 19:30:00,67.46,100.00
129P04611,2020-02-25 19:40:00,66.26,100.00
129P04611,2020-02-25 19:50:00,68.39,98.60
129P04611,2020-02-25 20:00:00,70.38,86.60
129P04611,2020-02-25 20:10:00,71.26,77.00
129P04611,2020-02-25 20:20:00,70.87,67.60
129P04611,2020-02-25 20:30:00,65.06,100.00
129P04611,2020-02-25 20:40:00,66.09,100.00
129P04611,2020-02-25 20:50:00,69.45,94.80
129P04611,2020-02-25 21:00:00,64.21,96.90
129P04611,2020-02-25 21:10:00,66.41,96.50
129P04611,2020-02-25 21:20:00,72.24,62.50
129P04611,2020-02-25 21:30:00,65.80,100.00
129P04611,2020-02-25 21:40:00,66.87,100.00
129P04611,2020-02-25 21:50:00,71.10,60.90
129P04611,2020-02-25 22:00:00,67.28,96.50
129P04611,2020-02-25 22:10:00,65.49,87.10
129P04611,2020-02-25 22:20:00,65.19,87.30
129P04611,2020-02-25 22:30:00,65.69,97.00
129P04611,2020-02-25 22:40:00,67.65,92.40
129P04611,2020-02-25 22:50:00,64.47,94.20
129P04611,2020-02-25 23:00:00,63.17,89.80
129P04611,2020-02-25 23:10:00,74.82,25.60
129P04611,2020-02-25 23:20:00,70.59,81.40
129P04611,2020-02-25 23:30:00,,
129P04611,2020-02-25 23:40:00,,
129P04611,2020-02-25 23:50:00,68.00,76.00
129P04599,2020-02-25 00:00:00,64.59,90.60
129P04599,2020-02-25 00:10:00,66.74,89.40
129P04599,2020-02-25 00:20:00,70.15,79.90
129P04599,2020-02-25 00:30:00,64.59,93.60
129P04599,2020-02-25 00:40:00,65.98,98.80
129P04599,2020-02-25 00:50:00,65.00,93.00
129P04599,2020-02-25 01:00:00,63.16,83.00
129P04599,2020-02-25 01:10:00,64.62,69.10
129P04599,2020-02-25 01:20:00,67.99,83.10
129P04599,2020-02-25 01:30:00,67.00,98.00
129P04599,2020-02-25 01:40:00,,
129P04599,2020-02-25 01:50:00,75.09,40.78
129P04599,2020-02-25 02:00:00,68.63,52.90
129P04599,2020-02-25 02:10:00,68.16,86.11
129P04599,2020-02-25 02:20:00,66.83,77.80
129P04599,2020-02-25 02:30:00,57.67,47.50
129P04599,2020-02-25 02:40:00,74.39,71.20
129P04599,2020-02-25 02:50:00,70.32,78.90
129P04599,2020-02-25 03:00:00,61.78,72.90
129P04599,2020-02-25 03:10:00,62.54,79.33
129P04599,2020-02-25 03:20:00,72.55,69.44
129P04599,2020-02-25 03:30:00,67.53,92.00
129P04599,2020-02-25 03:40:00,70.52,78.90
129P04599,2020-02-25 03:50:00,69.26,79.90
129P04599,2020-02-25 04:00:00,71.06,80.90
129P04599,2020-02-25 04:10:00,65.98,83.90
129P04599,2020-02-25 04:20:00,67.51,95.90
129P04599,2020-02-25 04:30:00,69.11,97.70
129P04599,2020-02-25 04:40:00,68.59,99.20
129P04599,2020-02-25 04:50:00,72.92,67.40
129P04599,2020-02-25 05:00:00,73.48,56.70
129P04599,2020-02-25 05:10:00,71.32,89.50
129P04599,2020-02-25 05:20:00,72.32,90.80
129P04599,2020-02-25 05:30:00,74.32,92.10
129P04599,2020-02-25 05:40:00,72.15,97.30
129P04599,2020-02-25 05:50:00,70.39,100.00
129P04599,2020-02-25 06:00:00,67.73,100.00
129P04599,2020-02-25 06:10:00,66.19,100.00
129P04599,2020-02-25 06:20:00,69.93,100.00
129P04599,2020-02-25 06:30:00,69.37,100.00
129P04599,2020-02-25 06:40:00,67.38,100.00
129P04599,2020-02-25 06:50:00,69.05,100.00
129P04599,2020-02-25 07:00:00,73.38,100.00
129P04599,2020-02-25 07:10:00,71.76,100.00
129P04599,2020-02-25 07:20:00,70.37,100.00
129P04599,2020-02-25 07:30:00,60.62,100.00
129P04599,2020-02-25 07:40:00,50.62,100.00
129P04599,2020-02-25 07:50:00,27.86,100.00
129P04599,2020-02-25 08:00:00,21.14,100.00
129P04599,2020-02-25 08:10:00,58.25,98.90
129P04599,2020-02-25 08:20:00,69.17,100.00
129P04599,2020-02-25 08:30:00,70.51,100.00
129P04599,2020-02-25 08:40:00,68.16,100.00
129P04599,2020-02-25 08:50:00,70.98,100.00
129P04599,2020-02-25 09:00:00,71.97,96.00
129P04599,2020-02-25 09:10:00,66.36,100.00
129P04599,2020-02-25 09:20:00,71.95,100.00
129P04599,2020-02-25 09:30:00,67.95,100.00
129P04599,2020-02-25 09:40:00,69.59,100.00
129P04599,2020-02-25 09:50:00,67.45,95.10
129P04599,2020-02-25 10:00:00,70.79,97.60
129P04599,2020-02-25 10:10:00,70.93,95.80
129P04599,2020-02-25 10:20:00,70.78,100.00
129P04599,2020-02-25 10:30:00,66.56,100.00
129P04599,2020-02-25 10:40:00,69.74,100.00
129P04599,2020-02-25 10:50:00,68.87,98.40
129P04599,2020-02-25 11:00:00,66.96,100.00
129P04599,2020-02-25 11:10:00,70.56,90.90
129P04599,2020-02-25 11:20:00,70.19,100.00
129P04599,2020-02-25 11:30:00,71.36,88.50
129P04599,2020-02-25 11:40:00,70.06,96.10
129P04599,2020-02-25 11:50:00,67.31,100.00
129P04599,2020-02-25 12:00:00,73.75,94.90
129P04599,2020-02-25 12:10:00,71.13,98.60
129P04599,2020-02-25 12:20:00,69.93,100.00
129P04599,2020-02-25 12:30:00,70.38,100.00
129P04599,2020-02-25 12:40:00,73.16,99.80
129P04599,2020-02-25 12:50:00,70.59,99.70
129P04599,2020-02-25 13:00:00,68.57,98.40
129P04599,2020-02-25 13:10:00,68.79,99.40
129P04599,2020-02-25 13:20:00,69.56,99.80
129P04599,2020-02-25 13:30:00,73.71,92.70
129P04599,2020-02-25 13:40:00,69.11,99.50
129P04599,2020-02-25 13:50:00,67.96,98.80
129P04599,2020-02-25 14:00:00,71.75,100.00
129P04599,2020-02-25 14:10:00,70.90,100.00
129P04599,2020-02-25 14:20:00,69.16,99.70
129P04599,2020-02-25 14:30:00,68.98,100.00
129P04599,2020-02-25 14:40:00,72.39,100.00
129P04599,2020-02-25 14:50:00,72.77,100.00
129P04599,2020-02-25 15:00:00,71.13,100.00
129P04599,2020-02-25 15:10:00,65.74,99.70
129P04599,2020-02-25 15:20:00,69.17,100.00
129P04599,2020-02-25 15:30:00,69.54,100.00
129P04599,2020-02-25 15:40:00,70.56,100.00
129P04599,2020-02-25 15:50:00,69.95,100.00
129P04599,2020-02-25 16:00:00,70.78,100.00
129P04599,2020-02-25 16:10:00,72.38,100.00
129P04599,2020-02-25 16:20:00,69.55,100.00
129P04599,2020-02-25 16:30:00,72.99,91.20
129P04599,2020-02-25 16:40:00,74.52,89.60
129P04599,2020-02-25 16:50:00,70.38,100.00
129P04599,2020-02-25 17:00:00,66.67,100.00
129P04599,2020-02-25 17:10:00,70.55,100.00
129P04599,2020-02-25 17:20:00,69.99,100.00
129P04599,2020-02-25 17:30:00,70.98,100.00
129P04599,2020-02-25 17:40:00,69.17,100.00
129P04599,2020-02-25 17:50:00,69.38,100.00
129P04599,2020-02-25 18:00:00,68.58,100.00
129P04599,2020-02-25 18:10:00,67.99,100.00
129P04599,2020-02-25 18:20:00,70.30,91.80
129P04599,2020-02-25 18:30:00,71.78,93.00
129P04599,2020-02-25 18:40:00,67.70,99.20
129P04599,2020-02-25 18:50:00,66.90,96.10
129P04599,2020-02-25 19:00:00,72.57,94.60
129P04599,2020-02-25 19:10:00,71.11,94.90
129P04599,2020-02-25 19:20:00,69.78,95.90
129P04599,2020-02-25 19:30:00,71.39,84.80
129P04599,2020-02-25 19:40:00,68.27,97.90
129P04599,2020-02-25 19:50:00,65.19,100.00
129P04599,2020-02-25 20:00:00,63.72,75.50
129P04599,2020-02-25 20:10:00,71.72,84.00
129P04599,2020-02-25 20:20:00,67.93,96.40
129P04599,2020-02-25 20:30:00,71.12,90.00
129P04599,2020-02-25 20:40:00,66.75,97.30
129P04599,2020-02-25 20:50:00,66.46,96.90
129P04599,2020-02-25 21:00:00,71.27,81.50
129P04599,2020-02-25 21:10:00,66.79,99.10
129P04599,2020-02-25 21:20:00,69.75,90.40
129P04599,2020-02-25 21:30:00,68.38,99.20
129P04599,2020-02-25 21:40:00,70.37,90.20
129P04599,2020-02-25 21:50:00,64.10,99.20
129P04599,2020-02-25 22:00:00,68.10,89.80
129P04599,2020-02-25 22:10:00,68.14,96.50
129P04599,2020-02-25 22:20:00,65.75,91.70
129P04599,2020-02-25 22:30:00,66.59,98.60
129P04599,2020-02-25 22:40:00,65.00,94.80
129P04599,2020-02-25 22:50:00,65.98,96.60
129P04599,2020-02-25 23:00:00,65.00,95.10
129P04599,2020-02-25 23:10:00,67.39,97.90
129P04599,2020-02-25 23:20:00,65.38,95.33
129P04599,2020-02-25 23:30:00,65.39,97.70
129P04599,2020-02-25 23:40:00,66.19,96.30
129P04599,2020-02-25 23:50:00,66.58,98.00
129P04610,2020-02-25 00:00:00,68.99,95.20
129P04610,2020-02-25 00:10:00,69.59,99.60
129P04610,2020-02-25 00:20:00,70.28,98.20
129P04610,2020-02-25 00:30:00,69.91,92.67
129P04610,2020-02-25 00:40:00,69.18,97.90
129P04610,2020-02-25 00:50:00,70.86,97.43
129P04610,2020-02-25 01:00:00,68.00,95.13
129P04610,2020-02-25 01:10:00,67.28,93.29
129P04610,2020-02-25 01:20:00,67.00,95.50
129P04610,2020-02-25 01:30:00,68.69,98.30
129P04610,2020-02-25 01:40:00,69.38,97.20
129P04610,2020-02-25 01:50:00,67.30,98.80
129P04610,2020-02-25 02:00:00,69.07,97.90
129P04610,2020-02-25 02:10:00,68.85,90.60
129P04610,2020-02-25 02:20:00,67.09,98.30
129P04610,2020-02-25 02:30:00,75.69,45.10
129P04610,2020-02-25 02:40:00,65.25,60.20
129P04610,2020-02-25 02:50:00,67.74,81.30
129P04610,2020-02-25 03:00:00,69.65,97.78
129P04610,2020-02-25 03:10:00,69.65,94.89
129P04610,2020-02-25 03:20:00,71.09,83.89
129P04610,2020-02-25 03:30:00,74.29,62.40
129P04610,2020-02-25 03:40:00,73.86,77.10
129P04610,2020-02-25 03:50:00,68.93,75.20
129P04610,2020-02-25 04:00:00,72.75,70.80
129P04610,2020-02-25 04:10:00,68.79,72.60
129P04610,2020-02-25 04:20:00,73.43,50.30
129P04610,2020-02-25 04:30:00,70.06,89.30
129P04610,2020-02-25 04:40:00,68.82,84.80
129P04610,2020-02-25 04:50:00,72.71,88.20
129P04610,2020-02-25 05:00:00,69.97,97.70
129P04610,2020-02-25 05:10:00,70.54,93.50
129P04610,2020-02-25 05:20:00,73.00,95.20
129P04610,2020-02-25 05:30:00,73.78,100.00
129P04610,2020-02-25 05:40:00,74.04,100.00
129P04610,2020-02-25 05:50:00,74.78,100.00
129P04610,2020-02-25 06:00:00,71.39,100.00
129P04610,2020-02-25 06:10:00,71.98,100.00
129P04610,2020-02-25 06:20:00,71.72,100.00
129P04610,2020-02-25 06:30:00,72.36,100.00
129P04610,2020-02-25 06:40:00,72.80,100.00
129P04610,2020-02-25 06:50:00,70.59,100.00
129P04610,2020-02-25 07:00:00,69.68,100.00
129P04610,2020-02-25 07:10:00,71.00,100.00
129P04610,2020-02-25 07:20:00,70.50,100.00
129P04610,2020-02-25 07:30:00,70.08,100.00
129P04610,2020-02-25 07:40:00,70.09,100.00
129P04610,2020-02-25 07:50:00,69.99,100.00
129P04610,2020-02-25 08:00:00,70.29,100.00
129P04610,2020-02-25 08:10:00,71.09,100.00
129P04610,2020-02-25 08:20:00,72.88,100.00
129P04610,2020-02-25 08:30:00,73.74,95.00
129P04610,2020-02-25 08:40:00,73.09,100.00
129P04610,2020-02-25 08:50:00,71.28,100.00
129P04610,2020-02-25 09:00:00,72.76,100.00
129P04610,2020-02-25 09:10:00,73.18,100.00
129P04610,2020-02-25 09:20:00,75.30,99.00
129P04610,2020-02-25 09:30:00,75.29,99.90
129P04610,2020-02-25 09:40:00,74.08,99.80
129P04610,2020-02-25 09:50:00,73.68,100.00
129P04610,2020-02-25 10:00:00,70.79,100.00
129P04610,2020-02-25 10:10:00,74.87,98.70
129P04610,2020-02-25 10:20:00,73.39,100.00
129P04610,2020-02-25 10:30:00,74.88,100.00
129P04610,2020-02-25 10:40:00,72.88,100.00
129P04610,2020-02-25 10:50:00,72.70,99.70
129P04610,2020-02-25 11:00:00,70.06,100.00
129P04610,2020-02-25 11:10:00,69.25,99.30
129P04610,2020-02-25 11:20:00,72.06,100.00
129P04610,2020-02-25 11:30:00,74.99,99.00
129P04610,2020-02-25 11:40:00,71.77,98.00
129P04610,2020-02-25 11:50:00,72.59,99.10
129P04610,2020-02-25 12:00:00,73.86,100.00
129P04610,2020-02-25 12:10:00,70.26,100.00
129P04610,2020-02-25 12:20:00,73.86,94.30
129P04610,2020-02-25 12:30:00,70.07,100.00
129P04610,2020-02-25 12:40:00,72.28,100.00
129P04610,2020-02-25 12:50:00,71.58,100.00
129P04610,2020-02-25 13:00:00,73.07,100.00
129P04610,2020-02-25 13:10:00,75.37,100.00
129P04610,2020-02-25 13:20:00,72.62,100.00
129P04610,2020-02-25 13:30:00,73.08,100.00
129P04610,2020-02-25 13:40:00,76.38,90.60
129P04610,2020-02-25 13:50:00,72.59,99.40
129P04610,2020-02-25 14:00:00,70.68,100.00
129P04610,2020-02-25 14:10:00,72.34,100.00
129P04610,2020-02-25 14:20:00,73.89,100.00
129P04610,2020-02-25 14:30:00,72.09,100.00
129P04610,2020-02-25 14:40:00,72.64,100.00
129P04610,2020-02-25 14:50:00,72.16,100.00
129P04610,2020-02-25 15:00:00,73.67,100.00
129P04610,2020-02-25 15:10:00,72.29,100.00
129P04610,2020-02-25 15:20:00,72.09,100.00
129P04610,2020-02-25 15:30:00,70.69,100.00
129P04610,2020-02-25 15:40:00,70.58,100.00
129P04610,2020-02-25 15:50:00,74.28,100.00
129P04610,2020-02-25 16:00:00,71.46,100.00
129P04610,2020-02-25 16:10:00,71.99,100.00
129P04610,2020-02-25 16:20:00,72.59,100.00
129P04610,2020-02-25 16:30:00,72.88,100.00
129P04610,2020-02-25 16:40:00,70.57,100.00
129P04610,2020-02-25 16:50:00,70.90,100.00
129P04610,2020-02-25 17:00:00,71.68,100.00
129P04610,2020-02-25 17:10:00,70.98,100.00
129P04610,2020-02-25 17:20:00,70.39,100.00
129P04610,2020-02-25 17:30:00,70.58,100.00
129P04610,2020-02-25 17:40:00,74.17,95.40
129P04610,2020-02-25 17:50:00,73.05,100.00
129P04610,2020-02-25 18:00:00,70.24,100.00
129P04610,2020-02-25 18:10:00,66.79,100.00
129P04610,2020-02-25 18:20:00,67.39,100.00
129P04610,2020-02-25 18:30:00,71.14,100.00
129P04610,2020-02-25 18:40:00,70.99,95.40
129P04610,2020-02-25 18:50:00,68.59,100.00
129P04610,2020-02-25 19:00:00,67.80,100.00
129P04610,2020-02-25 19:10:00,69.98,100.00
129P04610,2020-02-25 19:20:00,71.47,100.00
129P04610,2020-02-25 19:30:00,72.09,100.00
129P04610,2020-02-25 19:40:00,71.39,96.70
129P04610,2020-02-25 19:50:00,70.58,97.50
129P04610,2020-02-25 20:00:00,71.39,97.40
129P04610,2020-02-25 20:10:00,67.77,100.00
129P04610,2020-02-25 20:20:00,72.99,78.90
129P04610,2020-02-25 20:30:00,67.94,100.00
129P04610,2020-02-25 20:40:00,68.58,100.00
129P04610,2020-02-25 20:50:00,70.87,97.10
129P04610,2020-02-25 21:00:00,66.30,100.00
129P04610,2020-02-25 21:10:00,71.93,81.20
129P04610,2020-02-25 21:20:00,76.00,48.80
129P04610,2020-02-25 21:30:00,67.08,100.00
129P04610,2020-02-25 21:40:00,67.89,100.00
129P04610,2020-02-25 21:50:00,70.45,82.90
129P04610,2020-02-25 22:00:00,70.29,99.30
129P04610,2020-02-25 22:10:00,69.79,99.60
129P04610,2020-02-25 22:20:00,66.68,86.20
129P04610,2020-02-25 22:30:00,67.08,87.80
129P04610,2020-02-25 22:40:00,67.87,97.60
129P04610,2020-02-25 22:50:00,65.40,89.90
129P04610,2020-02-25 23:00:00,65.69,89.00
129P04610,2020-02-25 23:10:00,74.05,43.30
129P04610,2020-02-25 23:20:00,64.49,97.10
129P04610,2020-02-25 23:30:00,,
129P04610,2020-02-25 23:40:00,64.00,76.83
129P04610,2020-02-25 23:50:00,66.46,75.44
129P04598,2020-02-25 00:00:00,67.39,97.20
129P04598,2020-02-25 00:10:00,68.35,94.70
129P04598,2020-02-25 00:20:00,67.79,89.60
129P04598,2020-02-25 00:30:00,70.79,91.00
129P04598,2020-02-25 00:40:00,68.75,95.00
129P04598,2020-02-25 00:50:00,67.34,94.20
129P04598,2020-02-25 01:00:00,66.47,80.00
129P04598,2020-02-25 01:10:00,68.51,80.70
129P04598,2020-02-25 01:20:00,68.69,91.10
129P04598,2020-02-25 01:30:00,67.00,97.17
129P04598,2020-02-25 01:40:00,,
129P04598,2020-02-25 01:50:00,74.53,31.33
129P04598,2020-02-25 02:00:00,71.70,50.50
129P04598,2020-02-25 02:10:00,67.41,77.80
129P04598,2020-02-25 02:20:00,68.73,90.50
129P04598,2020-02-25 02:30:00,69.18,89.13
129P04598,2020-02-25 02:40:00,74.58,69.70
129P04598,2020-02-25 02:50:00,67.10,75.70
129P04598,2020-02-25 03:00:00,62.74,47.40
129P04598,2020-02-25 03:10:00,62.57,41.33
129P04598,2020-02-25 03:20:00,71.00,81.70
129P04598,2020-02-25 03:30:00,69.41,71.90
129P04598,2020-02-25 03:40:00,67.98,69.40
129P04598,2020-02-25 03:50:00,70.93,82.70
129P04598,2020-02-25 04:00:00,70.74,86.70
129P04598,2020-02-25 04:10:00,65.98,77.00
129P04598,2020-02-25 04:20:00,68.35,92.50
129P04598,2020-02-25 04:30:00,68.56,93.40
129P04598,2020-02-25 04:40:00,68.39,99.10
129P04598,2020-02-25 04:50:00,70.84,67.50
129P04598,2020-02-25 05:00:00,73.65,53.60
129P04598,2020-02-25 05:10:00,72.74,84.00
129P04598,2020-02-25 05:20:00,72.79,97.70
129P04598,2020-02-25 05:30:00,74.76,93.40
129P04598,2020-02-25 05:40:00,73.44,94.50
129P04598,2020-02-25 05:50:00,70.39,99.20
129P04598,2020-02-25 06:00:00,68.77,100.00
129P04598,2020-02-25 06:10:00,67.19,100.00
129P04598,2020-02-25 06:20:00,71.96,99.70
129P04598,2020-02-25 06:30:00,71.00,100.00
129P04598,2020-02-25 06:40:00,73.18,100.00
129P04598,2020-02-25 06:50:00,73.95,100.00
129P04598,2020-02-25 07:00:00,73.78,100.00
129P04598,2020-02-25 07:10:00,75.20,100.00
129P04598,2020-02-25 07:20:00,73.15,100.00
129P04598,2020-02-25 07:30:00,71.59,100.00
129P04598,2020-02-25 07:40:00,72.56,100.00
129P04598,2020-02-25 07:50:00,70.19,100.00
129P04598,2020-02-25 08:00:00,73.70,98.90
129P04598,2020-02-25 08:10:00,71.98,100.00
129P04598,2020-02-25 08:20:00,74.56,100.00
129P04598,2020-02-25 08:30:00,72.14,100.00
129P04598,2020-02-25 08:40:00,69.38,100.00
129P04598,2020-02-25 08:50:00,69.99,100.00
129P04598,2020-02-25 09:00:00,71.74,97.50
129P04598,2020-02-25 09:10:00,68.98,99.90
129P04598,2020-02-25 09:20:00,70.35,100.00
129P04598,2020-02-25 09:30:00,69.58,100.00
129P04598,2020-02-25 09:40:00,70.38,100.00
129P04598,2020-02-25 09:50:00,69.99,99.80
129P04598,2020-02-25 10:00:00,67.99,100.00
129P04598,2020-02-25 10:10:00,70.34,100.00
129P04598,2020-02-25 10:20:00,71.59,100.00
129P04598,2020-02-25 10:30:00,70.97,97.70
129P04598,2020-02-25 10:40:00,72.59,93.10
129P04598,2020-02-25 10:50:00,73.07,95.70
129P04598,2020-02-25 11:00:00,72.52,92.60
129P04598,2020-02-25 11:10:00,72.53,96.30
129P04598,2020-02-25 11:20:00,71.99,98.70
129P04598,2020-02-25 11:30:00,71.20,93.90
129P04598,2020-02-25 11:40:00,74.38,99.20
129P04598,2020-02-25 11:50:00,73.91,93.30
129P04598,2020-02-25 12:00:00,74.35,91.40
129P04598,2020-02-25 12:10:00,72.47,94.70
129P04598,2020-02-25 12:20:00,72.78,98.30
129P04598,2020-02-25 12:30:00,71.75,91.20
129P04598,2020-02-25 12:40:00,75.36,100.00
129P04598,2020-02-25 12:50:00,75.36,99.30
129P04598,2020-02-25 13:00:00,69.32,98.00
129P04598,2020-02-25 13:10:00,71.57,98.80
129P04598,2020-02-25 13:20:00,72.34,97.70
129P04598,2020-02-25 13:30:00,74.34,90.00
129P04598,2020-02-25 13:40:00,71.93,95.00
129P04598,2020-02-25 13:50:00,70.35,99.40
129P04598,2020-02-25 14:00:00,73.18,100.00
129P04598,2020-02-25 14:10:00,74.37,100.00
129P04598,2020-02-25 14:20:00,69.31,100.00
129P04598,2020-02-25 14:30:00,71.37,100.00
129P04598,2020-02-25 14:40:00,73.95,100.00
129P04598,2020-02-25 14:50:00,75.39,100.00
129P04598,2020-02-25 15:00:00,73.36,100.00
129P04598,2020-02-25 15:10:00,69.71,100.00
129P04598,2020-02-25 15:20:00,70.77,99.60
129P04598,2020-02-25 15:30:00,73.87,96.10
129P04598,2020-02-25 15:40:00,71.79,100.00
129P04598,2020-02-25 15:50:00,71.96,100.00
129P04598,2020-02-25 16:00:00,73.78,100.00
129P04598,2020-02-25 16:10:00,74.57,100.00
129P04598,2020-02-25 16:20:00,72.59,100.00
129P04598,2020-02-25 16:30:00,75.77,86.60
129P04598,2020-02-25 16:40:00,76.59,99.60
129P04598,2020-02-25 16:50:00,73.42,100.00
129P04598,2020-02-25 17:00:00,69.79,100.00
129P04598,2020-02-25 17:10:00,72.30,100.00
129P04598,2020-02-25 17:20:00,72.58,100.00
129P04598,2020-02-25 17:30:00,72.19,100.00
129P04598,2020-02-25 17:40:00,69.78,100.00
129P04598,2020-02-25 17:50:00,72.75,99.90
129P04598,2020-02-25 18:00:00,68.76,100.00
129P04598,2020-02-25 18:10:00,68.98,100.00
129P04598,2020-02-25 18:20:00,72.87,96.00
129P04598,2020-02-25 18:30:00,70.79,98.90
129P04598,2020-02-25 18:40:00,69.18,99.80
129P04598,2020-02-25 18:50:00,68.95,97.30
129P04598,2020-02-25 19:00:00,71.99,91.90
129P04598,2020-02-25 19:10:00,71.76,100.00
129P04598,2020-02-25 19:20:00,70.97,98.70
129P04598,2020-02-25 19:30:00,72.39,96.00
129P04598,2020-02-25 19:40:00,69.56,94.10
129P04598,2020-02-25 19:50:00,69.00,89.40
129P04598,2020-02-25 20:00:00,72.13,88.88
129P04598,2020-02-25 20:10:00,68.33,90.80
129P04598,2020-02-25 20:20:00,65.77,75.70
129P04598,2020-02-25 20:30:00,73.15,88.30
129P04598,2020-02-25 20:40:00,67.94,98.50
129P04598,2020-02-25 20:50:00,67.63,91.60
129P04598,2020-02-25 21:00:00,68.12,91.60
129P04598,2020-02-25 21:10:00,67.39,99.60
129P04598,2020-02-25 21:20:00,70.46,76.00
129P04598,2020-02-25 21:30:00,67.00,99.90
129P04598,2020-02-25 21:40:00,70.79,78.10
129P04598,2020-02-25 21:50:00,64.40,98.10
129P04598,2020-02-25 22:00:00,70.29,90.60
129P04598,2020-02-25 22:10:00,67.37,94.20
129P04598,2020-02-25 22:20:00,66.75,87.00
129P04598,2020-02-25 22:30:00,65.98,95.80
129P04598,2020-02-25 22:40:00,65.79,94.90
129P04598,2020-02-25 22:50:00,65.98,97.40
129P04598,2020-02-25 23:00:00,65.00,92.10
129P04598,2020-02-25 23:10:00,65.00,84.00
129P04598,2020-02-25 23:20:00,66.71,82.43
129P04598,2020-02-25 23:30:00,66.19,91.80
129P04598,2020-02-25 23:40:00,67.55,92.70
129P04598,2020-02-25 23:50:00,68.39,96.20
129+04612,2020-02-25 00:00:00,65.00,87.20
129+04612,2020-02-25 00:10:00,67.08,92.60
129+04612,2020-02-25 00:20:00,65.94,88.10
129+04612,2020-02-25 00:30:00,66.29,90.30
129+04612,2020-02-25 00:40:00,63.46,88.20
129+04612,2020-02-25 00:50:00,66.64,95.78
129+04612,2020-02-25 01:00:00,66.21,93.50
129+04612,2020-02-25 01:10:00,68.68,83.40
129+04612,2020-02-25 01:20:00,63.80,89.70
129+04612,2020-02-25 01:30:00,62.44,80.11
129+04612,2020-02-25 01:40:00,61.87,79.25
129+04612,2020-02-25 01:50:00,64.79,97.70
129+04612,2020-02-25 02:00:00,63.46,95.20
129+04612,2020-02-25 02:10:00,61.04,83.89
129+04612,2020-02-25 02:20:00,66.77,73.70
129+04612,2020-02-25 02:30:00,65.58,90.20
129+04612,2020-02-25 02:40:00,63.17,92.00
129+04612,2020-02-25 02:50:00,65.22,88.70
129+04612,2020-02-25 03:00:00,65.19,96.40
129+04612,2020-02-25 03:10:00,64.70,99.40
129+04612,2020-02-25 03:20:00,65.69,94.29
129+04612,2020-02-25 03:30:00,69.29,73.90
129+04612,2020-02-25 03:40:00,69.99,68.70
129+04612,2020-02-25 03:50:00,65.36,72.11
129+04612,2020-02-25 04:00:00,63.99,79.00
129+04612,2020-02-25 04:10:00,64.57,84.20
129+04612,2020-02-25 04:20:00,64.56,67.90
129+04612,2020-02-25 04:30:00,67.26,82.80
129+04612,2020-02-25 04:40:00,67.36,82.40
129+04612,2020-02-25 04:50:00,69.07,75.10
129+04612,2020-02-25 05:00:00,71.79,65.90
129+04612,2020-02-25 05:10:00,69.53,91.30
129+04612,2020-02-25 05:20:00,72.08,86.70
129+04612,2020-02-25 05:30:00,71.17,99.20
129+04612,2020-02-25 05:40:00,71.02,100.00
129+04612,2020-02-25 05:50:00,70.46,100.00
129+04612,2020-02-25 06:00:00,69.89,100.00
129+04612,2020-02-25 06:10:00,71.28,100.00
129+04612,2020-02-25 06:20:00,70.99,100.00
129+04612,2020-02-25 06:30:00,70.50,100.00
129+04612,2020-02-25 06:40:00,70.90,100.00
129+04612,2020-02-25 06:50:00,70.68,100.00
129+04612,2020-02-25 07:00:00,68.58,99.60
129+04612,2020-02-25 07:10:00,69.97,100.00
129+04612,2020-02-25 07:20:00,69.69,100.00
129+04612,2020-02-25 07:30:00,69.58,100.00
129+04612,2020-02-25 07:40:00,70.29,100.00
129+04612,2020-02-25 07:50:00,71.59,100.00
129+04612,2020-02-25 08:00:00,69.99,100.00
129+04612,2020-02-25 08:10:00,69.39,100.00
129+04612,2020-02-25 08:20:00,70.10,99.80
129+04612,2020-02-25 08:30:00,60.62,100.00
129+04612,2020-02-25 08:40:00,56.59,100.00
129+04612,2020-02-25 08:50:00,68.57,97.40
129+04612,2020-02-25 09:00:00,69.89,100.00
129+04612,2020-02-25 09:10:00,70.58,100.00
129+04612,2020-02-25 09:20:00,72.16,100.00
129+04612,2020-02-25 09:30:00,71.78,99.60
129+04612,2020-02-25 09:40:00,71.62,94.00
129+04612,2020-02-25 09:50:00,69.68,100.00
129+04612,2020-02-25 10:00:00,69.08,100.00
129+04612,2020-02-25 10:10:00,69.07,100.00
129+04612,2020-02-25 10:20:00,70.50,100.00
129+04612,2020-02-25 10:30:00,70.80,100.00
129+04612,2020-02-25 10:40:00,68.49,100.00
129+04612,2020-02-25 10:50:00,71.39,97.90
129+04612,2020-02-25 11:00:00,70.88,98.60
129+04612,2020-02-25 11:10:00,70.86,96.90
129+04612,2020-02-25 11:20:00,69.37,98.30
129+04612,2020-02-25 11:30:00,70.59,100.00
129+04612,2020-02-25 11:40:00,71.14,97.00
129+04612,2020-02-25 11:50:00,71.17,100.00
129+04612,2020-02-25 12:00:00,70.89,100.00
129+04612,2020-02-25 12:10:00,69.19,100.00
129+04612,2020-02-25 12:20:00,70.78,96.70
129+04612,2020-02-25 12:30:00,68.82,96.90
129+04612,2020-02-25 12:40:00,67.77,100.00
129+04612,2020-02-25 12:50:00,69.39,100.00
129+04612,2020-02-25 13:00:00,68.58,100.00
129+04612,2020-02-25 13:10:00,70.10,100.00
129+04612,2020-02-25 13:20:00,67.28,100.00
129+04612,2020-02-25 13:30:00,68.37,98.90
129+04612,2020-02-25 13:40:00,70.64,100.00
129+04612,2020-02-25 13:50:00,69.38,100.00
129+04612,2020-02-25 14:00:00,68.20,100.00
129+04612,2020-02-25 14:10:00,67.85,100.00
129+04612,2020-02-25 14:20:00,71.66,100.00
129+04612,2020-02-25 14:30:00,69.27,100.00
129+04612,2020-02-25 14:40:00,71.59,100.00
129+04612,2020-02-25 14:50:00,71.09,100.00
129+04612,2020-02-25 15:00:00,72.39,100.00
129+04612,2020-02-25 15:10:00,72.08,100.00
129+04612,2020-02-25 15:20:00,70.79,100.00
129+04612,2020-02-25 15:30:00,70.50,100.00
129+04612,2020-02-25 15:40:00,69.59,100.00
129+04612,2020-02-25 15:50:00,72.48,100.00
129+04612,2020-02-25 16:00:00,69.96,100.00
129+04612,2020-02-25 16:10:00,71.28,100.00
129+04612,2020-02-25 16:20:00,72.78,100.00
129+04612,2020-02-25 16:30:00,71.00,100.00
129+04612,2020-02-25 16:40:00,71.10,100.00
129+04612,2020-02-25 16:50:00,69.65,100.00
129+04612,2020-02-25 17:00:00,70.91,100.00
129+04612,2020-02-25 17:10:00,73.29,99.50
129+04612,2020-02-25 17:20:00,71.38,100.00
129+04612,2020-02-25 17:30:00,70.30,100.00
129+04612,2020-02-25 17:40:00,70.79,100.00
129+04612,2020-02-25 17:50:00,70.98,100.00
129+04612,2020-02-25 18:00:00,70.05,99.90
129+04612,2020-02-25 18:10:00,65.09,100.00
129+04612,2020-02-25 18:20:00,66.10,100.00
129+04612,2020-02-25 18:30:00,69.48,95.60
129+04612,2020-02-25 18:40:00,66.27,98.50
129+04612,2020-02-25 18:50:00,66.08,100.00
129+04612,2020-02-25 19:00:00,67.90,100.00
129+04612,2020-02-25 19:10:00,68.18,100.00
129+04612,2020-02-25 19:20:00,66.87,100.00
129+04612,2020-02-25 19:30:00,67.25,100.00
129+04612,2020-02-25 19:40:00,67.99,100.00
129+04612,2020-02-25 19:50:00,68.38,100.00
129+04612,2020-02-25 20:00:00,70.70,94.30
129+04612,2020-02-25 20:10:00,66.68,99.10
129+04612,2020-02-25 20:20:00,64.18,94.90
129+04612,2020-02-25 20:30:00,65.54,100.00
129+04612,2020-02-25 20:40:00,63.69,100.00
129+04612,2020-02-25 20:50:00,67.56,94.80
129+04612,2020-02-25 21:00:00,65.01,84.90
129+04612,2020-02-25 21:10:00,64.35,100.00
129+04612,2020-02-25 21:20:00,68.17,71.60
129+04612,2020-02-25 21:30:00,65.97,97.20
129+04612,2020-02-25 21:40:00,65.60,100.00
129+04612,2020-02-25 21:50:00,70.75,56.70
129+04612,2020-02-25 22:00:00,66.29,99.00
129+04612,2020-02-25 22:10:00,64.58,95.10
129+04612,2020-02-25 22:20:00,62.39,73.30
129+04612,2020-02-25 22:30:00,63.90,92.70
129+04612,2020-02-25 22:40:00,66.16,87.20
129+04612,2020-02-25 22:50:00,63.26,93.20
129+04612,2020-02-25 23:00:00,60.89,84.20
129+04612,2020-02-25 23:10:00,71.33,31.80
129+04612,2020-02-25 23:20:00,68.74,48.80
129+04612,2020-02-25 23:30:00,61.11,70.11
129+04612,2020-02-25 23:40:00,,
129+04612,2020-02-25 23:50:00,65.00,95.00
129P04609,2020-02-25 00:00:00,57.31,72.00
129P04609,2020-02-25 00:10:00,60.87,94.90
129P04609,2020-02-25 00:20:00,59.67,87.10
129P04609,2020-02-25 00:30:00,58.92,86.33
129P04609,2020-02-25 00:40:00,57.48,91.40
129P04609,2020-02-25 00:50:00,60.00,99.50
129P04609,2020-02-25 01:00:00,60.00,98.00
129P04609,2020-02-25 01:10:00,60.00,99.20
129P04609,2020-02-25 01:20:00,60.00,95.80
129P04609,2020-02-25 01:30:00,52.88,66.13
129P04609,2020-02-25 01:40:00,62.56,63.20
129P04609,2020-02-25 01:50:00,57.36,59.90
129P04609,2020-02-25 02:00:00,61.13,67.80
129P04609,2020-02-25 02:10:00,65.10,47.25
129P04609,2020-02-25 02:20:00,60.58,98.70
129P04609,2020-02-25 02:30:00,59.76,97.30
129P04609,2020-02-25 02:40:00,59.90,99.60
129P04609,2020-02-25 02:50:00,60.29,99.30
129P04609,2020-02-25 03:00:00,59.42,98.86
129P04609,2020-02-25 03:10:00,61.59,96.10
129P04609,2020-02-25 03:20:00,61.61,80.00
129P04609,2020-02-25 03:30:00,71.99,18.00
129P04609,2020-02-25 03:40:00,68.64,68.40
129P04609,2020-02-25 03:50:00,62.14,82.60
129P04609,2020-02-25 04:00:00,67.55,79.10
129P04609,2020-02-25 04:10:00,59.90,49.90
129P04609,2020-02-25 04:20:00,65.58,49.80
129P04609,2020-02-25 04:30:00,64.56,97.50
129P04609,2020-02-25 04:40:00,58.19,61.70
129P04609,2020-02-25 04:50:00,63.34,70.00
129P04609,2020-02-25 05:00:00,61.29,99.10
129P04609,2020-02-25 05:10:00,65.08,90.80
129P04609,2020-02-25 05:20:00,65.71,82.80
129P04609,2020-02-25 05:30:00,66.45,100.00
129P04609,2020-02-25 05:40:00,66.99,100.00
129P04609,2020-02-25 05:50:00,65.46,100.00
129P04609,2020-02-25 06:00:00,65.10,100.00
129P04609,2020-02-25 06:10:00,65.88,100.00
129P04609,2020-02-25 06:20:00,63.98,100.00
129P04609,2020-02-25 06:30:00,65.09,100.00
129P04609,2020-02-25 06:40:00,65.19,100.00
129P04609,2020-02-25 06:50:00,61.19,100.00
129P04609,2020-02-25 07:00:00,63.04,100.00
129P04609,2020-02-25 07:10:00,63.17,100.00
129P04609,2020-02-25 07:20:00,61.99,100.00
129P04609,2020-02-25 07:30:00,61.19,100.00
129P04609,2020-02-25 07:40:00,60.69,100.00
129P04609,2020-02-25 07:50:00,61.20,100.00
129P04609,2020-02-25 08:00:00,62.12,100.00
129P04609,2020-02-25 08:10:00,62.98,100.00
129P04609,2020-02-25 08:20:00,61.86,100.00
129P04609,2020-02-25 08:30:00,66.69,100.00
129P04609,2020-02-25 08:40:00,64.76,100.00
129P04609,2020-02-25 08:50:00,62.87,100.00
129P04609,2020-02-25 09:00:00,62.69,100.00
129P04609,2020-02-25 09:10:00,64.85,99.70
129P04609,2020-02-25 09:20:00,65.48,100.00
129P04609,2020-02-25 09:30:00,69.66,100.00
129P04609,2020-02-25 09:40:00,64.38,100.00
129P04609,2020-02-25 09:50:00,65.48,100.00
129P04609,2020-02-25 10:00:00,61.89,100.00
129P04609,2020-02-25 10:10:00,64.27,100.00
129P04609,2020-02-25 10:20:00,64.18,100.00
129P04609,2020-02-25 10:30:00,63.18,100.00
129P04609,2020-02-25 10:40:00,62.78,100.00
129P04609,2020-02-25 10:50:00,64.06,98.30
129P04609,2020-02-25 11:00:00,63.38,100.00
129P04609,2020-02-25 11:10:00,62.77,100.00
129P04609,2020-02-25 11:20:00,63.66,100.00
129P04609,2020-02-25 11:30:00,63.99,100.00
129P04609,2020-02-25 11:40:00,61.69,100.00
129P04609,2020-02-25 11:50:00,63.85,100.00
129P04609,2020-02-25 12:00:00,63.87,100.00
129P04609,2020-02-25 12:10:00,60.69,100.00
129P04609,2020-02-25 12:20:00,63.18,93.70
129P04609,2020-02-25 12:30:00,62.88,100.00
129P04609,2020-02-25 12:40:00,62.96,100.00
129P04609,2020-02-25 12:50:00,63.39,100.00
129P04609,2020-02-25 13:00:00,63.38,100.00
129P04609,2020-02-25 13:10:00,63.48,100.00
129P04609,2020-02-25 13:20:00,63.31,100.00
129P04609,2020-02-25 13:30:00,64.48,100.00
129P04609,2020-02-25 13:40:00,67.48,87.70
129P04609,2020-02-25 13:50:00,66.57,95.40
129P04609,2020-02-25 14:00:00,61.87,100.00
129P04609,2020-02-25 14:10:00,63.35,100.00
129P04609,2020-02-25 14:20:00,63.04,100.00
129P04609,2020-02-25 14:30:00,62.54,100.00
129P04609,2020-02-25 14:40:00,63.37,100.00
129P04609,2020-02-25 14:50:00,64.98,100.00
129P04609,2020-02-25 15:00:00,64.57,100.00
129P04609,2020-02-25 15:10:00,63.77,100.00
129P04609,2020-02-25 15:20:00,64.37,100.00
129P04609,2020-02-25 15:30:00,63.26,100.00
129P04609,2020-02-25 15:40:00,62.96,100.00
129P04609,2020-02-25 15:50:00,67.08,100.00
129P04609,2020-02-25 16:00:00,62.88,100.00
129P04609,2020-02-25 16:10:00,65.07,100.00
129P04609,2020-02-25 16:20:00,63.68,100.00
129P04609,2020-02-25 16:30:00,62.99,100.00
129P04609,2020-02-25 16:40:00,62.89,100.00
129P04609,2020-02-25 16:50:00,62.18,100.00
129P04609,2020-02-25 17:00:00,65.27,100.00
129P04609,2020-02-25 17:10:00,61.48,100.00
129P04609,2020-02-25 17:20:00,61.27,100.00
129P04609,2020-02-25 17:30:00,61.70,100.00
129P04609,2020-02-25 17:40:00,63.49,100.00
129P04609,2020-02-25 17:50:00,64.87,100.00
129P04609,2020-02-25 18:00:00,59.94,100.00
129P04609,2020-02-25 18:10:00,58.38,100.00
129P04609,2020-02-25 18:20:00,58.79,100.00
129P04609,2020-02-25 18:30:00,61.08,100.00
129P04609,2020-02-25 18:40:00,63.60,100.00
129P04609,2020-02-25 18:50:00,60.67,100.00
129P04609,2020-02-25 19:00:00,59.48,100.00
129P04609,2020-02-25 19:10:00,61.58,100.00
129P04609,2020-02-25 19:20:00,61.47,100.00
129P04609,2020-02-25 19:30:00,62.68,100.00
129P04609,2020-02-25 19:40:00,63.07,100.00
129P04609,2020-02-25 19:50:00,63.87,100.00
129P04609,2020-02-25 20:00:00,64.37,97.60
129P04609,2020-02-25 20:10:00,59.61,100.00
129P04609,2020-02-25 20:20:00,58.24,100.00
129P04609,2020-02-25 20:30:00,55.26,91.40
129P04609,2020-02-25 20:40:00,59.16,100.00
129P04609,2020-02-25 20:50:00,59.07,100.00
129P04609,2020-02-25 21:00:00,56.76,100.00
129P04609,2020-02-25 21:10:00,59.32,100.00
129P04609,2020-02-25 21:20:00,62.82,88.90
129P04609,2020-02-25 21:30:00,57.10,100.00
129P04609,2020-02-25 21:40:00,56.69,100.00
129P04609,2020-02-25 21:50:00,58.09,100.00
129P04609,2020-02-25 22:00:00,59.58,99.40
129P04609,2020-02-25 22:10:00,61.38,88.20
129P04609,2020-02-25 22:20:00,59.03,94.40
129P04609,2020-02-25 22:30:00,60.07,97.10
129P04609,2020-02-25 22:40:00,59.93,92.30
129P04609,2020-02-25 22:50:00,55.78,82.40
129P04609,2020-02-25 23:00:00,56.18,88.40
129P04609,2020-02-25 23:10:00,64.89,51.30
129P04609,2020-02-25 23:20:00,59.65,98.00
129P04609,2020-02-25 23:30:00,57.00,95.11
129P04609,2020-02-25 23:40:00,54.87,76.13
129P04609,2020-02-25 23:50:00,56.43,88.75
129P04608,2020-02-25 00:00:00,54.39,98.30
129P04608,2020-02-25 00:10:00,51.45,85.50
129P04608,2020-02-25 00:20:00,44.77,28.20
129P04608,2020-02-25 00:30:00,47.38,63.25
129P04608,2020-02-25 00:40:00,54.48,62.00
129P04608,2020-02-25 00:50:00,56.00,53.20
129P04608,2020-02-25 01:00:00,57.00,56.00
129P04608,2020-02-25 01:10:00,54.00,94.60
129P04608,2020-02-25 01:20:00,53.22,92.75
129P04608,2020-02-25 01:30:00,44.74,32.10
129P04608,2020-02-25 01:40:00,57.49,54.50
129P04608,2020-02-25 01:50:00,51.61,83.80
129P04608,2020-02-25 02:00:00,52.28,71.75
129P04608,2020-02-25 02:10:00,69.00,2.00
129P04608,2020-02-25 02:20:00,56.20,87.30
129P04608,2020-02-25 02:30:00,50.00,77.20
129P04608,2020-02-25 02:40:00,57.46,81.50
129P04608,2020-02-25 02:50:00,56.49,97.90
129P04608,2020-02-25 03:00:00,56.48,97.50
129P04608,2020-02-25 03:10:00,61.08,63.00
129P04608,2020-02-25 03:20:00,57.04,63.60
129P04608,2020-02-25 03:30:00,68.53,27.00
129P04608,2020-02-25 03:40:00,67.16,60.44
129P04608,2020-02-25 03:50:00,58.81,81.40
129P04608,2020-02-25 04:00:00,66.40,79.50
129P04608,2020-02-25 04:10:00,59.42,71.30
129P04608,2020-02-25 04:20:00,65.89,57.70
129P04608,2020-02-25 04:30:00,63.64,93.56
129P04608,2020-02-25 04:40:00,58.17,64.56
129P04608,2020-02-25 04:50:00,62.94,79.30
129P04608,2020-02-25 05:00:00,63.27,96.20
129P04608,2020-02-25 05:10:00,64.09,93.60
129P04608,2020-02-25 05:20:00,63.82,91.20
129P04608,2020-02-25 05:30:00,65.89,89.20
129P04608,2020-02-25 05:40:00,71.18,49.90
129P04608,2020-02-25 05:50:00,66.84,94.40
129P04608,2020-02-25 06:00:00,67.07,97.70
129P04608,2020-02-25 06:10:00,67.16,99.90
129P04608,2020-02-25 06:20:00,65.58,100.00
129P04608,2020-02-25 06:30:00,67.17,99.70
129P04608,2020-02-25 06:40:00,68.06,100.00
129P04608,2020-02-25 06:50:00,62.68,100.00
129P04608,2020-02-25 07:00:00,64.73,100.00
129P04608,2020-02-25 07:10:00,63.29,100.00
129P04608,2020-02-25 07:20:00,63.88,100.00
129P04608,2020-02-25 07:30:00,63.09,100.00
129P04608,2020-02-25 07:40:00,64.18,100.00
129P04608,2020-02-25 07:50:00,64.58,99.80
129P04608,2020-02-25 08:00:00,62.26,100.00
129P04608,2020-02-25 08:10:00,62.65,100.00
129P04608,2020-02-25 08:20:00,65.18,95.70
129P04608,2020-02-25 08:30:00,65.32,86.80
129P04608,2020-02-25 08:40:00,65.06,100.00
129P04608,2020-02-25 08:50:00,65.83,98.50
129P04608,2020-02-25 09:00:00,65.99,97.90
129P04608,2020-02-25 09:10:00,65.55,95.70
129P04608,2020-02-25 09:20:00,66.08,99.00
129P04608,2020-02-25 09:30:00,67.47,94.70
129P04608,2020-02-25 09:40:00,64.04,96.00
129P04608,2020-02-25 09:50:00,65.82,97.50
129P04608,2020-02-25 10:00:00,61.18,99.40
129P04608,2020-02-25 10:10:00,64.46,98.20
129P04608,2020-02-25 10:20:00,65.66,98.10
129P04608,2020-02-25 10:30:00,62.64,100.00
129P04608,2020-02-25 10:40:00,61.49,100.00
129P04608,2020-02-25 10:50:00,64.15,96.10
129P04608,2020-02-25 11:00:00,66.37,86.90
129P04608,2020-02-25 11:10:00,64.14,91.00
129P04608,2020-02-25 11:20:00,65.37,96.90
129P04608,2020-02-25 11:30:00,65.08,96.60
129P04608,2020-02-25 11:40:00,61.94,99.70
129P04608,2020-02-25 11:50:00,62.11,100.00
129P04608,2020-02-25 12:00:00,63.56,99.90
129P04608,2020-02-25 12:10:00,58.77,100.00
129P04608,2020-02-25 12:20:00,62.57,89.20
129P04608,2020-02-25 12:30:00,64.92,82.50
129P04608,2020-02-25 12:40:00,62.09,100.00
129P04608,2020-02-25 12:50:00,64.88,99.50
129P04608,2020-02-25 13:00:00,64.26,100.00
129P04608,2020-02-25 13:10:00,62.08,100.00
129P04608,2020-02-25 13:20:00,61.58,100.00
129P04608,2020-02-25 13:30:00,63.48,100.00
129P04608,2020-02-25 13:40:00,67.58,69.40
129P04608,2020-02-25 13:50:00,66.99,82.90
129P04608,2020-02-25 14:00:00,63.87,95.10
129P04608,2020-02-25 14:10:00,62.16,100.00
129P04608,2020-02-25 14:20:00,61.54,100.00
129P04608,2020-02-25 14:30:00,63.37,100.00
129P04608,2020-02-25 14:40:00,63.00,100.00
129P04608,2020-02-25 14:50:00,63.78,100.00
129P04608,2020-02-25 15:00:00,63.89,100.00
129P04608,2020-02-25 15:10:00,63.18,100.00
129P04608,2020-02-25 15:20:00,62.35,99.50
129P04608,2020-02-25 15:30:00,61.88,100.00
129P04608,2020-02-25 15:40:00,63.16,100.00
129P04608,2020-02-25 15:50:00,65.45,100.00
129P04608,2020-02-25 16:00:00,64.57,100.00
129P04608,2020-02-25 16:10:00,63.48,100.00
129P04608,2020-02-25 16:20:00,62.10,100.00
129P04608,2020-02-25 16:30:00,62.99,100.00
129P04608,2020-02-25 16:40:00,63.29,100.00
129P04608,2020-02-25 16:50:00,62.36,100.00
129P04608,2020-02-25 17:00:00,64.68,100.00
129P04608,2020-02-25 17:10:00,63.47,100.00
129P04608,2020-02-25 17:20:00,61.23,100.00
129P04608,2020-02-25 17:30:00,63.26,100.00
129P04608,2020-02-25 17:40:00,65.07,95.40
129P04608,2020-02-25 17:50:00,64.23,91.60
129P04608,2020-02-25 18:00:00,59.97,100.00
129P04608,2020-02-25 18:10:00,59.30,100.00
129P04608,2020-02-25 18:20:00,58.89,100.00
129P04608,2020-02-25 18:30:00,63.26,84.30
129P04608,2020-02-25 18:40:00,63.95,77.50
129P04608,2020-02-25 18:50:00,60.97,100.00
129P04608,2020-02-25 19:00:00,59.97,100.00
129P04608,2020-02-25 19:10:00,61.96,100.00
129P04608,2020-02-25 19:20:00,61.70,94.80
129P04608,2020-02-25 19:30:00,64.56,87.90
129P04608,2020-02-25 19:40:00,59.64,100.00
129P04608,2020-02-25 19:50:00,62.13,94.30
129P04608,2020-02-25 20:00:00,60.52,98.90
129P04608,2020-02-25 20:10:00,58.06,100.00
129P04608,2020-02-25 20:20:00,57.38,100.00
129P04608,2020-02-25 20:30:00,58.59,100.00
129P04608,2020-02-25 20:40:00,59.88,100.00
129P04608,2020-02-25 20:50:00,58.08,100.00
129P04608,2020-02-25 21:00:00,56.25,100.00
129P04608,2020-02-25 21:10:00,54.99,100.00
129P04608,2020-02-25 21:20:00,60.98,73.40
129P04608,2020-02-25 21:30:00,56.59,100.00
129P04608,2020-02-25 21:40:00,56.89,100.00
129P04608,2020-02-25 21:50:00,59.13,97.70
129P04608,2020-02-25 22:00:00,56.99,96.20
129P04608,2020-02-25 22:10:00,56.54,84.80
129P04608,2020-02-25 22:20:00,60.90,68.60
129P04608,2020-02-25 22:30:00,59.89,93.70
129P04608,2020-02-25 22:40:00,57.09,94.38
129P04608,2020-02-25 22:50:00,56.99,95.50
129P04608,2020-02-25 23:00:00,57.05,92.10
129P04608,2020-02-25 23:10:00,59.00,82.50
129P04608,2020-02-25 23:20:00,56.39,88.33
129P04608,2020-02-25 23:30:00,54.88,89.30
129P04608,2020-02-25 23:40:00,55.00,95.67
129P04608,2020-02-25 23:50:00,,
129+04613,2020-02-25 00:00:00,67.29,70.90
129+04613,2020-02-25 00:10:00,68.33,75.40
129+04613,2020-02-25 00:20:00,69.48,92.10
129+04613,2020-02-25 00:30:00,66.87,84.00
129+04613,2020-02-25 00:40:00,68.12,98.75
129+04613,2020-02-25 00:50:00,69.60,96.70
129+04613,2020-02-25 01:00:00,68.74,95.75
129+04613,2020-02-25 01:10:00,70.50,86.90
129+04613,2020-02-25 01:20:00,70.80,95.80
129+04613,2020-02-25 01:30:00,68.79,93.40
129+04613,2020-02-25 01:40:00,67.00,86.40
129+04613,2020-02-25 01:50:00,66.11,84.89
129+04613,2020-02-25 02:00:00,66.24,92.13
129+04613,2020-02-25 02:10:00,67.90,97.40
129+04613,2020-02-25 02:20:00,68.68,93.60
129+04613,2020-02-25 02:30:00,71.45,76.00
129+04613,2020-02-25 02:40:00,72.32,75.50
129+04613,2020-02-25 02:50:00,70.49,97.25
129+04613,2020-02-25 03:00:00,68.39,91.10
129+04613,2020-02-25 03:10:00,67.28,87.50
129+04613,2020-02-25 03:20:00,69.18,94.40
129+04613,2020-02-25 03:30:00,71.10,84.10
129+04613,2020-02-25 03:40:00,68.48,93.40
129+04613,2020-02-25 03:50:00,66.84,92.29
129+04613,2020-02-25 04:00:00,67.60,93.60
129+04613,2020-02-25 04:10:00,69.48,95.60
129+04613,2020-02-25 04:20:00,68.69,96.80
129+04613,2020-02-25 04:30:00,69.18,95.20
129+04613,2020-02-25 04:40:00,70.69,89.10
129+04613,2020-02-25 04:50:00,71.44,76.40
129+04613,2020-02-25 05:00:00,71.28,92.00
129+04613,2020-02-25 05:10:00,72.17,93.40
129+04613,2020-02-25 05:20:00,74.28,89.30
129+04613,2020-02-25 05:30:00,72.85,97.80
129+04613,2020-02-25 05:40:00,72.88,100.00
129+04613,2020-02-25 05:50:00,73.58,100.00
129+04613,2020-02-25 06:00:00,71.89,100.00
129+04613,2020-02-25 06:10:00,71.98,100.00
129+04613,2020-02-25 06:20:00,73.47,100.00
129+04613,2020-02-25 06:30:00,72.99,100.00
129+04613,2020-02-25 06:40:00,73.89,100.00
129+04613,2020-02-25 06:50:00,74.19,100.00
129+04613,2020-02-25 07:00:00,71.89,99.50
129+04613,2020-02-25 07:10:00,71.09,100.00
129+04613,2020-02-25 07:20:00,72.69,100.00
129+04613,2020-02-25 07:30:00,72.68,100.00
129+04613,2020-02-25 07:40:00,70.89,100.00
129+04613,2020-02-25 07:50:00,73.28,100.00
129+04613,2020-02-25 08:00:00,74.29,100.00
129+04613,2020-02-25 08:10:00,71.29,100.00
129+04613,2020-02-25 08:20:00,71.90,100.00
129+04613,2020-02-25 08:30:00,71.98,100.00
129+04613,2020-02-25 08:40:00,71.99,100.00
129+04613,2020-02-25 08:50:00,73.79,98.20
129+04613,2020-02-25 09:00:00,73.79,100.00
129+04613,2020-02-25 09:10:00,71.49,100.00
129+04613,2020-02-25 09:20:00,73.16,100.00
129+04613,2020-02-25 09:30:00,74.25,99.10
129+04613,2020-02-25 09:40:00,72.39,96.60
129+04613,2020-02-25 09:50:00,71.78,100.00
129+04613,2020-02-25 10:00:00,71.38,99.70
129+04613,2020-02-25 10:10:00,73.05,100.00
129+04613,2020-02-25 10:20:00,73.92,100.00
129+04613,2020-02-25 10:30:00,71.68,100.00
129+04613,2020-02-25 10:40:00,72.69,100.00
129+04613,2020-02-25 10:50:00,71.29,100.00
129+04613,2020-02-25 11:00:00,73.32,85.00
129+04613,2020-02-25 11:10:00,71.36,97.70
129+04613,2020-02-25 11:20:00,71.43,97.60
129+04613,2020-02-25 11:30:00,71.38,100.00
129+04613,2020-02-25 11:40:00,72.55,96.40
129+04613,2020-02-25 11:50:00,73.54,99.60
129+04613,2020-02-25 12:00:00,72.17,100.00
129+04613,2020-02-25 12:10:00,72.19,100.00
129+04613,2020-02-25 12:20:00,68.90,100.00
129+04613,2020-02-25 12:30:00,70.65,98.20
129+04613,2020-02-25 12:40:00,71.90,97.20
129+04613,2020-02-25 12:50:00,70.88,100.00
129+04613,2020-02-25 13:00:00,70.48,100.00
129+04613,2020-02-25 13:10:00,71.69,100.00
129+04613,2020-02-25 13:20:00,70.04,100.00
129+04613,2020-02-25 13:30:00,72.92,88.00
129+04613,2020-02-25 13:40:00,70.57,100.00
129+04613,2020-02-25 13:50:00,71.08,100.00
129+04613,2020-02-25 14:00:00,73.30,100.00
129+04613,2020-02-25 14:10:00,73.07,100.00
129+04613,2020-02-25 14:20:00,74.99,100.00
129+04613,2020-02-25 14:30:00,71.38,99.90
129+04613,2020-02-25 14:40:00,74.58,100.00
129+04613,2020-02-25 14:50:00,73.79,100.00
129+04613,2020-02-25 15:00:00,71.69,100.00
129+04613,2020-02-25 15:10:00,75.39,100.00
129+04613,2020-02-25 15:20:00,71.07,100.00
129+04613,2020-02-25 15:30:00,73.59,100.00
129+04613,2020-02-25 15:40:00,72.87,100.00
129+04613,2020-02-25 15:50:00,74.48,100.00
129+04613,2020-02-25 16:00:00,74.07,100.00
129+04613,2020-02-25 16:10:00,74.38,100.00
129+04613,2020-02-25 16:20:00,74.98,100.00
129+04613,2020-02-25 16:30:00,74.78,100.00
129+04613,2020-02-25 16:40:00,74.39,100.00
129+04613,2020-02-25 16:50:00,71.19,100.00
129+04613,2020-02-25 17:00:00,74.06,100.00
129+04613,2020-02-25 17:10:00,75.58,98.50
129+04613,2020-02-25 17:20:00,71.29,100.00
129+04613,2020-02-25 17:30:00,71.87,100.00
129+04613,2020-02-25 17:40:00,72.78,100.00
129+04613,2020-02-25 17:50:00,72.66,100.00
129+04613,2020-02-25 18:00:00,71.77,99.80
129+04613,2020-02-25 18:10:00,69.57,100.00
129+04613,2020-02-25 18:20:00,70.39,100.00
129+04613,2020-02-25 18:30:00,73.06,100.00
129+04613,2020-02-25 18:40:00,73.29,93.30
129+04613,2020-02-25 18:50:00,70.28,100.00
129+04613,2020-02-25 19:00:00,70.90,100.00
129+04613,2020-02-25 19:10:00,71.38,100.00
129+04613,2020-02-25 19:20:00,70.69,100.00
129+04613,2020-02-25 19:30:00,73.47,100.00
129+04613,2020-02-25 19:40:00,74.16,96.00
129+04613,2020-02-25 19:50:00,70.28,100.00
129+04613,2020-02-25 20:00:00,72.17,100.00
129+04613,2020-02-25 20:10:00,71.00,100.00
129+04613,2020-02-25 20:20:00,70.94,98.30
129+04613,2020-02-25 20:30:00,71.06,98.40
129+04613,2020-02-25 20:40:00,67.95,100.00
129+04613,2020-02-25 20:50:00,71.40,99.30
129+04613,2020-02-25 21:00:00,70.55,89.90
129+04613,2020-02-25 21:10:00,68.87,91.50
129+04613,2020-02-25 21:20:00,76.55,50.40
129+04613,2020-02-25 21:30:00,71.52,78.40
129+04613,2020-02-25 21:40:00,69.37,100.00
129+04613,2020-02-25 21:50:00,73.43,84.80
129+04613,2020-02-25 22:00:00,70.27,93.20
129+04613,2020-02-25 22:10:00,68.09,91.20
129+04613,2020-02-25 22:20:00,64.38,56.20
129+04613,2020-02-25 22:30:00,66.48,86.70
129+04613,2020-02-25 22:40:00,67.77,94.60
129+04613,2020-02-25 22:50:00,67.09,98.60
129+04613,2020-02-25 23:00:00,64.63,90.50
129+04613,2020-02-25 23:10:00,66.16,93.40
129+04613,2020-02-25 23:20:00,66.59,83.30
129+04613,2020-02-25 23:30:00,70.59,70.30
129+04613,2020-02-25 23:40:00,70.00,80.50
129+04613,2020-02-25 23:50:00,70.00,91.44
129P04607,2020-02-25 00:00:00,58.51,89.00
129P04607,2020-02-25 00:10:00,56.55,83.20
129P04607,2020-02-25 00:20:00,53.68,54.90
129P04607,2020-02-25 00:30:00,55.55,89.00
129P04607,2020-02-25 00:40:00,60.87,73.10
129P04607,2020-02-25 00:50:00,59.27,64.00
129P04607,2020-02-25 01:00:00,51.76,68.20
129P04607,2020-02-25 01:10:00,53.35,78.70
129P04607,2020-02-25 01:20:00,58.71,88.71
129P04607,2020-02-25 01:30:00,59.19,79.80
129P04607,2020-02-25 01:40:00,57.68,88.20
129P04607,2020-02-25 01:50:00,58.11,81.70
129P04607,2020-02-25 02:00:00,64.18,41.60
129P04607,2020-02-25 02:10:00,61.94,91.70
129P04607,2020-02-25 02:20:00,57.28,63.40
129P04607,2020-02-25 02:30:00,61.11,87.90
129P04607,2020-02-25 02:40:00,57.50,79.70
129P04607,2020-02-25 02:50:00,62.18,80.30
129P04607,2020-02-25 03:00:00,57.29,99.00
129P04607,2020-02-25 03:10:00,59.17,98.90
129P04607,2020-02-25 03:20:00,59.99,88.40
129P04607,2020-02-25 03:30:00,62.41,82.00
129P04607,2020-02-25 03:40:00,62.51,73.20
129P04607,2020-02-25 03:50:00,60.42,74.30
129P04607,2020-02-25 04:00:00,65.66,77.20
129P04607,2020-02-25 04:10:00,59.41,79.40
129P04607,2020-02-25 04:20:00,65.06,68.33
129P04607,2020-02-25 04:30:00,63.18,93.89
129P04607,2020-02-25 04:40:00,61.53,93.20
129P04607,2020-02-25 04:50:00,63.37,99.80
129P04607,2020-02-25 05:00:00,63.37,99.00
129P04607,2020-02-25 05:10:00,62.25,100.00
129P04607,2020-02-25 05:20:00,63.29,100.00
129P04607,2020-02-25 05:30:00,67.92,90.90
129P04607,2020-02-25 05:40:00,67.32,100.00
129P04607,2020-02-25 05:50:00,62.83,100.00
129P04607,2020-02-25 06:00:00,65.67,100.00
129P04607,2020-02-25 06:10:00,66.07,100.00
129P04607,2020-02-25 06:20:00,64.37,100.00
129P04607,2020-02-25 06:30:00,62.43,100.00
129P04607,2020-02-25 06:40:00,61.31,100.00
129P04607,2020-02-25 06:50:00,57.20,100.00
129P04607,2020-02-25 07:00:00,58.45,100.00
129P04607,2020-02-25 07:10:00,57.99,100.00
129P04607,2020-02-25 07:20:00,60.19,100.00
129P04607,2020-02-25 07:30:00,57.89,100.00
129P04607,2020-02-25 07:40:00,58.19,100.00
129P04607,2020-02-25 07:50:00,58.97,99.80
129P04607,2020-02-25 08:00:00,57.10,100.00
129P04607,2020-02-25 08:10:00,58.66,100.00
129P04607,2020-02-25 08:20:00,57.17,100.00
129P04607,2020-02-25 08:30:00,56.96,100.00
129P04607,2020-02-25 08:40:00,58.57,100.00
129P04607,2020-02-25 08:50:00,57.79,100.00
129P04607,2020-02-25 09:00:00,59.78,100.00
129P04607,2020-02-25 09:10:00,61.68,100.00
129P04607,2020-02-25 09:20:00,58.59,100.00
129P04607,2020-02-25 09:30:00,61.47,100.00
129P04607,2020-02-25 09:40:00,58.16,100.00
129P04607,2020-02-25 09:50:00,56.79,100.00
129P04607,2020-02-25 10:00:00,58.62,100.00
129P04607,2020-02-25 10:10:00,58.26,100.00
129P04607,2020-02-25 10:20:00,60.62,100.00
129P04607,2020-02-25 10:30:00,59.63,100.00
129P04607,2020-02-25 10:40:00,59.35,100.00
129P04607,2020-02-25 10:50:00,60.26,100.00
129P04607,2020-02-25 11:00:00,63.00,98.90
129P04607,2020-02-25 11:10:00,59.32,100.00
129P04607,2020-02-25 11:20:00,63.36,100.00
129P04607,2020-02-25 11:30:00,61.23,100.00
129P04607,2020-02-25 11:40:00,60.72,100.00
129P04607,2020-02-25 11:50:00,60.66,100.00
129P04607,2020-02-25 12:00:00,58.74,100.00
129P04607,2020-02-25 12:10:00,55.89,100.00
129P04607,2020-02-25 12:20:00,58.13,100.00
129P04607,2020-02-25 12:30:00,60.75,100.00
129P04607,2020-02-25 12:40:00,56.78,100.00
129P04607,2020-02-25 12:50:00,60.45,100.00
129P04607,2020-02-25 13:00:00,58.84,100.00
129P04607,2020-02-25 13:10:00,58.77,100.00
129P04607,2020-02-25 13:20:00,59.61,100.00
129P04607,2020-02-25 13:30:00,59.98,100.00
129P04607,2020-02-25 13:40:00,60.65,100.00
129P04607,2020-02-25 13:50:00,60.19,100.00
129P04607,2020-02-25 14:00:00,62.97,92.30
129P04607,2020-02-25 14:10:00,60.38,100.00
129P04607,2020-02-25 14:20:00,58.51,100.00
129P04607,2020-02-25 14:30:00,59.64,100.00
129P04607,2020-02-25 14:40:00,57.39,100.00
129P04607,2020-02-25 14:50:00,56.79,100.00
129P04607,2020-02-25 15:00:00,57.78,100.00
129P04607,2020-02-25 15:10:00,57.45,100.00
129P04607,2020-02-25 15:20:00,55.59,100.00
129P04607,2020-02-25 15:30:00,55.98,100.00
129P04607,2020-02-25 15:40:00,56.67,100.00
129P04607,2020-02-25 15:50:00,57.79,100.00
129P04607,2020-02-25 16:00:00,56.28,100.00
129P04607,2020-02-25 16:10:00,58.08,100.00
129P04607,2020-02-25 16:20:00,57.66,100.00
129P04607,2020-02-25 16:30:00,58.25,100.00
129P04607,2020-02-25 16:40:00,58.94,100.00
129P04607,2020-02-25 16:50:00,54.27,100.00
129P04607,2020-02-25 17:00:00,57.32,100.00
129P04607,2020-02-25 17:10:00,56.81,100.00
129P04607,2020-02-25 17:20:00,55.36,100.00
129P04607,2020-02-25 17:30:00,55.79,100.00
129P04607,2020-02-25 17:40:00,57.14,100.00
129P04607,2020-02-25 17:50:00,58.17,100.00
129P04607,2020-02-25 18:00:00,56.08,100.00
129P04607,2020-02-25 18:10:00,56.26,100.00
129P04607,2020-02-25 18:20:00,58.51,100.00
129P04607,2020-02-25 18:30:00,57.77,100.00
129P04607,2020-02-25 18:40:00,57.74,100.00
129P04607,2020-02-25 18:50:00,59.55,100.00
129P04607,2020-02-25 19:00:00,61.40,100.00
129P04607,2020-02-25 19:10:00,62.18,100.00
129P04607,2020-02-25 19:20:00,61.57,100.00
129P04607,2020-02-25 19:30:00,62.05,98.20
129P04607,2020-02-25 19:40:00,58.79,100.00
129P04607,2020-02-25 19:50:00,59.23,100.00
129P04607,2020-02-25 20:00:00,60.95,99.80
129P04607,2020-02-25 20:10:00,57.53,94.80
129P04607,2020-02-25 20:20:00,58.03,95.00
129P04607,2020-02-25 20:30:00,58.58,100.00
129P04607,2020-02-25 20:40:00,59.89,100.00
129P04607,2020-02-25 20:50:00,57.58,100.00
129P04607,2020-02-25 21:00:00,65.02,68.80
129P04607,2020-02-25 21:10:00,60.17,99.70
129P04607,2020-02-25 21:20:00,56.77,100.00
129P04607,2020-02-25 21:30:00,55.59,100.00
129P04607,2020-02-25 21:40:00,57.10,100.00
129P04607,2020-02-25 21:50:00,59.75,83.50
129P04607,2020-02-25 22:00:00,57.54,99.20
129P04607,2020-02-25 22:10:00,57.26,97.60
129P04607,2020-02-25 22:20:00,59.46,90.70
129P04607,2020-02-25 22:30:00,55.07,67.70
129P04607,2020-02-25 22:40:00,55.66,95.90
129P04607,2020-02-25 22:50:00,57.09,98.60
129P04607,2020-02-25 23:00:00,57.87,98.00
129P04607,2020-02-25 23:10:00,57.59,96.70
129P04607,2020-02-25 23:20:00,57.47,90.67
129P04607,2020-02-25 23:30:00,57.00,99.50
129P04607,2020-02-25 23:40:00,55.00,93.20
129P04607,2020-02-25 23:50:00,55.88,70.10
129+04614,2020-02-25 00:00:00,66.69,77.20
129+04614,2020-02-25 00:10:00,68.23,80.10
129+04614,2020-02-25 00:20:00,73.03,77.50
129+04614,2020-02-25 00:30:00,68.00,87.40
129+04614,2020-02-25 00:40:00,69.12,95.14
129+04614,2020-02-25 00:50:00,68.89,98.50
129+04614,2020-02-25 01:00:00,68.99,97.00
129+04614,2020-02-25 01:10:00,70.79,91.20
129+04614,2020-02-25 01:20:00,72.79,84.60
129+04614,2020-02-25 01:30:00,70.20,91.25
129+04614,2020-02-25 01:40:00,67.10,81.80
129+04614,2020-02-25 01:50:00,66.32,79.67
129+04614,2020-02-25 02:00:00,65.87,81.00
129+04614,2020-02-25 02:10:00,68.66,98.11
129+04614,2020-02-25 02:20:00,68.59,95.50
129+04614,2020-02-25 02:30:00,69.79,89.00
129+04614,2020-02-25 02:40:00,70.37,79.25
129+04614,2020-02-25 02:50:00,71.00,95.00
129+04614,2020-02-25 03:00:00,69.10,95.40
129+04614,2020-02-25 03:10:00,69.00,96.50
129+04614,2020-02-25 03:20:00,69.86,98.71
129+04614,2020-02-25 03:30:00,71.00,92.33
129+04614,2020-02-25 03:40:00,69.69,98.20
129+04614,2020-02-25 03:50:00,67.74,95.25
129+04614,2020-02-25 04:00:00,67.80,94.30
129+04614,2020-02-25 04:10:00,72.33,68.50
129+04614,2020-02-25 04:20:00,70.68,95.60
129+04614,2020-02-25 04:30:00,68.79,96.80
129+04614,2020-02-25 04:40:00,69.79,97.30
129+04614,2020-02-25 04:50:00,73.88,78.80
129+04614,2020-02-25 05:00:00,71.52,91.70
129+04614,2020-02-25 05:10:00,70.47,97.60
129+04614,2020-02-25 05:20:00,73.39,97.90
129+04614,2020-02-25 05:30:00,72.49,99.00
129+04614,2020-02-25 05:40:00,71.30,100.00
129+04614,2020-02-25 05:50:00,72.17,100.00
129+04614,2020-02-25 06:00:00,72.49,100.00
129+04614,2020-02-25 06:10:00,72.39,100.00
129+04614,2020-02-25 06:20:00,73.59,100.00
129+04614,2020-02-25 06:30:00,72.58,100.00
129+04614,2020-02-25 06:40:00,72.08,100.00
129+04614,2020-02-25 06:50:00,73.69,100.00
129+04614,2020-02-25 07:00:00,71.19,100.00
129+04614,2020-02-25 07:10:00,71.59,100.00
129+04614,2020-02-25 07:20:00,72.20,100.00
129+04614,2020-02-25 07:30:00,73.28,100.00
129+04614,2020-02-25 07:40:00,70.70,100.00
129+04614,2020-02-25 07:50:00,71.59,100.00
129+04614,2020-02-25 08:00:00,73.58,100.00
129+04614,2020-02-25 08:10:00,73.07,100.00
129+04614,2020-02-25 08:20:00,70.69,100.00
129+04614,2020-02-25 08:30:00,70.99,100.00
129+04614,2020-02-25 08:40:00,72.49,100.00
129+04614,2020-02-25 08:50:00,72.80,99.40
129+04614,2020-02-25 09:00:00,72.28,100.00
129+04614,2020-02-25 09:10:00,70.60,100.00
129+04614,2020-02-25 09:20:00,71.69,100.00
129+04614,2020-02-25 09:30:00,72.60,99.40
129+04614,2020-02-25 09:40:00,72.89,97.00
129+04614,2020-02-25 09:50:00,72.67,99.70
129+04614,2020-02-25 10:00:00,73.28,99.30
129+04614,2020-02-25 10:10:00,71.89,100.00
129+04614,2020-02-25 10:20:00,73.98,100.00
129+04614,2020-02-25 10:30:00,71.69,100.00
129+04614,2020-02-25 10:40:00,71.76,100.00
129+04614,2020-02-25 10:50:00,71.59,99.90
129+04614,2020-02-25 11:00:00,74.77,91.00
129+04614,2020-02-25 11:10:00,74.21,88.50
129+04614,2020-02-25 11:20:00,70.16,100.00
129+04614,2020-02-25 11:30:00,70.40,100.00
129+04614,2020-02-25 11:40:00,70.88,99.70
129+04614,2020-02-25 11:50:00,70.97,100.00
129+04614,2020-02-25 12:00:00,72.44,100.00
129+04614,2020-02-25 12:10:00,73.49,100.00
129+04614,2020-02-25 12:20:00,70.86,99.40
129+04614,2020-02-25 12:30:00,70.29,100.00
129+04614,2020-02-25 12:40:00,73.84,93.80
129+04614,2020-02-25 12:50:00,70.99,100.00
129+04614,2020-02-25 13:00:00,71.99,100.00
129+04614,2020-02-25 13:10:00,74.37,100.00
129+04614,2020-02-25 13:20:00,72.94,99.90
129+04614,2020-02-25 13:30:00,73.92,92.50
129+04614,2020-02-25 13:40:00,71.68,100.00
129+04614,2020-02-25 13:50:00,71.29,100.00
129+04614,2020-02-25 14:00:00,73.49,100.00
129+04614,2020-02-25 14:10:00,71.57,100.00
129+04614,2020-02-25 14:20:00,73.34,100.00
129+04614,2020-02-25 14:30:00,73.68,99.20
129+04614,2020-02-25 14:40:00,74.29,100.00
129+04614,2020-02-25 14:50:00,74.20,100.00
129+04614,2020-02-25 15:00:00,72.99,100.00
129+04614,2020-02-25 15:10:00,75.89,100.00
129+04614,2020-02-25 15:20:00,73.49,99.50
129+04614,2020-02-25 15:30:00,73.49,100.00
129+04614,2020-02-25 15:40:00,74.09,100.00
129+04614,2020-02-25 15:50:00,73.97,100.00
129+04614,2020-02-25 16:00:00,74.39,100.00
129+04614,2020-02-25 16:10:00,74.67,100.00
129+04614,2020-02-25 16:20:00,74.69,100.00
129+04614,2020-02-25 16:30:00,73.49,100.00
129+04614,2020-02-25 16:40:00,73.10,100.00
129+04614,2020-02-25 16:50:00,72.99,100.00
129+04614,2020-02-25 17:00:00,72.96,100.00
129+04614,2020-02-25 17:10:00,75.39,97.30
129+04614,2020-02-25 17:20:00,71.55,100.00
129+04614,2020-02-25 17:30:00,71.99,100.00
129+04614,2020-02-25 17:40:00,74.37,100.00
129+04614,2020-02-25 17:50:00,72.17,100.00
129+04614,2020-02-25 18:00:00,72.79,100.00
129+04614,2020-02-25 18:10:00,69.58,100.00
129+04614,2020-02-25 18:20:00,69.59,100.00
129+04614,2020-02-25 18:30:00,71.37,100.00
129+04614,2020-02-25 18:40:00,71.49,96.80
129+04614,2020-02-25 18:50:00,69.79,99.70
129+04614,2020-02-25 19:00:00,70.30,100.00
129+04614,2020-02-25 19:10:00,70.70,100.00
129+04614,2020-02-25 19:20:00,71.70,100.00
129+04614,2020-02-25 19:30:00,72.49,100.00
129+04614,2020-02-25 19:40:00,71.39,100.00
129+04614,2020-02-25 19:50:00,70.29,100.00
129+04614,2020-02-25 20:00:00,72.18,98.10
129+04614,2020-02-25 20:10:00,71.32,94.10
129+04614,2020-02-25 20:20:00,68.33,98.20
129+04614,2020-02-25 20:30:00,69.97,97.70
129+04614,2020-02-25 20:40:00,67.68,100.00
129+04614,2020-02-25 20:50:00,70.39,100.00
129+04614,2020-02-25 21:00:00,72.43,73.50
129+04614,2020-02-25 21:10:00,64.11,63.80
129+04614,2020-02-25 21:20:00,70.29,93.50
129+04614,2020-02-25 21:30:00,72.44,74.30
129+04614,2020-02-25 21:40:00,69.35,98.80
129+04614,2020-02-25 21:50:00,74.89,57.20
129+04614,2020-02-25 22:00:00,74.07,72.20
129+04614,2020-02-25 22:10:00,69.27,81.20
129+04614,2020-02-25 22:20:00,66.38,60.00
129+04614,2020-02-25 22:30:00,67.19,76.10
129+04614,2020-02-25 22:40:00,67.96,88.70
129+04614,2020-02-25 22:50:00,68.09,98.50
129+04614,2020-02-25 23:00:00,65.79,93.30
129+04614,2020-02-25 23:10:00,67.17,93.30
129+04614,2020-02-25 23:20:00,66.84,78.40
129+04614,2020-02-25 23:30:00,67.34,91.10
129+04614,2020-02-25 23:40:00,69.00,92.33
129+04614,2020-02-25 23:50:00,,
129+04615,2020-02-25 00:00:00,68.09,94.60
129+04615,2020-02-25 00:10:00,64.75,79.90
129+04615,2020-02-25 00:20:00,64.99,82.50
129+04615,2020-02-25 00:30:00,64.09,84.44
129+04615,2020-02-25 00:40:00,63.30,91.67
129+04615,2020-02-25 00:50:00,65.18,92.90
129+04615,2020-02-25 01:00:00,66.00,94.29
129+04615,2020-02-25 01:10:00,67.50,71.11
129+04615,2020-02-25 01:20:00,70.69,59.90
129+04615,2020-02-25 01:30:00,67.55,85.17
129+04615,2020-02-25 01:40:00,60.53,46.44
129+04615,2020-02-25 01:50:00,64.59,89.50
129+04615,2020-02-25 02:00:00,60.22,60.50
129+04615,2020-02-25 02:10:00,62.75,93.78
129+04615,2020-02-25 02:20:00,64.99,87.60
129+04615,2020-02-25 02:30:00,65.30,93.80
129+04615,2020-02-25 02:40:00,61.52,90.22
129+04615,2020-02-25 02:50:00,,
129+04615,2020-02-25 03:00:00,65.11,95.75
129+04615,2020-02-25 03:10:00,64.20,91.88
129+04615,2020-02-25 03:20:00,66.00,95.75
129+04615,2020-02-25 03:30:00,68.00,89.00
129+04615,2020-02-25 03:40:00,66.57,96.30
129+04615,2020-02-25 03:50:00,65.37,97.63
129+04615,2020-02-25 04:00:00,64.50,90.60
129+04615,2020-02-25 04:10:00,66.57,94.30
129+04615,2020-02-25 04:20:00,65.96,91.90
129+04615,2020-02-25 04:30:00,68.74,76.80
129+04615,2020-02-25 04:40:00,66.66,94.90
129+04615,2020-02-25 04:50:00,68.79,61.90
129+04615,2020-02-25 05:00:00,70.36,72.30
129+04615,2020-02-25 05:10:00,65.48,100.00
129+04615,2020-02-25 05:20:00,68.89,99.70
129+04615,2020-02-25 05:30:00,68.59,99.10
129+04615,2020-02-25 05:40:00,69.79,100.00
129+04615,2020-02-25 05:50:00,67.64,100.00
129+04615,2020-02-25 06:00:00,67.49,100.00
129+04615,2020-02-25 06:10:00,67.09,100.00
129+04615,2020-02-25 06:20:00,69.17,100.00
129+04615,2020-02-25 06:30:00,66.39,100.00
129+04615,2020-02-25 06:40:00,67.16,100.00
129+04615,2020-02-25 06:50:00,68.89,100.00
129+04615,2020-02-25 07:00:00,68.59,100.00
129+04615,2020-02-25 07:10:00,67.08,100.00
129+04615,2020-02-25 07:20:00,67.69,100.00
129+04615,2020-02-25 07:30:00,66.29,100.00
129+04615,2020-02-25 07:40:00,65.16,100.00
129+04615,2020-02-25 07:50:00,64.19,99.00
129+04615,2020-02-25 08:00:00,67.06,100.00
129+04615,2020-02-25 08:10:00,65.69,100.00
129+04615,2020-02-25 08:20:00,64.29,100.00
129+04615,2020-02-25 08:30:00,65.09,100.00
129+04615,2020-02-25 08:40:00,68.57,100.00
129+04615,2020-02-25 08:50:00,69.59,97.60
129+04615,2020-02-25 09:00:00,68.64,100.00
129+04615,2020-02-25 09:10:00,68.09,100.00
129+04615,2020-02-25 09:20:00,68.59,99.70
129+04615,2020-02-25 09:30:00,66.48,100.00
129+04615,2020-02-25 09:40:00,65.59,100.00
129+04615,2020-02-25 09:50:00,67.27,99.00
129+04615,2020-02-25 10:00:00,70.28,100.00
129+04615,2020-02-25 10:10:00,67.55,100.00
129+04615,2020-02-25 10:20:00,71.18,90.40
129+04615,2020-02-25 10:30:00,68.09,100.00
129+04615,2020-02-25 10:40:00,67.88,100.00
129+04615,2020-02-25 10:50:00,66.39,100.00
129+04615,2020-02-25 11:00:00,70.30,93.00
129+04615,2020-02-25 11:10:00,69.67,90.70
129+04615,2020-02-25 11:20:00,67.58,89.20
129+04615,2020-02-25 11:30:00,67.40,100.00
129+04615,2020-02-25 11:40:00,66.39,100.00
129+04615,2020-02-25 11:50:00,67.41,100.00
129+04615,2020-02-25 12:00:00,68.99,100.00
129+04615,2020-02-25 12:10:00,68.58,100.00
129+04615,2020-02-25 12:20:00,67.83,100.00
129+04615,2020-02-25 12:30:00,70.46,79.40
129+04615,2020-02-25 12:40:00,68.96,94.50
129+04615,2020-02-25 12:50:00,67.99,100.00
129+04615,2020-02-25 13:00:00,68.09,100.00
129+04615,2020-02-25 13:10:00,68.28,100.00
129+04615,2020-02-25 13:20:00,70.39,100.00
129+04615,2020-02-25 13:30:00,68.44,96.40
129+04615,2020-02-25 13:40:00,69.49,97.30
129+04615,2020-02-25 13:50:00,67.05,100.00
129+04615,2020-02-25 14:00:00,69.69,100.00
129+04615,2020-02-25 14:10:00,68.38,100.00
129+04615,2020-02-25 14:20:00,68.45,100.00
129+04615,2020-02-25 14:30:00,70.38,96.10
129+04615,2020-02-25 14:40:00,69.99,100.00
129+04615,2020-02-25 14:50:00,67.89,100.00
129+04615,2020-02-25 15:00:00,67.90,100.00
129+04615,2020-02-25 15:10:00,69.38,100.00
129+04615,2020-02-25 15:20:00,69.09,100.00
129+04615,2020-02-25 15:30:00,69.59,100.00
129+04615,2020-02-25 15:40:00,68.79,100.00
129+04615,2020-02-25 15:50:00,69.99,100.00
129+04615,2020-02-25 16:00:00,70.59,100.00
129+04615,2020-02-25 16:10:00,70.15,100.00
129+04615,2020-02-25 16:20:00,68.47,100.00
129+04615,2020-02-25 16:30:00,69.29,100.00
129+04615,2020-02-25 16:40:00,69.58,100.00
129+04615,2020-02-25 16:50:00,70.30,100.00
129+04615,2020-02-25 17:00:00,69.29,99.50
129+04615,2020-02-25 17:10:00,70.38,100.00
129+04615,2020-02-25 17:20:00,66.47,100.00
129+04615,2020-02-25 17:30:00,67.19,100.00
129+04615,2020-02-25 17:40:00,67.98,100.00
129+04615,2020-02-25 17:50:00,67.17,100.00
129+04615,2020-02-25 18:00:00,68.77,100.00
129+04615,2020-02-25 18:10:00,68.10,93.10
129+04615,2020-02-25 18:20:00,67.39,100.00
129+04615,2020-02-25 18:30:00,67.79,100.00
129+04615,2020-02-25 18:40:00,65.69,100.00
129+04615,2020-02-25 18:50:00,65.09,100.00
129+04615,2020-02-25 19:00:00,67.07,100.00
129+04615,2020-02-25 19:10:00,69.39,88.30
129+04615,2020-02-25 19:20:00,66.79,100.00
129+04615,2020-02-25 19:30:00,68.14,100.00
129+04615,2020-02-25 19:40:00,67.48,100.00
129+04615,2020-02-25 19:50:00,65.79,100.00
129+04615,2020-02-25 20:00:00,65.50,100.00
129+04615,2020-02-25 20:10:00,66.09,93.50
129+04615,2020-02-25 20:20:00,64.36,100.00
129+04615,2020-02-25 20:30:00,66.04,87.90
129+04615,2020-02-25 20:40:00,61.79,100.00
129+04615,2020-02-25 20:50:00,65.18,100.00
129+04615,2020-02-25 21:00:00,67.77,82.50
129+04615,2020-02-25 21:10:00,56.19,45.90
129+04615,2020-02-25 21:20:00,64.57,96.40
129+04615,2020-02-25 21:30:00,68.52,72.30
129+04615,2020-02-25 21:40:00,65.30,99.60
129+04615,2020-02-25 21:50:00,65.99,86.40
129+04615,2020-02-25 22:00:00,68.65,75.00
129+04615,2020-02-25 22:10:00,64.40,92.90
129+04615,2020-02-25 22:20:00,62.27,78.60
129+04615,2020-02-25 22:30:00,63.07,85.40
129+04615,2020-02-25 22:40:00,65.19,94.30
129+04615,2020-02-25 22:50:00,65.07,92.30
129+04615,2020-02-25 23:00:00,61.98,92.10
129+04615,2020-02-25 23:10:00,65.92,53.44
129+04615,2020-02-25 23:20:00,60.96,77.50
129+04615,2020-02-25 23:30:00,59.85,78.20
129+04615,2020-02-25 23:40:00,67.05,56.90
129+04615,2020-02-25 23:50:00,73.00,27.00
129P04606,2020-02-25 00:00:00,58.12,89.00
129P04606,2020-02-25 00:10:00,56.49,83.20
129P04606,2020-02-25 00:20:00,52.56,54.90
129P04606,2020-02-25 00:30:00,55.67,89.00
129P04606,2020-02-25 00:40:00,59.87,73.10
129P04606,2020-02-25 00:50:00,58.08,64.00
129P04606,2020-02-25 01:00:00,51.46,68.20
129P04606,2020-02-25 01:10:00,53.09,78.70
129P04606,2020-02-25 01:20:00,57.71,88.71
129P04606,2020-02-25 01:30:00,58.29,79.80
129P04606,2020-02-25 01:40:00,60.31,88.20
129P04606,2020-02-25 01:50:00,61.17,81.70
129P04606,2020-02-25 02:00:00,66.62,41.60
129P04606,2020-02-25 02:10:00,54.89,91.70
129P04606,2020-02-25 02:20:00,55.08,63.40
129P04606,2020-02-25 02:30:00,56.76,87.90
129P04606,2020-02-25 02:40:00,54.93,79.70
129P04606,2020-02-25 02:50:00,62.05,80.30
129P04606,2020-02-25 03:00:00,58.16,99.00
129P04606,2020-02-25 03:10:00,57.89,98.90
129P04606,2020-02-25 03:20:00,60.17,88.40
129P04606,2020-02-25 03:30:00,62.89,82.00
129P04606,2020-02-25 03:40:00,61.22,73.20
129P04606,2020-02-25 03:50:00,58.42,74.30
129P04606,2020-02-25 04:00:00,65.18,77.20
129P04606,2020-02-25 04:10:00,58.88,79.40
129P04606,2020-02-25 04:20:00,64.99,68.33
129P04606,2020-02-25 04:30:00,61.08,93.89
129P04606,2020-02-25 04:40:00,60.55,93.20
129P04606,2020-02-25 04:50:00,61.99,99.80
129P04606,2020-02-25 05:00:00,60.84,99.00
129P04606,2020-02-25 05:10:00,60.97,100.00
129P04606,2020-02-25 05:20:00,63.32,100.00
129P04606,2020-02-25 05:30:00,67.25,90.90
129P04606,2020-02-25 05:40:00,67.91,100.00
129P04606,2020-02-25 05:50:00,62.94,100.00
129P04606,2020-02-25 06:00:00,65.79,100.00
129P04606,2020-02-25 06:10:00,64.96,100.00
129P04606,2020-02-25 06:20:00,64.18,100.00
129P04606,2020-02-25 06:30:00,61.66,100.00
129P04606,2020-02-25 06:40:00,60.85,100.00
129P04606,2020-02-25 06:50:00,56.69,100.00
129P04606,2020-02-25 07:00:00,57.65,100.00
129P04606,2020-02-25 07:10:00,57.89,100.00
129P04606,2020-02-25 07:20:00,58.78,100.00
129P04606,2020-02-25 07:30:00,57.69,100.00
129P04606,2020-02-25 07:40:00,57.99,100.00
129P04606,2020-02-25 07:50:00,58.59,99.80
129P04606,2020-02-25 08:00:00,57.49,100.00
129P04606,2020-02-25 08:10:00,58.69,100.00
129P04606,2020-02-25 08:20:00,56.79,100.00
129P04606,2020-02-25 08:30:00,56.67,100.00
129P04606,2020-02-25 08:40:00,58.18,100.00
129P04606,2020-02-25 08:50:00,57.99,100.00
129P04606,2020-02-25 09:00:00,58.99,100.00
129P04606,2020-02-25 09:10:00,61.56,100.00
129P04606,2020-02-25 09:20:00,58.99,100.00
129P04606,2020-02-25 09:30:00,62.49,100.00
129P04606,2020-02-25 09:40:00,58.69,100.00
129P04606,2020-02-25 09:50:00,57.05,100.00
129P04606,2020-02-25 10:00:00,59.63,100.00
129P04606,2020-02-25 10:10:00,58.87,100.00
129P04606,2020-02-25 10:20:00,60.61,100.00
129P04606,2020-02-25 10:30:00,60.29,100.00
129P04606,2020-02-25 10:40:00,58.92,100.00
129P04606,2020-02-25 10:50:00,60.34,100.00
129P04606,2020-02-25 11:00:00,62.90,98.90
129P04606,2020-02-25 11:10:00,59.74,100.00
129P04606,2020-02-25 11:20:00,63.96,100.00
129P04606,2020-02-25 11:30:00,60.92,100.00
129P04606,2020-02-25 11:40:00,62.29,100.00
129P04606,2020-02-25 11:50:00,61.48,100.00
129P04606,2020-02-25 12:00:00,57.86,100.00
129P04606,2020-02-25 12:10:00,55.59,100.00
129P04606,2020-02-25 12:20:00,59.14,100.00
129P04606,2020-02-25 12:30:00,61.77,100.00
129P04606,2020-02-25 12:40:00,58.26,100.00
129P04606,2020-02-25 12:50:00,61.36,100.00
129P04606,2020-02-25 13:00:00,58.55,100.00
129P04606,2020-02-25 13:10:00,58.35,100.00
129P04606,2020-02-25 13:20:00,59.64,100.00
129P04606,2020-02-25 13:30:00,57.77,100.00
129P04606,2020-02-25 13:40:00,59.66,100.00
129P04606,2020-02-25 13:50:00,60.18,100.00
129P04606,2020-02-25 14:00:00,63.20,92.30
129P04606,2020-02-25 14:10:00,62.36,100.00
129P04606,2020-02-25 14:20:00,59.43,100.00
129P04606,2020-02-25 14:30:00,60.08,100.00
129P04606,2020-02-25 14:40:00,57.98,100.00
129P04606,2020-02-25 14:50:00,58.67,100.00
129P04606,2020-02-25 15:00:00,58.64,100.00
129P04606,2020-02-25 15:10:00,59.28,100.00
129P04606,2020-02-25 15:20:00,56.95,100.00
129P04606,2020-02-25 15:30:00,57.88,100.00
129P04606,2020-02-25 15:40:00,57.30,100.00
129P04606,2020-02-25 15:50:00,57.49,100.00
129P04606,2020-02-25 16:00:00,57.39,100.00
129P04606,2020-02-25 16:10:00,59.99,100.00
129P04606,2020-02-25 16:20:00,58.25,100.00
129P04606,2020-02-25 16:30:00,58.76,100.00
129P04606,2020-02-25 16:40:00,61.44,100.00
129P04606,2020-02-25 16:50:00,57.36,100.00
129P04606,2020-02-25 17:00:00,60.36,100.00
129P04606,2020-02-25 17:10:00,58.62,100.00
129P04606,2020-02-25 17:20:00,58.28,100.00
129P04606,2020-02-25 17:30:00,56.69,100.00
129P04606,2020-02-25 17:40:00,57.77,100.00
129P04606,2020-02-25 17:50:00,58.68,100.00
129P04606,2020-02-25 18:00:00,55.57,100.00
129P04606,2020-02-25 18:10:00,58.06,100.00
129P04606,2020-02-25 18:20:00,59.32,100.00
129P04606,2020-02-25 18:30:00,58.45,100.00
129P04606,2020-02-25 18:40:00,59.15,100.00
129P04606,2020-02-25 18:50:00,61.48,100.00
129P04606,2020-02-25 19:00:00,59.08,100.00
129P04606,2020-02-25 19:10:00,62.09,100.00
129P04606,2020-02-25 19:20:00,60.23,100.00
129P04606,2020-02-25 19:30:00,59.91,98.20
129P04606,2020-02-25 19:40:00,58.20,100.00
129P04606,2020-02-25 19:50:00,59.21,100.00
129P04606,2020-02-25 20:00:00,60.01,99.80
129P04606,2020-02-25 20:10:00,58.20,94.80
129P04606,2020-02-25 20:20:00,60.09,95.00
129P04606,2020-02-25 20:30:00,59.67,100.00
129P04606,2020-02-25 20:40:00,58.78,100.00
129P04606,2020-02-25 20:50:00,57.19,100.00
129P04606,2020-02-25 21:00:00,61.92,68.80
129P04606,2020-02-25 21:10:00,57.29,99.70
129P04606,2020-02-25 21:20:00,56.54,100.00
129P04606,2020-02-25 21:30:00,55.69,100.00
129P04606,2020-02-25 21:40:00,55.69,100.00
129P04606,2020-02-25 21:50:00,59.80,83.50
129P04606,2020-02-25 22:00:00,56.40,99.20
129P04606,2020-02-25 22:10:00,57.08,97.60
129P04606,2020-02-25 22:20:00,59.67,90.70
129P04606,2020-02-25 22:30:00,54.07,67.70
129P04606,2020-02-25 22:40:00,55.58,95.90
129P04606,2020-02-25 22:50:00,57.02,98.60
129P04606,2020-02-25 23:00:00,57.39,98.00
129P04606,2020-02-25 23:10:00,56.69,96.70
129P04606,2020-02-25 23:20:00,58.09,90.67
129P04606,2020-02-25 23:30:00,58.79,99.50
129P04606,2020-02-25 23:40:00,54.79,93.20
129P04606,2020-02-25 23:50:00,52.73,70.10
