tmc,tstamp,speed,cvalue
129P04421,2020-09-04 00:00:00,50.86,100.00
129P04421,2020-09-04 00:10:00,53.17,100.00
129P04421,2020-09-04 00:20:00,52.10,100.00
129P04421,2020-09-04 00:30:00,51.90,100.00
129P04421,2020-09-04 00:40:00,50.28,100.00
129P04421,2020-09-04 00:50:00,48.40,100.00
129P04421,2020-09-04 01:00:00,42.72,100.00
129P04421,2020-09-04 01:10:00,40.97,100.00
129P04421,2020-09-04 01:20:00,41.20,100.00
129P04421,2020-09-04 01:30:00,42.47,97.50
129P04421,2020-09-04 01:40:00,41.39,92.00
129P04421,2020-09-04 01:50:00,47.37,98.00
129P04421,2020-09-04 02:00:00,52.00,100.00
129P04421,2020-09-04 02:10:00,48.02,100.00
129P04421,2020-09-04 02:20:00,45.79,100.00
129P04421,2020-09-04 02:30:00,45.10,99.50
129P04421,2020-09-04 02:40:00,46.08,97.50
129P04421,2020-09-04 02:50:00,45.39,100.00
129P04421,2020-09-04 03:00:00,44.99,100.00
129P04421,2020-09-04 03:10:00,48.00,100.00
129P04421,2020-09-04 03:20:00,48.89,90.50
129P04421,2020-09-04 03:30:00,45.97,91.00
129P04421,2020-09-04 03:40:00,44.27,100.00
129P04421,2020-09-04 03:50:00,42.58,100.00
129P04421,2020-09-04 04:00:00,39.80,100.00
129P04421,2020-09-04 04:10:00,38.88,100.00
129P04421,2020-09-04 04:20:00,41.92,100.00
129P04421,2020-09-04 04:30:00,48.60,100.00
129P04421,2020-09-04 04:40:00,50.76,100.00
129P04421,2020-09-04 04:50:00,48.08,100.00
129P04421,2020-09-04 05:00:00,44.86,100.00
129P04421,2020-09-04 05:10:00,47.12,100.00
129P04421,2020-09-04 05:20:00,49.16,100.00
129P04421,2020-09-04 05:30:00,55.47,100.00
129P04421,2020-09-04 05:40:00,50.94,100.00
129P04421,2020-09-04 05:50:00,53.51,100.00
129P04421,2020-09-04 06:00:00,52.14,100.00
129P04421,2020-09-04 06:10:00,54.46,100.00
129P04421,2020-09-04 06:20:00,53.87,100.00
129P04421,2020-09-04 06:30:00,54.67,100.00
129P04421,2020-09-04 06:40:00,53.44,100.00
129P04421,2020-09-04 06:50:00,53.93,100.00
129P04421,2020-09-04 07:00:00,51.78,100.00
129P04421,2020-09-04 07:10:00,55.48,100.00
129P04421,2020-09-04 07:20:00,55.38,100.00
129P04421,2020-09-04 07:30:00,53.45,100.00
129P04421,2020-09-04 07:40:00,48.50,100.00
129P04421,2020-09-04 07:50:00,51.68,100.00
129P04421,2020-09-04 08:00:00,51.55,100.00
129P04421,2020-09-04 08:10:00,49.07,100.00
129P04421,2020-09-04 08:20:00,52.00,100.00
129P04421,2020-09-04 08:30:00,47.40,100.00
129P04421,2020-09-04 08:40:00,52.70,99.50
129P04421,2020-09-04 08:50:00,51.48,100.00
129P04421,2020-09-04 09:00:00,53.69,98.50
129P04421,2020-09-04 09:10:00,50.06,99.50
129P04421,2020-09-04 09:20:00,49.46,100.00
129P04421,2020-09-04 09:30:00,47.62,100.00
129P04421,2020-09-04 09:40:00,47.57,100.00
129P04421,2020-09-04 09:50:00,51.06,100.00
129P04421,2020-09-04 10:00:00,47.15,100.00
129P04421,2020-09-04 10:10:00,47.74,100.00
129P04421,2020-09-04 10:20:00,44.53,100.00
129P04421,2020-09-04 10:30:00,46.47,100.00
129P04421,2020-09-04 10:40:00,42.28,100.00
129P04421,2020-09-04 10:50:00,20.21,100.00
129P04421,2020-09-04 11:00:00,16.90,100.00
129P04421,2020-09-04 11:10:00,17.21,100.00
129P04421,2020-09-04 11:20:00,16.69,100.00
129P04421,2020-09-04 11:30:00,17.44,100.00
129P04421,2020-09-04 11:40:00,17.78,100.00
129P04421,2020-09-04 11:50:00,16.46,100.00
129P04421,2020-09-04 12:00:00,16.38,100.00
129P04421,2020-09-04 12:10:00,15.65,100.00
129P04421,2020-09-04 12:20:00,16.36,100.00
129P04421,2020-09-04 12:30:00,18.34,100.00
129P04421,2020-09-04 12:40:00,18.34,100.00
129P04421,2020-09-04 12:50:00,17.40,100.00
129P04421,2020-09-04 13:00:00,16.72,100.00
129P04421,2020-09-04 13:10:00,16.27,100.00
129P04421,2020-09-04 13:20:00,17.52,100.00
129P04421,2020-09-04 13:30:00,18.68,100.00
129P04421,2020-09-04 13:40:00,17.41,100.00
129P04421,2020-09-04 13:50:00,14.34,100.00
129P04421,2020-09-04 14:00:00,15.22,100.00
129P04421,2020-09-04 14:10:00,13.42,100.00
129P04421,2020-09-04 14:20:00,16.51,100.00
129P04421,2020-09-04 14:30:00,13.74,100.00
129P04421,2020-09-04 14:40:00,18.49,100.00
129P04421,2020-09-04 14:50:00,12.66,100.00
129P04421,2020-09-04 15:00:00,19.18,100.00
129P04421,2020-09-04 15:10:00,14.97,100.00
129P04421,2020-09-04 15:20:00,16.15,100.00
129P04421,2020-09-04 15:30:00,18.66,100.00
129P04421,2020-09-04 15:40:00,16.20,100.00
129P04421,2020-09-04 15:50:00,20.45,100.00
129P04421,2020-09-04 16:00:00,19.67,100.00
129P04421,2020-09-04 16:10:00,19.08,99.00
129P04421,2020-09-04 16:20:00,20.14,100.00
129P04421,2020-09-04 16:30:00,20.40,100.00
129P04421,2020-09-04 16:40:00,25.66,100.00
129P04421,2020-09-04 16:50:00,25.38,98.50
129P04421,2020-09-04 17:00:00,40.96,94.50
129P04421,2020-09-04 17:10:00,48.95,93.00
129P04421,2020-09-04 17:20:00,46.68,94.50
129P04421,2020-09-04 17:30:00,48.73,97.50
129P04421,2020-09-04 17:40:00,36.87,98.00
129P04421,2020-09-04 17:50:00,9.20,90.00
129P04421,2020-09-04 18:00:00,7.37,90.00
129P04421,2020-09-04 18:10:00,7.50,90.00
129P04421,2020-09-04 18:20:00,20.47,93.50
129P04421,2020-09-04 18:30:00,46.06,99.50
129P04421,2020-09-04 18:40:00,50.26,100.00
129P04421,2020-09-04 18:50:00,46.16,100.00
129P04421,2020-09-04 19:00:00,53.12,100.00
129P04421,2020-09-04 19:10:00,49.68,100.00
129P04421,2020-09-04 19:20:00,47.55,100.00
129P04421,2020-09-04 19:30:00,48.33,100.00
129P04421,2020-09-04 19:40:00,46.18,100.00
129P04421,2020-09-04 19:50:00,45.42,100.00
129P04421,2020-09-04 20:00:00,47.40,100.00
129P04421,2020-09-04 20:10:00,48.77,100.00
129P04421,2020-09-04 20:20:00,47.74,100.00
129P04421,2020-09-04 20:30:00,45.95,100.00
129P04421,2020-09-04 20:40:00,48.61,100.00
129P04421,2020-09-04 20:50:00,49.76,100.00
129P04421,2020-09-04 21:00:00,49.28,100.00
129P04421,2020-09-04 21:10:00,49.03,100.00
129P04421,2020-09-04 21:20:00,55.64,100.00
129P04421,2020-09-04 21:30:00,54.85,100.00
129P04421,2020-09-04 21:40:00,50.28,100.00
129P04421,2020-09-04 21:50:00,49.47,100.00
129P04421,2020-09-04 22:00:00,50.76,100.00
129P04421,2020-09-04 22:10:00,50.64,100.00
129P04421,2020-09-04 22:20:00,48.87,100.00
129P04421,2020-09-04 22:30:00,50.42,100.00
129P04421,2020-09-04 22:40:00,53.19,100.00
129P04421,2020-09-04 22:50:00,52.32,100.00
129P04421,2020-09-04 23:00:00,55.27,100.00
129P04421,2020-09-04 23:10:00,50.07,100.00
129P04421,2020-09-04 23:20:00,51.77,100.00
129P04421,2020-09-04 23:30:00,50.18,100.00
129P04421,2020-09-04 23:40:00,51.95,100.00
129P04421,2020-09-04 23:50:00,50.25,100.00
129P04420,2020-09-04 00:00:00,53.59,100.00
129P04420,2020-09-04 00:10:00,60.15,100.00
129P04420,2020-09-04 00:20:00,60.48,100.00
129P04420,2020-09-04 00:30:00,54.00,100.00
129P04420,2020-09-04 00:40:00,53.78,100.00
129P04420,2020-09-04 00:50:00,54.70,100.00
129P04420,2020-09-04 01:00:00,53.17,97.00
129P04420,2020-09-04 01:10:00,52.20,90.00
129P04420,2020-09-04 01:20:00,52.00,90.00
129P04420,2020-09-04 01:30:00,,
129P04420,2020-09-04 01:40:00,,
129P04420,2020-09-04 01:50:00,55.27,100.00
129P04420,2020-09-04 02:00:00,56.00,100.00
129P04420,2020-09-04 02:10:00,54.90,100.00
129P04420,2020-09-04 02:20:00,53.40,91.00
129P04420,2020-09-04 02:30:00,54.00,90.00
129P04420,2020-09-04 02:40:00,55.35,90.00
129P04420,2020-09-04 02:50:00,57.20,90.00
129P04420,2020-09-04 03:00:00,56.80,90.00
129P04420,2020-09-04 03:10:00,49.70,97.00
129P04420,2020-09-04 03:20:00,49.00,90.00
129P04420,2020-09-04 03:30:00,49.00,90.00
129P04420,2020-09-04 03:40:00,49.00,90.00
129P04420,2020-09-04 03:50:00,,
129P04420,2020-09-04 04:00:00,,
129P04420,2020-09-04 04:10:00,52.00,90.00
129P04420,2020-09-04 04:20:00,54.58,96.00
129P04420,2020-09-04 04:30:00,57.00,100.00
129P04420,2020-09-04 04:40:00,57.00,100.00
129P04420,2020-09-04 04:50:00,60.11,97.00
129P04420,2020-09-04 05:00:00,53.57,100.00
129P04420,2020-09-04 05:10:00,53.00,100.00
129P04420,2020-09-04 05:20:00,55.59,100.00
129P04420,2020-09-04 05:30:00,59.98,100.00
129P04420,2020-09-04 05:40:00,58.78,100.00
129P04420,2020-09-04 05:50:00,61.83,100.00
129P04420,2020-09-04 06:00:00,56.24,100.00
129P04420,2020-09-04 06:10:00,60.56,100.00
129P04420,2020-09-04 06:20:00,60.11,100.00
129P04420,2020-09-04 06:30:00,58.28,100.00
129P04420,2020-09-04 06:40:00,58.45,100.00
129P04420,2020-09-04 06:50:00,61.96,100.00
129P04420,2020-09-04 07:00:00,62.63,100.00
129P04420,2020-09-04 07:10:00,61.76,100.00
129P04420,2020-09-04 07:20:00,61.37,100.00
129P04420,2020-09-04 07:30:00,61.70,100.00
129P04420,2020-09-04 07:40:00,56.23,100.00
129P04420,2020-09-04 07:50:00,59.18,100.00
129P04420,2020-09-04 08:00:00,59.07,100.00
129P04420,2020-09-04 08:10:00,56.29,100.00
129P04420,2020-09-04 08:20:00,61.45,100.00
129P04420,2020-09-04 08:30:00,61.14,100.00
129P04420,2020-09-04 08:40:00,59.61,100.00
129P04420,2020-09-04 08:50:00,59.75,100.00
129P04420,2020-09-04 09:00:00,61.48,100.00
129P04420,2020-09-04 09:10:00,60.46,100.00
129P04420,2020-09-04 09:20:00,58.52,100.00
129P04420,2020-09-04 09:30:00,51.10,100.00
129P04420,2020-09-04 09:40:00,60.68,100.00
129P04420,2020-09-04 09:50:00,59.06,100.00
129P04420,2020-09-04 10:00:00,56.97,100.00
129P04420,2020-09-04 10:10:00,58.57,100.00
129P04420,2020-09-04 10:20:00,57.26,100.00
129P04420,2020-09-04 10:30:00,57.52,98.00
129P04420,2020-09-04 10:40:00,52.82,95.00
129P04420,2020-09-04 10:50:00,40.08,99.00
129P04420,2020-09-04 11:00:00,16.05,100.00
129P04420,2020-09-04 11:10:00,11.07,100.00
129P04420,2020-09-04 11:20:00,9.62,100.00
129P04420,2020-09-04 11:30:00,9.46,100.00
129P04420,2020-09-04 11:40:00,9.36,100.00
129P04420,2020-09-04 11:50:00,9.46,100.00
129P04420,2020-09-04 12:00:00,8.88,100.00
129P04420,2020-09-04 12:10:00,11.56,100.00
129P04420,2020-09-04 12:20:00,10.88,100.00
129P04420,2020-09-04 12:30:00,10.50,100.00
129P04420,2020-09-04 12:40:00,11.58,100.00
129P04420,2020-09-04 12:50:00,10.03,100.00
129P04420,2020-09-04 13:00:00,9.10,100.00
129P04420,2020-09-04 13:10:00,10.05,100.00
129P04420,2020-09-04 13:20:00,9.92,100.00
129P04420,2020-09-04 13:30:00,9.17,100.00
129P04420,2020-09-04 13:40:00,8.75,100.00
129P04420,2020-09-04 13:50:00,8.57,100.00
129P04420,2020-09-04 14:00:00,7.54,100.00
129P04420,2020-09-04 14:10:00,11.48,100.00
129P04420,2020-09-04 14:20:00,9.65,100.00
129P04420,2020-09-04 14:30:00,22.14,94.00
129P04420,2020-09-04 14:40:00,21.79,96.00
129P04420,2020-09-04 14:50:00,12.56,99.00
129P04420,2020-09-04 15:00:00,9.83,100.00
129P04420,2020-09-04 15:10:00,9.09,100.00
129P04420,2020-09-04 15:20:00,8.09,100.00
129P04420,2020-09-04 15:30:00,9.92,100.00
129P04420,2020-09-04 15:40:00,8.46,100.00
129P04420,2020-09-04 15:50:00,12.60,100.00
129P04420,2020-09-04 16:00:00,11.56,100.00
129P04420,2020-09-04 16:10:00,12.71,100.00
129P04420,2020-09-04 16:20:00,15.15,100.00
129P04420,2020-09-04 16:30:00,14.74,100.00
129P04420,2020-09-04 16:40:00,31.81,93.00
129P04420,2020-09-04 16:50:00,43.49,90.00
129P04420,2020-09-04 17:00:00,49.44,90.00
129P04420,2020-09-04 17:10:00,55.77,90.00
129P04420,2020-09-04 17:20:00,53.09,90.00
129P04420,2020-09-04 17:30:00,58.63,90.00
129P04420,2020-09-04 17:40:00,56.22,92.00
129P04420,2020-09-04 17:50:00,16.43,94.00
129P04420,2020-09-04 18:00:00,7.44,90.00
129P04420,2020-09-04 18:10:00,7.00,90.00
129P04420,2020-09-04 18:20:00,11.71,88.00
129P04420,2020-09-04 18:30:00,54.67,100.00
129P04420,2020-09-04 18:40:00,55.19,100.00
129P04420,2020-09-04 18:50:00,55.99,100.00
129P04420,2020-09-04 19:00:00,59.58,100.00
129P04420,2020-09-04 19:10:00,56.96,100.00
129P04420,2020-09-04 19:20:00,56.19,100.00
129P04420,2020-09-04 19:30:00,56.99,100.00
129P04420,2020-09-04 19:40:00,52.48,100.00
129P04420,2020-09-04 19:50:00,57.09,100.00
129P04420,2020-09-04 20:00:00,55.20,100.00
129P04420,2020-09-04 20:10:00,52.65,100.00
129P04420,2020-09-04 20:20:00,54.97,100.00
129P04420,2020-09-04 20:30:00,54.67,100.00
129P04420,2020-09-04 20:40:00,56.48,100.00
129P04420,2020-09-04 20:50:00,57.97,100.00
129P04420,2020-09-04 21:00:00,55.88,100.00
129P04420,2020-09-04 21:10:00,56.72,100.00
129P04420,2020-09-04 21:20:00,60.59,100.00
129P04420,2020-09-04 21:30:00,55.25,100.00
129P04420,2020-09-04 21:40:00,58.98,100.00
129P04420,2020-09-04 21:50:00,54.85,100.00
129P04420,2020-09-04 22:00:00,60.16,100.00
129P04420,2020-09-04 22:10:00,58.61,100.00
129P04420,2020-09-04 22:20:00,59.24,100.00
129P04420,2020-09-04 22:30:00,52.89,100.00
129P04420,2020-09-04 22:40:00,54.18,100.00
129P04420,2020-09-04 22:50:00,61.11,100.00
129P04420,2020-09-04 23:00:00,61.39,100.00
129P04420,2020-09-04 23:10:00,54.78,100.00
129P04420,2020-09-04 23:20:00,59.60,100.00
129P04420,2020-09-04 23:30:00,57.34,100.00
129P04420,2020-09-04 23:40:00,58.81,100.00
129P04420,2020-09-04 23:50:00,56.73,100.00
129P04782,2020-09-04 00:00:00,51.99,100.00
129P04782,2020-09-04 00:10:00,53.20,100.00
129P04782,2020-09-04 00:20:00,53.00,95.00
129P04782,2020-09-04 00:30:00,52.09,100.00
129P04782,2020-09-04 00:40:00,51.00,100.00
129P04782,2020-09-04 00:50:00,62.39,100.00
129P04782,2020-09-04 01:00:00,68.19,90.00
129P04782,2020-09-04 01:10:00,65.16,92.00
129P04782,2020-09-04 01:20:00,41.83,95.00
129P04782,2020-09-04 01:30:00,43.68,90.00
129P04782,2020-09-04 01:40:00,48.42,93.00
129P04782,2020-09-04 01:50:00,56.90,94.00
129P04782,2020-09-04 02:00:00,55.80,90.00
129P04782,2020-09-04 02:10:00,53.90,100.00
129P04782,2020-09-04 02:20:00,54.00,100.00
129P04782,2020-09-04 02:30:00,57.00,
129P04782,2020-09-04 02:40:00,57.00,
129P04782,2020-09-04 02:50:00,57.00,
129P04782,2020-09-04 03:00:00,55.20,98.00
129P04782,2020-09-04 03:10:00,55.00,90.00
129P04782,2020-09-04 03:20:00,53.40,90.00
129P04782,2020-09-04 03:30:00,53.00,90.00
129P04782,2020-09-04 03:40:00,52.30,90.00
129P04782,2020-09-04 03:50:00,62.26,98.75
129P04782,2020-09-04 04:00:00,65.00,90.00
129P04782,2020-09-04 04:10:00,61.46,100.00
129P04782,2020-09-04 04:20:00,58.40,100.00
129P04782,2020-09-04 04:30:00,58.00,95.00
129P04782,2020-09-04 04:40:00,52.38,99.00
129P04782,2020-09-04 04:50:00,50.60,100.00
129P04782,2020-09-04 05:00:00,47.48,100.00
129P04782,2020-09-04 05:10:00,49.07,100.00
129P04782,2020-09-04 05:20:00,47.92,100.00
129P04782,2020-09-04 05:30:00,49.32,100.00
129P04782,2020-09-04 05:40:00,54.51,100.00
129P04782,2020-09-04 05:50:00,56.50,100.00
129P04782,2020-09-04 06:00:00,51.06,100.00
129P04782,2020-09-04 06:10:00,50.32,100.00
129P04782,2020-09-04 06:20:00,56.47,100.00
129P04782,2020-09-04 06:30:00,56.56,100.00
129P04782,2020-09-04 06:40:00,56.92,100.00
129P04782,2020-09-04 06:50:00,62.09,100.00
129P04782,2020-09-04 07:00:00,55.44,100.00
129P04782,2020-09-04 07:10:00,52.33,100.00
129P04782,2020-09-04 07:20:00,56.52,100.00
129P04782,2020-09-04 07:30:00,60.93,100.00
129P04782,2020-09-04 07:40:00,53.87,100.00
129P04782,2020-09-04 07:50:00,53.79,100.00
129P04782,2020-09-04 08:00:00,45.30,100.00
129P04782,2020-09-04 08:10:00,50.68,100.00
129P04782,2020-09-04 08:20:00,61.05,100.00
129P04782,2020-09-04 08:30:00,53.56,100.00
129P04782,2020-09-04 08:40:00,51.56,100.00
129P04782,2020-09-04 08:50:00,52.89,100.00
129P04782,2020-09-04 09:00:00,54.43,100.00
129P04782,2020-09-04 09:10:00,47.65,100.00
129P04782,2020-09-04 09:20:00,47.75,100.00
129P04782,2020-09-04 09:30:00,49.02,100.00
129P04782,2020-09-04 09:40:00,52.55,100.00
129P04782,2020-09-04 09:50:00,48.06,100.00
129P04782,2020-09-04 10:00:00,52.54,100.00
129P04782,2020-09-04 10:10:00,51.74,100.00
129P04782,2020-09-04 10:20:00,50.22,100.00
129P04782,2020-09-04 10:30:00,53.43,100.00
129P04782,2020-09-04 10:40:00,49.13,100.00
129P04782,2020-09-04 10:50:00,51.90,100.00
129P04782,2020-09-04 11:00:00,50.04,100.00
129P04782,2020-09-04 11:10:00,49.72,100.00
129P04782,2020-09-04 11:20:00,52.60,100.00
129P04782,2020-09-04 11:30:00,48.53,100.00
129P04782,2020-09-04 11:40:00,48.87,100.00
129P04782,2020-09-04 11:50:00,50.51,100.00
129P04782,2020-09-04 12:00:00,47.33,100.00
129P04782,2020-09-04 12:10:00,51.80,100.00
129P04782,2020-09-04 12:20:00,52.76,100.00
129P04782,2020-09-04 12:30:00,54.18,100.00
129P04782,2020-09-04 12:40:00,50.43,100.00
129P04782,2020-09-04 12:50:00,48.84,100.00
129P04782,2020-09-04 13:00:00,52.81,100.00
129P04782,2020-09-04 13:10:00,46.58,100.00
129P04782,2020-09-04 13:20:00,51.61,100.00
129P04782,2020-09-04 13:30:00,49.75,100.00
129P04782,2020-09-04 13:40:00,48.22,100.00
129P04782,2020-09-04 13:50:00,52.61,100.00
129P04782,2020-09-04 14:00:00,50.83,100.00
129P04782,2020-09-04 14:10:00,50.74,100.00
129P04782,2020-09-04 14:20:00,50.25,100.00
129P04782,2020-09-04 14:30:00,50.59,100.00
129P04782,2020-09-04 14:40:00,50.23,100.00
129P04782,2020-09-04 14:50:00,44.95,100.00
129P04782,2020-09-04 15:00:00,51.61,100.00
129P04782,2020-09-04 15:10:00,48.37,100.00
129P04782,2020-09-04 15:20:00,53.45,100.00
129P04782,2020-09-04 15:30:00,45.02,100.00
129P04782,2020-09-04 15:40:00,46.33,100.00
129P04782,2020-09-04 15:50:00,50.15,100.00
129P04782,2020-09-04 16:00:00,52.95,100.00
129P04782,2020-09-04 16:10:00,55.15,100.00
129P04782,2020-09-04 16:20:00,50.97,100.00
129P04782,2020-09-04 16:30:00,53.98,100.00
129P04782,2020-09-04 16:40:00,57.73,100.00
129P04782,2020-09-04 16:50:00,50.87,100.00
129P04782,2020-09-04 17:00:00,51.83,100.00
129P04782,2020-09-04 17:10:00,52.93,100.00
129P04782,2020-09-04 17:20:00,57.68,100.00
129P04782,2020-09-04 17:30:00,51.96,100.00
129P04782,2020-09-04 17:40:00,50.66,100.00
129P04782,2020-09-04 17:50:00,50.18,100.00
129P04782,2020-09-04 18:00:00,47.29,100.00
129P04782,2020-09-04 18:10:00,55.50,100.00
129P04782,2020-09-04 18:20:00,57.82,100.00
129P04782,2020-09-04 18:30:00,55.78,100.00
129P04782,2020-09-04 18:40:00,54.31,100.00
129P04782,2020-09-04 18:50:00,51.38,100.00
129P04782,2020-09-04 19:00:00,57.49,100.00
129P04782,2020-09-04 19:10:00,59.37,100.00
129P04782,2020-09-04 19:20:00,58.39,100.00
129P04782,2020-09-04 19:30:00,55.78,100.00
129P04782,2020-09-04 19:40:00,50.39,100.00
129P04782,2020-09-04 19:50:00,53.57,100.00
129P04782,2020-09-04 20:00:00,53.87,100.00
129P04782,2020-09-04 20:10:00,57.88,100.00
129P04782,2020-09-04 20:20:00,55.10,100.00
129P04782,2020-09-04 20:30:00,55.79,100.00
129P04782,2020-09-04 20:40:00,55.41,100.00
129P04782,2020-09-04 20:50:00,54.04,100.00
129P04782,2020-09-04 21:00:00,55.70,100.00
129P04782,2020-09-04 21:10:00,54.16,100.00
129P04782,2020-09-04 21:20:00,49.56,100.00
129P04782,2020-09-04 21:30:00,61.53,100.00
129P04782,2020-09-04 21:40:00,56.29,100.00
129P04782,2020-09-04 21:50:00,56.38,100.00
129P04782,2020-09-04 22:00:00,60.49,100.00
129P04782,2020-09-04 22:10:00,66.16,98.00
129P04782,2020-09-04 22:20:00,60.23,99.00
129P04782,2020-09-04 22:30:00,56.17,100.00
129P04782,2020-09-04 22:40:00,52.70,100.00
129P04782,2020-09-04 22:50:00,52.58,100.00
129P04782,2020-09-04 23:00:00,56.17,100.00
129P04782,2020-09-04 23:10:00,54.16,100.00
129P04782,2020-09-04 23:20:00,52.69,100.00
129P04782,2020-09-04 23:30:00,50.85,100.00
129P04782,2020-09-04 23:40:00,48.80,100.00
129P04782,2020-09-04 23:50:00,46.98,100.00
129P04781,2020-09-04 00:00:00,52.30,100.00
129P04781,2020-09-04 00:10:00,54.68,99.00
129P04781,2020-09-04 00:20:00,53.89,91.00
129P04781,2020-09-04 00:30:00,55.00,100.00
129P04781,2020-09-04 00:40:00,55.29,100.00
129P04781,2020-09-04 00:50:00,61.41,100.00
129P04781,2020-09-04 01:00:00,63.10,100.00
129P04781,2020-09-04 01:10:00,62.49,100.00
129P04781,2020-09-04 01:20:00,41.57,95.00
129P04781,2020-09-04 01:30:00,42.80,90.00
129P04781,2020-09-04 01:40:00,47.45,93.00
129P04781,2020-09-04 01:50:00,57.00,94.00
129P04781,2020-09-04 02:00:00,56.29,90.00
129P04781,2020-09-04 02:10:00,52.33,100.00
129P04781,2020-09-04 02:20:00,53.00,100.00
129P04781,2020-09-04 02:30:00,52.99,96.00
129P04781,2020-09-04 02:40:00,53.00,90.00
129P04781,2020-09-04 02:50:00,50.11,91.43
129P04781,2020-09-04 03:00:00,55.00,97.00
129P04781,2020-09-04 03:10:00,54.79,91.00
129P04781,2020-09-04 03:20:00,52.19,96.00
129P04781,2020-09-04 03:30:00,50.79,90.00
129P04781,2020-09-04 03:40:00,50.00,90.00
129P04781,2020-09-04 03:50:00,56.20,97.00
129P04781,2020-09-04 04:00:00,55.00,100.00
129P04781,2020-09-04 04:10:00,54.29,100.00
129P04781,2020-09-04 04:20:00,57.52,97.00
129P04781,2020-09-04 04:30:00,60.00,92.00
129P04781,2020-09-04 04:40:00,56.43,95.00
129P04781,2020-09-04 04:50:00,52.39,100.00
129P04781,2020-09-04 05:00:00,49.37,100.00
129P04781,2020-09-04 05:10:00,52.32,100.00
129P04781,2020-09-04 05:20:00,51.03,100.00
129P04781,2020-09-04 05:30:00,50.71,100.00
129P04781,2020-09-04 05:40:00,55.97,100.00
129P04781,2020-09-04 05:50:00,58.60,100.00
129P04781,2020-09-04 06:00:00,53.71,100.00
129P04781,2020-09-04 06:10:00,51.14,100.00
129P04781,2020-09-04 06:20:00,56.07,100.00
129P04781,2020-09-04 06:30:00,55.48,100.00
129P04781,2020-09-04 06:40:00,52.40,100.00
129P04781,2020-09-04 06:50:00,63.97,100.00
129P04781,2020-09-04 07:00:00,53.47,100.00
129P04781,2020-09-04 07:10:00,55.32,100.00
129P04781,2020-09-04 07:20:00,56.19,100.00
129P04781,2020-09-04 07:30:00,60.73,100.00
129P04781,2020-09-04 07:40:00,58.04,100.00
129P04781,2020-09-04 07:50:00,55.17,100.00
129P04781,2020-09-04 08:00:00,49.40,100.00
129P04781,2020-09-04 08:10:00,49.80,100.00
129P04781,2020-09-04 08:20:00,59.66,100.00
129P04781,2020-09-04 08:30:00,48.96,100.00
129P04781,2020-09-04 08:40:00,55.37,100.00
129P04781,2020-09-04 08:50:00,56.68,100.00
129P04781,2020-09-04 09:00:00,58.09,100.00
129P04781,2020-09-04 09:10:00,50.00,100.00
129P04781,2020-09-04 09:20:00,51.54,100.00
129P04781,2020-09-04 09:30:00,51.46,100.00
129P04781,2020-09-04 09:40:00,59.02,100.00
129P04781,2020-09-04 09:50:00,53.17,100.00
129P04781,2020-09-04 10:00:00,55.63,100.00
129P04781,2020-09-04 10:10:00,58.16,100.00
129P04781,2020-09-04 10:20:00,56.04,100.00
129P04781,2020-09-04 10:30:00,53.99,100.00
129P04781,2020-09-04 10:40:00,53.93,100.00
129P04781,2020-09-04 10:50:00,54.31,100.00
129P04781,2020-09-04 11:00:00,50.15,100.00
129P04781,2020-09-04 11:10:00,50.38,100.00
129P04781,2020-09-04 11:20:00,59.77,100.00
129P04781,2020-09-04 11:30:00,55.39,100.00
129P04781,2020-09-04 11:40:00,49.97,100.00
129P04781,2020-09-04 11:50:00,50.04,100.00
129P04781,2020-09-04 12:00:00,47.67,100.00
129P04781,2020-09-04 12:10:00,54.34,100.00
129P04781,2020-09-04 12:20:00,55.20,100.00
129P04781,2020-09-04 12:30:00,58.07,100.00
129P04781,2020-09-04 12:40:00,49.16,100.00
129P04781,2020-09-04 12:50:00,52.94,100.00
129P04781,2020-09-04 13:00:00,53.44,100.00
129P04781,2020-09-04 13:10:00,54.96,100.00
129P04781,2020-09-04 13:20:00,52.67,100.00
129P04781,2020-09-04 13:30:00,55.49,100.00
129P04781,2020-09-04 13:40:00,54.53,100.00
129P04781,2020-09-04 13:50:00,53.89,100.00
129P04781,2020-09-04 14:00:00,54.95,100.00
129P04781,2020-09-04 14:10:00,51.94,100.00
129P04781,2020-09-04 14:20:00,52.69,100.00
129P04781,2020-09-04 14:30:00,53.41,100.00
129P04781,2020-09-04 14:40:00,53.66,100.00
129P04781,2020-09-04 14:50:00,51.63,100.00
129P04781,2020-09-04 15:00:00,55.86,100.00
129P04781,2020-09-04 15:10:00,55.54,100.00
129P04781,2020-09-04 15:20:00,52.74,100.00
129P04781,2020-09-04 15:30:00,52.71,100.00
129P04781,2020-09-04 15:40:00,46.60,100.00
129P04781,2020-09-04 15:50:00,46.38,100.00
129P04781,2020-09-04 16:00:00,52.66,100.00
129P04781,2020-09-04 16:10:00,52.50,100.00
129P04781,2020-09-04 16:20:00,53.31,100.00
129P04781,2020-09-04 16:30:00,52.79,100.00
129P04781,2020-09-04 16:40:00,55.23,100.00
129P04781,2020-09-04 16:50:00,54.95,100.00
129P04781,2020-09-04 17:00:00,50.57,100.00
129P04781,2020-09-04 17:10:00,52.69,100.00
129P04781,2020-09-04 17:20:00,56.82,100.00
129P04781,2020-09-04 17:30:00,56.45,100.00
129P04781,2020-09-04 17:40:00,57.70,100.00
129P04781,2020-09-04 17:50:00,53.61,100.00
129P04781,2020-09-04 18:00:00,52.59,100.00
129P04781,2020-09-04 18:10:00,58.28,100.00
129P04781,2020-09-04 18:20:00,56.41,100.00
129P04781,2020-09-04 18:30:00,53.43,100.00
129P04781,2020-09-04 18:40:00,55.92,100.00
129P04781,2020-09-04 18:50:00,56.26,100.00
129P04781,2020-09-04 19:00:00,57.05,100.00
129P04781,2020-09-04 19:10:00,59.16,100.00
129P04781,2020-09-04 19:20:00,58.56,100.00
129P04781,2020-09-04 19:30:00,50.49,100.00
129P04781,2020-09-04 19:40:00,54.94,100.00
129P04781,2020-09-04 19:50:00,53.95,100.00
129P04781,2020-09-04 20:00:00,53.20,100.00
129P04781,2020-09-04 20:10:00,53.49,100.00
129P04781,2020-09-04 20:20:00,53.40,100.00
129P04781,2020-09-04 20:30:00,55.27,100.00
129P04781,2020-09-04 20:40:00,51.77,100.00
129P04781,2020-09-04 20:50:00,54.57,100.00
129P04781,2020-09-04 21:00:00,56.25,100.00
129P04781,2020-09-04 21:10:00,57.89,100.00
129P04781,2020-09-04 21:20:00,49.41,100.00
129P04781,2020-09-04 21:30:00,59.63,100.00
129P04781,2020-09-04 21:40:00,57.70,100.00
129P04781,2020-09-04 21:50:00,57.87,100.00
129P04781,2020-09-04 22:00:00,64.83,100.00
129P04781,2020-09-04 22:10:00,58.07,100.00
129P04781,2020-09-04 22:20:00,59.48,100.00
129P04781,2020-09-04 22:30:00,56.05,100.00
129P04781,2020-09-04 22:40:00,53.00,100.00
129P04781,2020-09-04 22:50:00,53.20,100.00
129P04781,2020-09-04 23:00:00,54.40,100.00
129P04781,2020-09-04 23:10:00,53.47,100.00
129P04781,2020-09-04 23:20:00,53.97,100.00
129P04781,2020-09-04 23:30:00,53.51,100.00
129P04781,2020-09-04 23:40:00,48.09,100.00
129P04781,2020-09-04 23:50:00,43.82,100.00
129+04773,2020-09-04 00:00:00,57.69,100.00
129+04773,2020-09-04 00:10:00,56.25,100.00
129+04773,2020-09-04 00:20:00,53.65,100.00
129+04773,2020-09-04 00:30:00,53.50,100.00
129+04773,2020-09-04 00:40:00,57.15,100.00
129+04773,2020-09-04 00:50:00,54.24,100.00
129+04773,2020-09-04 01:00:00,53.18,100.00
129+04773,2020-09-04 01:10:00,54.20,100.00
129+04773,2020-09-04 01:20:00,53.40,100.00
129+04773,2020-09-04 01:30:00,52.30,100.00
129+04773,2020-09-04 01:40:00,54.50,98.00
129+04773,2020-09-04 01:50:00,58.74,94.00
129+04773,2020-09-04 02:00:00,62.48,100.00
129+04773,2020-09-04 02:10:00,58.71,100.00
129+04773,2020-09-04 02:20:00,53.87,100.00
129+04773,2020-09-04 02:30:00,50.00,100.00
129+04773,2020-09-04 02:40:00,52.04,97.00
129+04773,2020-09-04 02:50:00,55.89,100.00
129+04773,2020-09-04 03:00:00,53.99,100.00
129+04773,2020-09-04 03:10:00,50.42,100.00
129+04773,2020-09-04 03:20:00,51.01,100.00
129+04773,2020-09-04 03:30:00,48.35,100.00
129+04773,2020-09-04 03:40:00,53.44,100.00
129+04773,2020-09-04 03:50:00,53.47,100.00
129+04773,2020-09-04 04:00:00,54.55,100.00
129+04773,2020-09-04 04:10:00,50.57,100.00
129+04773,2020-09-04 04:20:00,53.39,100.00
129+04773,2020-09-04 04:30:00,55.59,100.00
129+04773,2020-09-04 04:40:00,61.83,99.00
129+04773,2020-09-04 04:50:00,63.00,100.00
129+04773,2020-09-04 05:00:00,56.37,100.00
129+04773,2020-09-04 05:10:00,54.44,100.00
129+04773,2020-09-04 05:20:00,58.48,100.00
129+04773,2020-09-04 05:30:00,59.54,100.00
129+04773,2020-09-04 05:40:00,57.17,100.00
129+04773,2020-09-04 05:50:00,59.38,100.00
129+04773,2020-09-04 06:00:00,61.60,100.00
129+04773,2020-09-04 06:10:00,58.41,100.00
129+04773,2020-09-04 06:20:00,58.63,100.00
129+04773,2020-09-04 06:30:00,58.76,100.00
129+04773,2020-09-04 06:40:00,59.26,100.00
129+04773,2020-09-04 06:50:00,60.38,100.00
129+04773,2020-09-04 07:00:00,57.84,100.00
129+04773,2020-09-04 07:10:00,57.93,100.00
129+04773,2020-09-04 07:20:00,56.66,100.00
129+04773,2020-09-04 07:30:00,53.76,100.00
129+04773,2020-09-04 07:40:00,54.76,100.00
129+04773,2020-09-04 07:50:00,60.11,100.00
129+04773,2020-09-04 08:00:00,55.64,100.00
129+04773,2020-09-04 08:10:00,54.85,100.00
129+04773,2020-09-04 08:20:00,60.26,100.00
129+04773,2020-09-04 08:30:00,55.37,100.00
129+04773,2020-09-04 08:40:00,53.64,100.00
129+04773,2020-09-04 08:50:00,56.42,100.00
129+04773,2020-09-04 09:00:00,58.86,100.00
129+04773,2020-09-04 09:10:00,53.82,100.00
129+04773,2020-09-04 09:20:00,53.07,100.00
129+04773,2020-09-04 09:30:00,54.45,100.00
129+04773,2020-09-04 09:40:00,51.92,100.00
129+04773,2020-09-04 09:50:00,50.26,100.00
129+04773,2020-09-04 10:00:00,47.43,100.00
129+04773,2020-09-04 10:10:00,53.20,100.00
129+04773,2020-09-04 10:20:00,52.36,100.00
129+04773,2020-09-04 10:30:00,50.09,100.00
129+04773,2020-09-04 10:40:00,47.00,100.00
129+04773,2020-09-04 10:50:00,50.89,100.00
129+04773,2020-09-04 11:00:00,50.45,99.00
129+04773,2020-09-04 11:10:00,46.18,97.00
129+04773,2020-09-04 11:20:00,44.83,97.00
129+04773,2020-09-04 11:30:00,47.61,97.00
129+04773,2020-09-04 11:40:00,42.69,100.00
129+04773,2020-09-04 11:50:00,37.46,100.00
129+04773,2020-09-04 12:00:00,38.15,100.00
129+04773,2020-09-04 12:10:00,40.74,100.00
129+04773,2020-09-04 12:20:00,47.45,98.00
129+04773,2020-09-04 12:30:00,42.09,98.00
129+04773,2020-09-04 12:40:00,32.64,100.00
129+04773,2020-09-04 12:50:00,38.45,100.00
129+04773,2020-09-04 13:00:00,40.85,98.00
129+04773,2020-09-04 13:10:00,38.45,100.00
129+04773,2020-09-04 13:20:00,35.28,100.00
129+04773,2020-09-04 13:30:00,26.01,100.00
129+04773,2020-09-04 13:40:00,17.07,100.00
129+04773,2020-09-04 13:50:00,17.61,100.00
129+04773,2020-09-04 14:00:00,18.26,100.00
129+04773,2020-09-04 14:10:00,18.64,100.00
129+04773,2020-09-04 14:20:00,21.46,100.00
129+04773,2020-09-04 14:30:00,18.51,100.00
129+04773,2020-09-04 14:40:00,17.37,100.00
129+04773,2020-09-04 14:50:00,17.01,100.00
129+04773,2020-09-04 15:00:00,17.37,100.00
129+04773,2020-09-04 15:10:00,18.44,100.00
129+04773,2020-09-04 15:20:00,18.22,100.00
129+04773,2020-09-04 15:30:00,22.80,100.00
129+04773,2020-09-04 15:40:00,19.67,100.00
129+04773,2020-09-04 15:50:00,22.03,100.00
129+04773,2020-09-04 16:00:00,20.16,100.00
129+04773,2020-09-04 16:10:00,16.78,100.00
129+04773,2020-09-04 16:20:00,15.47,100.00
129+04773,2020-09-04 16:30:00,18.92,100.00
129+04773,2020-09-04 16:40:00,19.58,100.00
129+04773,2020-09-04 16:50:00,19.03,100.00
129+04773,2020-09-04 17:00:00,21.93,100.00
129+04773,2020-09-04 17:10:00,24.36,100.00
129+04773,2020-09-04 17:20:00,30.00,99.00
129+04773,2020-09-04 17:30:00,48.89,93.00
129+04773,2020-09-04 17:40:00,46.58,100.00
129+04773,2020-09-04 17:50:00,48.64,100.00
129+04773,2020-09-04 18:00:00,54.38,100.00
129+04773,2020-09-04 18:10:00,48.96,100.00
129+04773,2020-09-04 18:20:00,42.02,100.00
129+04773,2020-09-04 18:30:00,48.09,100.00
129+04773,2020-09-04 18:40:00,55.76,100.00
129+04773,2020-09-04 18:50:00,48.80,100.00
129+04773,2020-09-04 19:00:00,53.34,100.00
129+04773,2020-09-04 19:10:00,45.70,100.00
129+04773,2020-09-04 19:20:00,43.99,100.00
129+04773,2020-09-04 19:30:00,47.27,100.00
129+04773,2020-09-04 19:40:00,48.54,100.00
129+04773,2020-09-04 19:50:00,49.80,100.00
129+04773,2020-09-04 20:00:00,50.26,100.00
129+04773,2020-09-04 20:10:00,48.04,100.00
129+04773,2020-09-04 20:20:00,53.55,100.00
129+04773,2020-09-04 20:30:00,50.49,100.00
129+04773,2020-09-04 20:40:00,55.21,100.00
129+04773,2020-09-04 20:50:00,53.35,100.00
129+04773,2020-09-04 21:00:00,54.19,100.00
129+04773,2020-09-04 21:10:00,50.46,100.00
129+04773,2020-09-04 21:20:00,56.85,100.00
129+04773,2020-09-04 21:30:00,52.37,100.00
129+04773,2020-09-04 21:40:00,54.40,100.00
129+04773,2020-09-04 21:50:00,55.93,100.00
129+04773,2020-09-04 22:00:00,58.10,100.00
129+04773,2020-09-04 22:10:00,55.09,100.00
129+04773,2020-09-04 22:20:00,52.98,100.00
129+04773,2020-09-04 22:30:00,57.78,100.00
129+04773,2020-09-04 22:40:00,55.17,100.00
129+04773,2020-09-04 22:50:00,56.10,100.00
129+04773,2020-09-04 23:00:00,59.52,100.00
129+04773,2020-09-04 23:10:00,53.84,100.00
129+04773,2020-09-04 23:20:00,58.03,100.00
129+04773,2020-09-04 23:30:00,60.28,100.00
129+04773,2020-09-04 23:40:00,58.80,100.00
129+04773,2020-09-04 23:50:00,57.05,100.00
129+04410,2020-09-04 00:00:00,40.74,100.00
129+04410,2020-09-04 00:10:00,39.49,100.00
129+04410,2020-09-04 00:20:00,36.00,100.00
129+04410,2020-09-04 00:30:00,37.41,100.00
129+04410,2020-09-04 00:40:00,38.69,100.00
129+04410,2020-09-04 00:50:00,39.00,100.00
129+04410,2020-09-04 01:00:00,47.90,100.00
129+04410,2020-09-04 01:10:00,48.04,95.00
129+04410,2020-09-04 01:20:00,41.19,98.00
129+04410,2020-09-04 01:30:00,40.58,90.00
129+04410,2020-09-04 01:40:00,43.53,90.00
129+04410,2020-09-04 01:50:00,40.00,100.00
129+04410,2020-09-04 02:00:00,40.00,100.00
129+04410,2020-09-04 02:10:00,43.33,98.00
129+04410,2020-09-04 02:20:00,50.98,100.00
129+04410,2020-09-04 02:30:00,49.69,100.00
129+04410,2020-09-04 02:40:00,45.87,100.00
129+04410,2020-09-04 02:50:00,43.79,100.00
129+04410,2020-09-04 03:00:00,41.40,100.00
129+04410,2020-09-04 03:10:00,40.00,100.00
129+04410,2020-09-04 03:20:00,41.58,97.00
129+04410,2020-09-04 03:30:00,43.00,90.00
129+04410,2020-09-04 03:40:00,43.00,90.00
129+04410,2020-09-04 03:50:00,50.00,90.00
129+04410,2020-09-04 04:00:00,50.00,90.00
129+04410,2020-09-04 04:10:00,53.24,90.00
129+04410,2020-09-04 04:20:00,52.06,100.00
129+04410,2020-09-04 04:30:00,47.72,100.00
129+04410,2020-09-04 04:40:00,45.00,100.00
129+04410,2020-09-04 04:50:00,41.35,100.00
129+04410,2020-09-04 05:00:00,46.73,100.00
129+04410,2020-09-04 05:10:00,52.77,100.00
129+04410,2020-09-04 05:20:00,53.75,100.00
129+04410,2020-09-04 05:30:00,55.44,100.00
129+04410,2020-09-04 05:40:00,56.69,100.00
129+04410,2020-09-04 05:50:00,56.58,100.00
129+04410,2020-09-04 06:00:00,60.29,100.00
129+04410,2020-09-04 06:10:00,60.30,100.00
129+04410,2020-09-04 06:20:00,53.83,100.00
129+04410,2020-09-04 06:30:00,46.84,100.00
129+04410,2020-09-04 06:40:00,54.81,100.00
129+04410,2020-09-04 06:50:00,51.35,100.00
129+04410,2020-09-04 07:00:00,52.97,100.00
129+04410,2020-09-04 07:10:00,54.47,100.00
129+04410,2020-09-04 07:20:00,52.98,100.00
129+04410,2020-09-04 07:30:00,55.25,100.00
129+04410,2020-09-04 07:40:00,49.23,100.00
129+04410,2020-09-04 07:50:00,52.57,100.00
129+04410,2020-09-04 08:00:00,52.59,100.00
129+04410,2020-09-04 08:10:00,52.31,100.00
129+04410,2020-09-04 08:20:00,53.78,100.00
129+04410,2020-09-04 08:30:00,54.00,100.00
129+04410,2020-09-04 08:40:00,52.25,100.00
129+04410,2020-09-04 08:50:00,50.41,100.00
129+04410,2020-09-04 09:00:00,51.51,100.00
129+04410,2020-09-04 09:10:00,52.59,100.00
129+04410,2020-09-04 09:20:00,51.63,100.00
129+04410,2020-09-04 09:30:00,49.95,100.00
129+04410,2020-09-04 09:40:00,50.63,100.00
129+04410,2020-09-04 09:50:00,50.67,100.00
129+04410,2020-09-04 10:00:00,48.47,100.00
129+04410,2020-09-04 10:10:00,49.17,100.00
129+04410,2020-09-04 10:20:00,47.10,100.00
129+04410,2020-09-04 10:30:00,49.52,100.00
129+04410,2020-09-04 10:40:00,48.26,100.00
129+04410,2020-09-04 10:50:00,48.17,100.00
129+04410,2020-09-04 11:00:00,45.97,100.00
129+04410,2020-09-04 11:10:00,44.72,100.00
129+04410,2020-09-04 11:20:00,40.96,100.00
129+04410,2020-09-04 11:30:00,43.82,100.00
129+04410,2020-09-04 11:40:00,45.78,100.00
129+04410,2020-09-04 11:50:00,47.11,100.00
129+04410,2020-09-04 12:00:00,49.29,100.00
129+04410,2020-09-04 12:10:00,48.86,100.00
129+04410,2020-09-04 12:20:00,40.67,100.00
129+04410,2020-09-04 12:30:00,48.57,96.00
129+04410,2020-09-04 12:40:00,43.69,97.00
129+04410,2020-09-04 12:50:00,37.43,97.00
129+04410,2020-09-04 13:00:00,35.10,96.00
129+04410,2020-09-04 13:10:00,22.66,98.00
129+04410,2020-09-04 13:20:00,13.69,100.00
129+04410,2020-09-04 13:30:00,12.70,100.00
129+04410,2020-09-04 13:40:00,21.91,98.00
129+04410,2020-09-04 13:50:00,34.61,91.00
129+04410,2020-09-04 14:00:00,23.70,92.00
129+04410,2020-09-04 14:10:00,10.55,100.00
129+04410,2020-09-04 14:20:00,10.12,100.00
129+04410,2020-09-04 14:30:00,8.96,100.00
129+04410,2020-09-04 14:40:00,10.07,100.00
129+04410,2020-09-04 14:50:00,8.10,100.00
129+04410,2020-09-04 15:00:00,10.34,100.00
129+04410,2020-09-04 15:10:00,10.80,100.00
129+04410,2020-09-04 15:20:00,9.37,100.00
129+04410,2020-09-04 15:30:00,10.07,100.00
129+04410,2020-09-04 15:40:00,9.76,100.00
129+04410,2020-09-04 15:50:00,9.81,100.00
129+04410,2020-09-04 16:00:00,9.25,100.00
129+04410,2020-09-04 16:10:00,8.57,100.00
129+04410,2020-09-04 16:20:00,7.68,100.00
129+04410,2020-09-04 16:30:00,9.00,100.00
129+04410,2020-09-04 16:40:00,9.35,100.00
129+04410,2020-09-04 16:50:00,9.18,100.00
129+04410,2020-09-04 17:00:00,7.80,100.00
129+04410,2020-09-04 17:10:00,8.22,100.00
129+04410,2020-09-04 17:20:00,8.62,100.00
129+04410,2020-09-04 17:30:00,9.41,100.00
129+04410,2020-09-04 17:40:00,9.53,100.00
129+04410,2020-09-04 17:50:00,10.63,100.00
129+04410,2020-09-04 18:00:00,14.97,100.00
129+04410,2020-09-04 18:10:00,39.12,91.00
129+04410,2020-09-04 18:20:00,48.51,90.00
129+04410,2020-09-04 18:30:00,46.97,98.00
129+04410,2020-09-04 18:40:00,43.58,100.00
129+04410,2020-09-04 18:50:00,42.92,100.00
129+04410,2020-09-04 19:00:00,45.78,100.00
129+04410,2020-09-04 19:10:00,47.38,100.00
129+04410,2020-09-04 19:20:00,55.06,100.00
129+04410,2020-09-04 19:30:00,45.01,100.00
129+04410,2020-09-04 19:40:00,45.76,100.00
129+04410,2020-09-04 19:50:00,48.07,100.00
129+04410,2020-09-04 20:00:00,44.85,100.00
129+04410,2020-09-04 20:10:00,47.88,100.00
129+04410,2020-09-04 20:20:00,48.84,100.00
129+04410,2020-09-04 20:30:00,52.69,100.00
129+04410,2020-09-04 20:40:00,49.58,100.00
129+04410,2020-09-04 20:50:00,49.09,100.00
129+04410,2020-09-04 21:00:00,47.90,100.00
129+04410,2020-09-04 21:10:00,50.78,100.00
129+04410,2020-09-04 21:20:00,50.30,100.00
129+04410,2020-09-04 21:30:00,47.26,100.00
129+04410,2020-09-04 21:40:00,49.07,100.00
129+04410,2020-09-04 21:50:00,46.92,100.00
129+04410,2020-09-04 22:00:00,50.20,100.00
129+04410,2020-09-04 22:10:00,51.97,100.00
129+04410,2020-09-04 22:20:00,56.10,100.00
129+04410,2020-09-04 22:30:00,55.03,100.00
129+04410,2020-09-04 22:40:00,56.58,100.00
129+04410,2020-09-04 22:50:00,51.48,100.00
129+04410,2020-09-04 23:00:00,51.59,100.00
129+04410,2020-09-04 23:10:00,48.15,100.00
129+04410,2020-09-04 23:20:00,48.53,100.00
129+04410,2020-09-04 23:30:00,47.68,100.00
129+04410,2020-09-04 23:40:00,51.81,100.00
129+04410,2020-09-04 23:50:00,49.47,100.00
129+04774,2020-09-04 00:00:00,57.27,100.00
129+04774,2020-09-04 00:10:00,60.15,100.00
129+04774,2020-09-04 00:20:00,52.54,100.00
129+04774,2020-09-04 00:30:00,51.98,100.00
129+04774,2020-09-04 00:40:00,54.60,100.00
129+04774,2020-09-04 00:50:00,48.78,100.00
129+04774,2020-09-04 01:00:00,45.65,100.00
129+04774,2020-09-04 01:10:00,52.80,100.00
129+04774,2020-09-04 01:20:00,51.80,100.00
129+04774,2020-09-04 01:30:00,52.00,100.00
129+04774,2020-09-04 01:40:00,51.60,99.00
129+04774,2020-09-04 01:50:00,56.50,95.00
129+04774,2020-09-04 02:00:00,63.85,100.00
129+04774,2020-09-04 02:10:00,59.93,100.00
129+04774,2020-09-04 02:20:00,54.88,100.00
129+04774,2020-09-04 02:30:00,48.19,100.00
129+04774,2020-09-04 02:40:00,49.22,100.00
129+04774,2020-09-04 02:50:00,56.46,100.00
129+04774,2020-09-04 03:00:00,57.00,100.00
129+04774,2020-09-04 03:10:00,55.08,99.00
129+04774,2020-09-04 03:20:00,59.54,92.00
129+04774,2020-09-04 03:30:00,59.48,93.00
129+04774,2020-09-04 03:40:00,57.89,100.00
129+04774,2020-09-04 03:50:00,57.49,100.00
129+04774,2020-09-04 04:00:00,57.30,100.00
129+04774,2020-09-04 04:10:00,48.59,100.00
129+04774,2020-09-04 04:20:00,52.40,100.00
129+04774,2020-09-04 04:30:00,51.46,100.00
129+04774,2020-09-04 04:40:00,55.29,100.00
129+04774,2020-09-04 04:50:00,60.14,100.00
129+04774,2020-09-04 05:00:00,56.73,100.00
129+04774,2020-09-04 05:10:00,52.54,100.00
129+04774,2020-09-04 05:20:00,57.38,100.00
129+04774,2020-09-04 05:30:00,60.58,100.00
129+04774,2020-09-04 05:40:00,56.37,100.00
129+04774,2020-09-04 05:50:00,62.09,100.00
129+04774,2020-09-04 06:00:00,56.78,100.00
129+04774,2020-09-04 06:10:00,59.47,100.00
129+04774,2020-09-04 06:20:00,61.26,100.00
129+04774,2020-09-04 06:30:00,61.28,100.00
129+04774,2020-09-04 06:40:00,58.80,100.00
129+04774,2020-09-04 06:50:00,55.13,100.00
129+04774,2020-09-04 07:00:00,58.57,100.00
129+04774,2020-09-04 07:10:00,60.24,100.00
129+04774,2020-09-04 07:20:00,59.54,100.00
129+04774,2020-09-04 07:30:00,52.99,100.00
129+04774,2020-09-04 07:40:00,58.12,100.00
129+04774,2020-09-04 07:50:00,59.33,100.00
129+04774,2020-09-04 08:00:00,55.46,100.00
129+04774,2020-09-04 08:10:00,54.83,100.00
129+04774,2020-09-04 08:20:00,56.48,100.00
129+04774,2020-09-04 08:30:00,54.16,100.00
129+04774,2020-09-04 08:40:00,50.42,100.00
129+04774,2020-09-04 08:50:00,53.28,100.00
129+04774,2020-09-04 09:00:00,55.71,100.00
129+04774,2020-09-04 09:10:00,55.00,100.00
129+04774,2020-09-04 09:20:00,53.27,100.00
129+04774,2020-09-04 09:30:00,51.29,100.00
129+04774,2020-09-04 09:40:00,48.75,100.00
129+04774,2020-09-04 09:50:00,48.44,100.00
129+04774,2020-09-04 10:00:00,50.17,100.00
129+04774,2020-09-04 10:10:00,53.67,100.00
129+04774,2020-09-04 10:20:00,45.02,100.00
129+04774,2020-09-04 10:30:00,50.74,100.00
129+04774,2020-09-04 10:40:00,48.31,100.00
129+04774,2020-09-04 10:50:00,50.62,100.00
129+04774,2020-09-04 11:00:00,47.18,100.00
129+04774,2020-09-04 11:10:00,45.71,100.00
129+04774,2020-09-04 11:20:00,42.76,100.00
129+04774,2020-09-04 11:30:00,47.64,100.00
129+04774,2020-09-04 11:40:00,42.01,100.00
129+04774,2020-09-04 11:50:00,30.14,100.00
129+04774,2020-09-04 12:00:00,27.76,100.00
129+04774,2020-09-04 12:10:00,27.08,100.00
129+04774,2020-09-04 12:20:00,32.81,100.00
129+04774,2020-09-04 12:30:00,25.50,100.00
129+04774,2020-09-04 12:40:00,27.02,100.00
129+04774,2020-09-04 12:50:00,27.44,100.00
129+04774,2020-09-04 13:00:00,27.42,100.00
129+04774,2020-09-04 13:10:00,30.02,100.00
129+04774,2020-09-04 13:20:00,28.34,100.00
129+04774,2020-09-04 13:30:00,25.81,100.00
129+04774,2020-09-04 13:40:00,20.09,100.00
129+04774,2020-09-04 13:50:00,27.09,100.00
129+04774,2020-09-04 14:00:00,28.24,100.00
129+04774,2020-09-04 14:10:00,25.63,100.00
129+04774,2020-09-04 14:20:00,24.68,100.00
129+04774,2020-09-04 14:30:00,20.76,100.00
129+04774,2020-09-04 14:40:00,19.94,100.00
129+04774,2020-09-04 14:50:00,18.61,100.00
129+04774,2020-09-04 15:00:00,19.53,100.00
129+04774,2020-09-04 15:10:00,19.46,100.00
129+04774,2020-09-04 15:20:00,23.68,100.00
129+04774,2020-09-04 15:30:00,21.57,100.00
129+04774,2020-09-04 15:40:00,19.91,100.00
129+04774,2020-09-04 15:50:00,22.34,100.00
129+04774,2020-09-04 16:00:00,21.76,100.00
129+04774,2020-09-04 16:10:00,20.94,100.00
129+04774,2020-09-04 16:20:00,13.48,100.00
129+04774,2020-09-04 16:30:00,29.04,100.00
129+04774,2020-09-04 16:40:00,24.78,100.00
129+04774,2020-09-04 16:50:00,28.52,100.00
129+04774,2020-09-04 17:00:00,26.90,100.00
129+04774,2020-09-04 17:10:00,31.79,100.00
129+04774,2020-09-04 17:20:00,30.00,100.00
129+04774,2020-09-04 17:30:00,36.87,100.00
129+04774,2020-09-04 17:40:00,40.42,100.00
129+04774,2020-09-04 17:50:00,46.73,98.00
129+04774,2020-09-04 18:00:00,50.41,100.00
129+04774,2020-09-04 18:10:00,51.42,99.00
129+04774,2020-09-04 18:20:00,39.76,100.00
129+04774,2020-09-04 18:30:00,46.58,100.00
129+04774,2020-09-04 18:40:00,47.95,100.00
129+04774,2020-09-04 18:50:00,49.38,100.00
129+04774,2020-09-04 19:00:00,52.20,100.00
129+04774,2020-09-04 19:10:00,43.68,100.00
129+04774,2020-09-04 19:20:00,41.33,100.00
129+04774,2020-09-04 19:30:00,48.05,100.00
129+04774,2020-09-04 19:40:00,44.51,100.00
129+04774,2020-09-04 19:50:00,46.30,100.00
129+04774,2020-09-04 20:00:00,48.99,100.00
129+04774,2020-09-04 20:10:00,50.52,100.00
129+04774,2020-09-04 20:20:00,48.66,100.00
129+04774,2020-09-04 20:30:00,48.96,100.00
129+04774,2020-09-04 20:40:00,52.61,100.00
129+04774,2020-09-04 20:50:00,52.19,100.00
129+04774,2020-09-04 21:00:00,53.72,100.00
129+04774,2020-09-04 21:10:00,49.37,100.00
129+04774,2020-09-04 21:20:00,60.72,100.00
129+04774,2020-09-04 21:30:00,54.11,100.00
129+04774,2020-09-04 21:40:00,51.87,100.00
129+04774,2020-09-04 21:50:00,58.20,100.00
129+04774,2020-09-04 22:00:00,56.62,100.00
129+04774,2020-09-04 22:10:00,50.70,100.00
129+04774,2020-09-04 22:20:00,47.17,100.00
129+04774,2020-09-04 22:30:00,49.53,100.00
129+04774,2020-09-04 22:40:00,55.24,100.00
129+04774,2020-09-04 22:50:00,57.35,100.00
129+04774,2020-09-04 23:00:00,57.20,100.00
129+04774,2020-09-04 23:10:00,51.33,100.00
129+04774,2020-09-04 23:20:00,57.42,100.00
129+04774,2020-09-04 23:30:00,61.75,100.00
129+04774,2020-09-04 23:40:00,57.09,100.00
129+04774,2020-09-04 23:50:00,48.25,100.00
129+04411,2020-09-04 00:00:00,41.11,100.00
129+04411,2020-09-04 00:10:00,40.36,100.00
129+04411,2020-09-04 00:20:00,38.29,100.00
129+04411,2020-09-04 00:30:00,39.28,100.00
129+04411,2020-09-04 00:40:00,39.80,100.00
129+04411,2020-09-04 00:50:00,40.69,100.00
129+04411,2020-09-04 01:00:00,48.00,100.00
129+04411,2020-09-04 01:10:00,47.28,95.00
129+04411,2020-09-04 01:20:00,42.00,98.00
129+04411,2020-09-04 01:30:00,42.00,90.00
129+04411,2020-09-04 01:40:00,45.03,90.00
129+04411,2020-09-04 01:50:00,41.29,100.00
129+04411,2020-09-04 02:00:00,41.00,100.00
129+04411,2020-09-04 02:10:00,42.57,98.00
129+04411,2020-09-04 02:20:00,47.00,100.00
129+04411,2020-09-04 02:30:00,46.24,100.00
129+04411,2020-09-04 02:40:00,41.77,100.00
129+04411,2020-09-04 02:50:00,40.00,100.00
129+04411,2020-09-04 03:00:00,40.58,100.00
129+04411,2020-09-04 03:10:00,40.59,100.00
129+04411,2020-09-04 03:20:00,42.66,97.00
129+04411,2020-09-04 03:30:00,45.00,90.00
129+04411,2020-09-04 03:40:00,45.00,90.00
129+04411,2020-09-04 03:50:00,49.00,90.00
129+04411,2020-09-04 04:00:00,48.10,90.00
129+04411,2020-09-04 04:10:00,53.44,90.00
129+04411,2020-09-04 04:20:00,52.06,100.00
129+04411,2020-09-04 04:30:00,47.92,100.00
129+04411,2020-09-04 04:40:00,46.00,100.00
129+04411,2020-09-04 04:50:00,42.17,100.00
129+04411,2020-09-04 05:00:00,46.77,100.00
129+04411,2020-09-04 05:10:00,52.46,100.00
129+04411,2020-09-04 05:20:00,54.67,100.00
129+04411,2020-09-04 05:30:00,58.21,100.00
129+04411,2020-09-04 05:40:00,56.90,100.00
129+04411,2020-09-04 05:50:00,56.59,100.00
129+04411,2020-09-04 06:00:00,59.07,100.00
129+04411,2020-09-04 06:10:00,60.00,100.00
129+04411,2020-09-04 06:20:00,53.94,100.00
129+04411,2020-09-04 06:30:00,48.54,100.00
129+04411,2020-09-04 06:40:00,54.45,100.00
129+04411,2020-09-04 06:50:00,50.38,100.00
129+04411,2020-09-04 07:00:00,52.49,100.00
129+04411,2020-09-04 07:10:00,53.25,100.00
129+04411,2020-09-04 07:20:00,50.83,100.00
129+04411,2020-09-04 07:30:00,54.93,100.00
129+04411,2020-09-04 07:40:00,48.85,100.00
129+04411,2020-09-04 07:50:00,51.46,100.00
129+04411,2020-09-04 08:00:00,50.23,100.00
129+04411,2020-09-04 08:10:00,52.35,100.00
129+04411,2020-09-04 08:20:00,52.71,100.00
129+04411,2020-09-04 08:30:00,53.31,100.00
129+04411,2020-09-04 08:40:00,51.23,100.00
129+04411,2020-09-04 08:50:00,49.86,100.00
129+04411,2020-09-04 09:00:00,51.67,100.00
129+04411,2020-09-04 09:10:00,51.07,100.00
129+04411,2020-09-04 09:20:00,50.75,100.00
129+04411,2020-09-04 09:30:00,49.41,100.00
129+04411,2020-09-04 09:40:00,49.31,100.00
129+04411,2020-09-04 09:50:00,49.46,100.00
129+04411,2020-09-04 10:00:00,48.40,100.00
129+04411,2020-09-04 10:10:00,48.72,100.00
129+04411,2020-09-04 10:20:00,46.96,100.00
129+04411,2020-09-04 10:30:00,49.33,100.00
129+04411,2020-09-04 10:40:00,48.31,100.00
129+04411,2020-09-04 10:50:00,48.14,100.00
129+04411,2020-09-04 11:00:00,45.58,100.00
129+04411,2020-09-04 11:10:00,44.37,100.00
129+04411,2020-09-04 11:20:00,40.14,100.00
129+04411,2020-09-04 11:30:00,42.36,100.00
129+04411,2020-09-04 11:40:00,45.74,100.00
129+04411,2020-09-04 11:50:00,46.00,100.00
129+04411,2020-09-04 12:00:00,46.08,100.00
129+04411,2020-09-04 12:10:00,47.87,100.00
129+04411,2020-09-04 12:20:00,42.31,100.00
129+04411,2020-09-04 12:30:00,48.36,96.00
129+04411,2020-09-04 12:40:00,43.99,97.00
129+04411,2020-09-04 12:50:00,37.70,97.00
129+04411,2020-09-04 13:00:00,33.73,96.00
129+04411,2020-09-04 13:10:00,27.91,98.00
129+04411,2020-09-04 13:20:00,22.73,100.00
129+04411,2020-09-04 13:30:00,22.54,100.00
129+04411,2020-09-04 13:40:00,26.88,98.00
129+04411,2020-09-04 13:50:00,35.71,91.00
129+04411,2020-09-04 14:00:00,29.56,92.00
129+04411,2020-09-04 14:10:00,16.39,100.00
129+04411,2020-09-04 14:20:00,11.03,100.00
129+04411,2020-09-04 14:30:00,10.03,100.00
129+04411,2020-09-04 14:40:00,11.72,100.00
129+04411,2020-09-04 14:50:00,11.38,100.00
129+04411,2020-09-04 15:00:00,10.96,100.00
129+04411,2020-09-04 15:10:00,11.38,100.00
129+04411,2020-09-04 15:20:00,12.24,100.00
129+04411,2020-09-04 15:30:00,11.49,100.00
129+04411,2020-09-04 15:40:00,11.84,100.00
129+04411,2020-09-04 15:50:00,12.65,100.00
129+04411,2020-09-04 16:00:00,11.64,100.00
129+04411,2020-09-04 16:10:00,11.46,100.00
129+04411,2020-09-04 16:20:00,10.68,100.00
129+04411,2020-09-04 16:30:00,9.93,100.00
129+04411,2020-09-04 16:40:00,10.36,100.00
129+04411,2020-09-04 16:50:00,9.92,100.00
129+04411,2020-09-04 17:00:00,9.83,100.00
129+04411,2020-09-04 17:10:00,10.03,100.00
129+04411,2020-09-04 17:20:00,10.76,100.00
129+04411,2020-09-04 17:30:00,10.66,100.00
129+04411,2020-09-04 17:40:00,12.95,100.00
129+04411,2020-09-04 17:50:00,16.38,100.00
129+04411,2020-09-04 18:00:00,22.27,100.00
129+04411,2020-09-04 18:10:00,38.17,91.00
129+04411,2020-09-04 18:20:00,47.65,90.00
129+04411,2020-09-04 18:30:00,44.97,98.00
129+04411,2020-09-04 18:40:00,42.77,100.00
129+04411,2020-09-04 18:50:00,42.45,100.00
129+04411,2020-09-04 19:00:00,44.96,100.00
129+04411,2020-09-04 19:10:00,47.10,100.00
129+04411,2020-09-04 19:20:00,53.25,100.00
129+04411,2020-09-04 19:30:00,45.28,100.00
129+04411,2020-09-04 19:40:00,45.74,100.00
129+04411,2020-09-04 19:50:00,48.76,100.00
129+04411,2020-09-04 20:00:00,46.24,100.00
129+04411,2020-09-04 20:10:00,48.90,100.00
129+04411,2020-09-04 20:20:00,47.08,100.00
129+04411,2020-09-04 20:30:00,53.12,100.00
129+04411,2020-09-04 20:40:00,50.48,100.00
129+04411,2020-09-04 20:50:00,47.89,100.00
129+04411,2020-09-04 21:00:00,49.15,100.00
129+04411,2020-09-04 21:10:00,49.98,100.00
129+04411,2020-09-04 21:20:00,48.98,100.00
129+04411,2020-09-04 21:30:00,47.39,100.00
129+04411,2020-09-04 21:40:00,49.18,100.00
129+04411,2020-09-04 21:50:00,46.05,100.00
129+04411,2020-09-04 22:00:00,48.88,100.00
129+04411,2020-09-04 22:10:00,50.28,100.00
129+04411,2020-09-04 22:20:00,53.98,100.00
129+04411,2020-09-04 22:30:00,54.26,100.00
129+04411,2020-09-04 22:40:00,55.92,100.00
129+04411,2020-09-04 22:50:00,51.24,100.00
129+04411,2020-09-04 23:00:00,51.59,100.00
129+04411,2020-09-04 23:10:00,48.98,100.00
129+04411,2020-09-04 23:20:00,49.25,100.00
129+04411,2020-09-04 23:30:00,46.28,100.00
129+04411,2020-09-04 23:40:00,51.64,100.00
129+04411,2020-09-04 23:50:00,49.96,100.00
129+04412,2020-09-04 00:00:00,42.31,100.00
129+04412,2020-09-04 00:10:00,39.10,100.00
129+04412,2020-09-04 00:20:00,37.90,100.00
129+04412,2020-09-04 00:30:00,38.49,100.00
129+04412,2020-09-04 00:40:00,37.98,100.00
129+04412,2020-09-04 00:50:00,40.00,100.00
129+04412,2020-09-04 01:00:00,47.09,100.00
129+04412,2020-09-04 01:10:00,46.62,95.00
129+04412,2020-09-04 01:20:00,40.80,98.00
129+04412,2020-09-04 01:30:00,40.79,90.00
129+04412,2020-09-04 01:40:00,43.36,90.00
129+04412,2020-09-04 01:50:00,43.00,100.00
129+04412,2020-09-04 02:00:00,38.93,100.00
129+04412,2020-09-04 02:10:00,38.27,98.00
129+04412,2020-09-04 02:20:00,40.49,100.00
129+04412,2020-09-04 02:30:00,39.91,100.00
129+04412,2020-09-04 02:40:00,32.70,100.00
129+04412,2020-09-04 02:50:00,31.00,100.00
129+04412,2020-09-04 03:00:00,35.15,100.00
129+04412,2020-09-04 03:10:00,39.00,100.00
129+04412,2020-09-04 03:20:00,40.14,97.00
129+04412,2020-09-04 03:30:00,43.00,90.00
129+04412,2020-09-04 03:40:00,43.00,90.00
129+04412,2020-09-04 03:50:00,46.00,90.00
129+04412,2020-09-04 04:00:00,46.00,90.00
129+04412,2020-09-04 04:10:00,49.72,90.00
129+04412,2020-09-04 04:20:00,50.38,100.00
129+04412,2020-09-04 04:30:00,47.55,100.00
129+04412,2020-09-04 04:40:00,45.00,100.00
129+04412,2020-09-04 04:50:00,41.65,100.00
129+04412,2020-09-04 05:00:00,43.73,100.00
129+04412,2020-09-04 05:10:00,50.19,100.00
129+04412,2020-09-04 05:20:00,55.39,100.00
129+04412,2020-09-04 05:30:00,56.97,100.00
129+04412,2020-09-04 05:40:00,54.68,100.00
129+04412,2020-09-04 05:50:00,52.77,100.00
129+04412,2020-09-04 06:00:00,57.45,100.00
129+04412,2020-09-04 06:10:00,55.25,100.00
129+04412,2020-09-04 06:20:00,51.00,100.00
129+04412,2020-09-04 06:30:00,47.01,100.00
129+04412,2020-09-04 06:40:00,52.86,100.00
129+04412,2020-09-04 06:50:00,49.28,100.00
129+04412,2020-09-04 07:00:00,51.96,100.00
129+04412,2020-09-04 07:10:00,52.01,100.00
129+04412,2020-09-04 07:20:00,47.90,100.00
129+04412,2020-09-04 07:30:00,54.78,100.00
129+04412,2020-09-04 07:40:00,48.66,100.00
129+04412,2020-09-04 07:50:00,51.21,100.00
129+04412,2020-09-04 08:00:00,50.04,100.00
129+04412,2020-09-04 08:10:00,51.39,100.00
129+04412,2020-09-04 08:20:00,52.72,100.00
129+04412,2020-09-04 08:30:00,51.55,100.00
129+04412,2020-09-04 08:40:00,48.39,100.00
129+04412,2020-09-04 08:50:00,47.59,100.00
129+04412,2020-09-04 09:00:00,50.97,100.00
129+04412,2020-09-04 09:10:00,50.15,100.00
129+04412,2020-09-04 09:20:00,50.23,100.00
129+04412,2020-09-04 09:30:00,46.55,100.00
129+04412,2020-09-04 09:40:00,48.06,100.00
129+04412,2020-09-04 09:50:00,47.98,100.00
129+04412,2020-09-04 10:00:00,47.59,100.00
129+04412,2020-09-04 10:10:00,48.34,100.00
129+04412,2020-09-04 10:20:00,46.41,100.00
129+04412,2020-09-04 10:30:00,46.05,100.00
129+04412,2020-09-04 10:40:00,47.35,100.00
129+04412,2020-09-04 10:50:00,46.24,100.00
129+04412,2020-09-04 11:00:00,43.09,100.00
129+04412,2020-09-04 11:10:00,42.78,100.00
129+04412,2020-09-04 11:20:00,38.05,100.00
129+04412,2020-09-04 11:30:00,41.32,100.00
129+04412,2020-09-04 11:40:00,42.72,100.00
129+04412,2020-09-04 11:50:00,43.98,100.00
129+04412,2020-09-04 12:00:00,44.76,100.00
129+04412,2020-09-04 12:10:00,45.00,100.00
129+04412,2020-09-04 12:20:00,40.52,100.00
129+04412,2020-09-04 12:30:00,46.55,96.00
129+04412,2020-09-04 12:40:00,42.63,97.00
129+04412,2020-09-04 12:50:00,35.46,97.00
129+04412,2020-09-04 13:00:00,33.29,96.00
129+04412,2020-09-04 13:10:00,31.88,98.00
129+04412,2020-09-04 13:20:00,29.59,100.00
129+04412,2020-09-04 13:30:00,29.08,100.00
129+04412,2020-09-04 13:40:00,31.35,98.00
129+04412,2020-09-04 13:50:00,37.19,91.00
129+04412,2020-09-04 14:00:00,32.86,92.00
129+04412,2020-09-04 14:10:00,25.21,100.00
129+04412,2020-09-04 14:20:00,18.78,100.00
129+04412,2020-09-04 14:30:00,16.93,100.00
129+04412,2020-09-04 14:40:00,18.00,100.00
129+04412,2020-09-04 14:50:00,18.73,100.00
129+04412,2020-09-04 15:00:00,18.39,100.00
129+04412,2020-09-04 15:10:00,19.86,100.00
129+04412,2020-09-04 15:20:00,19.37,100.00
129+04412,2020-09-04 15:30:00,18.78,100.00
129+04412,2020-09-04 15:40:00,18.97,100.00
129+04412,2020-09-04 15:50:00,18.87,100.00
129+04412,2020-09-04 16:00:00,18.87,100.00
129+04412,2020-09-04 16:10:00,17.24,100.00
129+04412,2020-09-04 16:20:00,15.29,100.00
129+04412,2020-09-04 16:30:00,16.15,100.00
129+04412,2020-09-04 16:40:00,17.08,100.00
129+04412,2020-09-04 16:50:00,17.16,100.00
129+04412,2020-09-04 17:00:00,17.07,100.00
129+04412,2020-09-04 17:10:00,15.78,100.00
129+04412,2020-09-04 17:20:00,16.57,100.00
129+04412,2020-09-04 17:30:00,16.62,100.00
129+04412,2020-09-04 17:40:00,20.84,100.00
129+04412,2020-09-04 17:50:00,23.25,100.00
129+04412,2020-09-04 18:00:00,25.16,100.00
129+04412,2020-09-04 18:10:00,38.00,91.00
129+04412,2020-09-04 18:20:00,46.27,90.00
129+04412,2020-09-04 18:30:00,42.48,98.00
129+04412,2020-09-04 18:40:00,41.07,100.00
129+04412,2020-09-04 18:50:00,42.24,100.00
129+04412,2020-09-04 19:00:00,44.28,100.00
129+04412,2020-09-04 19:10:00,44.90,100.00
129+04412,2020-09-04 19:20:00,51.45,100.00
129+04412,2020-09-04 19:30:00,44.26,100.00
129+04412,2020-09-04 19:40:00,44.08,100.00
129+04412,2020-09-04 19:50:00,47.69,100.00
129+04412,2020-09-04 20:00:00,44.35,100.00
129+04412,2020-09-04 20:10:00,47.18,100.00
129+04412,2020-09-04 20:20:00,45.66,100.00
129+04412,2020-09-04 20:30:00,51.39,100.00
129+04412,2020-09-04 20:40:00,48.42,100.00
129+04412,2020-09-04 20:50:00,45.68,100.00
129+04412,2020-09-04 21:00:00,47.91,100.00
129+04412,2020-09-04 21:10:00,48.05,100.00
129+04412,2020-09-04 21:20:00,48.05,100.00
129+04412,2020-09-04 21:30:00,46.22,100.00
129+04412,2020-09-04 21:40:00,47.74,100.00
129+04412,2020-09-04 21:50:00,45.59,100.00
129+04412,2020-09-04 22:00:00,47.52,100.00
129+04412,2020-09-04 22:10:00,47.15,100.00
129+04412,2020-09-04 22:20:00,51.38,100.00
129+04412,2020-09-04 22:30:00,53.38,100.00
129+04412,2020-09-04 22:40:00,52.08,100.00
129+04412,2020-09-04 22:50:00,48.83,100.00
129+04412,2020-09-04 23:00:00,52.26,100.00
129+04412,2020-09-04 23:10:00,48.77,100.00
129+04412,2020-09-04 23:20:00,44.61,100.00
129+04412,2020-09-04 23:30:00,44.05,100.00
129+04412,2020-09-04 23:40:00,48.97,100.00
129+04412,2020-09-04 23:50:00,49.43,100.00
129+04775,2020-09-04 00:00:00,56.60,100.00
129+04775,2020-09-04 00:10:00,56.97,100.00
129+04775,2020-09-04 00:20:00,57.64,100.00
129+04775,2020-09-04 00:30:00,55.00,100.00
129+04775,2020-09-04 00:40:00,57.56,100.00
129+04775,2020-09-04 00:50:00,57.20,100.00
129+04775,2020-09-04 01:00:00,55.48,100.00
129+04775,2020-09-04 01:10:00,54.69,100.00
129+04775,2020-09-04 01:20:00,52.29,100.00
129+04775,2020-09-04 01:30:00,49.99,97.60
129+04775,2020-09-04 01:40:00,52.32,98.80
129+04775,2020-09-04 01:50:00,56.67,91.60
129+04775,2020-09-04 02:00:00,62.48,96.60
129+04775,2020-09-04 02:10:00,59.72,98.80
129+04775,2020-09-04 02:20:00,57.40,96.80
129+04775,2020-09-04 02:30:00,53.57,99.60
129+04775,2020-09-04 02:40:00,52.49,97.60
129+04775,2020-09-04 02:50:00,54.19,100.00
129+04775,2020-09-04 03:00:00,53.70,100.00
129+04775,2020-09-04 03:10:00,52.89,100.00
129+04775,2020-09-04 03:20:00,51.39,90.40
129+04775,2020-09-04 03:30:00,50.49,92.60
129+04775,2020-09-04 03:40:00,53.57,100.00
129+04775,2020-09-04 03:50:00,54.60,100.00
129+04775,2020-09-04 04:00:00,53.98,100.00
129+04775,2020-09-04 04:10:00,53.98,100.00
129+04775,2020-09-04 04:20:00,56.89,100.00
129+04775,2020-09-04 04:30:00,58.09,100.00
129+04775,2020-09-04 04:40:00,60.28,100.00
129+04775,2020-09-04 04:50:00,55.06,100.00
129+04775,2020-09-04 05:00:00,53.58,100.00
129+04775,2020-09-04 05:10:00,52.60,100.00
129+04775,2020-09-04 05:20:00,57.30,100.00
129+04775,2020-09-04 05:30:00,62.78,100.00
129+04775,2020-09-04 05:40:00,56.60,100.00
129+04775,2020-09-04 05:50:00,59.57,100.00
129+04775,2020-09-04 06:00:00,60.67,100.00
129+04775,2020-09-04 06:10:00,59.52,100.00
129+04775,2020-09-04 06:20:00,59.17,100.00
129+04775,2020-09-04 06:30:00,59.13,100.00
129+04775,2020-09-04 06:40:00,58.39,100.00
129+04775,2020-09-04 06:50:00,56.69,100.00
129+04775,2020-09-04 07:00:00,59.34,100.00
129+04775,2020-09-04 07:10:00,58.39,100.00
129+04775,2020-09-04 07:20:00,57.89,100.00
129+04775,2020-09-04 07:30:00,55.77,100.00
129+04775,2020-09-04 07:40:00,59.78,100.00
129+04775,2020-09-04 07:50:00,55.16,100.00
129+04775,2020-09-04 08:00:00,57.07,100.00
129+04775,2020-09-04 08:10:00,55.55,100.00
129+04775,2020-09-04 08:20:00,58.81,100.00
129+04775,2020-09-04 08:30:00,54.96,100.00
129+04775,2020-09-04 08:40:00,53.96,100.00
129+04775,2020-09-04 08:50:00,56.16,100.00
129+04775,2020-09-04 09:00:00,57.79,100.00
129+04775,2020-09-04 09:10:00,57.54,99.60
129+04775,2020-09-04 09:20:00,53.56,100.00
129+04775,2020-09-04 09:30:00,57.01,100.00
129+04775,2020-09-04 09:40:00,54.07,100.00
129+04775,2020-09-04 09:50:00,52.56,100.00
129+04775,2020-09-04 10:00:00,51.78,100.00
129+04775,2020-09-04 10:10:00,53.01,100.00
129+04775,2020-09-04 10:20:00,51.15,100.00
129+04775,2020-09-04 10:30:00,44.61,100.00
129+04775,2020-09-04 10:40:00,52.59,100.00
129+04775,2020-09-04 10:50:00,51.93,100.00
129+04775,2020-09-04 11:00:00,51.96,100.00
129+04775,2020-09-04 11:10:00,53.09,99.60
129+04775,2020-09-04 11:20:00,46.03,100.00
129+04775,2020-09-04 11:30:00,37.14,100.00
129+04775,2020-09-04 11:40:00,28.48,100.00
129+04775,2020-09-04 11:50:00,26.67,100.00
129+04775,2020-09-04 12:00:00,24.97,100.00
129+04775,2020-09-04 12:10:00,23.45,100.00
129+04775,2020-09-04 12:20:00,19.85,100.00
129+04775,2020-09-04 12:30:00,20.90,100.00
129+04775,2020-09-04 12:40:00,26.40,100.00
129+04775,2020-09-04 12:50:00,25.04,100.00
129+04775,2020-09-04 13:00:00,25.81,100.00
129+04775,2020-09-04 13:10:00,28.92,100.00
129+04775,2020-09-04 13:20:00,23.56,100.00
129+04775,2020-09-04 13:30:00,23.84,100.00
129+04775,2020-09-04 13:40:00,25.25,100.00
129+04775,2020-09-04 13:50:00,26.29,100.00
129+04775,2020-09-04 14:00:00,26.03,100.00
129+04775,2020-09-04 14:10:00,24.92,100.00
129+04775,2020-09-04 14:20:00,25.45,100.00
129+04775,2020-09-04 14:30:00,22.95,100.00
129+04775,2020-09-04 14:40:00,20.17,100.00
129+04775,2020-09-04 14:50:00,23.63,100.00
129+04775,2020-09-04 15:00:00,21.15,100.00
129+04775,2020-09-04 15:10:00,22.05,100.00
129+04775,2020-09-04 15:20:00,24.44,100.00
129+04775,2020-09-04 15:30:00,21.85,100.00
129+04775,2020-09-04 15:40:00,21.89,100.00
129+04775,2020-09-04 15:50:00,21.76,100.00
129+04775,2020-09-04 16:00:00,19.86,100.00
129+04775,2020-09-04 16:10:00,19.86,100.00
129+04775,2020-09-04 16:20:00,26.26,100.00
129+04775,2020-09-04 16:30:00,28.38,100.00
129+04775,2020-09-04 16:40:00,29.17,100.00
129+04775,2020-09-04 16:50:00,29.50,100.00
129+04775,2020-09-04 17:00:00,23.45,100.00
129+04775,2020-09-04 17:10:00,23.87,100.00
129+04775,2020-09-04 17:20:00,24.95,100.00
129+04775,2020-09-04 17:30:00,22.96,100.00
129+04775,2020-09-04 17:40:00,28.90,100.00
129+04775,2020-09-04 17:50:00,46.22,94.20
129+04775,2020-09-04 18:00:00,57.43,90.00
129+04775,2020-09-04 18:10:00,55.27,93.60
129+04775,2020-09-04 18:20:00,51.58,100.00
129+04775,2020-09-04 18:30:00,51.85,100.00
129+04775,2020-09-04 18:40:00,55.89,100.00
129+04775,2020-09-04 18:50:00,53.08,100.00
129+04775,2020-09-04 19:00:00,53.40,100.00
129+04775,2020-09-04 19:10:00,57.13,100.00
129+04775,2020-09-04 19:20:00,53.57,100.00
129+04775,2020-09-04 19:30:00,54.87,100.00
129+04775,2020-09-04 19:40:00,52.04,100.00
129+04775,2020-09-04 19:50:00,53.02,100.00
129+04775,2020-09-04 20:00:00,52.25,100.00
129+04775,2020-09-04 20:10:00,56.77,100.00
129+04775,2020-09-04 20:20:00,55.88,100.00
129+04775,2020-09-04 20:30:00,52.31,100.00
129+04775,2020-09-04 20:40:00,54.87,100.00
129+04775,2020-09-04 20:50:00,56.50,100.00
129+04775,2020-09-04 21:00:00,57.06,100.00
129+04775,2020-09-04 21:10:00,52.78,100.00
129+04775,2020-09-04 21:20:00,62.48,100.00
129+04775,2020-09-04 21:30:00,57.77,100.00
129+04775,2020-09-04 21:40:00,57.94,100.00
129+04775,2020-09-04 21:50:00,58.60,100.00
129+04775,2020-09-04 22:00:00,58.13,100.00
129+04775,2020-09-04 22:10:00,54.85,100.00
129+04775,2020-09-04 22:20:00,54.19,100.00
129+04775,2020-09-04 22:30:00,54.32,100.00
129+04775,2020-09-04 22:40:00,59.66,100.00
129+04775,2020-09-04 22:50:00,56.70,100.00
129+04775,2020-09-04 23:00:00,61.13,100.00
129+04775,2020-09-04 23:10:00,56.02,100.00
129+04775,2020-09-04 23:20:00,58.07,100.00
129+04775,2020-09-04 23:30:00,59.37,100.00
129+04775,2020-09-04 23:40:00,61.25,100.00
129+04775,2020-09-04 23:50:00,59.00,100.00
129+04776,2020-09-04 00:00:00,51.36,100.00
129+04776,2020-09-04 00:10:00,48.94,100.00
129+04776,2020-09-04 00:20:00,50.58,100.00
129+04776,2020-09-04 00:30:00,46.59,100.00
129+04776,2020-09-04 00:40:00,50.98,100.00
129+04776,2020-09-04 00:50:00,54.79,100.00
129+04776,2020-09-04 01:00:00,53.58,100.00
129+04776,2020-09-04 01:10:00,54.59,100.00
129+04776,2020-09-04 01:20:00,53.50,100.00
129+04776,2020-09-04 01:30:00,51.90,100.00
129+04776,2020-09-04 01:40:00,52.70,98.00
129+04776,2020-09-04 01:50:00,53.87,94.00
129+04776,2020-09-04 02:00:00,53.93,100.00
129+04776,2020-09-04 02:10:00,54.05,100.00
129+04776,2020-09-04 02:20:00,53.57,100.00
129+04776,2020-09-04 02:30:00,54.47,100.00
129+04776,2020-09-04 02:40:00,52.99,97.00
129+04776,2020-09-04 02:50:00,53.89,100.00
129+04776,2020-09-04 03:00:00,54.00,100.00
129+04776,2020-09-04 03:10:00,52.38,100.00
129+04776,2020-09-04 03:20:00,50.00,92.00
129+04776,2020-09-04 03:30:00,49.00,90.00
129+04776,2020-09-04 03:40:00,51.20,100.00
129+04776,2020-09-04 03:50:00,45.19,100.00
129+04776,2020-09-04 04:00:00,43.05,100.00
129+04776,2020-09-04 04:10:00,44.88,100.00
129+04776,2020-09-04 04:20:00,50.52,100.00
129+04776,2020-09-04 04:30:00,49.98,100.00
129+04776,2020-09-04 04:40:00,54.31,100.00
129+04776,2020-09-04 04:50:00,51.66,100.00
129+04776,2020-09-04 05:00:00,53.11,100.00
129+04776,2020-09-04 05:10:00,53.49,100.00
129+04776,2020-09-04 05:20:00,51.18,100.00
129+04776,2020-09-04 05:30:00,58.19,100.00
129+04776,2020-09-04 05:40:00,55.90,100.00
129+04776,2020-09-04 05:50:00,56.16,100.00
129+04776,2020-09-04 06:00:00,56.61,100.00
129+04776,2020-09-04 06:10:00,52.16,100.00
129+04776,2020-09-04 06:20:00,56.62,100.00
129+04776,2020-09-04 06:30:00,54.20,100.00
129+04776,2020-09-04 06:40:00,56.26,100.00
129+04776,2020-09-04 06:50:00,55.85,100.00
129+04776,2020-09-04 07:00:00,56.51,100.00
129+04776,2020-09-04 07:10:00,56.04,100.00
129+04776,2020-09-04 07:20:00,55.22,100.00
129+04776,2020-09-04 07:30:00,53.98,100.00
129+04776,2020-09-04 07:40:00,58.54,100.00
129+04776,2020-09-04 07:50:00,51.82,100.00
129+04776,2020-09-04 08:00:00,56.11,100.00
129+04776,2020-09-04 08:10:00,51.52,100.00
129+04776,2020-09-04 08:20:00,59.27,100.00
129+04776,2020-09-04 08:30:00,52.79,100.00
129+04776,2020-09-04 08:40:00,53.92,100.00
129+04776,2020-09-04 08:50:00,52.80,100.00
129+04776,2020-09-04 09:00:00,55.90,100.00
129+04776,2020-09-04 09:10:00,54.73,100.00
129+04776,2020-09-04 09:20:00,48.15,100.00
129+04776,2020-09-04 09:30:00,55.10,100.00
129+04776,2020-09-04 09:40:00,51.26,100.00
129+04776,2020-09-04 09:50:00,53.05,99.00
129+04776,2020-09-04 10:00:00,51.41,100.00
129+04776,2020-09-04 10:10:00,48.02,100.00
129+04776,2020-09-04 10:20:00,52.14,99.00
129+04776,2020-09-04 10:30:00,33.05,100.00
129+04776,2020-09-04 10:40:00,47.60,100.00
129+04776,2020-09-04 10:50:00,46.01,100.00
129+04776,2020-09-04 11:00:00,45.60,100.00
129+04776,2020-09-04 11:10:00,42.47,100.00
129+04776,2020-09-04 11:20:00,44.58,100.00
129+04776,2020-09-04 11:30:00,31.71,100.00
129+04776,2020-09-04 11:40:00,26.17,100.00
129+04776,2020-09-04 11:50:00,28.24,100.00
129+04776,2020-09-04 12:00:00,25.75,100.00
129+04776,2020-09-04 12:10:00,26.24,100.00
129+04776,2020-09-04 12:20:00,21.85,100.00
129+04776,2020-09-04 12:30:00,27.51,100.00
129+04776,2020-09-04 12:40:00,29.71,100.00
129+04776,2020-09-04 12:50:00,25.13,100.00
129+04776,2020-09-04 13:00:00,32.29,100.00
129+04776,2020-09-04 13:10:00,26.34,100.00
129+04776,2020-09-04 13:20:00,27.02,100.00
129+04776,2020-09-04 13:30:00,29.30,100.00
129+04776,2020-09-04 13:40:00,24.49,100.00
129+04776,2020-09-04 13:50:00,27.55,100.00
129+04776,2020-09-04 14:00:00,24.92,100.00
129+04776,2020-09-04 14:10:00,31.18,100.00
129+04776,2020-09-04 14:20:00,25.43,100.00
129+04776,2020-09-04 14:30:00,27.90,100.00
129+04776,2020-09-04 14:40:00,27.59,100.00
129+04776,2020-09-04 14:50:00,30.39,100.00
129+04776,2020-09-04 15:00:00,20.49,100.00
129+04776,2020-09-04 15:10:00,26.26,100.00
129+04776,2020-09-04 15:20:00,30.59,100.00
129+04776,2020-09-04 15:30:00,27.67,100.00
129+04776,2020-09-04 15:40:00,25.15,100.00
129+04776,2020-09-04 15:50:00,23.46,100.00
129+04776,2020-09-04 16:00:00,28.17,100.00
129+04776,2020-09-04 16:10:00,27.17,100.00
129+04776,2020-09-04 16:20:00,27.90,100.00
129+04776,2020-09-04 16:30:00,27.43,100.00
129+04776,2020-09-04 16:40:00,24.41,100.00
129+04776,2020-09-04 16:50:00,26.80,100.00
129+04776,2020-09-04 17:00:00,25.88,100.00
129+04776,2020-09-04 17:10:00,27.80,100.00
129+04776,2020-09-04 17:20:00,27.52,100.00
129+04776,2020-09-04 17:30:00,26.67,100.00
129+04776,2020-09-04 17:40:00,31.53,100.00
129+04776,2020-09-04 17:50:00,43.42,98.00
129+04776,2020-09-04 18:00:00,55.84,98.00
129+04776,2020-09-04 18:10:00,50.33,100.00
129+04776,2020-09-04 18:20:00,46.93,100.00
129+04776,2020-09-04 18:30:00,49.46,100.00
129+04776,2020-09-04 18:40:00,55.73,100.00
129+04776,2020-09-04 18:50:00,50.19,100.00
129+04776,2020-09-04 19:00:00,51.24,100.00
129+04776,2020-09-04 19:10:00,55.37,100.00
129+04776,2020-09-04 19:20:00,53.84,100.00
129+04776,2020-09-04 19:30:00,50.64,100.00
129+04776,2020-09-04 19:40:00,49.96,100.00
129+04776,2020-09-04 19:50:00,51.70,100.00
129+04776,2020-09-04 20:00:00,49.50,100.00
129+04776,2020-09-04 20:10:00,56.23,100.00
129+04776,2020-09-04 20:20:00,55.47,100.00
129+04776,2020-09-04 20:30:00,54.34,100.00
129+04776,2020-09-04 20:40:00,49.76,100.00
129+04776,2020-09-04 20:50:00,50.91,100.00
129+04776,2020-09-04 21:00:00,53.12,100.00
129+04776,2020-09-04 21:10:00,50.89,100.00
129+04776,2020-09-04 21:20:00,55.54,100.00
129+04776,2020-09-04 21:30:00,52.36,100.00
129+04776,2020-09-04 21:40:00,60.03,100.00
129+04776,2020-09-04 21:50:00,57.21,100.00
129+04776,2020-09-04 22:00:00,51.75,100.00
129+04776,2020-09-04 22:10:00,49.99,100.00
129+04776,2020-09-04 22:20:00,49.90,100.00
129+04776,2020-09-04 22:30:00,53.66,100.00
129+04776,2020-09-04 22:40:00,56.84,100.00
129+04776,2020-09-04 22:50:00,49.87,100.00
129+04776,2020-09-04 23:00:00,57.70,100.00
129+04776,2020-09-04 23:10:00,53.30,100.00
129+04776,2020-09-04 23:20:00,52.88,100.00
129+04776,2020-09-04 23:30:00,56.43,100.00
129+04776,2020-09-04 23:40:00,52.02,100.00
129+04776,2020-09-04 23:50:00,58.00,100.00
129+04413,2020-09-04 00:00:00,40.67,100.00
129+04413,2020-09-04 00:10:00,41.21,100.00
129+04413,2020-09-04 00:20:00,40.90,100.00
129+04413,2020-09-04 00:30:00,42.33,100.00
129+04413,2020-09-04 00:40:00,41.48,100.00
129+04413,2020-09-04 00:50:00,42.00,100.00
129+04413,2020-09-04 01:00:00,50.00,100.00
129+04413,2020-09-04 01:10:00,48.94,95.00
129+04413,2020-09-04 01:20:00,43.70,98.00
129+04413,2020-09-04 01:30:00,43.00,90.00
129+04413,2020-09-04 01:40:00,47.56,90.00
129+04413,2020-09-04 01:50:00,45.10,100.00
129+04413,2020-09-04 02:00:00,45.00,100.00
129+04413,2020-09-04 02:10:00,47.09,98.00
129+04413,2020-09-04 02:20:00,52.18,100.00
129+04413,2020-09-04 02:30:00,50.48,100.00
129+04413,2020-09-04 02:40:00,47.96,100.00
129+04413,2020-09-04 02:50:00,45.78,100.00
129+04413,2020-09-04 03:00:00,44.47,100.00
129+04413,2020-09-04 03:10:00,44.00,100.00
129+04413,2020-09-04 03:20:00,45.70,97.00
129+04413,2020-09-04 03:30:00,49.00,90.00
129+04413,2020-09-04 03:40:00,49.00,90.00
129+04413,2020-09-04 03:50:00,53.00,90.00
129+04413,2020-09-04 04:00:00,51.19,90.00
129+04413,2020-09-04 04:10:00,58.05,90.00
129+04413,2020-09-04 04:20:00,53.17,100.00
129+04413,2020-09-04 04:30:00,50.98,100.00
129+04413,2020-09-04 04:40:00,50.00,100.00
129+04413,2020-09-04 04:50:00,46.74,100.00
129+04413,2020-09-04 05:00:00,47.14,100.00
129+04413,2020-09-04 05:10:00,51.95,100.00
129+04413,2020-09-04 05:20:00,53.77,100.00
129+04413,2020-09-04 05:30:00,58.29,100.00
129+04413,2020-09-04 05:40:00,58.60,100.00
129+04413,2020-09-04 05:50:00,58.20,100.00
129+04413,2020-09-04 06:00:00,59.97,100.00
129+04413,2020-09-04 06:10:00,61.00,100.00
129+04413,2020-09-04 06:20:00,54.33,100.00
129+04413,2020-09-04 06:30:00,49.87,100.00
129+04413,2020-09-04 06:40:00,54.90,100.00
129+04413,2020-09-04 06:50:00,50.44,100.00
129+04413,2020-09-04 07:00:00,54.15,100.00
129+04413,2020-09-04 07:10:00,54.36,100.00
129+04413,2020-09-04 07:20:00,53.51,100.00
129+04413,2020-09-04 07:30:00,55.04,100.00
129+04413,2020-09-04 07:40:00,49.33,100.00
129+04413,2020-09-04 07:50:00,52.07,100.00
129+04413,2020-09-04 08:00:00,48.35,100.00
129+04413,2020-09-04 08:10:00,51.68,100.00
129+04413,2020-09-04 08:20:00,53.16,100.00
129+04413,2020-09-04 08:30:00,54.48,100.00
129+04413,2020-09-04 08:40:00,51.89,100.00
129+04413,2020-09-04 08:50:00,50.00,100.00
129+04413,2020-09-04 09:00:00,51.77,100.00
129+04413,2020-09-04 09:10:00,51.15,100.00
129+04413,2020-09-04 09:20:00,50.62,100.00
129+04413,2020-09-04 09:30:00,52.51,100.00
129+04413,2020-09-04 09:40:00,51.06,100.00
129+04413,2020-09-04 09:50:00,50.12,100.00
129+04413,2020-09-04 10:00:00,49.88,100.00
129+04413,2020-09-04 10:10:00,49.62,100.00
129+04413,2020-09-04 10:20:00,49.81,100.00
129+04413,2020-09-04 10:30:00,51.72,100.00
129+04413,2020-09-04 10:40:00,49.74,100.00
129+04413,2020-09-04 10:50:00,52.35,100.00
129+04413,2020-09-04 11:00:00,46.99,100.00
129+04413,2020-09-04 11:10:00,46.00,100.00
129+04413,2020-09-04 11:20:00,47.43,100.00
129+04413,2020-09-04 11:30:00,44.56,100.00
129+04413,2020-09-04 11:40:00,48.49,100.00
129+04413,2020-09-04 11:50:00,49.22,100.00
129+04413,2020-09-04 12:00:00,48.61,100.00
129+04413,2020-09-04 12:10:00,51.22,100.00
129+04413,2020-09-04 12:20:00,48.19,100.00
129+04413,2020-09-04 12:30:00,49.12,96.00
129+04413,2020-09-04 12:40:00,48.17,97.00
129+04413,2020-09-04 12:50:00,44.33,97.00
129+04413,2020-09-04 13:00:00,46.51,96.00
129+04413,2020-09-04 13:10:00,39.60,98.00
129+04413,2020-09-04 13:20:00,35.40,100.00
129+04413,2020-09-04 13:30:00,31.26,100.00
129+04413,2020-09-04 13:40:00,45.01,98.00
129+04413,2020-09-04 13:50:00,45.39,91.00
129+04413,2020-09-04 14:00:00,41.07,92.00
129+04413,2020-09-04 14:10:00,17.23,100.00
129+04413,2020-09-04 14:20:00,10.76,100.00
129+04413,2020-09-04 14:30:00,9.00,100.00
129+04413,2020-09-04 14:40:00,9.92,100.00
129+04413,2020-09-04 14:50:00,10.31,100.00
129+04413,2020-09-04 15:00:00,9.71,100.00
129+04413,2020-09-04 15:10:00,10.76,100.00
129+04413,2020-09-04 15:20:00,10.74,100.00
129+04413,2020-09-04 15:30:00,10.74,100.00
129+04413,2020-09-04 15:40:00,10.10,100.00
129+04413,2020-09-04 15:50:00,11.35,100.00
129+04413,2020-09-04 16:00:00,10.53,100.00
129+04413,2020-09-04 16:10:00,10.10,100.00
129+04413,2020-09-04 16:20:00,9.00,100.00
129+04413,2020-09-04 16:30:00,9.00,100.00
129+04413,2020-09-04 16:40:00,8.89,100.00
129+04413,2020-09-04 16:50:00,9.05,100.00
129+04413,2020-09-04 17:00:00,9.27,100.00
129+04413,2020-09-04 17:10:00,8.20,100.00
129+04413,2020-09-04 17:20:00,9.00,100.00
129+04413,2020-09-04 17:30:00,9.90,100.00
129+04413,2020-09-04 17:40:00,10.53,100.00
129+04413,2020-09-04 17:50:00,17.33,100.00
129+04413,2020-09-04 18:00:00,32.28,100.00
129+04413,2020-09-04 18:10:00,47.34,91.00
129+04413,2020-09-04 18:20:00,49.88,90.00
129+04413,2020-09-04 18:30:00,49.12,98.00
129+04413,2020-09-04 18:40:00,43.46,100.00
129+04413,2020-09-04 18:50:00,42.55,100.00
129+04413,2020-09-04 19:00:00,45.21,100.00
129+04413,2020-09-04 19:10:00,47.28,100.00
129+04413,2020-09-04 19:20:00,53.49,100.00
129+04413,2020-09-04 19:30:00,48.34,100.00
129+04413,2020-09-04 19:40:00,48.74,100.00
129+04413,2020-09-04 19:50:00,50.25,100.00
129+04413,2020-09-04 20:00:00,49.23,100.00
129+04413,2020-09-04 20:10:00,51.84,100.00
129+04413,2020-09-04 20:20:00,48.14,100.00
129+04413,2020-09-04 20:30:00,54.92,100.00
129+04413,2020-09-04 20:40:00,53.56,100.00
129+04413,2020-09-04 20:50:00,49.58,100.00
129+04413,2020-09-04 21:00:00,50.46,100.00
129+04413,2020-09-04 21:10:00,51.78,100.00
129+04413,2020-09-04 21:20:00,50.08,100.00
129+04413,2020-09-04 21:30:00,50.36,100.00
129+04413,2020-09-04 21:40:00,50.34,100.00
129+04413,2020-09-04 21:50:00,47.62,100.00
129+04413,2020-09-04 22:00:00,51.24,100.00
129+04413,2020-09-04 22:10:00,51.54,100.00
129+04413,2020-09-04 22:20:00,54.94,100.00
129+04413,2020-09-04 22:30:00,56.62,100.00
129+04413,2020-09-04 22:40:00,59.72,100.00
129+04413,2020-09-04 22:50:00,52.25,100.00
129+04413,2020-09-04 23:00:00,52.27,100.00
129+04413,2020-09-04 23:10:00,50.18,100.00
129+04413,2020-09-04 23:20:00,50.82,100.00
129+04413,2020-09-04 23:30:00,46.98,100.00
129+04413,2020-09-04 23:40:00,54.48,100.00
129+04413,2020-09-04 23:50:00,51.20,100.00
129+04770,2020-09-04 00:00:00,54.17,100.00
129+04770,2020-09-04 00:10:00,56.37,100.00
129+04770,2020-09-04 00:20:00,54.57,100.00
129+04770,2020-09-04 00:30:00,51.10,100.00
129+04770,2020-09-04 00:40:00,51.09,100.00
129+04770,2020-09-04 00:50:00,51.08,100.00
129+04770,2020-09-04 01:00:00,48.95,100.00
129+04770,2020-09-04 01:10:00,46.79,100.00
129+04770,2020-09-04 01:20:00,45.49,100.00
129+04770,2020-09-04 01:30:00,47.25,98.00
129+04770,2020-09-04 01:40:00,55.30,94.00
129+04770,2020-09-04 01:50:00,52.84,98.00
129+04770,2020-09-04 02:00:00,52.00,100.00
129+04770,2020-09-04 02:10:00,49.15,100.00
129+04770,2020-09-04 02:20:00,47.90,100.00
129+04770,2020-09-04 02:30:00,47.00,100.00
129+04770,2020-09-04 02:40:00,48.98,96.00
129+04770,2020-09-04 02:50:00,50.00,100.00
129+04770,2020-09-04 03:00:00,50.10,100.00
129+04770,2020-09-04 03:10:00,49.60,100.00
129+04770,2020-09-04 03:20:00,50.00,91.00
129+04770,2020-09-04 03:30:00,48.24,90.00
129+04770,2020-09-04 03:40:00,49.96,100.00
129+04770,2020-09-04 03:50:00,48.10,100.00
129+04770,2020-09-04 04:00:00,47.00,100.00
129+04770,2020-09-04 04:10:00,46.78,100.00
129+04770,2020-09-04 04:20:00,49.44,100.00
129+04770,2020-09-04 04:30:00,53.29,100.00
129+04770,2020-09-04 04:40:00,55.08,100.00
129+04770,2020-09-04 04:50:00,54.28,100.00
129+04770,2020-09-04 05:00:00,50.87,100.00
129+04770,2020-09-04 05:10:00,51.49,100.00
129+04770,2020-09-04 05:20:00,51.98,100.00
129+04770,2020-09-04 05:30:00,54.99,100.00
129+04770,2020-09-04 05:40:00,52.80,100.00
129+04770,2020-09-04 05:50:00,57.52,100.00
129+04770,2020-09-04 06:00:00,54.41,100.00
129+04770,2020-09-04 06:10:00,54.83,100.00
129+04770,2020-09-04 06:20:00,55.30,100.00
129+04770,2020-09-04 06:30:00,56.41,100.00
129+04770,2020-09-04 06:40:00,55.78,100.00
129+04770,2020-09-04 06:50:00,55.56,100.00
129+04770,2020-09-04 07:00:00,53.70,100.00
129+04770,2020-09-04 07:10:00,53.20,100.00
129+04770,2020-09-04 07:20:00,55.92,100.00
129+04770,2020-09-04 07:30:00,55.08,100.00
129+04770,2020-09-04 07:40:00,51.87,100.00
129+04770,2020-09-04 07:50:00,52.07,100.00
129+04770,2020-09-04 08:00:00,55.26,100.00
129+04770,2020-09-04 08:10:00,50.85,100.00
129+04770,2020-09-04 08:20:00,52.97,100.00
129+04770,2020-09-04 08:30:00,51.92,100.00
129+04770,2020-09-04 08:40:00,54.96,99.00
129+04770,2020-09-04 08:50:00,53.75,100.00
129+04770,2020-09-04 09:00:00,54.36,97.00
129+04770,2020-09-04 09:10:00,52.60,99.00
129+04770,2020-09-04 09:20:00,51.80,100.00
129+04770,2020-09-04 09:30:00,51.92,100.00
129+04770,2020-09-04 09:40:00,49.99,100.00
129+04770,2020-09-04 09:50:00,50.77,100.00
129+04770,2020-09-04 10:00:00,48.94,100.00
129+04770,2020-09-04 10:10:00,49.57,100.00
129+04770,2020-09-04 10:20:00,47.40,100.00
129+04770,2020-09-04 10:30:00,49.88,100.00
129+04770,2020-09-04 10:40:00,48.96,100.00
129+04770,2020-09-04 10:50:00,33.97,100.00
129+04770,2020-09-04 11:00:00,35.07,100.00
129+04770,2020-09-04 11:10:00,36.42,100.00
129+04770,2020-09-04 11:20:00,35.25,100.00
129+04770,2020-09-04 11:30:00,35.65,100.00
129+04770,2020-09-04 11:40:00,34.05,100.00
129+04770,2020-09-04 11:50:00,35.75,100.00
129+04770,2020-09-04 12:00:00,35.36,100.00
129+04770,2020-09-04 12:10:00,33.42,100.00
129+04770,2020-09-04 12:20:00,34.96,100.00
129+04770,2020-09-04 12:30:00,37.04,100.00
129+04770,2020-09-04 12:40:00,36.62,100.00
129+04770,2020-09-04 12:50:00,37.25,100.00
129+04770,2020-09-04 13:00:00,34.15,100.00
129+04770,2020-09-04 13:10:00,33.84,100.00
129+04770,2020-09-04 13:20:00,36.86,100.00
129+04770,2020-09-04 13:30:00,34.77,100.00
129+04770,2020-09-04 13:40:00,33.75,100.00
129+04770,2020-09-04 13:50:00,18.04,100.00
129+04770,2020-09-04 14:00:00,23.20,100.00
129+04770,2020-09-04 14:10:00,15.75,100.00
129+04770,2020-09-04 14:20:00,22.83,100.00
129+04770,2020-09-04 14:30:00,20.84,100.00
129+04770,2020-09-04 14:40:00,23.44,100.00
129+04770,2020-09-04 14:50:00,20.54,100.00
129+04770,2020-09-04 15:00:00,18.57,100.00
129+04770,2020-09-04 15:10:00,19.79,100.00
129+04770,2020-09-04 15:20:00,20.93,100.00
129+04770,2020-09-04 15:30:00,20.17,100.00
129+04770,2020-09-04 15:40:00,24.24,100.00
129+04770,2020-09-04 15:50:00,27.29,100.00
129+04770,2020-09-04 16:00:00,29.31,100.00
129+04770,2020-09-04 16:10:00,30.77,98.00
129+04770,2020-09-04 16:20:00,30.19,100.00
129+04770,2020-09-04 16:30:00,28.11,100.00
129+04770,2020-09-04 16:40:00,30.57,100.00
129+04770,2020-09-04 16:50:00,35.11,97.00
129+04770,2020-09-04 17:00:00,33.12,97.00
129+04770,2020-09-04 17:10:00,46.99,96.00
129+04770,2020-09-04 17:20:00,48.36,93.00
129+04770,2020-09-04 17:30:00,49.18,98.00
129+04770,2020-09-04 17:40:00,21.32,97.00
129+04770,2020-09-04 17:50:00,7.16,90.00
129+04770,2020-09-04 18:00:00,7.18,90.00
129+04770,2020-09-04 18:10:00,9.54,90.00
129+04770,2020-09-04 18:20:00,35.38,98.00
129+04770,2020-09-04 18:30:00,51.08,100.00
129+04770,2020-09-04 18:40:00,52.99,100.00
129+04770,2020-09-04 18:50:00,49.23,100.00
129+04770,2020-09-04 19:00:00,54.74,100.00
129+04770,2020-09-04 19:10:00,51.47,100.00
129+04770,2020-09-04 19:20:00,51.85,100.00
129+04770,2020-09-04 19:30:00,50.74,100.00
129+04770,2020-09-04 19:40:00,48.18,100.00
129+04770,2020-09-04 19:50:00,50.62,100.00
129+04770,2020-09-04 20:00:00,49.55,100.00
129+04770,2020-09-04 20:10:00,51.96,100.00
129+04770,2020-09-04 20:20:00,50.68,100.00
129+04770,2020-09-04 20:30:00,51.28,100.00
129+04770,2020-09-04 20:40:00,53.01,100.00
129+04770,2020-09-04 20:50:00,53.83,100.00
129+04770,2020-09-04 21:00:00,53.62,100.00
129+04770,2020-09-04 21:10:00,51.60,100.00
129+04770,2020-09-04 21:20:00,58.57,100.00
129+04770,2020-09-04 21:30:00,56.26,100.00
129+04770,2020-09-04 21:40:00,53.96,100.00
129+04770,2020-09-04 21:50:00,54.11,100.00
129+04770,2020-09-04 22:00:00,56.41,100.00
129+04770,2020-09-04 22:10:00,53.58,100.00
129+04770,2020-09-04 22:20:00,51.58,100.00
129+04770,2020-09-04 22:30:00,57.34,100.00
129+04770,2020-09-04 22:40:00,58.90,100.00
129+04770,2020-09-04 22:50:00,55.58,100.00
129+04770,2020-09-04 23:00:00,54.89,100.00
129+04770,2020-09-04 23:10:00,53.08,100.00
129+04770,2020-09-04 23:20:00,53.49,100.00
129+04770,2020-09-04 23:30:00,53.19,100.00
129+04770,2020-09-04 23:40:00,53.79,100.00
129+04770,2020-09-04 23:50:00,53.76,100.00
129+04771,2020-09-04 00:00:00,55.67,100.00
129+04771,2020-09-04 00:10:00,59.43,100.00
129+04771,2020-09-04 00:20:00,52.12,100.00
129+04771,2020-09-04 00:30:00,48.20,100.00
129+04771,2020-09-04 00:40:00,47.42,100.00
129+04771,2020-09-04 00:50:00,52.75,100.00
129+04771,2020-09-04 01:00:00,55.40,100.00
129+04771,2020-09-04 01:10:00,52.14,100.00
129+04771,2020-09-04 01:20:00,49.45,100.00
129+04771,2020-09-04 01:30:00,46.56,95.00
129+04771,2020-09-04 01:40:00,55.30,96.00
129+04771,2020-09-04 01:50:00,53.96,97.00
129+04771,2020-09-04 02:00:00,51.28,100.00
129+04771,2020-09-04 02:10:00,51.60,100.00
129+04771,2020-09-04 02:20:00,50.89,100.00
129+04771,2020-09-04 02:30:00,50.56,100.00
129+04771,2020-09-04 02:40:00,53.77,99.00
129+04771,2020-09-04 02:50:00,55.50,100.00
129+04771,2020-09-04 03:00:00,55.00,100.00
129+04771,2020-09-04 03:10:00,50.78,100.00
129+04771,2020-09-04 03:20:00,50.00,92.00
129+04771,2020-09-04 03:30:00,49.20,90.00
129+04771,2020-09-04 03:40:00,52.03,100.00
129+04771,2020-09-04 03:50:00,52.00,100.00
129+04771,2020-09-04 04:00:00,50.58,100.00
129+04771,2020-09-04 04:10:00,50.39,100.00
129+04771,2020-09-04 04:20:00,53.45,100.00
129+04771,2020-09-04 04:30:00,58.38,100.00
129+04771,2020-09-04 04:40:00,61.79,100.00
129+04771,2020-09-04 04:50:00,57.88,100.00
129+04771,2020-09-04 05:00:00,55.06,100.00
129+04771,2020-09-04 05:10:00,56.04,100.00
129+04771,2020-09-04 05:20:00,57.27,100.00
129+04771,2020-09-04 05:30:00,57.50,100.00
129+04771,2020-09-04 05:40:00,54.80,100.00
129+04771,2020-09-04 05:50:00,54.93,100.00
129+04771,2020-09-04 06:00:00,51.30,100.00
129+04771,2020-09-04 06:10:00,55.42,100.00
129+04771,2020-09-04 06:20:00,54.34,100.00
129+04771,2020-09-04 06:30:00,54.01,100.00
129+04771,2020-09-04 06:40:00,55.99,100.00
129+04771,2020-09-04 06:50:00,56.96,100.00
129+04771,2020-09-04 07:00:00,57.86,100.00
129+04771,2020-09-04 07:10:00,52.72,100.00
129+04771,2020-09-04 07:20:00,55.95,100.00
129+04771,2020-09-04 07:30:00,56.58,100.00
129+04771,2020-09-04 07:40:00,51.50,100.00
129+04771,2020-09-04 07:50:00,52.45,100.00
129+04771,2020-09-04 08:00:00,50.93,100.00
129+04771,2020-09-04 08:10:00,51.63,100.00
129+04771,2020-09-04 08:20:00,52.42,100.00
129+04771,2020-09-04 08:30:00,50.97,98.00
129+04771,2020-09-04 08:40:00,55.48,90.00
129+04771,2020-09-04 08:50:00,54.91,90.00
129+04771,2020-09-04 09:00:00,56.38,90.00
129+04771,2020-09-04 09:10:00,52.05,92.00
129+04771,2020-09-04 09:20:00,52.45,92.00
129+04771,2020-09-04 09:30:00,53.82,97.00
129+04771,2020-09-04 09:40:00,49.38,100.00
129+04771,2020-09-04 09:50:00,49.28,100.00
129+04771,2020-09-04 10:00:00,50.77,100.00
129+04771,2020-09-04 10:10:00,49.92,100.00
129+04771,2020-09-04 10:20:00,47.90,100.00
129+04771,2020-09-04 10:30:00,49.64,100.00
129+04771,2020-09-04 10:40:00,49.17,100.00
129+04771,2020-09-04 10:50:00,48.94,100.00
129+04771,2020-09-04 11:00:00,51.34,100.00
129+04771,2020-09-04 11:10:00,45.72,100.00
129+04771,2020-09-04 11:20:00,43.87,100.00
129+04771,2020-09-04 11:30:00,46.00,100.00
129+04771,2020-09-04 11:40:00,43.27,100.00
129+04771,2020-09-04 11:50:00,46.31,100.00
129+04771,2020-09-04 12:00:00,44.66,100.00
129+04771,2020-09-04 12:10:00,46.30,100.00
129+04771,2020-09-04 12:20:00,41.79,100.00
129+04771,2020-09-04 12:30:00,44.04,100.00
129+04771,2020-09-04 12:40:00,44.55,100.00
129+04771,2020-09-04 12:50:00,52.73,93.00
129+04771,2020-09-04 13:00:00,49.85,96.00
129+04771,2020-09-04 13:10:00,45.76,95.00
129+04771,2020-09-04 13:20:00,45.06,97.00
129+04771,2020-09-04 13:30:00,29.78,100.00
129+04771,2020-09-04 13:40:00,24.88,100.00
129+04771,2020-09-04 13:50:00,17.00,100.00
129+04771,2020-09-04 14:00:00,18.32,100.00
129+04771,2020-09-04 14:10:00,16.38,100.00
129+04771,2020-09-04 14:20:00,15.57,100.00
129+04771,2020-09-04 14:30:00,19.75,100.00
129+04771,2020-09-04 14:40:00,16.94,100.00
129+04771,2020-09-04 14:50:00,20.64,100.00
129+04771,2020-09-04 15:00:00,11.06,100.00
129+04771,2020-09-04 15:10:00,18.32,100.00
129+04771,2020-09-04 15:20:00,16.82,100.00
129+04771,2020-09-04 15:30:00,17.85,100.00
129+04771,2020-09-04 15:40:00,27.07,100.00
129+04771,2020-09-04 15:50:00,19.92,100.00
129+04771,2020-09-04 16:00:00,31.86,97.00
129+04771,2020-09-04 16:10:00,25.21,100.00
129+04771,2020-09-04 16:20:00,23.46,100.00
129+04771,2020-09-04 16:30:00,23.87,100.00
129+04771,2020-09-04 16:40:00,31.89,100.00
129+04771,2020-09-04 16:50:00,25.37,100.00
129+04771,2020-09-04 17:00:00,26.68,100.00
129+04771,2020-09-04 17:10:00,38.88,99.00
129+04771,2020-09-04 17:20:00,46.29,93.00
129+04771,2020-09-04 17:30:00,42.36,99.00
129+04771,2020-09-04 17:40:00,19.33,95.00
129+04771,2020-09-04 17:50:00,11.20,90.00
129+04771,2020-09-04 18:00:00,13.06,91.00
129+04771,2020-09-04 18:10:00,31.30,100.00
129+04771,2020-09-04 18:20:00,39.93,100.00
129+04771,2020-09-04 18:30:00,50.97,100.00
129+04771,2020-09-04 18:40:00,51.13,100.00
129+04771,2020-09-04 18:50:00,51.49,100.00
129+04771,2020-09-04 19:00:00,54.26,100.00
129+04771,2020-09-04 19:10:00,50.63,100.00
129+04771,2020-09-04 19:20:00,49.40,100.00
129+04771,2020-09-04 19:30:00,49.32,100.00
129+04771,2020-09-04 19:40:00,47.21,100.00
129+04771,2020-09-04 19:50:00,49.48,100.00
129+04771,2020-09-04 20:00:00,48.15,100.00
129+04771,2020-09-04 20:10:00,51.80,100.00
129+04771,2020-09-04 20:20:00,51.40,100.00
129+04771,2020-09-04 20:30:00,50.98,100.00
129+04771,2020-09-04 20:40:00,50.74,100.00
129+04771,2020-09-04 20:50:00,52.15,100.00
129+04771,2020-09-04 21:00:00,56.46,100.00
129+04771,2020-09-04 21:10:00,45.98,100.00
129+04771,2020-09-04 21:20:00,56.18,100.00
129+04771,2020-09-04 21:30:00,50.74,100.00
129+04771,2020-09-04 21:40:00,55.13,100.00
129+04771,2020-09-04 21:50:00,57.02,100.00
129+04771,2020-09-04 22:00:00,57.95,100.00
129+04771,2020-09-04 22:10:00,52.72,100.00
129+04771,2020-09-04 22:20:00,51.23,100.00
129+04771,2020-09-04 22:30:00,61.73,100.00
129+04771,2020-09-04 22:40:00,58.98,100.00
129+04771,2020-09-04 22:50:00,56.56,100.00
129+04771,2020-09-04 23:00:00,55.15,100.00
129+04771,2020-09-04 23:10:00,53.18,100.00
129+04771,2020-09-04 23:20:00,52.57,100.00
129+04771,2020-09-04 23:30:00,53.53,100.00
129+04771,2020-09-04 23:40:00,55.60,100.00
129+04771,2020-09-04 23:50:00,53.29,100.00
129+04772,2020-09-04 00:00:00,55.90,100.00
129+04772,2020-09-04 00:10:00,56.98,100.00
129+04772,2020-09-04 00:20:00,52.87,100.00
129+04772,2020-09-04 00:30:00,52.00,100.00
129+04772,2020-09-04 00:40:00,55.06,100.00
129+04772,2020-09-04 00:50:00,56.59,100.00
129+04772,2020-09-04 01:00:00,54.38,100.00
129+04772,2020-09-04 01:10:00,53.89,100.00
129+04772,2020-09-04 01:20:00,52.70,100.00
129+04772,2020-09-04 01:30:00,52.38,100.00
129+04772,2020-09-04 01:40:00,54.19,96.00
129+04772,2020-09-04 01:50:00,53.38,96.00
129+04772,2020-09-04 02:00:00,53.00,100.00
129+04772,2020-09-04 02:10:00,53.00,100.00
129+04772,2020-09-04 02:20:00,52.38,100.00
129+04772,2020-09-04 02:30:00,53.50,100.00
129+04772,2020-09-04 02:40:00,54.58,100.00
129+04772,2020-09-04 02:50:00,53.00,100.00
129+04772,2020-09-04 03:00:00,48.92,100.00
129+04772,2020-09-04 03:10:00,50.07,97.00
129+04772,2020-09-04 03:20:00,50.40,90.00
129+04772,2020-09-04 03:30:00,48.60,90.00
129+04772,2020-09-04 03:40:00,57.02,99.00
129+04772,2020-09-04 03:50:00,54.80,100.00
129+04772,2020-09-04 04:00:00,53.91,100.00
129+04772,2020-09-04 04:10:00,51.79,100.00
129+04772,2020-09-04 04:20:00,53.84,100.00
129+04772,2020-09-04 04:30:00,57.10,100.00
129+04772,2020-09-04 04:40:00,60.57,100.00
129+04772,2020-09-04 04:50:00,61.77,100.00
129+04772,2020-09-04 05:00:00,54.69,100.00
129+04772,2020-09-04 05:10:00,55.42,100.00
129+04772,2020-09-04 05:20:00,57.77,100.00
129+04772,2020-09-04 05:30:00,58.90,100.00
129+04772,2020-09-04 05:40:00,54.85,100.00
129+04772,2020-09-04 05:50:00,59.56,100.00
129+04772,2020-09-04 06:00:00,56.18,100.00
129+04772,2020-09-04 06:10:00,54.47,100.00
129+04772,2020-09-04 06:20:00,54.46,100.00
129+04772,2020-09-04 06:30:00,58.54,100.00
129+04772,2020-09-04 06:40:00,58.06,100.00
129+04772,2020-09-04 06:50:00,59.61,100.00
129+04772,2020-09-04 07:00:00,58.12,100.00
129+04772,2020-09-04 07:10:00,54.86,100.00
129+04772,2020-09-04 07:20:00,58.69,100.00
129+04772,2020-09-04 07:30:00,55.38,100.00
129+04772,2020-09-04 07:40:00,54.92,100.00
129+04772,2020-09-04 07:50:00,53.27,100.00
129+04772,2020-09-04 08:00:00,50.07,100.00
129+04772,2020-09-04 08:10:00,54.83,97.00
129+04772,2020-09-04 08:20:00,55.01,97.00
129+04772,2020-09-04 08:30:00,53.40,93.00
129+04772,2020-09-04 08:40:00,50.78,94.00
129+04772,2020-09-04 08:50:00,55.25,90.00
129+04772,2020-09-04 09:00:00,57.55,90.00
129+04772,2020-09-04 09:10:00,50.55,90.00
129+04772,2020-09-04 09:20:00,52.03,92.00
129+04772,2020-09-04 09:30:00,53.83,95.00
129+04772,2020-09-04 09:40:00,49.05,98.00
129+04772,2020-09-04 09:50:00,49.49,100.00
129+04772,2020-09-04 10:00:00,50.00,100.00
129+04772,2020-09-04 10:10:00,50.62,100.00
129+04772,2020-09-04 10:20:00,49.63,100.00
129+04772,2020-09-04 10:30:00,49.65,100.00
129+04772,2020-09-04 10:40:00,50.16,100.00
129+04772,2020-09-04 10:50:00,46.78,100.00
129+04772,2020-09-04 11:00:00,47.01,100.00
129+04772,2020-09-04 11:10:00,43.15,100.00
129+04772,2020-09-04 11:20:00,39.74,100.00
129+04772,2020-09-04 11:30:00,43.80,99.00
129+04772,2020-09-04 11:40:00,42.76,100.00
129+04772,2020-09-04 11:50:00,48.81,96.00
129+04772,2020-09-04 12:00:00,43.52,99.00
129+04772,2020-09-04 12:10:00,45.54,97.00
129+04772,2020-09-04 12:20:00,43.45,100.00
129+04772,2020-09-04 12:30:00,43.45,100.00
129+04772,2020-09-04 12:40:00,40.39,100.00
129+04772,2020-09-04 12:50:00,50.66,91.00
129+04772,2020-09-04 13:00:00,47.04,96.00
129+04772,2020-09-04 13:10:00,46.97,94.00
129+04772,2020-09-04 13:20:00,45.45,95.00
129+04772,2020-09-04 13:30:00,25.29,100.00
129+04772,2020-09-04 13:40:00,18.00,100.00
129+04772,2020-09-04 13:50:00,17.58,100.00
129+04772,2020-09-04 14:00:00,14.26,100.00
129+04772,2020-09-04 14:10:00,21.62,100.00
129+04772,2020-09-04 14:20:00,15.85,100.00
129+04772,2020-09-04 14:30:00,18.62,100.00
129+04772,2020-09-04 14:40:00,13.28,100.00
129+04772,2020-09-04 14:50:00,16.56,100.00
129+04772,2020-09-04 15:00:00,13.40,100.00
129+04772,2020-09-04 15:10:00,15.37,100.00
129+04772,2020-09-04 15:20:00,15.02,100.00
129+04772,2020-09-04 15:30:00,18.52,100.00
129+04772,2020-09-04 15:40:00,19.84,100.00
129+04772,2020-09-04 15:50:00,20.94,100.00
129+04772,2020-09-04 16:00:00,24.31,100.00
129+04772,2020-09-04 16:10:00,17.76,100.00
129+04772,2020-09-04 16:20:00,17.86,100.00
129+04772,2020-09-04 16:30:00,19.89,100.00
129+04772,2020-09-04 16:40:00,23.86,100.00
129+04772,2020-09-04 16:50:00,19.76,100.00
129+04772,2020-09-04 17:00:00,19.97,100.00
129+04772,2020-09-04 17:10:00,27.80,100.00
129+04772,2020-09-04 17:20:00,40.16,98.00
129+04772,2020-09-04 17:30:00,49.24,97.00
129+04772,2020-09-04 17:40:00,46.36,96.00
129+04772,2020-09-04 17:50:00,39.11,100.00
129+04772,2020-09-04 18:00:00,47.77,100.00
129+04772,2020-09-04 18:10:00,38.87,100.00
129+04772,2020-09-04 18:20:00,40.60,100.00
129+04772,2020-09-04 18:30:00,50.05,100.00
129+04772,2020-09-04 18:40:00,52.90,100.00
129+04772,2020-09-04 18:50:00,49.30,100.00
129+04772,2020-09-04 19:00:00,50.88,100.00
129+04772,2020-09-04 19:10:00,47.96,100.00
129+04772,2020-09-04 19:20:00,45.86,100.00
129+04772,2020-09-04 19:30:00,49.14,100.00
129+04772,2020-09-04 19:40:00,48.51,100.00
129+04772,2020-09-04 19:50:00,49.99,100.00
129+04772,2020-09-04 20:00:00,48.61,100.00
129+04772,2020-09-04 20:10:00,51.25,100.00
129+04772,2020-09-04 20:20:00,50.38,100.00
129+04772,2020-09-04 20:30:00,49.67,100.00
129+04772,2020-09-04 20:40:00,50.05,100.00
129+04772,2020-09-04 20:50:00,52.08,100.00
129+04772,2020-09-04 21:00:00,54.22,100.00
129+04772,2020-09-04 21:10:00,49.85,100.00
129+04772,2020-09-04 21:20:00,50.70,100.00
129+04772,2020-09-04 21:30:00,49.06,100.00
129+04772,2020-09-04 21:40:00,56.46,100.00
129+04772,2020-09-04 21:50:00,53.82,100.00
129+04772,2020-09-04 22:00:00,53.15,100.00
129+04772,2020-09-04 22:10:00,53.37,100.00
129+04772,2020-09-04 22:20:00,51.71,100.00
129+04772,2020-09-04 22:30:00,56.29,100.00
129+04772,2020-09-04 22:40:00,52.60,100.00
129+04772,2020-09-04 22:50:00,57.22,100.00
129+04772,2020-09-04 23:00:00,56.03,100.00
129+04772,2020-09-04 23:10:00,53.28,100.00
129+04772,2020-09-04 23:20:00,54.40,100.00
129+04772,2020-09-04 23:30:00,52.91,100.00
129+04772,2020-09-04 23:40:00,55.74,100.00
129+04772,2020-09-04 23:50:00,55.53,100.00
129P04419,2020-09-04 00:00:00,59.23,100.00
129P04419,2020-09-04 00:10:00,64.79,100.00
129P04419,2020-09-04 00:20:00,63.19,100.00
129P04419,2020-09-04 00:30:00,56.39,100.00
129P04419,2020-09-04 00:40:00,57.50,100.00
129P04419,2020-09-04 00:50:00,58.19,100.00
129P04419,2020-09-04 01:00:00,58.07,98.00
129P04419,2020-09-04 01:10:00,61.30,93.00
129P04419,2020-09-04 01:20:00,62.63,91.00
129P04419,2020-09-04 01:30:00,56.10,98.00
129P04419,2020-09-04 01:40:00,54.00,100.00
129P04419,2020-09-04 01:50:00,58.82,100.00
129P04419,2020-09-04 02:00:00,60.00,100.00
129P04419,2020-09-04 02:10:00,59.90,100.00
129P04419,2020-09-04 02:20:00,57.90,92.00
129P04419,2020-09-04 02:30:00,51.99,94.00
129P04419,2020-09-04 02:40:00,47.84,96.00
129P04419,2020-09-04 02:50:00,64.00,100.00
129P04419,2020-09-04 03:00:00,64.28,96.00
129P04419,2020-09-04 03:10:00,45.79,97.00
129P04419,2020-09-04 03:20:00,43.29,90.00
129P04419,2020-09-04 03:30:00,45.88,90.00
129P04419,2020-09-04 03:40:00,47.00,90.00
129P04419,2020-09-04 03:50:00,46.30,90.00
129P04419,2020-09-04 04:00:00,46.00,
129P04419,2020-09-04 04:10:00,47.56,90.00
129P04419,2020-09-04 04:20:00,58.64,95.00
129P04419,2020-09-04 04:30:00,62.00,100.00
129P04419,2020-09-04 04:40:00,58.78,100.00
129P04419,2020-09-04 04:50:00,64.07,100.00
129P04419,2020-09-04 05:00:00,59.17,100.00
129P04419,2020-09-04 05:10:00,58.00,100.00
129P04419,2020-09-04 05:20:00,60.36,100.00
129P04419,2020-09-04 05:30:00,63.06,100.00
129P04419,2020-09-04 05:40:00,60.00,100.00
129P04419,2020-09-04 05:50:00,64.30,100.00
129P04419,2020-09-04 06:00:00,61.65,100.00
129P04419,2020-09-04 06:10:00,62.92,100.00
129P04419,2020-09-04 06:20:00,64.28,100.00
129P04419,2020-09-04 06:30:00,65.39,100.00
129P04419,2020-09-04 06:40:00,62.40,100.00
129P04419,2020-09-04 06:50:00,66.23,100.00
129P04419,2020-09-04 07:00:00,63.29,100.00
129P04419,2020-09-04 07:10:00,66.68,100.00
129P04419,2020-09-04 07:20:00,66.98,100.00
129P04419,2020-09-04 07:30:00,66.49,100.00
129P04419,2020-09-04 07:40:00,61.75,100.00
129P04419,2020-09-04 07:50:00,62.20,100.00
129P04419,2020-09-04 08:00:00,63.48,100.00
129P04419,2020-09-04 08:10:00,57.89,100.00
129P04419,2020-09-04 08:20:00,61.15,100.00
129P04419,2020-09-04 08:30:00,64.38,100.00
129P04419,2020-09-04 08:40:00,64.52,100.00
129P04419,2020-09-04 08:50:00,65.12,100.00
129P04419,2020-09-04 09:00:00,65.37,100.00
129P04419,2020-09-04 09:10:00,66.09,100.00
129P04419,2020-09-04 09:20:00,63.55,100.00
129P04419,2020-09-04 09:30:00,59.11,100.00
129P04419,2020-09-04 09:40:00,66.18,100.00
129P04419,2020-09-04 09:50:00,65.15,100.00
129P04419,2020-09-04 10:00:00,60.85,100.00
129P04419,2020-09-04 10:10:00,63.92,100.00
129P04419,2020-09-04 10:20:00,65.44,100.00
129P04419,2020-09-04 10:30:00,62.49,100.00
129P04419,2020-09-04 10:40:00,62.67,100.00
129P04419,2020-09-04 10:50:00,64.16,100.00
129P04419,2020-09-04 11:00:00,56.48,100.00
129P04419,2020-09-04 11:10:00,44.07,100.00
129P04419,2020-09-04 11:20:00,27.93,96.00
129P04419,2020-09-04 11:30:00,16.34,90.00
129P04419,2020-09-04 11:40:00,19.81,95.00
129P04419,2020-09-04 11:50:00,20.54,95.00
129P04419,2020-09-04 12:00:00,26.63,100.00
129P04419,2020-09-04 12:10:00,42.88,95.00
129P04419,2020-09-04 12:20:00,44.38,95.00
129P04419,2020-09-04 12:30:00,41.69,100.00
129P04419,2020-09-04 12:40:00,41.96,98.00
129P04419,2020-09-04 12:50:00,39.75,93.00
129P04419,2020-09-04 13:00:00,26.13,100.00
129P04419,2020-09-04 13:10:00,23.20,100.00
129P04419,2020-09-04 13:20:00,16.05,100.00
129P04419,2020-09-04 13:30:00,14.26,100.00
129P04419,2020-09-04 13:40:00,14.01,100.00
129P04419,2020-09-04 13:50:00,17.79,100.00
129P04419,2020-09-04 14:00:00,25.38,100.00
129P04419,2020-09-04 14:10:00,36.64,93.00
129P04419,2020-09-04 14:20:00,50.20,90.00
129P04419,2020-09-04 14:30:00,58.99,90.00
129P04419,2020-09-04 14:40:00,57.97,90.00
129P04419,2020-09-04 14:50:00,45.65,90.00
129P04419,2020-09-04 15:00:00,30.72,90.00
129P04419,2020-09-04 15:10:00,21.09,96.00
129P04419,2020-09-04 15:20:00,26.50,95.00
129P04419,2020-09-04 15:30:00,22.35,94.00
129P04419,2020-09-04 15:40:00,18.55,100.00
129P04419,2020-09-04 15:50:00,27.24,96.00
129P04419,2020-09-04 16:00:00,32.42,90.00
129P04419,2020-09-04 16:10:00,44.07,90.00
129P04419,2020-09-04 16:20:00,50.47,90.00
129P04419,2020-09-04 16:30:00,53.27,94.00
129P04419,2020-09-04 16:40:00,65.16,90.00
129P04419,2020-09-04 16:50:00,64.97,91.00
129P04419,2020-09-04 17:00:00,62.02,97.00
129P04419,2020-09-04 17:10:00,64.16,100.00
129P04419,2020-09-04 17:20:00,62.08,100.00
129P04419,2020-09-04 17:30:00,63.46,100.00
129P04419,2020-09-04 17:40:00,62.77,100.00
129P04419,2020-09-04 17:50:00,47.92,100.00
129P04419,2020-09-04 18:00:00,38.24,100.00
129P04419,2020-09-04 18:10:00,32.35,98.00
129P04419,2020-09-04 18:20:00,41.64,97.00
129P04419,2020-09-04 18:30:00,63.26,100.00
129P04419,2020-09-04 18:40:00,62.44,100.00
129P04419,2020-09-04 18:50:00,62.60,100.00
129P04419,2020-09-04 19:00:00,65.26,100.00
129P04419,2020-09-04 19:10:00,61.08,100.00
129P04419,2020-09-04 19:20:00,65.09,100.00
129P04419,2020-09-04 19:30:00,64.31,100.00
129P04419,2020-09-04 19:40:00,63.26,100.00
129P04419,2020-09-04 19:50:00,58.93,100.00
129P04419,2020-09-04 20:00:00,59.35,100.00
129P04419,2020-09-04 20:10:00,60.35,100.00
129P04419,2020-09-04 20:20:00,62.62,100.00
129P04419,2020-09-04 20:30:00,62.37,100.00
129P04419,2020-09-04 20:40:00,58.68,100.00
129P04419,2020-09-04 20:50:00,64.78,100.00
129P04419,2020-09-04 21:00:00,60.90,100.00
129P04419,2020-09-04 21:10:00,62.97,100.00
129P04419,2020-09-04 21:20:00,64.66,100.00
129P04419,2020-09-04 21:30:00,60.71,100.00
129P04419,2020-09-04 21:40:00,62.39,100.00
129P04419,2020-09-04 21:50:00,64.97,100.00
129P04419,2020-09-04 22:00:00,68.10,100.00
129P04419,2020-09-04 22:10:00,62.02,100.00
129P04419,2020-09-04 22:20:00,63.44,100.00
129P04419,2020-09-04 22:30:00,60.10,100.00
129P04419,2020-09-04 22:40:00,61.80,100.00
129P04419,2020-09-04 22:50:00,62.37,100.00
129P04419,2020-09-04 23:00:00,66.00,100.00
129P04419,2020-09-04 23:10:00,62.11,100.00
129P04419,2020-09-04 23:20:00,63.64,100.00
129P04419,2020-09-04 23:30:00,62.26,100.00
129P04419,2020-09-04 23:40:00,62.55,100.00
129P04419,2020-09-04 23:50:00,62.20,100.00
129P04410,2020-09-04 00:00:00,41.85,100.00
129P04410,2020-09-04 00:10:00,41.18,100.00
129P04410,2020-09-04 00:20:00,38.29,100.00
129P04410,2020-09-04 00:30:00,39.28,100.00
129P04410,2020-09-04 00:40:00,39.59,100.00
129P04410,2020-09-04 00:50:00,40.00,100.00
129P04410,2020-09-04 01:00:00,48.00,100.00
129P04410,2020-09-04 01:10:00,47.49,95.00
129P04410,2020-09-04 01:20:00,41.58,98.00
129P04410,2020-09-04 01:30:00,42.00,90.00
129P04410,2020-09-04 01:40:00,44.15,90.00
129P04410,2020-09-04 01:50:00,40.29,100.00
129P04410,2020-09-04 02:00:00,40.59,100.00
129P04410,2020-09-04 02:10:00,43.67,98.00
129P04410,2020-09-04 02:20:00,50.00,100.00
129P04410,2020-09-04 02:30:00,48.48,100.00
129P04410,2020-09-04 02:40:00,45.28,100.00
129P04410,2020-09-04 02:50:00,44.38,100.00
129P04410,2020-09-04 03:00:00,41.90,100.00
129P04410,2020-09-04 03:10:00,40.59,100.00
129P04410,2020-09-04 03:20:00,42.27,97.00
129P04410,2020-09-04 03:30:00,44.00,90.00
129P04410,2020-09-04 03:40:00,44.00,90.00
129P04410,2020-09-04 03:50:00,50.00,90.00
129P04410,2020-09-04 04:00:00,50.00,90.00
129P04410,2020-09-04 04:10:00,54.69,90.00
129P04410,2020-09-04 04:20:00,52.06,100.00
129P04410,2020-09-04 04:30:00,48.27,100.00
129P04410,2020-09-04 04:40:00,46.00,100.00
129P04410,2020-09-04 04:50:00,42.07,100.00
129P04410,2020-09-04 05:00:00,46.44,100.00
129P04410,2020-09-04 05:10:00,52.57,100.00
129P04410,2020-09-04 05:20:00,54.67,100.00
129P04410,2020-09-04 05:30:00,56.97,100.00
129P04410,2020-09-04 05:40:00,57.00,100.00
129P04410,2020-09-04 05:50:00,57.20,100.00
129P04410,2020-09-04 06:00:00,59.87,100.00
129P04410,2020-09-04 06:10:00,61.00,100.00
129P04410,2020-09-04 06:20:00,54.21,100.00
129P04410,2020-09-04 06:30:00,48.34,100.00
129P04410,2020-09-04 06:40:00,54.40,100.00
129P04410,2020-09-04 06:50:00,49.96,100.00
129P04410,2020-09-04 07:00:00,52.28,100.00
129P04410,2020-09-04 07:10:00,54.26,100.00
129P04410,2020-09-04 07:20:00,51.17,100.00
129P04410,2020-09-04 07:30:00,54.99,100.00
129P04410,2020-09-04 07:40:00,48.75,100.00
129P04410,2020-09-04 07:50:00,52.16,100.00
129P04410,2020-09-04 08:00:00,50.50,100.00
129P04410,2020-09-04 08:10:00,53.05,100.00
129P04410,2020-09-04 08:20:00,53.33,100.00
129P04410,2020-09-04 08:30:00,53.74,100.00
129P04410,2020-09-04 08:40:00,51.46,100.00
129P04410,2020-09-04 08:50:00,50.23,100.00
129P04410,2020-09-04 09:00:00,51.37,100.00
129P04410,2020-09-04 09:10:00,51.04,100.00
129P04410,2020-09-04 09:20:00,50.95,100.00
129P04410,2020-09-04 09:30:00,49.15,100.00
129P04410,2020-09-04 09:40:00,49.82,100.00
129P04410,2020-09-04 09:50:00,49.53,100.00
129P04410,2020-09-04 10:00:00,48.10,100.00
129P04410,2020-09-04 10:10:00,48.86,100.00
129P04410,2020-09-04 10:20:00,46.89,100.00
129P04410,2020-09-04 10:30:00,49.35,100.00
129P04410,2020-09-04 10:40:00,48.35,100.00
129P04410,2020-09-04 10:50:00,47.81,100.00
129P04410,2020-09-04 11:00:00,45.77,100.00
129P04410,2020-09-04 11:10:00,44.37,100.00
129P04410,2020-09-04 11:20:00,39.70,100.00
129P04410,2020-09-04 11:30:00,42.82,100.00
129P04410,2020-09-04 11:40:00,45.39,100.00
129P04410,2020-09-04 11:50:00,46.61,100.00
129P04410,2020-09-04 12:00:00,46.96,100.00
129P04410,2020-09-04 12:10:00,48.25,100.00
129P04410,2020-09-04 12:20:00,41.16,100.00
129P04410,2020-09-04 12:30:00,48.36,96.00
129P04410,2020-09-04 12:40:00,43.04,97.00
129P04410,2020-09-04 12:50:00,37.16,97.00
129P04410,2020-09-04 13:00:00,34.16,96.00
129P04410,2020-09-04 13:10:00,23.40,98.00
129P04410,2020-09-04 13:20:00,16.86,100.00
129P04410,2020-09-04 13:30:00,15.94,100.00
129P04410,2020-09-04 13:40:00,22.48,98.00
129P04410,2020-09-04 13:50:00,33.60,91.00
129P04410,2020-09-04 14:00:00,24.48,92.00
129P04410,2020-09-04 14:10:00,12.07,100.00
129P04410,2020-09-04 14:20:00,9.00,100.00
129P04410,2020-09-04 14:30:00,9.00,100.00
129P04410,2020-09-04 14:40:00,11.00,100.00
129P04410,2020-09-04 14:50:00,9.00,100.00
129P04410,2020-09-04 15:00:00,10.31,100.00
129P04410,2020-09-04 15:10:00,10.76,100.00
129P04410,2020-09-04 15:20:00,10.94,100.00
129P04410,2020-09-04 15:30:00,9.85,100.00
129P04410,2020-09-04 15:40:00,10.76,100.00
129P04410,2020-09-04 15:50:00,11.19,100.00
129P04410,2020-09-04 16:00:00,9.90,100.00
129P04410,2020-09-04 16:10:00,9.00,100.00
129P04410,2020-09-04 16:20:00,9.00,100.00
129P04410,2020-09-04 16:30:00,8.89,100.00
129P04410,2020-09-04 16:40:00,9.90,100.00
129P04410,2020-09-04 16:50:00,9.34,100.00
129P04410,2020-09-04 17:00:00,8.54,100.00
129P04410,2020-09-04 17:10:00,8.78,100.00
129P04410,2020-09-04 17:20:00,8.20,100.00
129P04410,2020-09-04 17:30:00,9.44,100.00
129P04410,2020-09-04 17:40:00,9.17,100.00
129P04410,2020-09-04 17:50:00,12.36,100.00
129P04410,2020-09-04 18:00:00,18.92,100.00
129P04410,2020-09-04 18:10:00,38.11,91.00
129P04410,2020-09-04 18:20:00,47.93,90.00
129P04410,2020-09-04 18:30:00,45.68,98.00
129P04410,2020-09-04 18:40:00,42.50,100.00
129P04410,2020-09-04 18:50:00,42.45,100.00
129P04410,2020-09-04 19:00:00,45.17,100.00
129P04410,2020-09-04 19:10:00,46.98,100.00
129P04410,2020-09-04 19:20:00,53.37,100.00
129P04410,2020-09-04 19:30:00,44.58,100.00
129P04410,2020-09-04 19:40:00,46.04,100.00
129P04410,2020-09-04 19:50:00,48.55,100.00
129P04410,2020-09-04 20:00:00,45.74,100.00
129P04410,2020-09-04 20:10:00,48.79,100.00
129P04410,2020-09-04 20:20:00,47.57,100.00
129P04410,2020-09-04 20:30:00,53.06,100.00
129P04410,2020-09-04 20:40:00,50.27,100.00
129P04410,2020-09-04 20:50:00,48.28,100.00
129P04410,2020-09-04 21:00:00,49.07,100.00
129P04410,2020-09-04 21:10:00,50.58,100.00
129P04410,2020-09-04 21:20:00,49.83,100.00
129P04410,2020-09-04 21:30:00,47.27,100.00
129P04410,2020-09-04 21:40:00,49.49,100.00
129P04410,2020-09-04 21:50:00,46.42,100.00
129P04410,2020-09-04 22:00:00,49.23,100.00
129P04410,2020-09-04 22:10:00,50.64,100.00
129P04410,2020-09-04 22:20:00,54.68,100.00
129P04410,2020-09-04 22:30:00,55.16,100.00
129P04410,2020-09-04 22:40:00,56.84,100.00
129P04410,2020-09-04 22:50:00,51.22,100.00
129P04410,2020-09-04 23:00:00,51.38,100.00
129P04410,2020-09-04 23:10:00,48.17,100.00
129P04410,2020-09-04 23:20:00,48.98,100.00
129P04410,2020-09-04 23:30:00,46.99,100.00
129P04410,2020-09-04 23:40:00,51.52,100.00
129P04410,2020-09-04 23:50:00,50.04,100.00
129P04773,2020-09-04 00:00:00,57.49,100.00
129P04773,2020-09-04 00:10:00,58.99,100.00
129P04773,2020-09-04 00:20:00,53.68,100.00
129P04773,2020-09-04 00:30:00,52.00,100.00
129P04773,2020-09-04 00:40:00,53.96,100.00
129P04773,2020-09-04 00:50:00,51.40,100.00
129P04773,2020-09-04 01:00:00,51.40,100.00
129P04773,2020-09-04 01:10:00,55.60,100.00
129P04773,2020-09-04 01:20:00,54.70,100.00
129P04773,2020-09-04 01:30:00,53.00,100.00
129P04773,2020-09-04 01:40:00,53.79,98.00
129P04773,2020-09-04 01:50:00,56.25,94.00
129P04773,2020-09-04 02:00:00,63.17,100.00
129P04773,2020-09-04 02:10:00,57.55,100.00
129P04773,2020-09-04 02:20:00,54.18,100.00
129P04773,2020-09-04 02:30:00,48.77,100.00
129P04773,2020-09-04 02:40:00,51.12,97.00
129P04773,2020-09-04 02:50:00,57.30,100.00
129P04773,2020-09-04 03:00:00,56.40,100.00
129P04773,2020-09-04 03:10:00,54.37,96.00
129P04773,2020-09-04 03:20:00,62.18,92.00
129P04773,2020-09-04 03:30:00,61.64,93.00
129P04773,2020-09-04 03:40:00,58.19,99.00
129P04773,2020-09-04 03:50:00,57.48,100.00
129P04773,2020-09-04 04:00:00,54.83,100.00
129P04773,2020-09-04 04:10:00,43.78,100.00
129P04773,2020-09-04 04:20:00,50.38,100.00
129P04773,2020-09-04 04:30:00,49.90,100.00
129P04773,2020-09-04 04:40:00,60.44,100.00
129P04773,2020-09-04 04:50:00,61.36,100.00
129P04773,2020-09-04 05:00:00,55.80,100.00
129P04773,2020-09-04 05:10:00,54.31,100.00
129P04773,2020-09-04 05:20:00,57.19,100.00
129P04773,2020-09-04 05:30:00,61.99,100.00
129P04773,2020-09-04 05:40:00,56.63,100.00
129P04773,2020-09-04 05:50:00,62.09,100.00
129P04773,2020-09-04 06:00:00,61.47,100.00
129P04773,2020-09-04 06:10:00,60.90,100.00
129P04773,2020-09-04 06:20:00,62.28,100.00
129P04773,2020-09-04 06:30:00,61.83,100.00
129P04773,2020-09-04 06:40:00,58.48,100.00
129P04773,2020-09-04 06:50:00,59.95,100.00
129P04773,2020-09-04 07:00:00,60.30,100.00
129P04773,2020-09-04 07:10:00,59.35,100.00
129P04773,2020-09-04 07:20:00,59.54,100.00
129P04773,2020-09-04 07:30:00,51.73,100.00
129P04773,2020-09-04 07:40:00,59.39,100.00
129P04773,2020-09-04 07:50:00,61.73,100.00
129P04773,2020-09-04 08:00:00,58.37,100.00
129P04773,2020-09-04 08:10:00,56.14,100.00
129P04773,2020-09-04 08:20:00,61.96,100.00
129P04773,2020-09-04 08:30:00,55.58,100.00
129P04773,2020-09-04 08:40:00,53.39,100.00
129P04773,2020-09-04 08:50:00,56.57,100.00
129P04773,2020-09-04 09:00:00,58.11,100.00
129P04773,2020-09-04 09:10:00,56.67,100.00
129P04773,2020-09-04 09:20:00,56.04,100.00
129P04773,2020-09-04 09:30:00,55.49,100.00
129P04773,2020-09-04 09:40:00,53.52,100.00
129P04773,2020-09-04 09:50:00,52.18,100.00
129P04773,2020-09-04 10:00:00,51.23,100.00
129P04773,2020-09-04 10:10:00,54.48,100.00
129P04773,2020-09-04 10:20:00,51.09,100.00
129P04773,2020-09-04 10:30:00,51.09,100.00
129P04773,2020-09-04 10:40:00,51.11,100.00
129P04773,2020-09-04 10:50:00,52.72,100.00
129P04773,2020-09-04 11:00:00,51.90,98.00
129P04773,2020-09-04 11:10:00,50.45,94.00
129P04773,2020-09-04 11:20:00,46.02,97.00
129P04773,2020-09-04 11:30:00,48.54,95.00
129P04773,2020-09-04 11:40:00,40.97,97.00
129P04773,2020-09-04 11:50:00,22.98,100.00
129P04773,2020-09-04 12:00:00,20.86,100.00
129P04773,2020-09-04 12:10:00,24.85,100.00
129P04773,2020-09-04 12:20:00,40.64,100.00
129P04773,2020-09-04 12:30:00,26.71,100.00
129P04773,2020-09-04 12:40:00,17.91,100.00
129P04773,2020-09-04 12:50:00,21.65,100.00
129P04773,2020-09-04 13:00:00,24.97,100.00
129P04773,2020-09-04 13:10:00,22.21,100.00
129P04773,2020-09-04 13:20:00,22.02,100.00
129P04773,2020-09-04 13:30:00,16.39,100.00
129P04773,2020-09-04 13:40:00,13.75,100.00
129P04773,2020-09-04 13:50:00,16.71,100.00
129P04773,2020-09-04 14:00:00,19.57,100.00
129P04773,2020-09-04 14:10:00,16.99,100.00
129P04773,2020-09-04 14:20:00,17.99,100.00
129P04773,2020-09-04 14:30:00,14.76,100.00
129P04773,2020-09-04 14:40:00,14.48,100.00
129P04773,2020-09-04 14:50:00,11.59,100.00
129P04773,2020-09-04 15:00:00,14.43,100.00
129P04773,2020-09-04 15:10:00,13.30,100.00
129P04773,2020-09-04 15:20:00,15.22,100.00
129P04773,2020-09-04 15:30:00,16.12,100.00
129P04773,2020-09-04 15:40:00,16.05,100.00
129P04773,2020-09-04 15:50:00,17.75,100.00
129P04773,2020-09-04 16:00:00,15.98,100.00
129P04773,2020-09-04 16:10:00,14.86,100.00
129P04773,2020-09-04 16:20:00,12.57,100.00
129P04773,2020-09-04 16:30:00,21.19,100.00
129P04773,2020-09-04 16:40:00,20.12,100.00
129P04773,2020-09-04 16:50:00,16.13,100.00
129P04773,2020-09-04 17:00:00,18.37,100.00
129P04773,2020-09-04 17:10:00,19.66,100.00
129P04773,2020-09-04 17:20:00,26.71,100.00
129P04773,2020-09-04 17:30:00,34.79,98.00
129P04773,2020-09-04 17:40:00,43.13,100.00
129P04773,2020-09-04 17:50:00,46.28,98.00
129P04773,2020-09-04 18:00:00,54.98,95.00
129P04773,2020-09-04 18:10:00,52.17,98.00
129P04773,2020-09-04 18:20:00,41.38,100.00
129P04773,2020-09-04 18:30:00,48.90,100.00
129P04773,2020-09-04 18:40:00,51.75,100.00
129P04773,2020-09-04 18:50:00,51.57,100.00
129P04773,2020-09-04 19:00:00,52.08,100.00
129P04773,2020-09-04 19:10:00,47.24,100.00
129P04773,2020-09-04 19:20:00,44.74,100.00
129P04773,2020-09-04 19:30:00,48.26,100.00
129P04773,2020-09-04 19:40:00,48.05,100.00
129P04773,2020-09-04 19:50:00,48.23,100.00
129P04773,2020-09-04 20:00:00,50.38,100.00
129P04773,2020-09-04 20:10:00,50.05,100.00
129P04773,2020-09-04 20:20:00,51.28,100.00
129P04773,2020-09-04 20:30:00,51.41,100.00
129P04773,2020-09-04 20:40:00,53.21,100.00
129P04773,2020-09-04 20:50:00,53.66,100.00
129P04773,2020-09-04 21:00:00,54.82,100.00
129P04773,2020-09-04 21:10:00,50.78,100.00
129P04773,2020-09-04 21:20:00,60.97,100.00
129P04773,2020-09-04 21:30:00,56.09,100.00
129P04773,2020-09-04 21:40:00,59.49,100.00
129P04773,2020-09-04 21:50:00,59.13,100.00
129P04773,2020-09-04 22:00:00,59.69,100.00
129P04773,2020-09-04 22:10:00,56.03,100.00
129P04773,2020-09-04 22:20:00,52.28,100.00
129P04773,2020-09-04 22:30:00,47.33,100.00
129P04773,2020-09-04 22:40:00,52.53,100.00
129P04773,2020-09-04 22:50:00,56.48,100.00
129P04773,2020-09-04 23:00:00,60.02,100.00
129P04773,2020-09-04 23:10:00,55.73,100.00
129P04773,2020-09-04 23:20:00,61.04,100.00
129P04773,2020-09-04 23:30:00,62.01,100.00
129P04773,2020-09-04 23:40:00,61.59,100.00
129P04773,2020-09-04 23:50:00,56.35,100.00
129P04772,2020-09-04 00:00:00,56.09,100.00
129P04772,2020-09-04 00:10:00,55.65,100.00
129P04772,2020-09-04 00:20:00,53.58,100.00
129P04772,2020-09-04 00:30:00,53.60,100.00
129P04772,2020-09-04 00:40:00,56.47,100.00
129P04772,2020-09-04 00:50:00,54.59,100.00
129P04772,2020-09-04 01:00:00,53.30,100.00
129P04772,2020-09-04 01:10:00,53.60,100.00
129P04772,2020-09-04 01:20:00,52.20,100.00
129P04772,2020-09-04 01:30:00,51.00,97.60
129P04772,2020-09-04 01:40:00,51.50,96.70
129P04772,2020-09-04 01:50:00,53.08,96.00
129P04772,2020-09-04 02:00:00,52.29,100.00
129P04772,2020-09-04 02:10:00,52.00,100.00
129P04772,2020-09-04 02:20:00,51.59,100.00
129P04772,2020-09-04 02:30:00,53.49,98.20
129P04772,2020-09-04 02:40:00,56.74,97.90
129P04772,2020-09-04 02:50:00,52.30,100.00
129P04772,2020-09-04 03:00:00,49.65,100.00
129P04772,2020-09-04 03:10:00,48.89,100.00
129P04772,2020-09-04 03:20:00,48.40,100.00
129P04772,2020-09-04 03:30:00,47.39,98.80
129P04772,2020-09-04 03:40:00,57.23,97.10
129P04772,2020-09-04 03:50:00,55.19,100.00
129P04772,2020-09-04 04:00:00,54.66,100.00
129P04772,2020-09-04 04:10:00,51.89,100.00
129P04772,2020-09-04 04:20:00,53.38,100.00
129P04772,2020-09-04 04:30:00,58.00,100.00
129P04772,2020-09-04 04:40:00,59.78,100.00
129P04772,2020-09-04 04:50:00,62.39,100.00
129P04772,2020-09-04 05:00:00,55.55,100.00
129P04772,2020-09-04 05:10:00,54.84,100.00
129P04772,2020-09-04 05:20:00,57.59,100.00
129P04772,2020-09-04 05:30:00,58.32,100.00
129P04772,2020-09-04 05:40:00,57.13,100.00
129P04772,2020-09-04 05:50:00,58.41,100.00
129P04772,2020-09-04 06:00:00,57.55,100.00
129P04772,2020-09-04 06:10:00,56.25,100.00
129P04772,2020-09-04 06:20:00,54.17,100.00
129P04772,2020-09-04 06:30:00,60.61,100.00
129P04772,2020-09-04 06:40:00,58.58,100.00
129P04772,2020-09-04 06:50:00,59.66,100.00
129P04772,2020-09-04 07:00:00,58.29,100.00
129P04772,2020-09-04 07:10:00,54.89,100.00
129P04772,2020-09-04 07:20:00,57.25,100.00
129P04772,2020-09-04 07:30:00,52.30,100.00
129P04772,2020-09-04 07:40:00,52.03,100.00
129P04772,2020-09-04 07:50:00,55.57,100.00
129P04772,2020-09-04 08:00:00,50.68,100.00
129P04772,2020-09-04 08:10:00,51.41,100.00
129P04772,2020-09-04 08:20:00,56.75,97.40
129P04772,2020-09-04 08:30:00,53.62,93.70
129P04772,2020-09-04 08:40:00,50.81,96.10
129P04772,2020-09-04 08:50:00,54.24,90.00
129P04772,2020-09-04 09:00:00,56.58,90.00
129P04772,2020-09-04 09:10:00,50.27,95.10
129P04772,2020-09-04 09:20:00,49.94,95.30
129P04772,2020-09-04 09:30:00,53.25,97.70
129P04772,2020-09-04 09:40:00,49.90,97.40
129P04772,2020-09-04 09:50:00,48.62,100.00
129P04772,2020-09-04 10:00:00,44.09,100.00
129P04772,2020-09-04 10:10:00,50.93,100.00
129P04772,2020-09-04 10:20:00,49.55,100.00
129P04772,2020-09-04 10:30:00,50.13,100.00
129P04772,2020-09-04 10:40:00,45.72,100.00
129P04772,2020-09-04 10:50:00,46.33,100.00
129P04772,2020-09-04 11:00:00,44.54,100.00
129P04772,2020-09-04 11:10:00,43.72,100.00
129P04772,2020-09-04 11:20:00,38.18,100.00
129P04772,2020-09-04 11:30:00,43.49,100.00
129P04772,2020-09-04 11:40:00,40.65,99.60
129P04772,2020-09-04 11:50:00,44.46,97.50
129P04772,2020-09-04 12:00:00,41.68,99.40
129P04772,2020-09-04 12:10:00,42.50,100.00
129P04772,2020-09-04 12:20:00,45.06,100.00
129P04772,2020-09-04 12:30:00,42.56,100.00
129P04772,2020-09-04 12:40:00,38.32,100.00
129P04772,2020-09-04 12:50:00,47.95,93.80
129P04772,2020-09-04 13:00:00,46.40,95.40
129P04772,2020-09-04 13:10:00,43.67,97.20
129P04772,2020-09-04 13:20:00,40.28,95.60
129P04772,2020-09-04 13:30:00,29.42,100.00
129P04772,2020-09-04 13:40:00,18.73,100.00
129P04772,2020-09-04 13:50:00,20.02,100.00
129P04772,2020-09-04 14:00:00,17.52,100.00
129P04772,2020-09-04 14:10:00,27.46,100.00
129P04772,2020-09-04 14:20:00,18.20,100.00
129P04772,2020-09-04 14:30:00,22.00,100.00
129P04772,2020-09-04 14:40:00,14.27,100.00
129P04772,2020-09-04 14:50:00,18.22,100.00
129P04772,2020-09-04 15:00:00,14.88,100.00
129P04772,2020-09-04 15:10:00,18.66,100.00
129P04772,2020-09-04 15:20:00,18.36,100.00
129P04772,2020-09-04 15:30:00,22.86,100.00
129P04772,2020-09-04 15:40:00,18.32,100.00
129P04772,2020-09-04 15:50:00,24.69,100.00
129P04772,2020-09-04 16:00:00,23.20,100.00
129P04772,2020-09-04 16:10:00,19.82,100.00
129P04772,2020-09-04 16:20:00,18.07,100.00
129P04772,2020-09-04 16:30:00,19.58,100.00
129P04772,2020-09-04 16:40:00,23.68,100.00
129P04772,2020-09-04 16:50:00,21.12,100.00
129P04772,2020-09-04 17:00:00,19.72,100.00
129P04772,2020-09-04 17:10:00,25.87,100.00
129P04772,2020-09-04 17:20:00,39.88,95.30
129P04772,2020-09-04 17:30:00,48.74,95.90
129P04772,2020-09-04 17:40:00,42.65,100.00
129P04772,2020-09-04 17:50:00,45.65,100.00
129P04772,2020-09-04 18:00:00,52.23,99.70
129P04772,2020-09-04 18:10:00,40.60,100.00
129P04772,2020-09-04 18:20:00,36.06,100.00
129P04772,2020-09-04 18:30:00,45.26,100.00
129P04772,2020-09-04 18:40:00,52.62,100.00
129P04772,2020-09-04 18:50:00,48.15,100.00
129P04772,2020-09-04 19:00:00,51.09,100.00
129P04772,2020-09-04 19:10:00,46.57,100.00
129P04772,2020-09-04 19:20:00,42.10,100.00
129P04772,2020-09-04 19:30:00,46.92,100.00
129P04772,2020-09-04 19:40:00,47.56,100.00
129P04772,2020-09-04 19:50:00,46.99,100.00
129P04772,2020-09-04 20:00:00,49.27,100.00
129P04772,2020-09-04 20:10:00,46.08,100.00
129P04772,2020-09-04 20:20:00,47.24,100.00
129P04772,2020-09-04 20:30:00,49.53,100.00
129P04772,2020-09-04 20:40:00,50.52,100.00
129P04772,2020-09-04 20:50:00,51.20,100.00
129P04772,2020-09-04 21:00:00,54.07,100.00
129P04772,2020-09-04 21:10:00,52.04,100.00
129P04772,2020-09-04 21:20:00,55.19,100.00
129P04772,2020-09-04 21:30:00,53.49,100.00
129P04772,2020-09-04 21:40:00,56.26,100.00
129P04772,2020-09-04 21:50:00,52.95,100.00
129P04772,2020-09-04 22:00:00,53.00,100.00
129P04772,2020-09-04 22:10:00,50.79,100.00
129P04772,2020-09-04 22:20:00,53.58,100.00
129P04772,2020-09-04 22:30:00,58.38,100.00
129P04772,2020-09-04 22:40:00,52.74,100.00
129P04772,2020-09-04 22:50:00,54.87,100.00
129P04772,2020-09-04 23:00:00,57.16,100.00
129P04772,2020-09-04 23:10:00,51.88,100.00
129P04772,2020-09-04 23:20:00,55.77,100.00
129P04772,2020-09-04 23:30:00,58.28,100.00
129P04772,2020-09-04 23:40:00,57.35,100.00
129P04772,2020-09-04 23:50:00,51.48,100.00
129P04771,2020-09-04 00:00:00,55.11,100.00
129P04771,2020-09-04 00:10:00,57.98,100.00
129P04771,2020-09-04 00:20:00,51.95,100.00
129P04771,2020-09-04 00:30:00,49.57,100.00
129P04771,2020-09-04 00:40:00,51.48,100.00
129P04771,2020-09-04 00:50:00,55.20,100.00
129P04771,2020-09-04 01:00:00,55.20,100.00
129P04771,2020-09-04 01:10:00,53.17,100.00
129P04771,2020-09-04 01:20:00,51.08,100.00
129P04771,2020-09-04 01:30:00,49.37,96.80
129P04771,2020-09-04 01:40:00,55.40,96.00
129P04771,2020-09-04 01:50:00,53.98,96.00
129P04771,2020-09-04 02:00:00,52.10,95.80
129P04771,2020-09-04 02:10:00,52.60,97.20
129P04771,2020-09-04 02:20:00,52.19,100.00
129P04771,2020-09-04 02:30:00,53.83,98.40
129P04771,2020-09-04 02:40:00,56.98,96.40
129P04771,2020-09-04 02:50:00,56.60,100.00
129P04771,2020-09-04 03:00:00,52.57,100.00
129P04771,2020-09-04 03:10:00,50.30,99.10
129P04771,2020-09-04 03:20:00,50.00,91.40
129P04771,2020-09-04 03:30:00,49.20,90.00
129P04771,2020-09-04 03:40:00,55.31,99.70
129P04771,2020-09-04 03:50:00,53.80,100.00
129P04771,2020-09-04 04:00:00,52.13,100.00
129P04771,2020-09-04 04:10:00,50.79,100.00
129P04771,2020-09-04 04:20:00,52.84,100.00
129P04771,2020-09-04 04:30:00,57.19,100.00
129P04771,2020-09-04 04:40:00,60.69,100.00
129P04771,2020-09-04 04:50:00,61.29,100.00
129P04771,2020-09-04 05:00:00,54.89,100.00
129P04771,2020-09-04 05:10:00,55.74,100.00
129P04771,2020-09-04 05:20:00,57.77,100.00
129P04771,2020-09-04 05:30:00,58.09,100.00
129P04771,2020-09-04 05:40:00,54.60,100.00
129P04771,2020-09-04 05:50:00,55.90,100.00
129P04771,2020-09-04 06:00:00,54.79,100.00
129P04771,2020-09-04 06:10:00,55.23,100.00
129P04771,2020-09-04 06:20:00,54.75,100.00
129P04771,2020-09-04 06:30:00,56.65,100.00
129P04771,2020-09-04 06:40:00,55.81,100.00
129P04771,2020-09-04 06:50:00,58.35,100.00
129P04771,2020-09-04 07:00:00,57.53,100.00
129P04771,2020-09-04 07:10:00,54.07,100.00
129P04771,2020-09-04 07:20:00,56.56,100.00
129P04771,2020-09-04 07:30:00,55.80,100.00
129P04771,2020-09-04 07:40:00,53.25,100.00
129P04771,2020-09-04 07:50:00,52.73,100.00
129P04771,2020-09-04 08:00:00,47.14,100.00
129P04771,2020-09-04 08:10:00,52.69,98.80
129P04771,2020-09-04 08:20:00,51.47,98.80
129P04771,2020-09-04 08:30:00,52.35,93.40
129P04771,2020-09-04 08:40:00,52.44,91.20
129P04771,2020-09-04 08:50:00,54.30,90.30
129P04771,2020-09-04 09:00:00,56.81,90.00
129P04771,2020-09-04 09:10:00,50.31,91.00
129P04771,2020-09-04 09:20:00,51.07,92.70
129P04771,2020-09-04 09:30:00,52.34,95.70
129P04771,2020-09-04 09:40:00,47.46,98.70
129P04771,2020-09-04 09:50:00,49.38,100.00
129P04771,2020-09-04 10:00:00,51.41,100.00
129P04771,2020-09-04 10:10:00,49.51,100.00
129P04771,2020-09-04 10:20:00,48.19,100.00
129P04771,2020-09-04 10:30:00,49.06,100.00
129P04771,2020-09-04 10:40:00,49.97,100.00
129P04771,2020-09-04 10:50:00,47.82,100.00
129P04771,2020-09-04 11:00:00,50.03,98.00
129P04771,2020-09-04 11:10:00,43.75,100.00
129P04771,2020-09-04 11:20:00,38.80,100.00
129P04771,2020-09-04 11:30:00,45.68,97.80
129P04771,2020-09-04 11:40:00,43.22,99.70
129P04771,2020-09-04 11:50:00,46.84,98.50
129P04771,2020-09-04 12:00:00,43.33,99.70
129P04771,2020-09-04 12:10:00,46.13,97.10
129P04771,2020-09-04 12:20:00,40.74,100.00
129P04771,2020-09-04 12:30:00,45.18,98.00
129P04771,2020-09-04 12:40:00,41.94,100.00
129P04771,2020-09-04 12:50:00,51.62,92.60
129P04771,2020-09-04 13:00:00,47.21,95.40
129P04771,2020-09-04 13:10:00,46.34,93.70
129P04771,2020-09-04 13:20:00,45.57,94.10
129P04771,2020-09-04 13:30:00,24.34,100.00
129P04771,2020-09-04 13:40:00,19.33,100.00
129P04771,2020-09-04 13:50:00,16.51,100.00
129P04771,2020-09-04 14:00:00,13.27,100.00
129P04771,2020-09-04 14:10:00,16.30,100.00
129P04771,2020-09-04 14:20:00,12.43,100.00
129P04771,2020-09-04 14:30:00,18.04,100.00
129P04771,2020-09-04 14:40:00,12.93,100.00
129P04771,2020-09-04 14:50:00,17.02,100.00
129P04771,2020-09-04 15:00:00,11.49,100.00
129P04771,2020-09-04 15:10:00,15.85,100.00
129P04771,2020-09-04 15:20:00,14.68,100.00
129P04771,2020-09-04 15:30:00,16.51,100.00
129P04771,2020-09-04 15:40:00,22.69,100.00
129P04771,2020-09-04 15:50:00,18.48,100.00
129P04771,2020-09-04 16:00:00,26.06,97.90
129P04771,2020-09-04 16:10:00,17.89,100.00
129P04771,2020-09-04 16:20:00,18.08,100.00
129P04771,2020-09-04 16:30:00,19.22,100.00
129P04771,2020-09-04 16:40:00,26.37,100.00
129P04771,2020-09-04 16:50:00,19.59,100.00
129P04771,2020-09-04 17:00:00,21.67,100.00
129P04771,2020-09-04 17:10:00,32.60,98.90
129P04771,2020-09-04 17:20:00,42.38,96.60
129P04771,2020-09-04 17:30:00,46.15,99.10
129P04771,2020-09-04 17:40:00,38.24,98.50
129P04771,2020-09-04 17:50:00,25.08,98.00
129P04771,2020-09-04 18:00:00,32.24,99.20
129P04771,2020-09-04 18:10:00,39.17,100.00
129P04771,2020-09-04 18:20:00,41.45,100.00
129P04771,2020-09-04 18:30:00,51.43,100.00
129P04771,2020-09-04 18:40:00,50.32,100.00
129P04771,2020-09-04 18:50:00,50.20,100.00
129P04771,2020-09-04 19:00:00,51.94,100.00
129P04771,2020-09-04 19:10:00,50.47,100.00
129P04771,2020-09-04 19:20:00,46.88,100.00
129P04771,2020-09-04 19:30:00,50.93,100.00
129P04771,2020-09-04 19:40:00,47.88,100.00
129P04771,2020-09-04 19:50:00,49.55,100.00
129P04771,2020-09-04 20:00:00,48.08,100.00
129P04771,2020-09-04 20:10:00,50.56,100.00
129P04771,2020-09-04 20:20:00,49.42,100.00
129P04771,2020-09-04 20:30:00,49.74,100.00
129P04771,2020-09-04 20:40:00,47.68,100.00
129P04771,2020-09-04 20:50:00,50.96,100.00
129P04771,2020-09-04 21:00:00,54.19,100.00
129P04771,2020-09-04 21:10:00,46.26,100.00
129P04771,2020-09-04 21:20:00,51.64,100.00
129P04771,2020-09-04 21:30:00,47.77,100.00
129P04771,2020-09-04 21:40:00,54.61,100.00
129P04771,2020-09-04 21:50:00,55.42,100.00
129P04771,2020-09-04 22:00:00,54.48,100.00
129P04771,2020-09-04 22:10:00,53.86,100.00
129P04771,2020-09-04 22:20:00,50.76,100.00
129P04771,2020-09-04 22:30:00,59.30,100.00
129P04771,2020-09-04 22:40:00,56.56,100.00
129P04771,2020-09-04 22:50:00,57.28,100.00
129P04771,2020-09-04 23:00:00,55.82,100.00
129P04771,2020-09-04 23:10:00,53.49,100.00
129P04771,2020-09-04 23:20:00,54.79,100.00
129P04771,2020-09-04 23:30:00,49.94,100.00
129P04771,2020-09-04 23:40:00,53.37,100.00
129P04771,2020-09-04 23:50:00,54.35,100.00
129+04421,2020-09-04 00:00:00,49.88,100.00
129+04421,2020-09-04 00:10:00,52.20,100.00
129+04421,2020-09-04 00:20:00,51.90,100.00
129+04421,2020-09-04 00:30:00,52.19,100.00
129+04421,2020-09-04 00:40:00,50.66,100.00
129+04421,2020-09-04 00:50:00,46.05,100.00
129+04421,2020-09-04 01:00:00,39.54,100.00
129+04421,2020-09-04 01:10:00,39.13,100.00
129+04421,2020-09-04 01:20:00,40.00,100.00
129+04421,2020-09-04 01:30:00,41.12,97.00
129+04421,2020-09-04 01:40:00,39.00,90.00
129+04421,2020-09-04 01:50:00,46.90,98.00
129+04421,2020-09-04 02:00:00,53.00,100.00
129+04421,2020-09-04 02:10:00,48.84,100.00
129+04421,2020-09-04 02:20:00,45.39,100.00
129+04421,2020-09-04 02:30:00,45.10,99.00
129+04421,2020-09-04 02:40:00,44.56,99.00
129+04421,2020-09-04 02:50:00,43.28,100.00
129+04421,2020-09-04 03:00:00,42.37,100.00
129+04421,2020-09-04 03:10:00,47.19,100.00
129+04421,2020-09-04 03:20:00,48.90,90.00
129+04421,2020-09-04 03:30:00,45.69,92.00
129+04421,2020-09-04 03:40:00,42.92,100.00
129+04421,2020-09-04 03:50:00,39.58,100.00
129+04421,2020-09-04 04:00:00,36.49,100.00
129+04421,2020-09-04 04:10:00,35.58,100.00
129+04421,2020-09-04 04:20:00,39.95,100.00
129+04421,2020-09-04 04:30:00,48.00,100.00
129+04421,2020-09-04 04:40:00,49.49,100.00
129+04421,2020-09-04 04:50:00,46.46,100.00
129+04421,2020-09-04 05:00:00,44.62,100.00
129+04421,2020-09-04 05:10:00,44.22,100.00
129+04421,2020-09-04 05:20:00,47.82,100.00
129+04421,2020-09-04 05:30:00,55.26,100.00
129+04421,2020-09-04 05:40:00,49.79,100.00
129+04421,2020-09-04 05:50:00,51.34,100.00
129+04421,2020-09-04 06:00:00,52.14,100.00
129+04421,2020-09-04 06:10:00,54.44,100.00
129+04421,2020-09-04 06:20:00,54.00,100.00
129+04421,2020-09-04 06:30:00,54.08,100.00
129+04421,2020-09-04 06:40:00,52.11,100.00
129+04421,2020-09-04 06:50:00,52.48,100.00
129+04421,2020-09-04 07:00:00,49.76,100.00
129+04421,2020-09-04 07:10:00,55.81,100.00
129+04421,2020-09-04 07:20:00,54.30,100.00
129+04421,2020-09-04 07:30:00,51.92,100.00
129+04421,2020-09-04 07:40:00,48.15,100.00
129+04421,2020-09-04 07:50:00,51.84,100.00
129+04421,2020-09-04 08:00:00,51.31,100.00
129+04421,2020-09-04 08:10:00,48.76,100.00
129+04421,2020-09-04 08:20:00,52.05,100.00
129+04421,2020-09-04 08:30:00,46.12,100.00
129+04421,2020-09-04 08:40:00,52.56,100.00
129+04421,2020-09-04 08:50:00,51.46,100.00
129+04421,2020-09-04 09:00:00,53.29,100.00
129+04421,2020-09-04 09:10:00,48.55,100.00
129+04421,2020-09-04 09:20:00,48.41,100.00
129+04421,2020-09-04 09:30:00,46.02,100.00
129+04421,2020-09-04 09:40:00,46.37,100.00
129+04421,2020-09-04 09:50:00,51.73,100.00
129+04421,2020-09-04 10:00:00,47.33,100.00
129+04421,2020-09-04 10:10:00,47.51,100.00
129+04421,2020-09-04 10:20:00,45.79,100.00
129+04421,2020-09-04 10:30:00,45.18,100.00
129+04421,2020-09-04 10:40:00,39.89,100.00
129+04421,2020-09-04 10:50:00,17.46,100.00
129+04421,2020-09-04 11:00:00,14.94,100.00
129+04421,2020-09-04 11:10:00,15.23,100.00
129+04421,2020-09-04 11:20:00,14.87,100.00
129+04421,2020-09-04 11:30:00,15.67,100.00
129+04421,2020-09-04 11:40:00,15.38,100.00
129+04421,2020-09-04 11:50:00,15.03,100.00
129+04421,2020-09-04 12:00:00,13.83,100.00
129+04421,2020-09-04 12:10:00,14.71,100.00
129+04421,2020-09-04 12:20:00,14.28,100.00
129+04421,2020-09-04 12:30:00,16.28,100.00
129+04421,2020-09-04 12:40:00,16.62,100.00
129+04421,2020-09-04 12:50:00,15.18,100.00
129+04421,2020-09-04 13:00:00,14.56,100.00
129+04421,2020-09-04 13:10:00,13.79,100.00
129+04421,2020-09-04 13:20:00,16.12,100.00
129+04421,2020-09-04 13:30:00,17.26,100.00
129+04421,2020-09-04 13:40:00,15.32,100.00
129+04421,2020-09-04 13:50:00,13.72,100.00
129+04421,2020-09-04 14:00:00,13.51,100.00
129+04421,2020-09-04 14:10:00,14.57,100.00
129+04421,2020-09-04 14:20:00,15.60,100.00
129+04421,2020-09-04 14:30:00,12.58,100.00
129+04421,2020-09-04 14:40:00,18.02,100.00
129+04421,2020-09-04 14:50:00,12.02,100.00
129+04421,2020-09-04 15:00:00,18.68,100.00
129+04421,2020-09-04 15:10:00,14.52,100.00
129+04421,2020-09-04 15:20:00,16.16,100.00
129+04421,2020-09-04 15:30:00,17.03,100.00
129+04421,2020-09-04 15:40:00,14.21,100.00
129+04421,2020-09-04 15:50:00,19.07,100.00
129+04421,2020-09-04 16:00:00,17.40,100.00
129+04421,2020-09-04 16:10:00,17.46,100.00
129+04421,2020-09-04 16:20:00,18.03,100.00
129+04421,2020-09-04 16:30:00,20.97,100.00
129+04421,2020-09-04 16:40:00,25.15,100.00
129+04421,2020-09-04 16:50:00,23.24,100.00
129+04421,2020-09-04 17:00:00,40.63,92.00
129+04421,2020-09-04 17:10:00,49.15,90.00
129+04421,2020-09-04 17:20:00,44.38,96.00
129+04421,2020-09-04 17:30:00,47.40,97.00
129+04421,2020-09-04 17:40:00,41.46,99.00
129+04421,2020-09-04 17:50:00,10.50,90.00
129+04421,2020-09-04 18:00:00,8.16,90.00
129+04421,2020-09-04 18:10:00,7.97,90.00
129+04421,2020-09-04 18:20:00,17.29,89.00
129+04421,2020-09-04 18:30:00,44.12,99.00
129+04421,2020-09-04 18:40:00,47.34,100.00
129+04421,2020-09-04 18:50:00,44.87,100.00
129+04421,2020-09-04 19:00:00,53.20,100.00
129+04421,2020-09-04 19:10:00,48.47,100.00
129+04421,2020-09-04 19:20:00,43.68,100.00
129+04421,2020-09-04 19:30:00,48.78,100.00
129+04421,2020-09-04 19:40:00,46.64,100.00
129+04421,2020-09-04 19:50:00,42.72,100.00
129+04421,2020-09-04 20:00:00,47.12,100.00
129+04421,2020-09-04 20:10:00,45.69,100.00
129+04421,2020-09-04 20:20:00,46.68,100.00
129+04421,2020-09-04 20:30:00,43.80,100.00
129+04421,2020-09-04 20:40:00,45.28,100.00
129+04421,2020-09-04 20:50:00,48.40,100.00
129+04421,2020-09-04 21:00:00,47.99,100.00
129+04421,2020-09-04 21:10:00,47.54,100.00
129+04421,2020-09-04 21:20:00,54.71,100.00
129+04421,2020-09-04 21:30:00,53.06,100.00
129+04421,2020-09-04 21:40:00,48.09,100.00
129+04421,2020-09-04 21:50:00,48.53,100.00
129+04421,2020-09-04 22:00:00,47.32,100.00
129+04421,2020-09-04 22:10:00,48.54,100.00
129+04421,2020-09-04 22:20:00,47.48,100.00
129+04421,2020-09-04 22:30:00,46.78,100.00
129+04421,2020-09-04 22:40:00,49.38,100.00
129+04421,2020-09-04 22:50:00,51.50,100.00
129+04421,2020-09-04 23:00:00,54.92,100.00
129+04421,2020-09-04 23:10:00,48.57,100.00
129+04421,2020-09-04 23:20:00,51.76,100.00
129+04421,2020-09-04 23:30:00,47.27,100.00
129+04421,2020-09-04 23:40:00,51.77,100.00
129+04421,2020-09-04 23:50:00,49.15,100.00
129P04418,2020-09-04 00:00:00,49.24,100.00
129P04418,2020-09-04 00:10:00,53.40,100.00
129P04418,2020-09-04 00:20:00,52.79,100.00
129P04418,2020-09-04 00:30:00,47.90,100.00
129P04418,2020-09-04 00:40:00,43.87,100.00
129P04418,2020-09-04 00:50:00,44.18,100.00
129P04418,2020-09-04 01:00:00,44.70,95.00
129P04418,2020-09-04 01:10:00,45.00,90.00
129P04418,2020-09-04 01:20:00,47.37,90.00
129P04418,2020-09-04 01:30:00,49.60,99.00
129P04418,2020-09-04 01:40:00,49.00,100.00
129P04418,2020-09-04 01:50:00,43.00,100.00
129P04418,2020-09-04 02:00:00,43.19,100.00
129P04418,2020-09-04 02:10:00,45.00,
129P04418,2020-09-04 02:20:00,45.59,
129P04418,2020-09-04 02:30:00,40.14,100.00
129P04418,2020-09-04 02:40:00,38.15,92.00
129P04418,2020-09-04 02:50:00,41.99,90.00
129P04418,2020-09-04 03:00:00,44.27,88.00
129P04418,2020-09-04 03:10:00,43.79,100.00
129P04418,2020-09-04 03:20:00,44.00,100.00
129P04418,2020-09-04 03:30:00,45.56,95.00
129P04418,2020-09-04 03:40:00,47.00,90.00
129P04418,2020-09-04 03:50:00,47.00,90.00
129P04418,2020-09-04 04:00:00,47.00,
129P04418,2020-09-04 04:10:00,47.00,90.00
129P04418,2020-09-04 04:20:00,48.22,95.00
129P04418,2020-09-04 04:30:00,51.91,100.00
129P04418,2020-09-04 04:40:00,51.60,100.00
129P04418,2020-09-04 04:50:00,46.96,100.00
129P04418,2020-09-04 05:00:00,49.39,100.00
129P04418,2020-09-04 05:10:00,48.40,100.00
129P04418,2020-09-04 05:20:00,47.89,100.00
129P04418,2020-09-04 05:30:00,51.57,100.00
129P04418,2020-09-04 05:40:00,54.18,100.00
129P04418,2020-09-04 05:50:00,57.16,100.00
129P04418,2020-09-04 06:00:00,53.87,100.00
129P04418,2020-09-04 06:10:00,51.39,100.00
129P04418,2020-09-04 06:20:00,54.27,100.00
129P04418,2020-09-04 06:30:00,51.56,100.00
129P04418,2020-09-04 06:40:00,48.49,100.00
129P04418,2020-09-04 06:50:00,52.41,100.00
129P04418,2020-09-04 07:00:00,52.50,100.00
129P04418,2020-09-04 07:10:00,57.45,100.00
129P04418,2020-09-04 07:20:00,52.84,100.00
129P04418,2020-09-04 07:30:00,59.31,100.00
129P04418,2020-09-04 07:40:00,51.63,100.00
129P04418,2020-09-04 07:50:00,55.44,100.00
129P04418,2020-09-04 08:00:00,57.24,100.00
129P04418,2020-09-04 08:10:00,54.25,100.00
129P04418,2020-09-04 08:20:00,58.33,100.00
129P04418,2020-09-04 08:30:00,53.01,100.00
129P04418,2020-09-04 08:40:00,55.51,100.00
129P04418,2020-09-04 08:50:00,55.23,100.00
129P04418,2020-09-04 09:00:00,58.60,100.00
129P04418,2020-09-04 09:10:00,55.10,100.00
129P04418,2020-09-04 09:20:00,55.11,100.00
129P04418,2020-09-04 09:30:00,53.47,100.00
129P04418,2020-09-04 09:40:00,55.57,100.00
129P04418,2020-09-04 09:50:00,56.33,100.00
129P04418,2020-09-04 10:00:00,54.40,100.00
129P04418,2020-09-04 10:10:00,54.39,100.00
129P04418,2020-09-04 10:20:00,54.94,100.00
129P04418,2020-09-04 10:30:00,55.44,100.00
129P04418,2020-09-04 10:40:00,50.85,100.00
129P04418,2020-09-04 10:50:00,57.26,100.00
129P04418,2020-09-04 11:00:00,51.75,100.00
129P04418,2020-09-04 11:10:00,51.47,100.00
129P04418,2020-09-04 11:20:00,52.74,100.00
129P04418,2020-09-04 11:30:00,51.17,100.00
129P04418,2020-09-04 11:40:00,49.38,100.00
129P04418,2020-09-04 11:50:00,54.56,100.00
129P04418,2020-09-04 12:00:00,51.96,100.00
129P04418,2020-09-04 12:10:00,51.64,100.00
129P04418,2020-09-04 12:20:00,54.45,100.00
129P04418,2020-09-04 12:30:00,55.10,100.00
129P04418,2020-09-04 12:40:00,56.24,100.00
129P04418,2020-09-04 12:50:00,54.56,100.00
129P04418,2020-09-04 13:00:00,54.96,100.00
129P04418,2020-09-04 13:10:00,57.09,100.00
129P04418,2020-09-04 13:20:00,54.82,100.00
129P04418,2020-09-04 13:30:00,55.35,100.00
129P04418,2020-09-04 13:40:00,56.53,100.00
129P04418,2020-09-04 13:50:00,54.73,100.00
129P04418,2020-09-04 14:00:00,58.65,100.00
129P04418,2020-09-04 14:10:00,56.35,100.00
129P04418,2020-09-04 14:20:00,54.63,100.00
129P04418,2020-09-04 14:30:00,56.87,100.00
129P04418,2020-09-04 14:40:00,55.87,100.00
129P04418,2020-09-04 14:50:00,52.82,100.00
129P04418,2020-09-04 15:00:00,56.43,100.00
129P04418,2020-09-04 15:10:00,58.28,100.00
129P04418,2020-09-04 15:20:00,55.67,100.00
129P04418,2020-09-04 15:30:00,53.74,100.00
129P04418,2020-09-04 15:40:00,56.36,100.00
129P04418,2020-09-04 15:50:00,57.28,100.00
129P04418,2020-09-04 16:00:00,54.52,100.00
129P04418,2020-09-04 16:10:00,54.50,100.00
129P04418,2020-09-04 16:20:00,52.68,100.00
129P04418,2020-09-04 16:30:00,55.18,100.00
129P04418,2020-09-04 16:40:00,52.46,100.00
129P04418,2020-09-04 16:50:00,53.86,100.00
129P04418,2020-09-04 17:00:00,53.25,100.00
129P04418,2020-09-04 17:10:00,54.76,100.00
129P04418,2020-09-04 17:20:00,52.28,100.00
129P04418,2020-09-04 17:30:00,55.87,100.00
129P04418,2020-09-04 17:40:00,52.79,100.00
129P04418,2020-09-04 17:50:00,53.58,100.00
129P04418,2020-09-04 18:00:00,55.27,100.00
129P04418,2020-09-04 18:10:00,52.78,100.00
129P04418,2020-09-04 18:20:00,58.67,100.00
129P04418,2020-09-04 18:30:00,54.33,100.00
129P04418,2020-09-04 18:40:00,52.17,100.00
129P04418,2020-09-04 18:50:00,55.94,100.00
129P04418,2020-09-04 19:00:00,57.68,100.00
129P04418,2020-09-04 19:10:00,52.86,100.00
129P04418,2020-09-04 19:20:00,55.88,100.00
129P04418,2020-09-04 19:30:00,53.53,100.00
129P04418,2020-09-04 19:40:00,49.01,100.00
129P04418,2020-09-04 19:50:00,53.79,100.00
129P04418,2020-09-04 20:00:00,49.42,100.00
129P04418,2020-09-04 20:10:00,50.67,100.00
129P04418,2020-09-04 20:20:00,50.72,100.00
129P04418,2020-09-04 20:30:00,55.25,100.00
129P04418,2020-09-04 20:40:00,53.11,100.00
129P04418,2020-09-04 20:50:00,58.00,100.00
129P04418,2020-09-04 21:00:00,53.36,100.00
129P04418,2020-09-04 21:10:00,55.62,100.00
129P04418,2020-09-04 21:20:00,56.77,100.00
129P04418,2020-09-04 21:30:00,52.82,100.00
129P04418,2020-09-04 21:40:00,55.04,100.00
129P04418,2020-09-04 21:50:00,54.49,100.00
129P04418,2020-09-04 22:00:00,54.68,100.00
129P04418,2020-09-04 22:10:00,48.60,100.00
129P04418,2020-09-04 22:20:00,56.43,100.00
129P04418,2020-09-04 22:30:00,54.35,100.00
129P04418,2020-09-04 22:40:00,55.69,100.00
129P04418,2020-09-04 22:50:00,56.77,100.00
129P04418,2020-09-04 23:00:00,54.27,100.00
129P04418,2020-09-04 23:10:00,53.33,100.00
129P04418,2020-09-04 23:20:00,55.84,100.00
129P04418,2020-09-04 23:30:00,49.11,100.00
129P04418,2020-09-04 23:40:00,52.23,100.00
129P04418,2020-09-04 23:50:00,54.58,100.00
129P04417,2020-09-04 00:00:00,50.13,100.00
129P04417,2020-09-04 00:10:00,54.09,100.00
129P04417,2020-09-04 00:20:00,51.92,100.00
129P04417,2020-09-04 00:30:00,49.90,100.00
129P04417,2020-09-04 00:40:00,47.59,100.00
129P04417,2020-09-04 00:50:00,47.10,100.00
129P04417,2020-09-04 01:00:00,44.13,100.00
129P04417,2020-09-04 01:10:00,43.00,95.00
129P04417,2020-09-04 01:20:00,45.80,95.00
129P04417,2020-09-04 01:30:00,49.40,97.00
129P04417,2020-09-04 01:40:00,48.10,100.00
129P04417,2020-09-04 01:50:00,48.80,92.00
129P04417,2020-09-04 02:00:00,49.00,90.00
129P04417,2020-09-04 02:10:00,49.00,90.00
129P04417,2020-09-04 02:20:00,,
129P04417,2020-09-04 02:30:00,37.00,100.00
129P04417,2020-09-04 02:40:00,37.69,92.00
129P04417,2020-09-04 02:50:00,39.47,90.00
129P04417,2020-09-04 03:00:00,41.19,93.00
129P04417,2020-09-04 03:10:00,41.01,100.00
129P04417,2020-09-04 03:20:00,42.00,100.00
129P04417,2020-09-04 03:30:00,44.68,94.00
129P04417,2020-09-04 03:40:00,47.00,90.00
129P04417,2020-09-04 03:50:00,47.00,90.00
129P04417,2020-09-04 04:00:00,47.00,
129P04417,2020-09-04 04:10:00,47.00,90.00
129P04417,2020-09-04 04:20:00,47.25,97.00
129P04417,2020-09-04 04:30:00,49.57,100.00
129P04417,2020-09-04 04:40:00,50.10,100.00
129P04417,2020-09-04 04:50:00,51.34,100.00
129P04417,2020-09-04 05:00:00,52.47,100.00
129P04417,2020-09-04 05:10:00,52.20,100.00
129P04417,2020-09-04 05:20:00,51.17,100.00
129P04417,2020-09-04 05:30:00,52.83,100.00
129P04417,2020-09-04 05:40:00,51.49,100.00
129P04417,2020-09-04 05:50:00,54.56,100.00
129P04417,2020-09-04 06:00:00,53.99,100.00
129P04417,2020-09-04 06:10:00,52.38,100.00
129P04417,2020-09-04 06:20:00,54.26,100.00
129P04417,2020-09-04 06:30:00,50.80,100.00
129P04417,2020-09-04 06:40:00,48.12,100.00
129P04417,2020-09-04 06:50:00,50.64,100.00
129P04417,2020-09-04 07:00:00,51.11,100.00
129P04417,2020-09-04 07:10:00,56.26,100.00
129P04417,2020-09-04 07:20:00,51.40,100.00
129P04417,2020-09-04 07:30:00,59.12,100.00
129P04417,2020-09-04 07:40:00,50.01,100.00
129P04417,2020-09-04 07:50:00,54.96,100.00
129P04417,2020-09-04 08:00:00,57.66,100.00
129P04417,2020-09-04 08:10:00,55.88,100.00
129P04417,2020-09-04 08:20:00,57.31,100.00
129P04417,2020-09-04 08:30:00,49.37,100.00
129P04417,2020-09-04 08:40:00,55.02,100.00
129P04417,2020-09-04 08:50:00,55.05,100.00
129P04417,2020-09-04 09:00:00,57.38,100.00
129P04417,2020-09-04 09:10:00,52.73,100.00
129P04417,2020-09-04 09:20:00,55.49,100.00
129P04417,2020-09-04 09:30:00,50.98,100.00
129P04417,2020-09-04 09:40:00,56.41,100.00
129P04417,2020-09-04 09:50:00,55.58,100.00
129P04417,2020-09-04 10:00:00,53.35,100.00
129P04417,2020-09-04 10:10:00,54.61,100.00
129P04417,2020-09-04 10:20:00,54.76,100.00
129P04417,2020-09-04 10:30:00,54.99,100.00
129P04417,2020-09-04 10:40:00,51.27,100.00
129P04417,2020-09-04 10:50:00,55.25,100.00
129P04417,2020-09-04 11:00:00,54.28,100.00
129P04417,2020-09-04 11:10:00,50.99,100.00
129P04417,2020-09-04 11:20:00,51.82,100.00
129P04417,2020-09-04 11:30:00,50.76,100.00
129P04417,2020-09-04 11:40:00,51.11,100.00
129P04417,2020-09-04 11:50:00,52.30,100.00
129P04417,2020-09-04 12:00:00,54.04,100.00
129P04417,2020-09-04 12:10:00,54.20,100.00
129P04417,2020-09-04 12:20:00,54.25,100.00
129P04417,2020-09-04 12:30:00,51.64,100.00
129P04417,2020-09-04 12:40:00,54.96,100.00
129P04417,2020-09-04 12:50:00,54.31,100.00
129P04417,2020-09-04 13:00:00,53.95,100.00
129P04417,2020-09-04 13:10:00,56.03,100.00
129P04417,2020-09-04 13:20:00,53.10,100.00
129P04417,2020-09-04 13:30:00,52.12,100.00
129P04417,2020-09-04 13:40:00,56.21,100.00
129P04417,2020-09-04 13:50:00,52.97,100.00
129P04417,2020-09-04 14:00:00,58.19,100.00
129P04417,2020-09-04 14:10:00,57.53,100.00
129P04417,2020-09-04 14:20:00,52.77,100.00
129P04417,2020-09-04 14:30:00,54.35,100.00
129P04417,2020-09-04 14:40:00,52.48,100.00
129P04417,2020-09-04 14:50:00,52.29,100.00
129P04417,2020-09-04 15:00:00,55.05,100.00
129P04417,2020-09-04 15:10:00,55.55,100.00
129P04417,2020-09-04 15:20:00,54.62,100.00
129P04417,2020-09-04 15:30:00,52.45,100.00
129P04417,2020-09-04 15:40:00,55.82,100.00
129P04417,2020-09-04 15:50:00,57.28,100.00
129P04417,2020-09-04 16:00:00,53.52,100.00
129P04417,2020-09-04 16:10:00,53.57,100.00
129P04417,2020-09-04 16:20:00,53.96,100.00
129P04417,2020-09-04 16:30:00,55.17,100.00
129P04417,2020-09-04 16:40:00,52.31,100.00
129P04417,2020-09-04 16:50:00,54.34,100.00
129P04417,2020-09-04 17:00:00,51.55,100.00
129P04417,2020-09-04 17:10:00,54.43,100.00
129P04417,2020-09-04 17:20:00,49.06,100.00
129P04417,2020-09-04 17:30:00,53.20,100.00
129P04417,2020-09-04 17:40:00,51.27,100.00
129P04417,2020-09-04 17:50:00,54.20,100.00
129P04417,2020-09-04 18:00:00,54.19,100.00
129P04417,2020-09-04 18:10:00,53.36,100.00
129P04417,2020-09-04 18:20:00,58.96,100.00
129P04417,2020-09-04 18:30:00,55.34,100.00
129P04417,2020-09-04 18:40:00,49.46,100.00
129P04417,2020-09-04 18:50:00,54.12,100.00
129P04417,2020-09-04 19:00:00,57.11,100.00
129P04417,2020-09-04 19:10:00,53.24,100.00
129P04417,2020-09-04 19:20:00,55.66,100.00
129P04417,2020-09-04 19:30:00,49.59,100.00
129P04417,2020-09-04 19:40:00,49.05,100.00
129P04417,2020-09-04 19:50:00,51.06,100.00
129P04417,2020-09-04 20:00:00,50.29,100.00
129P04417,2020-09-04 20:10:00,49.59,100.00
129P04417,2020-09-04 20:20:00,52.88,100.00
129P04417,2020-09-04 20:30:00,55.93,100.00
129P04417,2020-09-04 20:40:00,53.31,100.00
129P04417,2020-09-04 20:50:00,56.75,100.00
129P04417,2020-09-04 21:00:00,54.48,100.00
129P04417,2020-09-04 21:10:00,53.07,100.00
129P04417,2020-09-04 21:20:00,54.61,100.00
129P04417,2020-09-04 21:30:00,52.58,100.00
129P04417,2020-09-04 21:40:00,55.66,100.00
129P04417,2020-09-04 21:50:00,54.29,100.00
129P04417,2020-09-04 22:00:00,55.68,100.00
129P04417,2020-09-04 22:10:00,50.27,100.00
129P04417,2020-09-04 22:20:00,56.67,100.00
129P04417,2020-09-04 22:30:00,54.33,100.00
129P04417,2020-09-04 22:40:00,53.47,100.00
129P04417,2020-09-04 22:50:00,56.09,100.00
129P04417,2020-09-04 23:00:00,54.88,100.00
129P04417,2020-09-04 23:10:00,53.56,100.00
129P04417,2020-09-04 23:20:00,52.24,100.00
129P04417,2020-09-04 23:30:00,47.73,100.00
129P04417,2020-09-04 23:40:00,53.03,100.00
129P04417,2020-09-04 23:50:00,55.98,100.00
129P04416,2020-09-04 00:00:00,44.03,100.00
129P04416,2020-09-04 00:10:00,42.62,99.00
129P04416,2020-09-04 00:20:00,38.59,96.00
129P04416,2020-09-04 00:30:00,37.45,100.00
129P04416,2020-09-04 00:40:00,39.20,100.00
129P04416,2020-09-04 00:50:00,44.19,100.00
129P04416,2020-09-04 01:00:00,43.80,100.00
129P04416,2020-09-04 01:10:00,43.90,94.00
129P04416,2020-09-04 01:20:00,45.45,95.00
129P04416,2020-09-04 01:30:00,45.62,92.00
129P04416,2020-09-04 01:40:00,44.00,90.00
129P04416,2020-09-04 01:50:00,44.80,82.00
129P04416,2020-09-04 02:00:00,42.70,90.00
129P04416,2020-09-04 02:10:00,40.39,91.00
129P04416,2020-09-04 02:20:00,42.19,90.00
129P04416,2020-09-04 02:30:00,41.96,96.00
129P04416,2020-09-04 02:40:00,38.80,91.00
129P04416,2020-09-04 02:50:00,40.47,90.00
129P04416,2020-09-04 03:00:00,42.75,93.00
129P04416,2020-09-04 03:10:00,37.30,100.00
129P04416,2020-09-04 03:20:00,39.00,100.00
129P04416,2020-09-04 03:30:00,41.33,90.00
129P04416,2020-09-04 03:40:00,43.00,90.00
129P04416,2020-09-04 03:50:00,44.65,90.00
129P04416,2020-09-04 04:00:00,48.00,90.00
129P04416,2020-09-04 04:10:00,47.78,90.00
129P04416,2020-09-04 04:20:00,42.19,96.00
129P04416,2020-09-04 04:30:00,43.04,100.00
129P04416,2020-09-04 04:40:00,44.59,100.00
129P04416,2020-09-04 04:50:00,48.21,100.00
129P04416,2020-09-04 05:00:00,48.61,100.00
129P04416,2020-09-04 05:10:00,48.00,100.00
129P04416,2020-09-04 05:20:00,50.83,100.00
129P04416,2020-09-04 05:30:00,51.69,100.00
129P04416,2020-09-04 05:40:00,47.34,100.00
129P04416,2020-09-04 05:50:00,50.97,100.00
129P04416,2020-09-04 06:00:00,48.71,100.00
129P04416,2020-09-04 06:10:00,49.37,100.00
129P04416,2020-09-04 06:20:00,49.38,100.00
129P04416,2020-09-04 06:30:00,45.66,100.00
129P04416,2020-09-04 06:40:00,47.10,100.00
129P04416,2020-09-04 06:50:00,47.27,100.00
129P04416,2020-09-04 07:00:00,49.03,100.00
129P04416,2020-09-04 07:10:00,52.92,100.00
129P04416,2020-09-04 07:20:00,48.32,100.00
129P04416,2020-09-04 07:30:00,53.42,100.00
129P04416,2020-09-04 07:40:00,48.27,100.00
129P04416,2020-09-04 07:50:00,50.45,100.00
129P04416,2020-09-04 08:00:00,52.29,100.00
129P04416,2020-09-04 08:10:00,53.19,100.00
129P04416,2020-09-04 08:20:00,53.62,100.00
129P04416,2020-09-04 08:30:00,47.41,100.00
129P04416,2020-09-04 08:40:00,51.85,100.00
129P04416,2020-09-04 08:50:00,47.40,100.00
129P04416,2020-09-04 09:00:00,53.23,100.00
129P04416,2020-09-04 09:10:00,50.66,100.00
129P04416,2020-09-04 09:20:00,52.02,100.00
129P04416,2020-09-04 09:30:00,49.18,100.00
129P04416,2020-09-04 09:40:00,49.87,100.00
129P04416,2020-09-04 09:50:00,49.51,100.00
129P04416,2020-09-04 10:00:00,50.07,100.00
129P04416,2020-09-04 10:10:00,49.87,100.00
129P04416,2020-09-04 10:20:00,50.20,100.00
129P04416,2020-09-04 10:30:00,46.79,100.00
129P04416,2020-09-04 10:40:00,45.74,100.00
129P04416,2020-09-04 10:50:00,51.94,100.00
129P04416,2020-09-04 11:00:00,47.38,100.00
129P04416,2020-09-04 11:10:00,45.88,100.00
129P04416,2020-09-04 11:20:00,46.99,100.00
129P04416,2020-09-04 11:30:00,48.61,100.00
129P04416,2020-09-04 11:40:00,47.71,100.00
129P04416,2020-09-04 11:50:00,47.94,100.00
129P04416,2020-09-04 12:00:00,46.31,100.00
129P04416,2020-09-04 12:10:00,48.72,100.00
129P04416,2020-09-04 12:20:00,48.44,100.00
129P04416,2020-09-04 12:30:00,46.98,100.00
129P04416,2020-09-04 12:40:00,49.52,100.00
129P04416,2020-09-04 12:50:00,46.71,100.00
129P04416,2020-09-04 13:00:00,48.52,100.00
129P04416,2020-09-04 13:10:00,48.71,100.00
129P04416,2020-09-04 13:20:00,45.01,100.00
129P04416,2020-09-04 13:30:00,43.19,100.00
129P04416,2020-09-04 13:40:00,45.79,100.00
129P04416,2020-09-04 13:50:00,45.83,100.00
129P04416,2020-09-04 14:00:00,49.42,100.00
129P04416,2020-09-04 14:10:00,51.88,100.00
129P04416,2020-09-04 14:20:00,52.18,100.00
129P04416,2020-09-04 14:30:00,47.94,100.00
129P04416,2020-09-04 14:40:00,47.12,100.00
129P04416,2020-09-04 14:50:00,44.44,100.00
129P04416,2020-09-04 15:00:00,48.93,100.00
129P04416,2020-09-04 15:10:00,52.35,100.00
129P04416,2020-09-04 15:20:00,49.67,100.00
129P04416,2020-09-04 15:30:00,51.80,100.00
129P04416,2020-09-04 15:40:00,44.77,100.00
129P04416,2020-09-04 15:50:00,50.77,100.00
129P04416,2020-09-04 16:00:00,47.68,100.00
129P04416,2020-09-04 16:10:00,49.87,100.00
129P04416,2020-09-04 16:20:00,49.22,100.00
129P04416,2020-09-04 16:30:00,47.10,100.00
129P04416,2020-09-04 16:40:00,46.74,100.00
129P04416,2020-09-04 16:50:00,49.65,100.00
129P04416,2020-09-04 17:00:00,45.56,100.00
129P04416,2020-09-04 17:10:00,49.12,100.00
129P04416,2020-09-04 17:20:00,46.53,100.00
129P04416,2020-09-04 17:30:00,44.74,100.00
129P04416,2020-09-04 17:40:00,45.86,100.00
129P04416,2020-09-04 17:50:00,47.08,100.00
129P04416,2020-09-04 18:00:00,45.87,100.00
129P04416,2020-09-04 18:10:00,48.45,100.00
129P04416,2020-09-04 18:20:00,52.76,100.00
129P04416,2020-09-04 18:30:00,50.85,100.00
129P04416,2020-09-04 18:40:00,46.67,100.00
129P04416,2020-09-04 18:50:00,48.54,100.00
129P04416,2020-09-04 19:00:00,50.89,100.00
129P04416,2020-09-04 19:10:00,50.42,100.00
129P04416,2020-09-04 19:20:00,51.97,100.00
129P04416,2020-09-04 19:30:00,43.68,100.00
129P04416,2020-09-04 19:40:00,44.81,100.00
129P04416,2020-09-04 19:50:00,46.77,100.00
129P04416,2020-09-04 20:00:00,46.40,100.00
129P04416,2020-09-04 20:10:00,40.61,100.00
129P04416,2020-09-04 20:20:00,49.28,100.00
129P04416,2020-09-04 20:30:00,51.22,100.00
129P04416,2020-09-04 20:40:00,47.42,100.00
129P04416,2020-09-04 20:50:00,50.11,100.00
129P04416,2020-09-04 21:00:00,49.08,100.00
129P04416,2020-09-04 21:10:00,48.48,100.00
129P04416,2020-09-04 21:20:00,48.96,100.00
129P04416,2020-09-04 21:30:00,44.74,100.00
129P04416,2020-09-04 21:40:00,47.86,100.00
129P04416,2020-09-04 21:50:00,49.85,100.00
129P04416,2020-09-04 22:00:00,48.97,100.00
129P04416,2020-09-04 22:10:00,47.66,100.00
129P04416,2020-09-04 22:20:00,53.14,100.00
129P04416,2020-09-04 22:30:00,50.15,100.00
129P04416,2020-09-04 22:40:00,51.37,100.00
129P04416,2020-09-04 22:50:00,52.71,100.00
129P04416,2020-09-04 23:00:00,51.90,100.00
129P04416,2020-09-04 23:10:00,49.94,100.00
129P04416,2020-09-04 23:20:00,47.89,100.00
129P04416,2020-09-04 23:30:00,45.72,100.00
129P04416,2020-09-04 23:40:00,50.12,100.00
129P04416,2020-09-04 23:50:00,52.59,100.00
129P04779,2020-09-04 00:00:00,45.06,100.00
129P04779,2020-09-04 00:10:00,45.57,88.00
129P04779,2020-09-04 00:20:00,46.34,94.00
129P04779,2020-09-04 00:30:00,46.49,100.00
129P04779,2020-09-04 00:40:00,47.36,100.00
129P04779,2020-09-04 00:50:00,49.38,100.00
129P04779,2020-09-04 01:00:00,54.98,100.00
129P04779,2020-09-04 01:10:00,46.66,100.00
129P04779,2020-09-04 01:20:00,42.49,100.00
129P04779,2020-09-04 01:30:00,42.00,100.00
129P04779,2020-09-04 01:40:00,46.86,100.00
129P04779,2020-09-04 01:50:00,52.00,92.00
129P04779,2020-09-04 02:00:00,54.52,98.00
129P04779,2020-09-04 02:10:00,56.70,100.00
129P04779,2020-09-04 02:20:00,48.37,100.00
129P04779,2020-09-04 02:30:00,45.67,100.00
129P04779,2020-09-04 02:40:00,43.49,99.00
129P04779,2020-09-04 02:50:00,47.56,95.00
129P04779,2020-09-04 03:00:00,50.00,90.00
129P04779,2020-09-04 03:10:00,50.19,97.00
129P04779,2020-09-04 03:20:00,51.90,100.00
129P04779,2020-09-04 03:30:00,50.70,94.00
129P04779,2020-09-04 03:40:00,48.19,97.00
129P04779,2020-09-04 03:50:00,47.06,97.00
129P04779,2020-09-04 04:00:00,44.79,91.00
129P04779,2020-09-04 04:10:00,43.10,100.00
129P04779,2020-09-04 04:20:00,49.37,100.00
129P04779,2020-09-04 04:30:00,43.78,100.00
129P04779,2020-09-04 04:40:00,47.83,100.00
129P04779,2020-09-04 04:50:00,46.57,100.00
129P04779,2020-09-04 05:00:00,46.45,100.00
129P04779,2020-09-04 05:10:00,49.38,100.00
129P04779,2020-09-04 05:20:00,53.47,100.00
129P04779,2020-09-04 05:30:00,53.00,100.00
129P04779,2020-09-04 05:40:00,49.78,100.00
129P04779,2020-09-04 05:50:00,48.56,100.00
129P04779,2020-09-04 06:00:00,52.59,100.00
129P04779,2020-09-04 06:10:00,46.26,100.00
129P04779,2020-09-04 06:20:00,51.91,100.00
129P04779,2020-09-04 06:30:00,41.21,100.00
129P04779,2020-09-04 06:40:00,44.69,100.00
129P04779,2020-09-04 06:50:00,50.29,100.00
129P04779,2020-09-04 07:00:00,48.77,100.00
129P04779,2020-09-04 07:10:00,36.90,100.00
129P04779,2020-09-04 07:20:00,34.53,100.00
129P04779,2020-09-04 07:30:00,41.84,100.00
129P04779,2020-09-04 07:40:00,41.33,100.00
129P04779,2020-09-04 07:50:00,41.44,100.00
129P04779,2020-09-04 08:00:00,40.67,100.00
129P04779,2020-09-04 08:10:00,37.83,100.00
129P04779,2020-09-04 08:20:00,41.76,100.00
129P04779,2020-09-04 08:30:00,36.21,100.00
129P04779,2020-09-04 08:40:00,32.40,100.00
129P04779,2020-09-04 08:50:00,40.26,100.00
129P04779,2020-09-04 09:00:00,43.48,100.00
129P04779,2020-09-04 09:10:00,40.11,100.00
129P04779,2020-09-04 09:20:00,35.80,100.00
129P04779,2020-09-04 09:30:00,39.42,100.00
129P04779,2020-09-04 09:40:00,38.84,100.00
129P04779,2020-09-04 09:50:00,35.67,100.00
129P04779,2020-09-04 10:00:00,34.89,100.00
129P04779,2020-09-04 10:10:00,33.72,100.00
129P04779,2020-09-04 10:20:00,30.44,100.00
129P04779,2020-09-04 10:30:00,22.83,100.00
129P04779,2020-09-04 10:40:00,22.41,100.00
129P04779,2020-09-04 10:50:00,31.03,100.00
129P04779,2020-09-04 11:00:00,23.75,100.00
129P04779,2020-09-04 11:10:00,23.08,100.00
129P04779,2020-09-04 11:20:00,22.60,100.00
129P04779,2020-09-04 11:30:00,22.34,100.00
129P04779,2020-09-04 11:40:00,25.35,100.00
129P04779,2020-09-04 11:50:00,22.42,100.00
129P04779,2020-09-04 12:00:00,20.79,100.00
129P04779,2020-09-04 12:10:00,19.83,100.00
129P04779,2020-09-04 12:20:00,17.59,100.00
129P04779,2020-09-04 12:30:00,17.67,100.00
129P04779,2020-09-04 12:40:00,19.98,100.00
129P04779,2020-09-04 12:50:00,18.00,100.00
129P04779,2020-09-04 13:00:00,18.01,100.00
129P04779,2020-09-04 13:10:00,17.75,100.00
129P04779,2020-09-04 13:20:00,16.82,100.00
129P04779,2020-09-04 13:30:00,21.12,100.00
129P04779,2020-09-04 13:40:00,22.95,100.00
129P04779,2020-09-04 13:50:00,20.97,100.00
129P04779,2020-09-04 14:00:00,26.18,100.00
129P04779,2020-09-04 14:10:00,16.82,100.00
129P04779,2020-09-04 14:20:00,18.84,100.00
129P04779,2020-09-04 14:30:00,23.57,100.00
129P04779,2020-09-04 14:40:00,24.67,100.00
129P04779,2020-09-04 14:50:00,25.96,100.00
129P04779,2020-09-04 15:00:00,29.64,100.00
129P04779,2020-09-04 15:10:00,22.13,100.00
129P04779,2020-09-04 15:20:00,21.11,100.00
129P04779,2020-09-04 15:30:00,18.04,100.00
129P04779,2020-09-04 15:40:00,24.86,100.00
129P04779,2020-09-04 15:50:00,19.89,100.00
129P04779,2020-09-04 16:00:00,24.64,100.00
129P04779,2020-09-04 16:10:00,23.42,100.00
129P04779,2020-09-04 16:20:00,25.23,100.00
129P04779,2020-09-04 16:30:00,25.67,100.00
129P04779,2020-09-04 16:40:00,24.14,100.00
129P04779,2020-09-04 16:50:00,25.50,100.00
129P04779,2020-09-04 17:00:00,27.45,100.00
129P04779,2020-09-04 17:10:00,29.35,100.00
129P04779,2020-09-04 17:20:00,29.71,100.00
129P04779,2020-09-04 17:30:00,29.41,100.00
129P04779,2020-09-04 17:40:00,29.40,100.00
129P04779,2020-09-04 17:50:00,25.17,100.00
129P04779,2020-09-04 18:00:00,42.04,99.00
129P04779,2020-09-04 18:10:00,40.88,100.00
129P04779,2020-09-04 18:20:00,34.11,100.00
129P04779,2020-09-04 18:30:00,34.48,100.00
129P04779,2020-09-04 18:40:00,41.27,100.00
129P04779,2020-09-04 18:50:00,37.67,100.00
129P04779,2020-09-04 19:00:00,39.27,100.00
129P04779,2020-09-04 19:10:00,40.69,100.00
129P04779,2020-09-04 19:20:00,39.57,100.00
129P04779,2020-09-04 19:30:00,40.30,100.00
129P04779,2020-09-04 19:40:00,44.19,100.00
129P04779,2020-09-04 19:50:00,40.75,100.00
129P04779,2020-09-04 20:00:00,43.94,100.00
129P04779,2020-09-04 20:10:00,44.60,100.00
129P04779,2020-09-04 20:20:00,40.15,100.00
129P04779,2020-09-04 20:30:00,44.61,100.00
129P04779,2020-09-04 20:40:00,46.44,100.00
129P04779,2020-09-04 20:50:00,40.59,100.00
129P04779,2020-09-04 21:00:00,45.56,100.00
129P04779,2020-09-04 21:10:00,39.03,100.00
129P04779,2020-09-04 21:20:00,45.41,100.00
129P04779,2020-09-04 21:30:00,43.95,100.00
129P04779,2020-09-04 21:40:00,48.99,100.00
129P04779,2020-09-04 21:50:00,46.23,100.00
129P04779,2020-09-04 22:00:00,49.11,100.00
129P04779,2020-09-04 22:10:00,53.48,100.00
129P04779,2020-09-04 22:20:00,45.48,100.00
129P04779,2020-09-04 22:30:00,51.61,100.00
129P04779,2020-09-04 22:40:00,56.41,100.00
129P04779,2020-09-04 22:50:00,54.49,100.00
129P04779,2020-09-04 23:00:00,49.25,100.00
129P04779,2020-09-04 23:10:00,42.59,100.00
129P04779,2020-09-04 23:20:00,41.57,100.00
129P04779,2020-09-04 23:30:00,50.59,100.00
129P04779,2020-09-04 23:40:00,60.90,100.00
129P04779,2020-09-04 23:50:00,60.00,100.00
129P04415,2020-09-04 00:00:00,30.55,96.00
129P04415,2020-09-04 00:10:00,26.16,93.00
129P04415,2020-09-04 00:20:00,28.94,97.00
129P04415,2020-09-04 00:30:00,30.67,100.00
129P04415,2020-09-04 00:40:00,30.49,100.00
129P04415,2020-09-04 00:50:00,32.78,90.00
129P04415,2020-09-04 01:00:00,33.78,92.00
129P04415,2020-09-04 01:10:00,34.00,83.00
129P04415,2020-09-04 01:20:00,35.57,80.00
129P04415,2020-09-04 01:30:00,37.00,80.00
129P04415,2020-09-04 01:40:00,37.39,80.00
129P04415,2020-09-04 01:50:00,38.00,
129P04415,2020-09-04 02:00:00,36.42,98.33
129P04415,2020-09-04 02:10:00,34.20,91.00
129P04415,2020-09-04 02:20:00,36.46,90.00
129P04415,2020-09-04 02:30:00,39.00,90.00
129P04415,2020-09-04 02:40:00,39.00,90.00
129P04415,2020-09-04 02:50:00,39.00,
129P04415,2020-09-04 03:00:00,35.05,96.67
129P04415,2020-09-04 03:10:00,33.58,99.00
129P04415,2020-09-04 03:20:00,34.10,100.00
129P04415,2020-09-04 03:30:00,38.87,90.00
129P04415,2020-09-04 03:40:00,40.00,90.00
129P04415,2020-09-04 03:50:00,40.75,97.00
129P04415,2020-09-04 04:00:00,39.80,91.00
129P04415,2020-09-04 04:10:00,40.49,90.00
129P04415,2020-09-04 04:20:00,31.64,96.00
129P04415,2020-09-04 04:30:00,31.18,95.00
129P04415,2020-09-04 04:40:00,30.00,91.00
129P04415,2020-09-04 04:50:00,33.43,99.00
129P04415,2020-09-04 05:00:00,36.32,100.00
129P04415,2020-09-04 05:10:00,39.69,100.00
129P04415,2020-09-04 05:20:00,41.38,100.00
129P04415,2020-09-04 05:30:00,39.88,100.00
129P04415,2020-09-04 05:40:00,39.68,100.00
129P04415,2020-09-04 05:50:00,42.29,100.00
129P04415,2020-09-04 06:00:00,46.85,100.00
129P04415,2020-09-04 06:10:00,46.90,100.00
129P04415,2020-09-04 06:20:00,46.27,100.00
129P04415,2020-09-04 06:30:00,40.20,100.00
129P04415,2020-09-04 06:40:00,44.54,100.00
129P04415,2020-09-04 06:50:00,38.30,100.00
129P04415,2020-09-04 07:00:00,39.96,97.00
129P04415,2020-09-04 07:10:00,41.44,100.00
129P04415,2020-09-04 07:20:00,41.68,100.00
129P04415,2020-09-04 07:30:00,42.94,100.00
129P04415,2020-09-04 07:40:00,41.41,100.00
129P04415,2020-09-04 07:50:00,39.82,100.00
129P04415,2020-09-04 08:00:00,39.10,100.00
129P04415,2020-09-04 08:10:00,40.35,100.00
129P04415,2020-09-04 08:20:00,41.62,100.00
129P04415,2020-09-04 08:30:00,37.87,100.00
129P04415,2020-09-04 08:40:00,37.85,100.00
129P04415,2020-09-04 08:50:00,39.07,100.00
129P04415,2020-09-04 09:00:00,38.94,100.00
129P04415,2020-09-04 09:10:00,39.85,100.00
129P04415,2020-09-04 09:20:00,37.90,100.00
129P04415,2020-09-04 09:30:00,40.19,100.00
129P04415,2020-09-04 09:40:00,38.79,100.00
129P04415,2020-09-04 09:50:00,35.85,100.00
129P04415,2020-09-04 10:00:00,36.52,100.00
129P04415,2020-09-04 10:10:00,38.24,100.00
129P04415,2020-09-04 10:20:00,36.24,100.00
129P04415,2020-09-04 10:30:00,36.53,100.00
129P04415,2020-09-04 10:40:00,37.25,100.00
129P04415,2020-09-04 10:50:00,37.62,100.00
129P04415,2020-09-04 11:00:00,35.29,100.00
129P04415,2020-09-04 11:10:00,35.25,100.00
129P04415,2020-09-04 11:20:00,34.92,100.00
129P04415,2020-09-04 11:30:00,34.37,100.00
129P04415,2020-09-04 11:40:00,36.14,100.00
129P04415,2020-09-04 11:50:00,36.46,100.00
129P04415,2020-09-04 12:00:00,37.37,100.00
129P04415,2020-09-04 12:10:00,37.02,100.00
129P04415,2020-09-04 12:20:00,35.88,100.00
129P04415,2020-09-04 12:30:00,32.98,100.00
129P04415,2020-09-04 12:40:00,33.67,100.00
129P04415,2020-09-04 12:50:00,33.73,100.00
129P04415,2020-09-04 13:00:00,35.58,100.00
129P04415,2020-09-04 13:10:00,35.37,100.00
129P04415,2020-09-04 13:20:00,33.45,100.00
129P04415,2020-09-04 13:30:00,31.80,100.00
129P04415,2020-09-04 13:40:00,35.11,100.00
129P04415,2020-09-04 13:50:00,36.25,100.00
129P04415,2020-09-04 14:00:00,37.17,100.00
129P04415,2020-09-04 14:10:00,37.67,100.00
129P04415,2020-09-04 14:20:00,36.21,100.00
129P04415,2020-09-04 14:30:00,37.26,100.00
129P04415,2020-09-04 14:40:00,33.82,100.00
129P04415,2020-09-04 14:50:00,34.96,100.00
129P04415,2020-09-04 15:00:00,36.43,100.00
129P04415,2020-09-04 15:10:00,37.13,100.00
129P04415,2020-09-04 15:20:00,35.92,100.00
129P04415,2020-09-04 15:30:00,35.29,100.00
129P04415,2020-09-04 15:40:00,36.55,100.00
129P04415,2020-09-04 15:50:00,37.19,100.00
129P04415,2020-09-04 16:00:00,36.09,100.00
129P04415,2020-09-04 16:10:00,35.83,100.00
129P04415,2020-09-04 16:20:00,36.88,100.00
129P04415,2020-09-04 16:30:00,36.27,100.00
129P04415,2020-09-04 16:40:00,34.74,100.00
129P04415,2020-09-04 16:50:00,34.24,100.00
129P04415,2020-09-04 17:00:00,36.45,100.00
129P04415,2020-09-04 17:10:00,35.24,100.00
129P04415,2020-09-04 17:20:00,37.23,100.00
129P04415,2020-09-04 17:30:00,40.66,100.00
129P04415,2020-09-04 17:40:00,39.19,100.00
129P04415,2020-09-04 17:50:00,37.74,100.00
129P04415,2020-09-04 18:00:00,39.19,100.00
129P04415,2020-09-04 18:10:00,37.99,100.00
129P04415,2020-09-04 18:20:00,37.88,100.00
129P04415,2020-09-04 18:30:00,38.58,100.00
129P04415,2020-09-04 18:40:00,39.88,100.00
129P04415,2020-09-04 18:50:00,38.91,100.00
129P04415,2020-09-04 19:00:00,42.98,100.00
129P04415,2020-09-04 19:10:00,41.10,100.00
129P04415,2020-09-04 19:20:00,42.84,100.00
129P04415,2020-09-04 19:30:00,37.57,100.00
129P04415,2020-09-04 19:40:00,38.95,100.00
129P04415,2020-09-04 19:50:00,36.47,100.00
129P04415,2020-09-04 20:00:00,32.04,100.00
129P04415,2020-09-04 20:10:00,36.86,100.00
129P04415,2020-09-04 20:20:00,35.56,100.00
129P04415,2020-09-04 20:30:00,40.10,100.00
129P04415,2020-09-04 20:40:00,41.26,100.00
129P04415,2020-09-04 20:50:00,38.01,100.00
129P04415,2020-09-04 21:00:00,35.77,100.00
129P04415,2020-09-04 21:10:00,35.33,100.00
129P04415,2020-09-04 21:20:00,38.90,100.00
129P04415,2020-09-04 21:30:00,37.61,100.00
129P04415,2020-09-04 21:40:00,39.84,100.00
129P04415,2020-09-04 21:50:00,41.17,100.00
129P04415,2020-09-04 22:00:00,39.59,100.00
129P04415,2020-09-04 22:10:00,39.59,100.00
129P04415,2020-09-04 22:20:00,37.27,100.00
129P04415,2020-09-04 22:30:00,32.96,100.00
129P04415,2020-09-04 22:40:00,35.21,100.00
129P04415,2020-09-04 22:50:00,36.53,100.00
129P04415,2020-09-04 23:00:00,39.00,100.00
129P04415,2020-09-04 23:10:00,38.79,100.00
129P04415,2020-09-04 23:20:00,38.90,100.00
129P04415,2020-09-04 23:30:00,35.78,97.00
129P04415,2020-09-04 23:40:00,37.33,100.00
129P04415,2020-09-04 23:50:00,37.15,100.00
129+04780,2020-09-04 00:00:00,50.69,100.00
129+04780,2020-09-04 00:10:00,53.96,100.00
129+04780,2020-09-04 00:20:00,53.07,100.00
129+04780,2020-09-04 00:30:00,51.59,100.00
129+04780,2020-09-04 00:40:00,50.86,100.00
129+04780,2020-09-04 00:50:00,55.16,100.00
129+04780,2020-09-04 01:00:00,58.00,100.00
129+04780,2020-09-04 01:10:00,53.34,100.00
129+04780,2020-09-04 01:20:00,46.16,100.00
129+04780,2020-09-04 01:30:00,43.90,100.00
129+04780,2020-09-04 01:40:00,47.94,95.00
129+04780,2020-09-04 01:50:00,53.50,93.00
129+04780,2020-09-04 02:00:00,55.55,98.00
129+04780,2020-09-04 02:10:00,56.90,100.00
129+04780,2020-09-04 02:20:00,53.37,100.00
129+04780,2020-09-04 02:30:00,49.35,100.00
129+04780,2020-09-04 02:40:00,46.28,99.00
129+04780,2020-09-04 02:50:00,50.53,97.00
129+04780,2020-09-04 03:00:00,52.28,94.00
129+04780,2020-09-04 03:10:00,51.10,100.00
129+04780,2020-09-04 03:20:00,51.79,100.00
129+04780,2020-09-04 03:30:00,50.98,98.00
129+04780,2020-09-04 03:40:00,48.95,100.00
129+04780,2020-09-04 03:50:00,56.59,100.00
129+04780,2020-09-04 04:00:00,53.67,100.00
129+04780,2020-09-04 04:10:00,49.18,100.00
129+04780,2020-09-04 04:20:00,53.10,100.00
129+04780,2020-09-04 04:30:00,49.33,100.00
129+04780,2020-09-04 04:40:00,50.03,100.00
129+04780,2020-09-04 04:50:00,47.48,100.00
129+04780,2020-09-04 05:00:00,48.99,100.00
129+04780,2020-09-04 05:10:00,51.80,100.00
129+04780,2020-09-04 05:20:00,51.81,100.00
129+04780,2020-09-04 05:30:00,50.75,100.00
129+04780,2020-09-04 05:40:00,54.23,100.00
129+04780,2020-09-04 05:50:00,56.77,100.00
129+04780,2020-09-04 06:00:00,56.86,100.00
129+04780,2020-09-04 06:10:00,46.67,100.00
129+04780,2020-09-04 06:20:00,54.59,100.00
129+04780,2020-09-04 06:30:00,48.83,100.00
129+04780,2020-09-04 06:40:00,51.67,100.00
129+04780,2020-09-04 06:50:00,55.67,100.00
129+04780,2020-09-04 07:00:00,51.15,100.00
129+04780,2020-09-04 07:10:00,53.45,100.00
129+04780,2020-09-04 07:20:00,47.68,100.00
129+04780,2020-09-04 07:30:00,50.36,100.00
129+04780,2020-09-04 07:40:00,53.30,100.00
129+04780,2020-09-04 07:50:00,49.06,100.00
129+04780,2020-09-04 08:00:00,46.78,100.00
129+04780,2020-09-04 08:10:00,44.44,100.00
129+04780,2020-09-04 08:20:00,50.17,100.00
129+04780,2020-09-04 08:30:00,44.46,100.00
129+04780,2020-09-04 08:40:00,48.49,100.00
129+04780,2020-09-04 08:50:00,47.50,100.00
129+04780,2020-09-04 09:00:00,50.50,100.00
129+04780,2020-09-04 09:10:00,45.08,100.00
129+04780,2020-09-04 09:20:00,44.77,100.00
129+04780,2020-09-04 09:30:00,47.28,100.00
129+04780,2020-09-04 09:40:00,47.30,100.00
129+04780,2020-09-04 09:50:00,42.82,100.00
129+04780,2020-09-04 10:00:00,41.57,100.00
129+04780,2020-09-04 10:10:00,38.56,100.00
129+04780,2020-09-04 10:20:00,47.24,100.00
129+04780,2020-09-04 10:30:00,35.25,100.00
129+04780,2020-09-04 10:40:00,36.76,100.00
129+04780,2020-09-04 10:50:00,41.49,100.00
129+04780,2020-09-04 11:00:00,38.46,100.00
129+04780,2020-09-04 11:10:00,38.31,100.00
129+04780,2020-09-04 11:20:00,39.86,100.00
129+04780,2020-09-04 11:30:00,41.72,100.00
129+04780,2020-09-04 11:40:00,39.15,100.00
129+04780,2020-09-04 11:50:00,37.69,100.00
129+04780,2020-09-04 12:00:00,37.45,100.00
129+04780,2020-09-04 12:10:00,40.05,100.00
129+04780,2020-09-04 12:20:00,38.71,100.00
129+04780,2020-09-04 12:30:00,36.74,100.00
129+04780,2020-09-04 12:40:00,37.26,100.00
129+04780,2020-09-04 12:50:00,37.05,100.00
129+04780,2020-09-04 13:00:00,36.80,100.00
129+04780,2020-09-04 13:10:00,40.05,100.00
129+04780,2020-09-04 13:20:00,37.33,100.00
129+04780,2020-09-04 13:30:00,40.92,100.00
129+04780,2020-09-04 13:40:00,43.11,100.00
129+04780,2020-09-04 13:50:00,39.48,100.00
129+04780,2020-09-04 14:00:00,40.34,100.00
129+04780,2020-09-04 14:10:00,36.85,100.00
129+04780,2020-09-04 14:20:00,37.17,100.00
129+04780,2020-09-04 14:30:00,36.94,100.00
129+04780,2020-09-04 14:40:00,40.22,100.00
129+04780,2020-09-04 14:50:00,43.26,100.00
129+04780,2020-09-04 15:00:00,40.18,100.00
129+04780,2020-09-04 15:10:00,42.57,100.00
129+04780,2020-09-04 15:20:00,37.92,100.00
129+04780,2020-09-04 15:30:00,36.28,100.00
129+04780,2020-09-04 15:40:00,35.76,100.00
129+04780,2020-09-04 15:50:00,37.49,100.00
129+04780,2020-09-04 16:00:00,40.18,100.00
129+04780,2020-09-04 16:10:00,40.96,100.00
129+04780,2020-09-04 16:20:00,42.85,100.00
129+04780,2020-09-04 16:30:00,40.54,100.00
129+04780,2020-09-04 16:40:00,39.05,100.00
129+04780,2020-09-04 16:50:00,40.09,100.00
129+04780,2020-09-04 17:00:00,42.86,100.00
129+04780,2020-09-04 17:10:00,42.19,100.00
129+04780,2020-09-04 17:20:00,39.36,100.00
129+04780,2020-09-04 17:30:00,40.58,100.00
129+04780,2020-09-04 17:40:00,46.13,100.00
129+04780,2020-09-04 17:50:00,37.43,100.00
129+04780,2020-09-04 18:00:00,50.42,100.00
129+04780,2020-09-04 18:10:00,53.28,100.00
129+04780,2020-09-04 18:20:00,43.84,100.00
129+04780,2020-09-04 18:30:00,42.10,100.00
129+04780,2020-09-04 18:40:00,47.15,100.00
129+04780,2020-09-04 18:50:00,45.84,100.00
129+04780,2020-09-04 19:00:00,48.49,100.00
129+04780,2020-09-04 19:10:00,44.61,100.00
129+04780,2020-09-04 19:20:00,50.02,100.00
129+04780,2020-09-04 19:30:00,48.43,100.00
129+04780,2020-09-04 19:40:00,49.73,100.00
129+04780,2020-09-04 19:50:00,48.00,100.00
129+04780,2020-09-04 20:00:00,48.83,100.00
129+04780,2020-09-04 20:10:00,49.66,100.00
129+04780,2020-09-04 20:20:00,50.08,100.00
129+04780,2020-09-04 20:30:00,48.64,100.00
129+04780,2020-09-04 20:40:00,49.22,100.00
129+04780,2020-09-04 20:50:00,47.28,100.00
129+04780,2020-09-04 21:00:00,49.06,100.00
129+04780,2020-09-04 21:10:00,47.89,100.00
129+04780,2020-09-04 21:20:00,53.62,100.00
129+04780,2020-09-04 21:30:00,57.69,100.00
129+04780,2020-09-04 21:40:00,52.20,100.00
129+04780,2020-09-04 21:50:00,51.75,100.00
129+04780,2020-09-04 22:00:00,54.90,100.00
129+04780,2020-09-04 22:10:00,53.40,100.00
129+04780,2020-09-04 22:20:00,49.47,100.00
129+04780,2020-09-04 22:30:00,52.79,100.00
129+04780,2020-09-04 22:40:00,57.87,100.00
129+04780,2020-09-04 22:50:00,54.08,100.00
129+04780,2020-09-04 23:00:00,51.90,100.00
129+04780,2020-09-04 23:10:00,49.63,100.00
129+04780,2020-09-04 23:20:00,48.69,100.00
129+04780,2020-09-04 23:30:00,54.26,100.00
129+04780,2020-09-04 23:40:00,60.99,100.00
129+04780,2020-09-04 23:50:00,58.30,100.00
129P04414,2020-09-04 00:00:00,30.32,96.00
129P04414,2020-09-04 00:10:00,26.89,93.00
129P04414,2020-09-04 00:20:00,30.74,97.00
129P04414,2020-09-04 00:30:00,32.38,100.00
129P04414,2020-09-04 00:40:00,30.59,100.00
129P04414,2020-09-04 00:50:00,29.49,90.00
129P04414,2020-09-04 01:00:00,34.05,92.00
129P04414,2020-09-04 01:10:00,35.99,83.00
129P04414,2020-09-04 01:20:00,37.68,80.00
129P04414,2020-09-04 01:30:00,39.00,80.00
129P04414,2020-09-04 01:40:00,38.59,80.00
129P04414,2020-09-04 01:50:00,38.00,
129P04414,2020-09-04 02:00:00,36.55,98.33
129P04414,2020-09-04 02:10:00,34.20,91.00
129P04414,2020-09-04 02:20:00,36.27,90.00
129P04414,2020-09-04 02:30:00,39.00,90.00
129P04414,2020-09-04 02:40:00,39.00,90.00
129P04414,2020-09-04 02:50:00,39.00,
129P04414,2020-09-04 03:00:00,34.70,96.67
129P04414,2020-09-04 03:10:00,33.69,99.00
129P04414,2020-09-04 03:20:00,34.20,100.00
129P04414,2020-09-04 03:30:00,38.64,90.00
129P04414,2020-09-04 03:40:00,40.00,90.00
129P04414,2020-09-04 03:50:00,39.72,97.00
129P04414,2020-09-04 04:00:00,35.00,91.00
129P04414,2020-09-04 04:10:00,37.16,90.00
129P04414,2020-09-04 04:20:00,31.60,96.00
129P04414,2020-09-04 04:30:00,31.75,95.00
129P04414,2020-09-04 04:40:00,32.00,91.00
129P04414,2020-09-04 04:50:00,37.80,99.00
129P04414,2020-09-04 05:00:00,45.32,100.00
129P04414,2020-09-04 05:10:00,45.58,100.00
129P04414,2020-09-04 05:20:00,44.19,100.00
129P04414,2020-09-04 05:30:00,41.47,100.00
129P04414,2020-09-04 05:40:00,42.20,100.00
129P04414,2020-09-04 05:50:00,42.67,100.00
129P04414,2020-09-04 06:00:00,47.99,100.00
129P04414,2020-09-04 06:10:00,47.00,100.00
129P04414,2020-09-04 06:20:00,45.69,100.00
129P04414,2020-09-04 06:30:00,41.69,100.00
129P04414,2020-09-04 06:40:00,45.18,100.00
129P04414,2020-09-04 06:50:00,38.39,100.00
129P04414,2020-09-04 07:00:00,39.08,97.00
129P04414,2020-09-04 07:10:00,41.14,100.00
129P04414,2020-09-04 07:20:00,40.85,100.00
129P04414,2020-09-04 07:30:00,43.46,100.00
129P04414,2020-09-04 07:40:00,43.19,100.00
129P04414,2020-09-04 07:50:00,42.03,100.00
129P04414,2020-09-04 08:00:00,41.47,100.00
129P04414,2020-09-04 08:10:00,41.88,100.00
129P04414,2020-09-04 08:20:00,43.14,100.00
129P04414,2020-09-04 08:30:00,40.98,100.00
129P04414,2020-09-04 08:40:00,40.40,100.00
129P04414,2020-09-04 08:50:00,38.79,100.00
129P04414,2020-09-04 09:00:00,41.36,100.00
129P04414,2020-09-04 09:10:00,42.18,100.00
129P04414,2020-09-04 09:20:00,36.96,100.00
129P04414,2020-09-04 09:30:00,40.44,100.00
129P04414,2020-09-04 09:40:00,41.16,100.00
129P04414,2020-09-04 09:50:00,40.71,100.00
129P04414,2020-09-04 10:00:00,41.55,100.00
129P04414,2020-09-04 10:10:00,41.91,100.00
129P04414,2020-09-04 10:20:00,39.77,100.00
129P04414,2020-09-04 10:30:00,40.22,100.00
129P04414,2020-09-04 10:40:00,38.15,100.00
129P04414,2020-09-04 10:50:00,41.47,100.00
129P04414,2020-09-04 11:00:00,38.47,100.00
129P04414,2020-09-04 11:10:00,38.61,100.00
129P04414,2020-09-04 11:20:00,38.51,100.00
129P04414,2020-09-04 11:30:00,38.70,100.00
129P04414,2020-09-04 11:40:00,38.71,100.00
129P04414,2020-09-04 11:50:00,38.79,100.00
129P04414,2020-09-04 12:00:00,38.48,100.00
129P04414,2020-09-04 12:10:00,39.29,100.00
129P04414,2020-09-04 12:20:00,37.27,100.00
129P04414,2020-09-04 12:30:00,32.47,100.00
129P04414,2020-09-04 12:40:00,35.92,100.00
129P04414,2020-09-04 12:50:00,34.96,100.00
129P04414,2020-09-04 13:00:00,38.50,100.00
129P04414,2020-09-04 13:10:00,35.94,100.00
129P04414,2020-09-04 13:20:00,36.18,100.00
129P04414,2020-09-04 13:30:00,33.42,100.00
129P04414,2020-09-04 13:40:00,35.64,100.00
129P04414,2020-09-04 13:50:00,39.34,100.00
129P04414,2020-09-04 14:00:00,40.50,100.00
129P04414,2020-09-04 14:10:00,40.08,100.00
129P04414,2020-09-04 14:20:00,37.79,100.00
129P04414,2020-09-04 14:30:00,37.98,100.00
129P04414,2020-09-04 14:40:00,35.71,100.00
129P04414,2020-09-04 14:50:00,37.92,100.00
129P04414,2020-09-04 15:00:00,37.41,100.00
129P04414,2020-09-04 15:10:00,37.66,100.00
129P04414,2020-09-04 15:20:00,39.98,100.00
129P04414,2020-09-04 15:30:00,36.77,100.00
129P04414,2020-09-04 15:40:00,36.89,100.00
129P04414,2020-09-04 15:50:00,40.03,100.00
129P04414,2020-09-04 16:00:00,38.26,100.00
129P04414,2020-09-04 16:10:00,37.00,100.00
129P04414,2020-09-04 16:20:00,40.28,100.00
129P04414,2020-09-04 16:30:00,37.85,100.00
129P04414,2020-09-04 16:40:00,35.89,100.00
129P04414,2020-09-04 16:50:00,39.04,100.00
129P04414,2020-09-04 17:00:00,38.78,100.00
129P04414,2020-09-04 17:10:00,36.17,100.00
129P04414,2020-09-04 17:20:00,40.67,100.00
129P04414,2020-09-04 17:30:00,42.88,100.00
129P04414,2020-09-04 17:40:00,40.49,100.00
129P04414,2020-09-04 17:50:00,38.83,100.00
129P04414,2020-09-04 18:00:00,41.48,100.00
129P04414,2020-09-04 18:10:00,40.67,100.00
129P04414,2020-09-04 18:20:00,40.06,100.00
129P04414,2020-09-04 18:30:00,40.68,100.00
129P04414,2020-09-04 18:40:00,41.96,100.00
129P04414,2020-09-04 18:50:00,40.22,100.00
129P04414,2020-09-04 19:00:00,43.97,100.00
129P04414,2020-09-04 19:10:00,43.45,100.00
129P04414,2020-09-04 19:20:00,42.08,100.00
129P04414,2020-09-04 19:30:00,38.88,100.00
129P04414,2020-09-04 19:40:00,39.86,100.00
129P04414,2020-09-04 19:50:00,37.68,100.00
129P04414,2020-09-04 20:00:00,36.03,100.00
129P04414,2020-09-04 20:10:00,37.51,100.00
129P04414,2020-09-04 20:20:00,40.25,100.00
129P04414,2020-09-04 20:30:00,42.53,100.00
129P04414,2020-09-04 20:40:00,43.37,100.00
129P04414,2020-09-04 20:50:00,40.63,100.00
129P04414,2020-09-04 21:00:00,39.04,100.00
129P04414,2020-09-04 21:10:00,40.50,100.00
129P04414,2020-09-04 21:20:00,41.67,100.00
129P04414,2020-09-04 21:30:00,41.44,100.00
129P04414,2020-09-04 21:40:00,41.85,100.00
129P04414,2020-09-04 21:50:00,43.39,100.00
129P04414,2020-09-04 22:00:00,41.38,100.00
129P04414,2020-09-04 22:10:00,41.48,100.00
129P04414,2020-09-04 22:20:00,40.52,100.00
129P04414,2020-09-04 22:30:00,36.97,100.00
129P04414,2020-09-04 22:40:00,38.09,100.00
129P04414,2020-09-04 22:50:00,40.72,100.00
129P04414,2020-09-04 23:00:00,42.39,100.00
129P04414,2020-09-04 23:10:00,40.20,100.00
129P04414,2020-09-04 23:20:00,38.49,100.00
129P04414,2020-09-04 23:30:00,37.35,97.00
129P04414,2020-09-04 23:40:00,41.46,100.00
129P04414,2020-09-04 23:50:00,39.89,100.00
129P04413,2020-09-04 00:00:00,38.93,100.00
129P04413,2020-09-04 00:10:00,35.59,93.00
129P04413,2020-09-04 00:20:00,34.99,97.00
129P04413,2020-09-04 00:30:00,35.39,100.00
129P04413,2020-09-04 00:40:00,35.76,100.00
129P04413,2020-09-04 00:50:00,39.00,100.00
129P04413,2020-09-04 01:00:00,42.58,100.00
129P04413,2020-09-04 01:10:00,42.43,96.00
129P04413,2020-09-04 01:20:00,40.00,99.00
129P04413,2020-09-04 01:30:00,40.49,90.00
129P04413,2020-09-04 01:40:00,42.48,90.00
129P04413,2020-09-04 01:50:00,43.00,90.00
129P04413,2020-09-04 02:00:00,37.50,100.00
129P04413,2020-09-04 02:10:00,35.39,90.00
129P04413,2020-09-04 02:20:00,38.06,90.00
129P04413,2020-09-04 02:30:00,40.00,90.00
129P04413,2020-09-04 02:40:00,40.00,90.00
129P04413,2020-09-04 02:50:00,40.00,
129P04413,2020-09-04 03:00:00,36.25,97.14
129P04413,2020-09-04 03:10:00,35.20,90.00
129P04413,2020-09-04 03:20:00,38.15,90.00
129P04413,2020-09-04 03:30:00,40.00,90.00
129P04413,2020-09-04 03:40:00,39.59,90.00
129P04413,2020-09-04 03:50:00,42.04,100.00
129P04413,2020-09-04 04:00:00,43.00,90.00
129P04413,2020-09-04 04:10:00,46.14,98.00
129P04413,2020-09-04 04:20:00,44.20,98.00
129P04413,2020-09-04 04:30:00,44.05,100.00
129P04413,2020-09-04 04:40:00,41.10,100.00
129P04413,2020-09-04 04:50:00,41.10,100.00
129P04413,2020-09-04 05:00:00,38.29,100.00
129P04413,2020-09-04 05:10:00,42.52,100.00
129P04413,2020-09-04 05:20:00,52.05,100.00
129P04413,2020-09-04 05:30:00,56.34,100.00
129P04413,2020-09-04 05:40:00,56.90,100.00
129P04413,2020-09-04 05:50:00,57.00,100.00
129P04413,2020-09-04 06:00:00,58.48,100.00
129P04413,2020-09-04 06:10:00,59.00,100.00
129P04413,2020-09-04 06:20:00,53.73,100.00
129P04413,2020-09-04 06:30:00,50.84,100.00
129P04413,2020-09-04 06:40:00,53.54,100.00
129P04413,2020-09-04 06:50:00,49.99,100.00
129P04413,2020-09-04 07:00:00,52.52,100.00
129P04413,2020-09-04 07:10:00,50.50,100.00
129P04413,2020-09-04 07:20:00,44.74,100.00
129P04413,2020-09-04 07:30:00,54.53,100.00
129P04413,2020-09-04 07:40:00,48.71,100.00
129P04413,2020-09-04 07:50:00,54.64,100.00
129P04413,2020-09-04 08:00:00,54.10,100.00
129P04413,2020-09-04 08:10:00,50.40,100.00
129P04413,2020-09-04 08:20:00,53.75,100.00
129P04413,2020-09-04 08:30:00,53.65,100.00
129P04413,2020-09-04 08:40:00,48.60,100.00
129P04413,2020-09-04 08:50:00,49.02,100.00
129P04413,2020-09-04 09:00:00,50.66,100.00
129P04413,2020-09-04 09:10:00,53.38,100.00
129P04413,2020-09-04 09:20:00,51.79,100.00
129P04413,2020-09-04 09:30:00,47.63,100.00
129P04413,2020-09-04 09:40:00,50.74,100.00
129P04413,2020-09-04 09:50:00,47.18,100.00
129P04413,2020-09-04 10:00:00,51.18,100.00
129P04413,2020-09-04 10:10:00,52.65,100.00
129P04413,2020-09-04 10:20:00,51.24,100.00
129P04413,2020-09-04 10:30:00,44.67,100.00
129P04413,2020-09-04 10:40:00,49.26,100.00
129P04413,2020-09-04 10:50:00,47.42,100.00
129P04413,2020-09-04 11:00:00,45.19,100.00
129P04413,2020-09-04 11:10:00,44.21,100.00
129P04413,2020-09-04 11:20:00,41.31,100.00
129P04413,2020-09-04 11:30:00,41.77,100.00
129P04413,2020-09-04 11:40:00,41.50,100.00
129P04413,2020-09-04 11:50:00,44.11,100.00
129P04413,2020-09-04 12:00:00,47.12,100.00
129P04413,2020-09-04 12:10:00,45.86,100.00
129P04413,2020-09-04 12:20:00,44.57,100.00
129P04413,2020-09-04 12:30:00,46.16,100.00
129P04413,2020-09-04 12:40:00,42.29,100.00
129P04413,2020-09-04 12:50:00,43.83,100.00
129P04413,2020-09-04 13:00:00,41.83,100.00
129P04413,2020-09-04 13:10:00,39.96,100.00
129P04413,2020-09-04 13:20:00,40.29,100.00
129P04413,2020-09-04 13:30:00,42.49,100.00
129P04413,2020-09-04 13:40:00,44.64,100.00
129P04413,2020-09-04 13:50:00,40.91,100.00
129P04413,2020-09-04 14:00:00,41.54,100.00
129P04413,2020-09-04 14:10:00,41.53,100.00
129P04413,2020-09-04 14:20:00,38.90,100.00
129P04413,2020-09-04 14:30:00,42.07,100.00
129P04413,2020-09-04 14:40:00,39.94,100.00
129P04413,2020-09-04 14:50:00,41.86,100.00
129P04413,2020-09-04 15:00:00,40.80,100.00
129P04413,2020-09-04 15:10:00,41.03,100.00
129P04413,2020-09-04 15:20:00,41.82,100.00
129P04413,2020-09-04 15:30:00,39.71,100.00
129P04413,2020-09-04 15:40:00,41.08,100.00
129P04413,2020-09-04 15:50:00,38.21,100.00
129P04413,2020-09-04 16:00:00,42.55,100.00
129P04413,2020-09-04 16:10:00,43.70,100.00
129P04413,2020-09-04 16:20:00,45.32,100.00
129P04413,2020-09-04 16:30:00,42.66,100.00
129P04413,2020-09-04 16:40:00,38.18,100.00
129P04413,2020-09-04 16:50:00,40.54,100.00
129P04413,2020-09-04 17:00:00,40.00,100.00
129P04413,2020-09-04 17:10:00,36.01,100.00
129P04413,2020-09-04 17:20:00,39.68,100.00
129P04413,2020-09-04 17:30:00,39.35,100.00
129P04413,2020-09-04 17:40:00,39.27,100.00
129P04413,2020-09-04 17:50:00,39.68,100.00
129P04413,2020-09-04 18:00:00,40.58,100.00
129P04413,2020-09-04 18:10:00,39.93,100.00
129P04413,2020-09-04 18:20:00,45.19,100.00
129P04413,2020-09-04 18:30:00,48.66,100.00
129P04413,2020-09-04 18:40:00,45.89,100.00
129P04413,2020-09-04 18:50:00,44.18,100.00
129P04413,2020-09-04 19:00:00,46.45,100.00
129P04413,2020-09-04 19:10:00,46.94,100.00
129P04413,2020-09-04 19:20:00,52.73,100.00
129P04413,2020-09-04 19:30:00,45.59,100.00
129P04413,2020-09-04 19:40:00,44.46,100.00
129P04413,2020-09-04 19:50:00,46.89,100.00
129P04413,2020-09-04 20:00:00,42.17,100.00
129P04413,2020-09-04 20:10:00,44.20,100.00
129P04413,2020-09-04 20:20:00,48.96,100.00
129P04413,2020-09-04 20:30:00,51.25,100.00
129P04413,2020-09-04 20:40:00,48.25,100.00
129P04413,2020-09-04 20:50:00,46.97,100.00
129P04413,2020-09-04 21:00:00,47.71,100.00
129P04413,2020-09-04 21:10:00,48.12,100.00
129P04413,2020-09-04 21:20:00,47.47,100.00
129P04413,2020-09-04 21:30:00,48.06,100.00
129P04413,2020-09-04 21:40:00,52.25,100.00
129P04413,2020-09-04 21:50:00,44.33,100.00
129P04413,2020-09-04 22:00:00,47.53,100.00
129P04413,2020-09-04 22:10:00,50.69,100.00
129P04413,2020-09-04 22:20:00,51.36,100.00
129P04413,2020-09-04 22:30:00,51.72,100.00
129P04413,2020-09-04 22:40:00,48.07,100.00
129P04413,2020-09-04 22:50:00,51.10,100.00
129P04413,2020-09-04 23:00:00,53.15,100.00
129P04413,2020-09-04 23:10:00,48.70,100.00
129P04413,2020-09-04 23:20:00,43.90,100.00
129P04413,2020-09-04 23:30:00,43.70,100.00
129P04413,2020-09-04 23:40:00,46.09,100.00
129P04413,2020-09-04 23:50:00,48.70,100.00
129+04781,2020-09-04 00:00:00,49.39,100.00
129+04781,2020-09-04 00:10:00,53.44,100.00
129+04781,2020-09-04 00:20:00,52.26,100.00
129+04781,2020-09-04 00:30:00,50.69,100.00
129+04781,2020-09-04 00:40:00,49.86,100.00
129+04781,2020-09-04 00:50:00,53.48,100.00
129+04781,2020-09-04 01:00:00,57.00,100.00
129+04781,2020-09-04 01:10:00,51.68,100.00
129+04781,2020-09-04 01:20:00,45.47,100.00
129+04781,2020-09-04 01:30:00,44.00,100.00
129+04781,2020-09-04 01:40:00,47.75,95.00
129+04781,2020-09-04 01:50:00,53.40,93.00
129+04781,2020-09-04 02:00:00,55.65,98.00
129+04781,2020-09-04 02:10:00,57.50,100.00
129+04781,2020-09-04 02:20:00,53.37,100.00
129+04781,2020-09-04 02:30:00,49.13,100.00
129+04781,2020-09-04 02:40:00,45.79,99.00
129+04781,2020-09-04 02:50:00,50.53,97.00
129+04781,2020-09-04 03:00:00,52.00,94.00
129+04781,2020-09-04 03:10:00,51.40,100.00
129+04781,2020-09-04 03:20:00,51.30,100.00
129+04781,2020-09-04 03:30:00,50.70,98.00
129+04781,2020-09-04 03:40:00,48.58,100.00
129+04781,2020-09-04 03:50:00,56.34,100.00
129+04781,2020-09-04 04:00:00,52.43,100.00
129+04781,2020-09-04 04:10:00,47.18,100.00
129+04781,2020-09-04 04:20:00,51.75,100.00
129+04781,2020-09-04 04:30:00,48.64,100.00
129+04781,2020-09-04 04:40:00,49.57,100.00
129+04781,2020-09-04 04:50:00,46.96,100.00
129+04781,2020-09-04 05:00:00,48.77,100.00
129+04781,2020-09-04 05:10:00,50.78,100.00
129+04781,2020-09-04 05:20:00,51.26,100.00
129+04781,2020-09-04 05:30:00,50.95,100.00
129+04781,2020-09-04 05:40:00,53.83,100.00
129+04781,2020-09-04 05:50:00,55.96,100.00
129+04781,2020-09-04 06:00:00,56.76,100.00
129+04781,2020-09-04 06:10:00,44.80,100.00
129+04781,2020-09-04 06:20:00,53.00,100.00
129+04781,2020-09-04 06:30:00,47.38,100.00
129+04781,2020-09-04 06:40:00,51.43,100.00
129+04781,2020-09-04 06:50:00,53.31,100.00
129+04781,2020-09-04 07:00:00,49.87,100.00
129+04781,2020-09-04 07:10:00,51.16,100.00
129+04781,2020-09-04 07:20:00,44.74,100.00
129+04781,2020-09-04 07:30:00,46.77,100.00
129+04781,2020-09-04 07:40:00,51.40,100.00
129+04781,2020-09-04 07:50:00,46.41,100.00
129+04781,2020-09-04 08:00:00,45.23,100.00
129+04781,2020-09-04 08:10:00,40.96,100.00
129+04781,2020-09-04 08:20:00,47.34,100.00
129+04781,2020-09-04 08:30:00,42.15,100.00
129+04781,2020-09-04 08:40:00,46.47,100.00
129+04781,2020-09-04 08:50:00,44.66,100.00
129+04781,2020-09-04 09:00:00,48.40,100.00
129+04781,2020-09-04 09:10:00,42.96,100.00
129+04781,2020-09-04 09:20:00,42.80,100.00
129+04781,2020-09-04 09:30:00,45.06,100.00
129+04781,2020-09-04 09:40:00,45.50,100.00
129+04781,2020-09-04 09:50:00,41.86,100.00
129+04781,2020-09-04 10:00:00,39.71,100.00
129+04781,2020-09-04 10:10:00,35.98,100.00
129+04781,2020-09-04 10:20:00,43.85,100.00
129+04781,2020-09-04 10:30:00,32.58,100.00
129+04781,2020-09-04 10:40:00,33.18,100.00
129+04781,2020-09-04 10:50:00,38.04,100.00
129+04781,2020-09-04 11:00:00,36.71,100.00
129+04781,2020-09-04 11:10:00,33.38,100.00
129+04781,2020-09-04 11:20:00,37.56,100.00
129+04781,2020-09-04 11:30:00,38.97,100.00
129+04781,2020-09-04 11:40:00,36.12,100.00
129+04781,2020-09-04 11:50:00,35.29,100.00
129+04781,2020-09-04 12:00:00,34.51,100.00
129+04781,2020-09-04 12:10:00,36.26,100.00
129+04781,2020-09-04 12:20:00,32.50,100.00
129+04781,2020-09-04 12:30:00,32.74,100.00
129+04781,2020-09-04 12:40:00,34.19,100.00
129+04781,2020-09-04 12:50:00,30.93,100.00
129+04781,2020-09-04 13:00:00,32.29,100.00
129+04781,2020-09-04 13:10:00,34.83,100.00
129+04781,2020-09-04 13:20:00,33.41,100.00
129+04781,2020-09-04 13:30:00,37.72,100.00
129+04781,2020-09-04 13:40:00,40.77,100.00
129+04781,2020-09-04 13:50:00,36.29,100.00
129+04781,2020-09-04 14:00:00,36.15,100.00
129+04781,2020-09-04 14:10:00,32.25,100.00
129+04781,2020-09-04 14:20:00,33.07,100.00
129+04781,2020-09-04 14:30:00,33.42,100.00
129+04781,2020-09-04 14:40:00,36.89,100.00
129+04781,2020-09-04 14:50:00,40.30,100.00
129+04781,2020-09-04 15:00:00,37.21,100.00
129+04781,2020-09-04 15:10:00,38.99,100.00
129+04781,2020-09-04 15:20:00,35.09,100.00
129+04781,2020-09-04 15:30:00,32.50,100.00
129+04781,2020-09-04 15:40:00,32.87,100.00
129+04781,2020-09-04 15:50:00,33.68,100.00
129+04781,2020-09-04 16:00:00,37.10,100.00
129+04781,2020-09-04 16:10:00,37.93,100.00
129+04781,2020-09-04 16:20:00,40.35,100.00
129+04781,2020-09-04 16:30:00,38.35,100.00
129+04781,2020-09-04 16:40:00,36.88,100.00
129+04781,2020-09-04 16:50:00,37.40,100.00
129+04781,2020-09-04 17:00:00,40.98,100.00
129+04781,2020-09-04 17:10:00,39.81,100.00
129+04781,2020-09-04 17:20:00,35.76,100.00
129+04781,2020-09-04 17:30:00,36.13,100.00
129+04781,2020-09-04 17:40:00,41.73,100.00
129+04781,2020-09-04 17:50:00,34.49,100.00
129+04781,2020-09-04 18:00:00,46.84,100.00
129+04781,2020-09-04 18:10:00,51.80,100.00
129+04781,2020-09-04 18:20:00,41.79,100.00
129+04781,2020-09-04 18:30:00,41.61,100.00
129+04781,2020-09-04 18:40:00,45.49,100.00
129+04781,2020-09-04 18:50:00,44.25,100.00
129+04781,2020-09-04 19:00:00,45.78,100.00
129+04781,2020-09-04 19:10:00,41.68,100.00
129+04781,2020-09-04 19:20:00,47.77,100.00
129+04781,2020-09-04 19:30:00,47.28,100.00
129+04781,2020-09-04 19:40:00,48.32,100.00
129+04781,2020-09-04 19:50:00,45.88,100.00
129+04781,2020-09-04 20:00:00,47.77,100.00
129+04781,2020-09-04 20:10:00,48.37,100.00
129+04781,2020-09-04 20:20:00,49.28,100.00
129+04781,2020-09-04 20:30:00,47.27,100.00
129+04781,2020-09-04 20:40:00,47.85,100.00
129+04781,2020-09-04 20:50:00,44.99,100.00
129+04781,2020-09-04 21:00:00,46.53,100.00
129+04781,2020-09-04 21:10:00,46.75,100.00
129+04781,2020-09-04 21:20:00,53.29,100.00
129+04781,2020-09-04 21:30:00,55.78,100.00
129+04781,2020-09-04 21:40:00,51.37,100.00
129+04781,2020-09-04 21:50:00,49.13,100.00
129+04781,2020-09-04 22:00:00,53.33,100.00
129+04781,2020-09-04 22:10:00,52.77,100.00
129+04781,2020-09-04 22:20:00,47.75,100.00
129+04781,2020-09-04 22:30:00,51.81,100.00
129+04781,2020-09-04 22:40:00,57.87,100.00
129+04781,2020-09-04 22:50:00,53.59,100.00
129+04781,2020-09-04 23:00:00,51.69,100.00
129+04781,2020-09-04 23:10:00,48.88,100.00
129+04781,2020-09-04 23:20:00,47.09,100.00
129+04781,2020-09-04 23:30:00,53.60,100.00
129+04781,2020-09-04 23:40:00,58.48,100.00
129+04781,2020-09-04 23:50:00,57.00,100.00
129P04776,2020-09-04 00:00:00,50.35,100.00
129P04776,2020-09-04 00:10:00,48.65,100.00
129P04776,2020-09-04 00:20:00,51.28,100.00
129P04776,2020-09-04 00:30:00,43.28,100.00
129P04776,2020-09-04 00:40:00,47.85,100.00
129P04776,2020-09-04 00:50:00,52.62,100.00
129P04776,2020-09-04 01:00:00,52.58,100.00
129P04776,2020-09-04 01:10:00,53.59,100.00
129P04776,2020-09-04 01:20:00,53.10,100.00
129P04776,2020-09-04 01:30:00,52.00,100.00
129P04776,2020-09-04 01:40:00,51.89,98.00
129P04776,2020-09-04 01:50:00,49.73,94.00
129P04776,2020-09-04 02:00:00,49.08,100.00
129P04776,2020-09-04 02:10:00,50.20,100.00
129P04776,2020-09-04 02:20:00,49.96,100.00
129P04776,2020-09-04 02:30:00,52.30,100.00
129P04776,2020-09-04 02:40:00,51.59,97.00
129P04776,2020-09-04 02:50:00,53.48,100.00
129P04776,2020-09-04 03:00:00,53.00,100.00
129P04776,2020-09-04 03:10:00,52.18,100.00
129P04776,2020-09-04 03:20:00,50.00,92.00
129P04776,2020-09-04 03:30:00,49.00,90.00
129P04776,2020-09-04 03:40:00,51.20,100.00
129P04776,2020-09-04 03:50:00,45.19,100.00
129P04776,2020-09-04 04:00:00,42.29,100.00
129P04776,2020-09-04 04:10:00,42.88,100.00
129P04776,2020-09-04 04:20:00,48.53,100.00
129P04776,2020-09-04 04:30:00,48.66,100.00
129P04776,2020-09-04 04:40:00,52.91,100.00
129P04776,2020-09-04 04:50:00,51.77,100.00
129P04776,2020-09-04 05:00:00,53.45,100.00
129P04776,2020-09-04 05:10:00,53.59,100.00
129P04776,2020-09-04 05:20:00,49.88,100.00
129P04776,2020-09-04 05:30:00,55.66,100.00
129P04776,2020-09-04 05:40:00,55.55,100.00
129P04776,2020-09-04 05:50:00,55.77,100.00
129P04776,2020-09-04 06:00:00,56.22,100.00
129P04776,2020-09-04 06:10:00,51.05,100.00
129P04776,2020-09-04 06:20:00,55.69,100.00
129P04776,2020-09-04 06:30:00,53.72,100.00
129P04776,2020-09-04 06:40:00,55.65,100.00
129P04776,2020-09-04 06:50:00,56.17,100.00
129P04776,2020-09-04 07:00:00,56.37,100.00
129P04776,2020-09-04 07:10:00,54.81,100.00
129P04776,2020-09-04 07:20:00,55.86,100.00
129P04776,2020-09-04 07:30:00,52.66,100.00
129P04776,2020-09-04 07:40:00,58.67,100.00
129P04776,2020-09-04 07:50:00,51.52,100.00
129P04776,2020-09-04 08:00:00,55.32,100.00
129P04776,2020-09-04 08:10:00,50.21,100.00
129P04776,2020-09-04 08:20:00,59.17,100.00
129P04776,2020-09-04 08:30:00,52.92,100.00
129P04776,2020-09-04 08:40:00,53.30,100.00
129P04776,2020-09-04 08:50:00,51.64,100.00
129P04776,2020-09-04 09:00:00,55.81,100.00
129P04776,2020-09-04 09:10:00,54.28,100.00
129P04776,2020-09-04 09:20:00,47.47,100.00
129P04776,2020-09-04 09:30:00,54.78,100.00
129P04776,2020-09-04 09:40:00,49.94,100.00
129P04776,2020-09-04 09:50:00,52.07,99.00
129P04776,2020-09-04 10:00:00,50.68,100.00
129P04776,2020-09-04 10:10:00,46.69,100.00
129P04776,2020-09-04 10:20:00,51.25,99.00
129P04776,2020-09-04 10:30:00,33.51,100.00
129P04776,2020-09-04 10:40:00,45.76,100.00
129P04776,2020-09-04 10:50:00,45.47,100.00
129P04776,2020-09-04 11:00:00,45.44,100.00
129P04776,2020-09-04 11:10:00,41.87,100.00
129P04776,2020-09-04 11:20:00,44.98,100.00
129P04776,2020-09-04 11:30:00,32.89,100.00
129P04776,2020-09-04 11:40:00,26.11,100.00
129P04776,2020-09-04 11:50:00,30.31,100.00
129P04776,2020-09-04 12:00:00,27.44,100.00
129P04776,2020-09-04 12:10:00,26.04,100.00
129P04776,2020-09-04 12:20:00,23.42,100.00
129P04776,2020-09-04 12:30:00,28.42,100.00
129P04776,2020-09-04 12:40:00,31.11,100.00
129P04776,2020-09-04 12:50:00,26.53,100.00
129P04776,2020-09-04 13:00:00,34.53,100.00
129P04776,2020-09-04 13:10:00,28.00,100.00
129P04776,2020-09-04 13:20:00,29.26,100.00
129P04776,2020-09-04 13:30:00,31.55,100.00
129P04776,2020-09-04 13:40:00,26.57,100.00
129P04776,2020-09-04 13:50:00,29.34,100.00
129P04776,2020-09-04 14:00:00,26.94,100.00
129P04776,2020-09-04 14:10:00,32.73,100.00
129P04776,2020-09-04 14:20:00,26.60,100.00
129P04776,2020-09-04 14:30:00,29.78,100.00
129P04776,2020-09-04 14:40:00,30.54,100.00
129P04776,2020-09-04 14:50:00,33.07,100.00
129P04776,2020-09-04 15:00:00,22.73,100.00
129P04776,2020-09-04 15:10:00,25.48,100.00
129P04776,2020-09-04 15:20:00,30.64,100.00
129P04776,2020-09-04 15:30:00,27.06,100.00
129P04776,2020-09-04 15:40:00,26.01,100.00
129P04776,2020-09-04 15:50:00,25.12,100.00
129P04776,2020-09-04 16:00:00,29.69,100.00
129P04776,2020-09-04 16:10:00,29.44,100.00
129P04776,2020-09-04 16:20:00,28.83,100.00
129P04776,2020-09-04 16:30:00,26.11,100.00
129P04776,2020-09-04 16:40:00,23.61,100.00
129P04776,2020-09-04 16:50:00,26.11,100.00
129P04776,2020-09-04 17:00:00,27.33,100.00
129P04776,2020-09-04 17:10:00,29.98,100.00
129P04776,2020-09-04 17:20:00,27.41,100.00
129P04776,2020-09-04 17:30:00,28.95,100.00
129P04776,2020-09-04 17:40:00,35.52,100.00
129P04776,2020-09-04 17:50:00,44.19,98.00
129P04776,2020-09-04 18:00:00,56.37,98.00
129P04776,2020-09-04 18:10:00,52.01,100.00
129P04776,2020-09-04 18:20:00,46.74,100.00
129P04776,2020-09-04 18:30:00,49.52,100.00
129P04776,2020-09-04 18:40:00,55.05,100.00
129P04776,2020-09-04 18:50:00,51.28,100.00
129P04776,2020-09-04 19:00:00,50.57,100.00
129P04776,2020-09-04 19:10:00,54.63,100.00
129P04776,2020-09-04 19:20:00,54.10,100.00
129P04776,2020-09-04 19:30:00,48.78,100.00
129P04776,2020-09-04 19:40:00,48.92,100.00
129P04776,2020-09-04 19:50:00,51.41,100.00
129P04776,2020-09-04 20:00:00,47.80,100.00
129P04776,2020-09-04 20:10:00,55.13,100.00
129P04776,2020-09-04 20:20:00,55.25,100.00
129P04776,2020-09-04 20:30:00,52.94,100.00
129P04776,2020-09-04 20:40:00,48.17,100.00
129P04776,2020-09-04 20:50:00,52.55,100.00
129P04776,2020-09-04 21:00:00,52.49,100.00
129P04776,2020-09-04 21:10:00,51.58,100.00
129P04776,2020-09-04 21:20:00,54.78,100.00
129P04776,2020-09-04 21:30:00,54.70,100.00
129P04776,2020-09-04 21:40:00,61.44,100.00
129P04776,2020-09-04 21:50:00,57.32,100.00
129P04776,2020-09-04 22:00:00,51.23,100.00
129P04776,2020-09-04 22:10:00,50.48,100.00
129P04776,2020-09-04 22:20:00,51.17,100.00
129P04776,2020-09-04 22:30:00,52.38,100.00
129P04776,2020-09-04 22:40:00,56.77,100.00
129P04776,2020-09-04 22:50:00,49.39,100.00
129P04776,2020-09-04 23:00:00,57.41,100.00
129P04776,2020-09-04 23:10:00,52.45,100.00
129P04776,2020-09-04 23:20:00,51.17,100.00
129P04776,2020-09-04 23:30:00,54.46,100.00
129P04776,2020-09-04 23:40:00,54.74,100.00
129P04776,2020-09-04 23:50:00,58.00,100.00
129+04782,2020-09-04 00:00:00,52.00,100.00
129+04782,2020-09-04 00:10:00,54.38,99.00
129+04782,2020-09-04 00:20:00,53.69,91.00
129+04782,2020-09-04 00:30:00,55.00,100.00
129+04782,2020-09-04 00:40:00,54.59,100.00
129+04782,2020-09-04 00:50:00,61.63,100.00
129+04782,2020-09-04 01:00:00,63.60,100.00
129+04782,2020-09-04 01:10:00,62.49,100.00
129+04782,2020-09-04 01:20:00,42.57,95.00
129+04782,2020-09-04 01:30:00,42.80,90.00
129+04782,2020-09-04 01:40:00,47.34,93.00
129+04782,2020-09-04 01:50:00,57.00,94.00
129+04782,2020-09-04 02:00:00,56.00,90.00
129+04782,2020-09-04 02:10:00,52.45,100.00
129+04782,2020-09-04 02:20:00,52.40,100.00
129+04782,2020-09-04 02:30:00,52.30,96.00
129+04782,2020-09-04 02:40:00,52.00,90.00
129+04782,2020-09-04 02:50:00,49.57,91.43
129+04782,2020-09-04 03:00:00,55.00,97.00
129+04782,2020-09-04 03:10:00,54.79,91.00
129+04782,2020-09-04 03:20:00,51.98,96.00
129+04782,2020-09-04 03:30:00,50.10,90.00
129+04782,2020-09-04 03:40:00,50.00,90.00
129+04782,2020-09-04 03:50:00,56.89,97.00
129+04782,2020-09-04 04:00:00,57.00,100.00
129+04782,2020-09-04 04:10:00,55.48,100.00
129+04782,2020-09-04 04:20:00,57.90,97.00
129+04782,2020-09-04 04:30:00,59.90,92.00
129+04782,2020-09-04 04:40:00,56.15,95.00
129+04782,2020-09-04 04:50:00,51.99,100.00
129+04782,2020-09-04 05:00:00,48.87,100.00
129+04782,2020-09-04 05:10:00,51.99,100.00
129+04782,2020-09-04 05:20:00,50.60,100.00
129+04782,2020-09-04 05:30:00,50.71,100.00
129+04782,2020-09-04 05:40:00,55.70,100.00
129+04782,2020-09-04 05:50:00,58.00,100.00
129+04782,2020-09-04 06:00:00,53.47,100.00
129+04782,2020-09-04 06:10:00,51.23,100.00
129+04782,2020-09-04 06:20:00,55.97,100.00
129+04782,2020-09-04 06:30:00,55.48,100.00
129+04782,2020-09-04 06:40:00,52.99,100.00
129+04782,2020-09-04 06:50:00,63.56,100.00
129+04782,2020-09-04 07:00:00,53.57,100.00
129+04782,2020-09-04 07:10:00,54.83,100.00
129+04782,2020-09-04 07:20:00,56.33,100.00
129+04782,2020-09-04 07:30:00,61.01,100.00
129+04782,2020-09-04 07:40:00,57.14,100.00
129+04782,2020-09-04 07:50:00,55.03,100.00
129+04782,2020-09-04 08:00:00,48.56,100.00
129+04782,2020-09-04 08:10:00,49.75,100.00
129+04782,2020-09-04 08:20:00,60.26,100.00
129+04782,2020-09-04 08:30:00,49.58,100.00
129+04782,2020-09-04 08:40:00,54.50,100.00
129+04782,2020-09-04 08:50:00,55.88,100.00
129+04782,2020-09-04 09:00:00,57.91,100.00
129+04782,2020-09-04 09:10:00,50.00,100.00
129+04782,2020-09-04 09:20:00,51.16,100.00
129+04782,2020-09-04 09:30:00,50.82,100.00
129+04782,2020-09-04 09:40:00,57.98,100.00
129+04782,2020-09-04 09:50:00,52.09,100.00
129+04782,2020-09-04 10:00:00,55.52,100.00
129+04782,2020-09-04 10:10:00,56.94,100.00
129+04782,2020-09-04 10:20:00,54.75,100.00
129+04782,2020-09-04 10:30:00,53.78,100.00
129+04782,2020-09-04 10:40:00,53.75,100.00
129+04782,2020-09-04 10:50:00,54.17,100.00
129+04782,2020-09-04 11:00:00,50.31,100.00
129+04782,2020-09-04 11:10:00,51.00,100.00
129+04782,2020-09-04 11:20:00,58.18,100.00
129+04782,2020-09-04 11:30:00,54.52,100.00
129+04782,2020-09-04 11:40:00,49.48,100.00
129+04782,2020-09-04 11:50:00,49.37,100.00
129+04782,2020-09-04 12:00:00,47.56,100.00
129+04782,2020-09-04 12:10:00,54.06,100.00
129+04782,2020-09-04 12:20:00,54.78,100.00
129+04782,2020-09-04 12:30:00,57.13,100.00
129+04782,2020-09-04 12:40:00,49.46,100.00
129+04782,2020-09-04 12:50:00,52.40,100.00
129+04782,2020-09-04 13:00:00,53.08,100.00
129+04782,2020-09-04 13:10:00,53.18,100.00
129+04782,2020-09-04 13:20:00,52.17,100.00
129+04782,2020-09-04 13:30:00,53.98,100.00
129+04782,2020-09-04 13:40:00,53.26,100.00
129+04782,2020-09-04 13:50:00,53.20,100.00
129+04782,2020-09-04 14:00:00,54.15,100.00
129+04782,2020-09-04 14:10:00,52.04,100.00
129+04782,2020-09-04 14:20:00,52.30,100.00
129+04782,2020-09-04 14:30:00,53.19,100.00
129+04782,2020-09-04 14:40:00,53.10,100.00
129+04782,2020-09-04 14:50:00,50.68,100.00
129+04782,2020-09-04 15:00:00,55.40,100.00
129+04782,2020-09-04 15:10:00,54.20,100.00
129+04782,2020-09-04 15:20:00,52.85,100.00
129+04782,2020-09-04 15:30:00,51.26,100.00
129+04782,2020-09-04 15:40:00,46.50,100.00
129+04782,2020-09-04 15:50:00,46.89,100.00
129+04782,2020-09-04 16:00:00,52.66,100.00
129+04782,2020-09-04 16:10:00,52.50,100.00
129+04782,2020-09-04 16:20:00,53.00,100.00
129+04782,2020-09-04 16:30:00,52.68,100.00
129+04782,2020-09-04 16:40:00,55.23,100.00
129+04782,2020-09-04 16:50:00,54.15,100.00
129+04782,2020-09-04 17:00:00,50.90,100.00
129+04782,2020-09-04 17:10:00,52.64,100.00
129+04782,2020-09-04 17:20:00,56.73,100.00
129+04782,2020-09-04 17:30:00,56.03,100.00
129+04782,2020-09-04 17:40:00,56.78,100.00
129+04782,2020-09-04 17:50:00,52.79,100.00
129+04782,2020-09-04 18:00:00,52.17,100.00
129+04782,2020-09-04 18:10:00,58.56,100.00
129+04782,2020-09-04 18:20:00,56.41,100.00
129+04782,2020-09-04 18:30:00,53.43,100.00
129+04782,2020-09-04 18:40:00,55.65,100.00
129+04782,2020-09-04 18:50:00,55.68,100.00
129+04782,2020-09-04 19:00:00,57.04,100.00
129+04782,2020-09-04 19:10:00,59.26,100.00
129+04782,2020-09-04 19:20:00,58.46,100.00
129+04782,2020-09-04 19:30:00,51.30,100.00
129+04782,2020-09-04 19:40:00,54.85,100.00
129+04782,2020-09-04 19:50:00,53.95,100.00
129+04782,2020-09-04 20:00:00,53.20,100.00
129+04782,2020-09-04 20:10:00,54.49,100.00
129+04782,2020-09-04 20:20:00,53.50,100.00
129+04782,2020-09-04 20:30:00,55.37,100.00
129+04782,2020-09-04 20:40:00,51.98,100.00
129+04782,2020-09-04 20:50:00,54.25,100.00
129+04782,2020-09-04 21:00:00,56.15,100.00
129+04782,2020-09-04 21:10:00,56.89,100.00
129+04782,2020-09-04 21:20:00,48.92,100.00
129+04782,2020-09-04 21:30:00,60.21,100.00
129+04782,2020-09-04 21:40:00,57.70,100.00
129+04782,2020-09-04 21:50:00,57.88,100.00
129+04782,2020-09-04 22:00:00,64.28,100.00
129+04782,2020-09-04 22:10:00,59.03,100.00
129+04782,2020-09-04 22:20:00,59.23,100.00
129+04782,2020-09-04 22:30:00,56.77,100.00
129+04782,2020-09-04 22:40:00,53.00,100.00
129+04782,2020-09-04 22:50:00,53.20,100.00
129+04782,2020-09-04 23:00:00,54.20,100.00
129+04782,2020-09-04 23:10:00,53.47,100.00
129+04782,2020-09-04 23:20:00,53.86,100.00
129+04782,2020-09-04 23:30:00,53.20,100.00
129+04782,2020-09-04 23:40:00,48.68,100.00
129+04782,2020-09-04 23:50:00,44.34,100.00
129P04775,2020-09-04 00:00:00,48.76,100.00
129P04775,2020-09-04 00:10:00,47.01,100.00
129P04775,2020-09-04 00:20:00,50.74,100.00
129P04775,2020-09-04 00:30:00,42.28,100.00
129P04775,2020-09-04 00:40:00,46.26,100.00
129P04775,2020-09-04 00:50:00,51.39,100.00
129P04775,2020-09-04 01:00:00,51.68,100.00
129P04775,2020-09-04 01:10:00,53.09,100.00
129P04775,2020-09-04 01:20:00,52.79,100.00
129P04775,2020-09-04 01:30:00,51.60,100.00
129P04775,2020-09-04 01:40:00,48.70,98.00
129P04775,2020-09-04 01:50:00,46.38,94.00
129P04775,2020-09-04 02:00:00,47.57,100.00
129P04775,2020-09-04 02:10:00,49.59,100.00
129P04775,2020-09-04 02:20:00,49.87,100.00
129P04775,2020-09-04 02:30:00,50.99,100.00
129P04775,2020-09-04 02:40:00,50.29,97.00
129P04775,2020-09-04 02:50:00,53.17,100.00
129P04775,2020-09-04 03:00:00,53.00,100.00
129P04775,2020-09-04 03:10:00,51.89,100.00
129P04775,2020-09-04 03:20:00,50.00,92.00
129P04775,2020-09-04 03:30:00,49.00,90.00
129P04775,2020-09-04 03:40:00,51.80,100.00
129P04775,2020-09-04 03:50:00,44.64,100.00
129P04775,2020-09-04 04:00:00,41.08,100.00
129P04775,2020-09-04 04:10:00,42.20,100.00
129P04775,2020-09-04 04:20:00,46.91,100.00
129P04775,2020-09-04 04:30:00,47.49,100.00
129P04775,2020-09-04 04:40:00,52.13,100.00
129P04775,2020-09-04 04:50:00,51.77,100.00
129P04775,2020-09-04 05:00:00,53.15,100.00
129P04775,2020-09-04 05:10:00,53.19,100.00
129P04775,2020-09-04 05:20:00,49.88,100.00
129P04775,2020-09-04 05:30:00,54.00,100.00
129P04775,2020-09-04 05:40:00,55.57,100.00
129P04775,2020-09-04 05:50:00,54.74,100.00
129P04775,2020-09-04 06:00:00,55.92,100.00
129P04775,2020-09-04 06:10:00,50.75,100.00
129P04775,2020-09-04 06:20:00,55.47,100.00
129P04775,2020-09-04 06:30:00,53.30,100.00
129P04775,2020-09-04 06:40:00,55.22,100.00
129P04775,2020-09-04 06:50:00,55.96,100.00
129P04775,2020-09-04 07:00:00,55.68,100.00
129P04775,2020-09-04 07:10:00,53.71,100.00
129P04775,2020-09-04 07:20:00,55.20,100.00
129P04775,2020-09-04 07:30:00,51.62,100.00
129P04775,2020-09-04 07:40:00,58.64,100.00
129P04775,2020-09-04 07:50:00,50.71,100.00
129P04775,2020-09-04 08:00:00,55.03,100.00
129P04775,2020-09-04 08:10:00,49.54,100.00
129P04775,2020-09-04 08:20:00,58.78,100.00
129P04775,2020-09-04 08:30:00,52.81,100.00
129P04775,2020-09-04 08:40:00,52.10,100.00
129P04775,2020-09-04 08:50:00,50.84,100.00
129P04775,2020-09-04 09:00:00,54.45,100.00
129P04775,2020-09-04 09:10:00,53.63,100.00
129P04775,2020-09-04 09:20:00,47.09,100.00
129P04775,2020-09-04 09:30:00,54.48,100.00
129P04775,2020-09-04 09:40:00,49.09,100.00
129P04775,2020-09-04 09:50:00,51.04,99.00
129P04775,2020-09-04 10:00:00,50.58,100.00
129P04775,2020-09-04 10:10:00,46.78,100.00
129P04775,2020-09-04 10:20:00,50.76,99.00
129P04775,2020-09-04 10:30:00,34.61,100.00
129P04775,2020-09-04 10:40:00,46.49,100.00
129P04775,2020-09-04 10:50:00,45.09,100.00
129P04775,2020-09-04 11:00:00,44.40,100.00
129P04775,2020-09-04 11:10:00,41.26,100.00
129P04775,2020-09-04 11:20:00,44.64,100.00
129P04775,2020-09-04 11:30:00,33.45,100.00
129P04775,2020-09-04 11:40:00,26.59,100.00
129P04775,2020-09-04 11:50:00,30.43,100.00
129P04775,2020-09-04 12:00:00,27.40,100.00
129P04775,2020-09-04 12:10:00,25.47,100.00
129P04775,2020-09-04 12:20:00,22.87,100.00
129P04775,2020-09-04 12:30:00,27.13,100.00
129P04775,2020-09-04 12:40:00,31.27,100.00
129P04775,2020-09-04 12:50:00,27.17,100.00
129P04775,2020-09-04 13:00:00,34.16,100.00
129P04775,2020-09-04 13:10:00,29.39,100.00
129P04775,2020-09-04 13:20:00,30.86,100.00
129P04775,2020-09-04 13:30:00,32.89,100.00
129P04775,2020-09-04 13:40:00,27.50,100.00
129P04775,2020-09-04 13:50:00,30.84,100.00
129P04775,2020-09-04 14:00:00,28.61,100.00
129P04775,2020-09-04 14:10:00,31.83,100.00
129P04775,2020-09-04 14:20:00,27.35,100.00
129P04775,2020-09-04 14:30:00,30.52,100.00
129P04775,2020-09-04 14:40:00,31.39,100.00
129P04775,2020-09-04 14:50:00,33.67,100.00
129P04775,2020-09-04 15:00:00,24.51,100.00
129P04775,2020-09-04 15:10:00,27.35,100.00
129P04775,2020-09-04 15:20:00,31.79,100.00
129P04775,2020-09-04 15:30:00,27.48,100.00
129P04775,2020-09-04 15:40:00,27.03,100.00
129P04775,2020-09-04 15:50:00,25.92,100.00
129P04775,2020-09-04 16:00:00,30.08,100.00
129P04775,2020-09-04 16:10:00,30.09,100.00
129P04775,2020-09-04 16:20:00,29.17,100.00
129P04775,2020-09-04 16:30:00,27.26,100.00
129P04775,2020-09-04 16:40:00,23.55,100.00
129P04775,2020-09-04 16:50:00,26.32,100.00
129P04775,2020-09-04 17:00:00,29.40,100.00
129P04775,2020-09-04 17:10:00,31.84,100.00
129P04775,2020-09-04 17:20:00,29.20,100.00
129P04775,2020-09-04 17:30:00,29.64,100.00
129P04775,2020-09-04 17:40:00,36.11,100.00
129P04775,2020-09-04 17:50:00,44.43,98.00
129P04775,2020-09-04 18:00:00,56.18,98.00
129P04775,2020-09-04 18:10:00,50.75,100.00
129P04775,2020-09-04 18:20:00,45.44,100.00
129P04775,2020-09-04 18:30:00,49.31,100.00
129P04775,2020-09-04 18:40:00,53.97,100.00
129P04775,2020-09-04 18:50:00,51.11,100.00
129P04775,2020-09-04 19:00:00,49.77,100.00
129P04775,2020-09-04 19:10:00,54.19,100.00
129P04775,2020-09-04 19:20:00,53.46,100.00
129P04775,2020-09-04 19:30:00,48.10,100.00
129P04775,2020-09-04 19:40:00,48.52,100.00
129P04775,2020-09-04 19:50:00,51.10,100.00
129P04775,2020-09-04 20:00:00,47.03,100.00
129P04775,2020-09-04 20:10:00,54.83,100.00
129P04775,2020-09-04 20:20:00,54.84,100.00
129P04775,2020-09-04 20:30:00,51.88,100.00
129P04775,2020-09-04 20:40:00,46.88,100.00
129P04775,2020-09-04 20:50:00,49.99,100.00
129P04775,2020-09-04 21:00:00,52.65,100.00
129P04775,2020-09-04 21:10:00,50.78,100.00
129P04775,2020-09-04 21:20:00,54.10,100.00
129P04775,2020-09-04 21:30:00,54.37,100.00
129P04775,2020-09-04 21:40:00,61.34,100.00
129P04775,2020-09-04 21:50:00,56.63,100.00
129P04775,2020-09-04 22:00:00,51.24,100.00
129P04775,2020-09-04 22:10:00,49.59,100.00
129P04775,2020-09-04 22:20:00,50.28,100.00
129P04775,2020-09-04 22:30:00,52.30,100.00
129P04775,2020-09-04 22:40:00,56.85,100.00
129P04775,2020-09-04 22:50:00,48.17,100.00
129P04775,2020-09-04 23:00:00,57.31,100.00
129P04775,2020-09-04 23:10:00,52.25,100.00
129P04775,2020-09-04 23:20:00,50.66,100.00
129P04775,2020-09-04 23:30:00,54.56,100.00
129P04775,2020-09-04 23:40:00,53.79,100.00
129P04775,2020-09-04 23:50:00,57.00,100.00
129P04412,2020-09-04 00:00:00,40.02,100.00
129P04412,2020-09-04 00:10:00,37.79,100.00
129P04412,2020-09-04 00:20:00,37.80,100.00
129P04412,2020-09-04 00:30:00,38.96,100.00
129P04412,2020-09-04 00:40:00,38.58,100.00
129P04412,2020-09-04 00:50:00,40.00,100.00
129P04412,2020-09-04 01:00:00,47.80,100.00
129P04412,2020-09-04 01:10:00,47.30,95.00
129P04412,2020-09-04 01:20:00,41.80,98.00
129P04412,2020-09-04 01:30:00,41.29,90.00
129P04412,2020-09-04 01:40:00,44.83,90.00
129P04412,2020-09-04 01:50:00,44.10,100.00
129P04412,2020-09-04 02:00:00,40.59,100.00
129P04412,2020-09-04 02:10:00,40.31,98.00
129P04412,2020-09-04 02:20:00,43.00,100.00
129P04412,2020-09-04 02:30:00,41.79,100.00
129P04412,2020-09-04 02:40:00,38.58,100.00
129P04412,2020-09-04 02:50:00,37.39,100.00
129P04412,2020-09-04 03:00:00,38.76,100.00
129P04412,2020-09-04 03:10:00,40.00,100.00
129P04412,2020-09-04 03:20:00,41.23,97.00
129P04412,2020-09-04 03:30:00,44.00,90.00
129P04412,2020-09-04 03:40:00,44.00,90.00
129P04412,2020-09-04 03:50:00,48.00,90.00
129P04412,2020-09-04 04:00:00,46.59,90.00
129P04412,2020-09-04 04:10:00,49.37,90.00
129P04412,2020-09-04 04:20:00,50.38,100.00
129P04412,2020-09-04 04:30:00,48.17,100.00
129P04412,2020-09-04 04:40:00,47.00,100.00
129P04412,2020-09-04 04:50:00,43.06,100.00
129P04412,2020-09-04 05:00:00,43.66,100.00
129P04412,2020-09-04 05:10:00,49.48,100.00
129P04412,2020-09-04 05:20:00,53.95,100.00
129P04412,2020-09-04 05:30:00,57.64,100.00
129P04412,2020-09-04 05:40:00,54.89,100.00
129P04412,2020-09-04 05:50:00,53.75,100.00
129P04412,2020-09-04 06:00:00,59.35,100.00
129P04412,2020-09-04 06:10:00,57.16,100.00
129P04412,2020-09-04 06:20:00,52.49,100.00
129P04412,2020-09-04 06:30:00,48.74,100.00
129P04412,2020-09-04 06:40:00,53.82,100.00
129P04412,2020-09-04 06:50:00,50.48,100.00
129P04412,2020-09-04 07:00:00,52.58,100.00
129P04412,2020-09-04 07:10:00,53.36,100.00
129P04412,2020-09-04 07:20:00,49.70,100.00
129P04412,2020-09-04 07:30:00,55.35,100.00
129P04412,2020-09-04 07:40:00,49.07,100.00
129P04412,2020-09-04 07:50:00,52.10,100.00
129P04412,2020-09-04 08:00:00,50.33,100.00
129P04412,2020-09-04 08:10:00,51.09,100.00
129P04412,2020-09-04 08:20:00,53.03,100.00
129P04412,2020-09-04 08:30:00,52.68,100.00
129P04412,2020-09-04 08:40:00,49.42,100.00
129P04412,2020-09-04 08:50:00,48.25,100.00
129P04412,2020-09-04 09:00:00,51.58,100.00
129P04412,2020-09-04 09:10:00,51.26,100.00
129P04412,2020-09-04 09:20:00,50.73,100.00
129P04412,2020-09-04 09:30:00,48.10,100.00
129P04412,2020-09-04 09:40:00,49.19,100.00
129P04412,2020-09-04 09:50:00,48.26,100.00
129P04412,2020-09-04 10:00:00,48.99,100.00
129P04412,2020-09-04 10:10:00,48.85,100.00
129P04412,2020-09-04 10:20:00,48.21,100.00
129P04412,2020-09-04 10:30:00,47.66,100.00
129P04412,2020-09-04 10:40:00,47.64,100.00
129P04412,2020-09-04 10:50:00,48.29,100.00
129P04412,2020-09-04 11:00:00,44.88,100.00
129P04412,2020-09-04 11:10:00,43.74,100.00
129P04412,2020-09-04 11:20:00,40.97,100.00
129P04412,2020-09-04 11:30:00,43.57,100.00
129P04412,2020-09-04 11:40:00,44.98,100.00
129P04412,2020-09-04 11:50:00,46.19,100.00
129P04412,2020-09-04 12:00:00,46.56,100.00
129P04412,2020-09-04 12:10:00,47.71,100.00
129P04412,2020-09-04 12:20:00,43.38,100.00
129P04412,2020-09-04 12:30:00,47.36,96.00
129P04412,2020-09-04 12:40:00,44.85,97.00
129P04412,2020-09-04 12:50:00,39.64,97.00
129P04412,2020-09-04 13:00:00,39.79,96.00
129P04412,2020-09-04 13:10:00,36.60,98.00
129P04412,2020-09-04 13:20:00,33.10,100.00
129P04412,2020-09-04 13:30:00,30.40,100.00
129P04412,2020-09-04 13:40:00,39.57,98.00
129P04412,2020-09-04 13:50:00,40.69,91.00
129P04412,2020-09-04 14:00:00,38.68,92.00
129P04412,2020-09-04 14:10:00,22.33,100.00
129P04412,2020-09-04 14:20:00,16.15,100.00
129P04412,2020-09-04 14:30:00,13.79,100.00
129P04412,2020-09-04 14:40:00,14.76,100.00
129P04412,2020-09-04 14:50:00,15.34,100.00
129P04412,2020-09-04 15:00:00,15.06,100.00
129P04412,2020-09-04 15:10:00,16.64,100.00
129P04412,2020-09-04 15:20:00,15.87,100.00
129P04412,2020-09-04 15:30:00,16.16,100.00
129P04412,2020-09-04 15:40:00,15.14,100.00
129P04412,2020-09-04 15:50:00,16.06,100.00
129P04412,2020-09-04 16:00:00,15.05,100.00
129P04412,2020-09-04 16:10:00,15.14,100.00
129P04412,2020-09-04 16:20:00,14.00,100.00
129P04412,2020-09-04 16:30:00,13.89,100.00
129P04412,2020-09-04 16:40:00,13.46,100.00
129P04412,2020-09-04 16:50:00,13.73,100.00
129P04412,2020-09-04 17:00:00,14.06,100.00
129P04412,2020-09-04 17:10:00,12.31,100.00
129P04412,2020-09-04 17:20:00,13.57,100.00
129P04412,2020-09-04 17:30:00,14.07,100.00
129P04412,2020-09-04 17:40:00,15.83,100.00
129P04412,2020-09-04 17:50:00,21.55,100.00
129P04412,2020-09-04 18:00:00,29.61,100.00
129P04412,2020-09-04 18:10:00,42.96,91.00
129P04412,2020-09-04 18:20:00,46.91,90.00
129P04412,2020-09-04 18:30:00,45.01,98.00
129P04412,2020-09-04 18:40:00,42.49,100.00
129P04412,2020-09-04 18:50:00,43.03,100.00
129P04412,2020-09-04 19:00:00,45.76,100.00
129P04412,2020-09-04 19:10:00,45.03,100.00
129P04412,2020-09-04 19:20:00,52.41,100.00
129P04412,2020-09-04 19:30:00,45.28,100.00
129P04412,2020-09-04 19:40:00,46.20,100.00
129P04412,2020-09-04 19:50:00,47.98,100.00
129P04412,2020-09-04 20:00:00,45.63,100.00
129P04412,2020-09-04 20:10:00,48.42,100.00
129P04412,2020-09-04 20:20:00,47.27,100.00
129P04412,2020-09-04 20:30:00,52.37,100.00
129P04412,2020-09-04 20:40:00,49.95,100.00
129P04412,2020-09-04 20:50:00,47.38,100.00
129P04412,2020-09-04 21:00:00,48.99,100.00
129P04412,2020-09-04 21:10:00,49.87,100.00
129P04412,2020-09-04 21:20:00,48.54,100.00
129P04412,2020-09-04 21:30:00,47.97,100.00
129P04412,2020-09-04 21:40:00,49.21,100.00
129P04412,2020-09-04 21:50:00,46.47,100.00
129P04412,2020-09-04 22:00:00,49.05,100.00
129P04412,2020-09-04 22:10:00,48.32,100.00
129P04412,2020-09-04 22:20:00,53.17,100.00
129P04412,2020-09-04 22:30:00,54.49,100.00
129P04412,2020-09-04 22:40:00,53.98,100.00
129P04412,2020-09-04 22:50:00,49.70,100.00
129P04412,2020-09-04 23:00:00,51.98,100.00
129P04412,2020-09-04 23:10:00,49.38,100.00
129P04412,2020-09-04 23:20:00,45.65,100.00
129P04412,2020-09-04 23:30:00,43.93,100.00
129P04412,2020-09-04 23:40:00,49.97,100.00
129P04412,2020-09-04 23:50:00,49.79,100.00
129P04774,2020-09-04 00:00:00,57.69,100.00
129P04774,2020-09-04 00:10:00,59.56,100.00
129P04774,2020-09-04 00:20:00,56.48,100.00
129P04774,2020-09-04 00:30:00,55.40,100.00
129P04774,2020-09-04 00:40:00,58.87,100.00
129P04774,2020-09-04 00:50:00,58.00,100.00
129P04774,2020-09-04 01:00:00,55.16,100.00
129P04774,2020-09-04 01:10:00,53.59,100.00
129P04774,2020-09-04 01:20:00,51.59,100.00
129P04774,2020-09-04 01:30:00,50.00,97.20
129P04774,2020-09-04 01:40:00,51.97,98.00
129P04774,2020-09-04 01:50:00,55.71,92.90
129P04774,2020-09-04 02:00:00,63.76,97.90
129P04774,2020-09-04 02:10:00,61.01,100.00
129P04774,2020-09-04 02:20:00,57.80,100.00
129P04774,2020-09-04 02:30:00,53.19,100.00
129P04774,2020-09-04 02:40:00,52.77,97.70
129P04774,2020-09-04 02:50:00,54.40,100.00
129P04774,2020-09-04 03:00:00,53.90,100.00
129P04774,2020-09-04 03:10:00,54.08,99.70
129P04774,2020-09-04 03:20:00,52.60,92.10
129P04774,2020-09-04 03:30:00,51.78,95.10
129P04774,2020-09-04 03:40:00,55.72,100.00
129P04774,2020-09-04 03:50:00,57.10,100.00
129P04774,2020-09-04 04:00:00,56.70,100.00
129P04774,2020-09-04 04:10:00,52.23,100.00
129P04774,2020-09-04 04:20:00,53.69,100.00
129P04774,2020-09-04 04:30:00,55.49,100.00
129P04774,2020-09-04 04:40:00,58.77,100.00
129P04774,2020-09-04 04:50:00,52.48,100.00
129P04774,2020-09-04 05:00:00,52.26,100.00
129P04774,2020-09-04 05:10:00,52.94,100.00
129P04774,2020-09-04 05:20:00,59.49,100.00
129P04774,2020-09-04 05:30:00,61.36,100.00
129P04774,2020-09-04 05:40:00,55.17,100.00
129P04774,2020-09-04 05:50:00,60.78,100.00
129P04774,2020-09-04 06:00:00,60.38,100.00
129P04774,2020-09-04 06:10:00,60.45,100.00
129P04774,2020-09-04 06:20:00,56.73,100.00
129P04774,2020-09-04 06:30:00,60.68,100.00
129P04774,2020-09-04 06:40:00,58.88,100.00
129P04774,2020-09-04 06:50:00,55.17,100.00
129P04774,2020-09-04 07:00:00,59.03,100.00
129P04774,2020-09-04 07:10:00,59.62,100.00
129P04774,2020-09-04 07:20:00,59.01,100.00
129P04774,2020-09-04 07:30:00,55.22,100.00
129P04774,2020-09-04 07:40:00,60.03,100.00
129P04774,2020-09-04 07:50:00,55.13,100.00
129P04774,2020-09-04 08:00:00,55.60,100.00
129P04774,2020-09-04 08:10:00,54.05,100.00
129P04774,2020-09-04 08:20:00,57.19,100.00
129P04774,2020-09-04 08:30:00,53.28,100.00
129P04774,2020-09-04 08:40:00,51.85,100.00
129P04774,2020-09-04 08:50:00,56.34,100.00
129P04774,2020-09-04 09:00:00,56.82,100.00
129P04774,2020-09-04 09:10:00,57.10,100.00
129P04774,2020-09-04 09:20:00,54.54,100.00
129P04774,2020-09-04 09:30:00,53.67,100.00
129P04774,2020-09-04 09:40:00,50.99,100.00
129P04774,2020-09-04 09:50:00,49.81,100.00
129P04774,2020-09-04 10:00:00,47.41,100.00
129P04774,2020-09-04 10:10:00,51.17,100.00
129P04774,2020-09-04 10:20:00,48.12,100.00
129P04774,2020-09-04 10:30:00,49.87,100.00
129P04774,2020-09-04 10:40:00,49.26,100.00
129P04774,2020-09-04 10:50:00,50.57,100.00
129P04774,2020-09-04 11:00:00,50.00,100.00
129P04774,2020-09-04 11:10:00,50.57,100.00
129P04774,2020-09-04 11:20:00,43.62,100.00
129P04774,2020-09-04 11:30:00,48.68,100.00
129P04774,2020-09-04 11:40:00,38.41,100.00
129P04774,2020-09-04 11:50:00,30.71,100.00
129P04774,2020-09-04 12:00:00,29.33,100.00
129P04774,2020-09-04 12:10:00,31.06,100.00
129P04774,2020-09-04 12:20:00,25.34,100.00
129P04774,2020-09-04 12:30:00,23.52,100.00
129P04774,2020-09-04 12:40:00,34.24,100.00
129P04774,2020-09-04 12:50:00,34.84,100.00
129P04774,2020-09-04 13:00:00,32.43,100.00
129P04774,2020-09-04 13:10:00,36.06,100.00
129P04774,2020-09-04 13:20:00,32.69,100.00
129P04774,2020-09-04 13:30:00,24.20,100.00
129P04774,2020-09-04 13:40:00,32.82,100.00
129P04774,2020-09-04 13:50:00,37.03,100.00
129P04774,2020-09-04 14:00:00,34.85,100.00
129P04774,2020-09-04 14:10:00,28.24,100.00
129P04774,2020-09-04 14:20:00,26.77,100.00
129P04774,2020-09-04 14:30:00,25.78,100.00
129P04774,2020-09-04 14:40:00,20.22,100.00
129P04774,2020-09-04 14:50:00,22.97,100.00
129P04774,2020-09-04 15:00:00,21.65,100.00
129P04774,2020-09-04 15:10:00,22.07,100.00
129P04774,2020-09-04 15:20:00,25.52,100.00
129P04774,2020-09-04 15:30:00,20.90,100.00
129P04774,2020-09-04 15:40:00,23.26,100.00
129P04774,2020-09-04 15:50:00,25.47,100.00
129P04774,2020-09-04 16:00:00,22.17,100.00
129P04774,2020-09-04 16:10:00,23.34,100.00
129P04774,2020-09-04 16:20:00,20.74,100.00
129P04774,2020-09-04 16:30:00,34.01,100.00
129P04774,2020-09-04 16:40:00,31.45,100.00
129P04774,2020-09-04 16:50:00,37.38,100.00
129P04774,2020-09-04 17:00:00,32.65,100.00
129P04774,2020-09-04 17:10:00,33.09,100.00
129P04774,2020-09-04 17:20:00,32.73,100.00
129P04774,2020-09-04 17:30:00,31.10,100.00
129P04774,2020-09-04 17:40:00,35.99,100.00
129P04774,2020-09-04 17:50:00,49.31,95.60
129P04774,2020-09-04 18:00:00,56.09,93.00
129P04774,2020-09-04 18:10:00,54.77,95.50
129P04774,2020-09-04 18:20:00,47.20,100.00
129P04774,2020-09-04 18:30:00,49.91,100.00
129P04774,2020-09-04 18:40:00,50.61,100.00
129P04774,2020-09-04 18:50:00,50.93,100.00
129P04774,2020-09-04 19:00:00,53.05,100.00
129P04774,2020-09-04 19:10:00,51.58,100.00
129P04774,2020-09-04 19:20:00,48.40,100.00
129P04774,2020-09-04 19:30:00,52.47,100.00
129P04774,2020-09-04 19:40:00,49.58,100.00
129P04774,2020-09-04 19:50:00,48.91,100.00
129P04774,2020-09-04 20:00:00,51.33,100.00
129P04774,2020-09-04 20:10:00,54.05,100.00
129P04774,2020-09-04 20:20:00,49.86,100.00
129P04774,2020-09-04 20:30:00,51.43,100.00
129P04774,2020-09-04 20:40:00,54.30,100.00
129P04774,2020-09-04 20:50:00,56.07,100.00
129P04774,2020-09-04 21:00:00,57.35,100.00
129P04774,2020-09-04 21:10:00,54.28,100.00
129P04774,2020-09-04 21:20:00,61.08,100.00
129P04774,2020-09-04 21:30:00,56.01,100.00
129P04774,2020-09-04 21:40:00,55.88,100.00
129P04774,2020-09-04 21:50:00,58.64,100.00
129P04774,2020-09-04 22:00:00,60.02,100.00
129P04774,2020-09-04 22:10:00,55.97,100.00
129P04774,2020-09-04 22:20:00,52.83,100.00
129P04774,2020-09-04 22:30:00,55.67,100.00
129P04774,2020-09-04 22:40:00,60.76,100.00
129P04774,2020-09-04 22:50:00,58.79,100.00
129P04774,2020-09-04 23:00:00,59.87,100.00
129P04774,2020-09-04 23:10:00,56.65,100.00
129P04774,2020-09-04 23:20:00,59.85,100.00
129P04774,2020-09-04 23:30:00,60.36,100.00
129P04774,2020-09-04 23:40:00,60.53,100.00
129P04774,2020-09-04 23:50:00,57.46,100.00
129+04420,2020-09-04 00:00:00,59.23,100.00
129+04420,2020-09-04 00:10:00,64.79,100.00
129+04420,2020-09-04 00:20:00,62.95,100.00
129+04420,2020-09-04 00:30:00,56.30,100.00
129+04420,2020-09-04 00:40:00,57.40,100.00
129+04420,2020-09-04 00:50:00,58.10,100.00
129+04420,2020-09-04 01:00:00,57.98,98.00
129+04420,2020-09-04 01:10:00,61.10,93.00
129+04420,2020-09-04 01:20:00,62.65,91.00
129+04420,2020-09-04 01:30:00,55.82,98.00
129+04420,2020-09-04 01:40:00,53.00,100.00
129+04420,2020-09-04 01:50:00,58.51,100.00
129+04420,2020-09-04 02:00:00,60.00,100.00
129+04420,2020-09-04 02:10:00,59.90,100.00
129+04420,2020-09-04 02:20:00,57.90,92.00
129+04420,2020-09-04 02:30:00,51.99,94.00
129+04420,2020-09-04 02:40:00,47.84,96.00
129+04420,2020-09-04 02:50:00,64.00,100.00
129+04420,2020-09-04 03:00:00,63.84,96.00
129+04420,2020-09-04 03:10:00,45.79,97.00
129+04420,2020-09-04 03:20:00,43.20,90.00
129+04420,2020-09-04 03:30:00,45.29,90.00
129+04420,2020-09-04 03:40:00,46.00,90.00
129+04420,2020-09-04 03:50:00,46.00,90.00
129+04420,2020-09-04 04:00:00,46.00,
129+04420,2020-09-04 04:10:00,47.56,90.00
129+04420,2020-09-04 04:20:00,58.73,95.00
129+04420,2020-09-04 04:30:00,62.30,100.00
129+04420,2020-09-04 04:40:00,58.87,100.00
129+04420,2020-09-04 04:50:00,64.25,100.00
129+04420,2020-09-04 05:00:00,59.08,100.00
129+04420,2020-09-04 05:10:00,58.00,100.00
129+04420,2020-09-04 05:20:00,60.38,100.00
129+04420,2020-09-04 05:30:00,63.58,100.00
129+04420,2020-09-04 05:40:00,59.80,100.00
129+04420,2020-09-04 05:50:00,64.20,100.00
129+04420,2020-09-04 06:00:00,61.77,100.00
129+04420,2020-09-04 06:10:00,63.04,100.00
129+04420,2020-09-04 06:20:00,64.28,100.00
129+04420,2020-09-04 06:30:00,65.18,100.00
129+04420,2020-09-04 06:40:00,62.30,100.00
129+04420,2020-09-04 06:50:00,65.96,100.00
129+04420,2020-09-04 07:00:00,62.90,100.00
129+04420,2020-09-04 07:10:00,66.48,100.00
129+04420,2020-09-04 07:20:00,66.98,100.00
129+04420,2020-09-04 07:30:00,66.38,100.00
129+04420,2020-09-04 07:40:00,61.83,100.00
129+04420,2020-09-04 07:50:00,62.39,100.00
129+04420,2020-09-04 08:00:00,63.57,100.00
129+04420,2020-09-04 08:10:00,57.61,100.00
129+04420,2020-09-04 08:20:00,60.46,100.00
129+04420,2020-09-04 08:30:00,63.99,100.00
129+04420,2020-09-04 08:40:00,64.44,100.00
129+04420,2020-09-04 08:50:00,65.23,100.00
129+04420,2020-09-04 09:00:00,65.27,100.00
129+04420,2020-09-04 09:10:00,65.98,100.00
129+04420,2020-09-04 09:20:00,63.46,100.00
129+04420,2020-09-04 09:30:00,58.90,100.00
129+04420,2020-09-04 09:40:00,66.08,100.00
129+04420,2020-09-04 09:50:00,65.15,100.00
129+04420,2020-09-04 10:00:00,60.74,100.00
129+04420,2020-09-04 10:10:00,63.81,100.00
129+04420,2020-09-04 10:20:00,65.05,100.00
129+04420,2020-09-04 10:30:00,62.21,100.00
129+04420,2020-09-04 10:40:00,62.49,100.00
129+04420,2020-09-04 10:50:00,63.97,100.00
129+04420,2020-09-04 11:00:00,56.29,100.00
129+04420,2020-09-04 11:10:00,45.21,100.00
129+04420,2020-09-04 11:20:00,27.57,96.00
129+04420,2020-09-04 11:30:00,15.91,90.00
129+04420,2020-09-04 11:40:00,19.88,95.00
129+04420,2020-09-04 11:50:00,20.50,95.00
129+04420,2020-09-04 12:00:00,26.52,100.00
129+04420,2020-09-04 12:10:00,44.34,95.00
129+04420,2020-09-04 12:20:00,45.95,95.00
129+04420,2020-09-04 12:30:00,41.49,100.00
129+04420,2020-09-04 12:40:00,43.51,98.00
129+04420,2020-09-04 12:50:00,40.34,93.00
129+04420,2020-09-04 13:00:00,27.84,100.00
129+04420,2020-09-04 13:10:00,22.97,100.00
129+04420,2020-09-04 13:20:00,15.83,100.00
129+04420,2020-09-04 13:30:00,14.61,100.00
129+04420,2020-09-04 13:40:00,13.16,100.00
129+04420,2020-09-04 13:50:00,17.92,100.00
129+04420,2020-09-04 14:00:00,25.30,100.00
129+04420,2020-09-04 14:10:00,37.23,93.00
129+04420,2020-09-04 14:20:00,51.07,90.00
129+04420,2020-09-04 14:30:00,58.77,90.00
129+04420,2020-09-04 14:40:00,57.16,90.00
129+04420,2020-09-04 14:50:00,46.43,90.00
129+04420,2020-09-04 15:00:00,30.36,90.00
129+04420,2020-09-04 15:10:00,21.45,96.00
129+04420,2020-09-04 15:20:00,26.46,95.00
129+04420,2020-09-04 15:30:00,21.75,94.00
129+04420,2020-09-04 15:40:00,18.57,100.00
129+04420,2020-09-04 15:50:00,27.00,96.00
129+04420,2020-09-04 16:00:00,33.71,90.00
129+04420,2020-09-04 16:10:00,43.65,90.00
129+04420,2020-09-04 16:20:00,51.57,90.00
129+04420,2020-09-04 16:30:00,54.19,94.00
129+04420,2020-09-04 16:40:00,65.27,90.00
129+04420,2020-09-04 16:50:00,64.86,91.00
129+04420,2020-09-04 17:00:00,61.92,97.00
129+04420,2020-09-04 17:10:00,63.92,100.00
129+04420,2020-09-04 17:20:00,62.08,100.00
129+04420,2020-09-04 17:30:00,63.04,100.00
129+04420,2020-09-04 17:40:00,62.77,100.00
129+04420,2020-09-04 17:50:00,48.38,100.00
129+04420,2020-09-04 18:00:00,37.28,100.00
129+04420,2020-09-04 18:10:00,32.90,98.00
129+04420,2020-09-04 18:20:00,42.69,97.00
129+04420,2020-09-04 18:30:00,63.66,100.00
129+04420,2020-09-04 18:40:00,62.76,100.00
129+04420,2020-09-04 18:50:00,62.79,100.00
129+04420,2020-09-04 19:00:00,65.05,100.00
129+04420,2020-09-04 19:10:00,60.98,100.00
129+04420,2020-09-04 19:20:00,65.31,100.00
129+04420,2020-09-04 19:30:00,63.99,100.00
129+04420,2020-09-04 19:40:00,63.37,100.00
129+04420,2020-09-04 19:50:00,59.02,100.00
129+04420,2020-09-04 20:00:00,59.26,100.00
129+04420,2020-09-04 20:10:00,60.04,100.00
129+04420,2020-09-04 20:20:00,62.62,100.00
129+04420,2020-09-04 20:30:00,62.17,100.00
129+04420,2020-09-04 20:40:00,58.58,100.00
129+04420,2020-09-04 20:50:00,64.78,100.00
129+04420,2020-09-04 21:00:00,60.70,100.00
129+04420,2020-09-04 21:10:00,62.58,100.00
129+04420,2020-09-04 21:20:00,64.36,100.00
129+04420,2020-09-04 21:30:00,61.04,100.00
129+04420,2020-09-04 21:40:00,62.29,100.00
129+04420,2020-09-04 21:50:00,65.65,100.00
129+04420,2020-09-04 22:00:00,67.89,100.00
129+04420,2020-09-04 22:10:00,62.03,100.00
129+04420,2020-09-04 22:20:00,63.35,100.00
129+04420,2020-09-04 22:30:00,60.00,100.00
129+04420,2020-09-04 22:40:00,61.59,100.00
129+04420,2020-09-04 22:50:00,62.29,100.00
129+04420,2020-09-04 23:00:00,66.00,100.00
129+04420,2020-09-04 23:10:00,62.30,100.00
129+04420,2020-09-04 23:20:00,63.53,100.00
129+04420,2020-09-04 23:30:00,61.77,100.00
129+04420,2020-09-04 23:40:00,61.85,100.00
129+04420,2020-09-04 23:50:00,62.19,100.00
129P04411,2020-09-04 00:00:00,41.77,100.00
129P04411,2020-09-04 00:10:00,39.49,100.00
129P04411,2020-09-04 00:20:00,37.99,100.00
129P04411,2020-09-04 00:30:00,38.49,100.00
129P04411,2020-09-04 00:40:00,38.68,100.00
129P04411,2020-09-04 00:50:00,40.10,100.00
129P04411,2020-09-04 01:00:00,47.69,100.00
129P04411,2020-09-04 01:10:00,47.20,95.00
129P04411,2020-09-04 01:20:00,41.59,98.00
129P04411,2020-09-04 01:30:00,41.20,90.00
129P04411,2020-09-04 01:40:00,43.45,90.00
129P04411,2020-09-04 01:50:00,43.00,100.00
129P04411,2020-09-04 02:00:00,40.24,100.00
129P04411,2020-09-04 02:10:00,39.94,98.00
129P04411,2020-09-04 02:20:00,43.00,100.00
129P04411,2020-09-04 02:30:00,41.30,100.00
129P04411,2020-09-04 02:40:00,34.87,100.00
129P04411,2020-09-04 02:50:00,33.37,100.00
129P04411,2020-09-04 03:00:00,36.42,100.00
129P04411,2020-09-04 03:10:00,39.00,100.00
129P04411,2020-09-04 03:20:00,41.10,97.00
129P04411,2020-09-04 03:30:00,45.00,90.00
129P04411,2020-09-04 03:40:00,45.00,90.00
129P04411,2020-09-04 03:50:00,47.00,90.00
129P04411,2020-09-04 04:00:00,47.00,90.00
129P04411,2020-09-04 04:10:00,50.92,90.00
129P04411,2020-09-04 04:20:00,51.38,100.00
129P04411,2020-09-04 04:30:00,47.27,100.00
129P04411,2020-09-04 04:40:00,45.00,100.00
129P04411,2020-09-04 04:50:00,41.35,100.00
129P04411,2020-09-04 05:00:00,45.07,100.00
129P04411,2020-09-04 05:10:00,51.19,100.00
129P04411,2020-09-04 05:20:00,55.39,100.00
129P04411,2020-09-04 05:30:00,56.97,100.00
129P04411,2020-09-04 05:40:00,55.28,100.00
129P04411,2020-09-04 05:50:00,53.96,100.00
129P04411,2020-09-04 06:00:00,57.48,100.00
129P04411,2020-09-04 06:10:00,55.77,100.00
129P04411,2020-09-04 06:20:00,51.69,100.00
129P04411,2020-09-04 06:30:00,47.01,100.00
129P04411,2020-09-04 06:40:00,53.32,100.00
129P04411,2020-09-04 06:50:00,49.89,100.00
129P04411,2020-09-04 07:00:00,51.48,100.00
129P04411,2020-09-04 07:10:00,51.94,100.00
129P04411,2020-09-04 07:20:00,47.70,100.00
129P04411,2020-09-04 07:30:00,54.79,100.00
129P04411,2020-09-04 07:40:00,48.42,100.00
129P04411,2020-09-04 07:50:00,51.05,100.00
129P04411,2020-09-04 08:00:00,50.16,100.00
129P04411,2020-09-04 08:10:00,52.09,100.00
129P04411,2020-09-04 08:20:00,52.82,100.00
129P04411,2020-09-04 08:30:00,51.88,100.00
129P04411,2020-09-04 08:40:00,49.12,100.00
129P04411,2020-09-04 08:50:00,48.33,100.00
129P04411,2020-09-04 09:00:00,50.78,100.00
129P04411,2020-09-04 09:10:00,50.15,100.00
129P04411,2020-09-04 09:20:00,50.24,100.00
129P04411,2020-09-04 09:30:00,47.15,100.00
129P04411,2020-09-04 09:40:00,47.54,100.00
129P04411,2020-09-04 09:50:00,48.28,100.00
129P04411,2020-09-04 10:00:00,47.80,100.00
129P04411,2020-09-04 10:10:00,48.34,100.00
129P04411,2020-09-04 10:20:00,46.49,100.00
129P04411,2020-09-04 10:30:00,46.97,100.00
129P04411,2020-09-04 10:40:00,47.62,100.00
129P04411,2020-09-04 10:50:00,46.65,100.00
129P04411,2020-09-04 11:00:00,43.29,100.00
129P04411,2020-09-04 11:10:00,42.99,100.00
129P04411,2020-09-04 11:20:00,38.91,100.00
129P04411,2020-09-04 11:30:00,41.72,100.00
129P04411,2020-09-04 11:40:00,43.68,100.00
129P04411,2020-09-04 11:50:00,44.52,100.00
129P04411,2020-09-04 12:00:00,45.17,100.00
129P04411,2020-09-04 12:10:00,45.48,100.00
129P04411,2020-09-04 12:20:00,40.52,100.00
129P04411,2020-09-04 12:30:00,46.73,96.00
129P04411,2020-09-04 12:40:00,42.85,97.00
129P04411,2020-09-04 12:50:00,35.59,97.00
129P04411,2020-09-04 13:00:00,32.27,96.00
129P04411,2020-09-04 13:10:00,29.81,98.00
129P04411,2020-09-04 13:20:00,25.47,100.00
129P04411,2020-09-04 13:30:00,25.43,100.00
129P04411,2020-09-04 13:40:00,29.21,98.00
129P04411,2020-09-04 13:50:00,36.17,91.00
129P04411,2020-09-04 14:00:00,30.11,92.00
129P04411,2020-09-04 14:10:00,20.94,100.00
129P04411,2020-09-04 14:20:00,15.75,100.00
129P04411,2020-09-04 14:30:00,13.02,100.00
129P04411,2020-09-04 14:40:00,15.28,100.00
129P04411,2020-09-04 14:50:00,15.32,100.00
129P04411,2020-09-04 15:00:00,14.72,100.00
129P04411,2020-09-04 15:10:00,15.51,100.00
129P04411,2020-09-04 15:20:00,16.33,100.00
129P04411,2020-09-04 15:30:00,15.14,100.00
129P04411,2020-09-04 15:40:00,16.15,100.00
129P04411,2020-09-04 15:50:00,16.19,100.00
129P04411,2020-09-04 16:00:00,15.84,100.00
129P04411,2020-09-04 16:10:00,14.86,100.00
129P04411,2020-09-04 16:20:00,13.33,100.00
129P04411,2020-09-04 16:30:00,12.13,100.00
129P04411,2020-09-04 16:40:00,13.77,100.00
129P04411,2020-09-04 16:50:00,14.55,100.00
129P04411,2020-09-04 17:00:00,14.55,100.00
129P04411,2020-09-04 17:10:00,12.63,100.00
129P04411,2020-09-04 17:20:00,13.77,100.00
129P04411,2020-09-04 17:30:00,13.95,100.00
129P04411,2020-09-04 17:40:00,17.68,100.00
129P04411,2020-09-04 17:50:00,20.52,100.00
129P04411,2020-09-04 18:00:00,23.56,100.00
129P04411,2020-09-04 18:10:00,37.65,91.00
129P04411,2020-09-04 18:20:00,46.78,90.00
129P04411,2020-09-04 18:30:00,43.01,98.00
129P04411,2020-09-04 18:40:00,41.79,100.00
129P04411,2020-09-04 18:50:00,41.94,100.00
129P04411,2020-09-04 19:00:00,44.17,100.00
129P04411,2020-09-04 19:10:00,45.62,100.00
129P04411,2020-09-04 19:20:00,51.89,100.00
129P04411,2020-09-04 19:30:00,44.58,100.00
129P04411,2020-09-04 19:40:00,44.28,100.00
129P04411,2020-09-04 19:50:00,47.89,100.00
129P04411,2020-09-04 20:00:00,44.77,100.00
129P04411,2020-09-04 20:10:00,47.66,100.00
129P04411,2020-09-04 20:20:00,46.16,100.00
129P04411,2020-09-04 20:30:00,51.89,100.00
129P04411,2020-09-04 20:40:00,48.94,100.00
129P04411,2020-09-04 20:50:00,46.29,100.00
129P04411,2020-09-04 21:00:00,47.95,100.00
129P04411,2020-09-04 21:10:00,48.28,100.00
129P04411,2020-09-04 21:20:00,48.37,100.00
129P04411,2020-09-04 21:30:00,46.64,100.00
129P04411,2020-09-04 21:40:00,48.19,100.00
129P04411,2020-09-04 21:50:00,45.98,100.00
129P04411,2020-09-04 22:00:00,47.52,100.00
129P04411,2020-09-04 22:10:00,47.76,100.00
129P04411,2020-09-04 22:20:00,51.79,100.00
129P04411,2020-09-04 22:30:00,52.87,100.00
129P04411,2020-09-04 22:40:00,52.22,100.00
129P04411,2020-09-04 22:50:00,49.68,100.00
129P04411,2020-09-04 23:00:00,51.98,100.00
129P04411,2020-09-04 23:10:00,48.57,100.00
129P04411,2020-09-04 23:20:00,46.21,100.00
129P04411,2020-09-04 23:30:00,45.39,100.00
129P04411,2020-09-04 23:40:00,50.36,100.00
129P04411,2020-09-04 23:50:00,49.61,100.00
129+04418,2020-09-04 00:00:00,49.89,100.00
129+04418,2020-09-04 00:10:00,51.48,100.00
129+04418,2020-09-04 00:20:00,47.45,100.00
129+04418,2020-09-04 00:30:00,46.10,100.00
129+04418,2020-09-04 00:40:00,46.90,100.00
129+04418,2020-09-04 00:50:00,47.10,100.00
129+04418,2020-09-04 01:00:00,44.13,100.00
129+04418,2020-09-04 01:10:00,43.00,95.00
129+04418,2020-09-04 01:20:00,45.80,95.00
129+04418,2020-09-04 01:30:00,48.88,97.00
129+04418,2020-09-04 01:40:00,48.00,100.00
129+04418,2020-09-04 01:50:00,48.00,92.00
129+04418,2020-09-04 02:00:00,48.00,90.00
129+04418,2020-09-04 02:10:00,48.00,90.00
129+04418,2020-09-04 02:20:00,,
129+04418,2020-09-04 02:30:00,37.00,100.00
129+04418,2020-09-04 02:40:00,37.69,92.00
129+04418,2020-09-04 02:50:00,39.57,90.00
129+04418,2020-09-04 03:00:00,40.80,93.00
129+04418,2020-09-04 03:10:00,39.62,100.00
129+04418,2020-09-04 03:20:00,41.10,100.00
129+04418,2020-09-04 03:30:00,44.09,94.00
129+04418,2020-09-04 03:40:00,46.00,90.00
129+04418,2020-09-04 03:50:00,46.59,90.00
129+04418,2020-09-04 04:00:00,47.00,
129+04418,2020-09-04 04:10:00,47.00,90.00
129+04418,2020-09-04 04:20:00,44.63,97.00
129+04418,2020-09-04 04:30:00,47.37,100.00
129+04418,2020-09-04 04:40:00,50.00,100.00
129+04418,2020-09-04 04:50:00,51.40,100.00
129+04418,2020-09-04 05:00:00,52.23,100.00
129+04418,2020-09-04 05:10:00,51.09,100.00
129+04418,2020-09-04 05:20:00,51.37,100.00
129+04418,2020-09-04 05:30:00,52.33,100.00
129+04418,2020-09-04 05:40:00,49.75,100.00
129+04418,2020-09-04 05:50:00,53.65,100.00
129+04418,2020-09-04 06:00:00,52.32,100.00
129+04418,2020-09-04 06:10:00,51.48,100.00
129+04418,2020-09-04 06:20:00,52.82,100.00
129+04418,2020-09-04 06:30:00,50.72,100.00
129+04418,2020-09-04 06:40:00,47.92,100.00
129+04418,2020-09-04 06:50:00,50.09,100.00
129+04418,2020-09-04 07:00:00,50.60,100.00
129+04418,2020-09-04 07:10:00,55.43,100.00
129+04418,2020-09-04 07:20:00,51.01,100.00
129+04418,2020-09-04 07:30:00,57.13,100.00
129+04418,2020-09-04 07:40:00,49.72,100.00
129+04418,2020-09-04 07:50:00,54.52,100.00
129+04418,2020-09-04 08:00:00,56.55,100.00
129+04418,2020-09-04 08:10:00,55.88,100.00
129+04418,2020-09-04 08:20:00,56.48,100.00
129+04418,2020-09-04 08:30:00,48.80,100.00
129+04418,2020-09-04 08:40:00,53.78,100.00
129+04418,2020-09-04 08:50:00,54.40,100.00
129+04418,2020-09-04 09:00:00,57.07,100.00
129+04418,2020-09-04 09:10:00,52.73,100.00
129+04418,2020-09-04 09:20:00,55.82,100.00
129+04418,2020-09-04 09:30:00,50.61,100.00
129+04418,2020-09-04 09:40:00,55.40,100.00
129+04418,2020-09-04 09:50:00,54.57,100.00
129+04418,2020-09-04 10:00:00,52.77,100.00
129+04418,2020-09-04 10:10:00,53.12,100.00
129+04418,2020-09-04 10:20:00,54.43,100.00
129+04418,2020-09-04 10:30:00,54.00,100.00
129+04418,2020-09-04 10:40:00,49.05,100.00
129+04418,2020-09-04 10:50:00,53.90,100.00
129+04418,2020-09-04 11:00:00,53.62,100.00
129+04418,2020-09-04 11:10:00,49.11,100.00
129+04418,2020-09-04 11:20:00,49.92,100.00
129+04418,2020-09-04 11:30:00,50.66,100.00
129+04418,2020-09-04 11:40:00,50.65,100.00
129+04418,2020-09-04 11:50:00,51.10,100.00
129+04418,2020-09-04 12:00:00,54.28,100.00
129+04418,2020-09-04 12:10:00,54.24,100.00
129+04418,2020-09-04 12:20:00,53.54,100.00
129+04418,2020-09-04 12:30:00,50.33,100.00
129+04418,2020-09-04 12:40:00,53.27,100.00
129+04418,2020-09-04 12:50:00,53.13,100.00
129+04418,2020-09-04 13:00:00,51.67,100.00
129+04418,2020-09-04 13:10:00,54.55,100.00
129+04418,2020-09-04 13:20:00,51.61,100.00
129+04418,2020-09-04 13:30:00,49.87,100.00
129+04418,2020-09-04 13:40:00,53.79,100.00
129+04418,2020-09-04 13:50:00,51.02,100.00
129+04418,2020-09-04 14:00:00,56.23,100.00
129+04418,2020-09-04 14:10:00,57.37,100.00
129+04418,2020-09-04 14:20:00,53.11,100.00
129+04418,2020-09-04 14:30:00,52.63,100.00
129+04418,2020-09-04 14:40:00,51.30,100.00
129+04418,2020-09-04 14:50:00,50.23,100.00
129+04418,2020-09-04 15:00:00,54.17,100.00
129+04418,2020-09-04 15:10:00,53.80,100.00
129+04418,2020-09-04 15:20:00,53.58,100.00
129+04418,2020-09-04 15:30:00,52.11,100.00
129+04418,2020-09-04 15:40:00,54.51,100.00
129+04418,2020-09-04 15:50:00,55.57,100.00
129+04418,2020-09-04 16:00:00,50.93,100.00
129+04418,2020-09-04 16:10:00,53.08,100.00
129+04418,2020-09-04 16:20:00,53.24,100.00
129+04418,2020-09-04 16:30:00,53.97,100.00
129+04418,2020-09-04 16:40:00,52.52,100.00
129+04418,2020-09-04 16:50:00,54.21,100.00
129+04418,2020-09-04 17:00:00,49.80,100.00
129+04418,2020-09-04 17:10:00,53.99,100.00
129+04418,2020-09-04 17:20:00,48.26,100.00
129+04418,2020-09-04 17:30:00,50.97,100.00
129+04418,2020-09-04 17:40:00,50.93,100.00
129+04418,2020-09-04 17:50:00,52.88,100.00
129+04418,2020-09-04 18:00:00,51.69,100.00
129+04418,2020-09-04 18:10:00,52.35,100.00
129+04418,2020-09-04 18:20:00,58.57,100.00
129+04418,2020-09-04 18:30:00,55.19,100.00
129+04418,2020-09-04 18:40:00,48.65,100.00
129+04418,2020-09-04 18:50:00,52.80,100.00
129+04418,2020-09-04 19:00:00,55.92,100.00
129+04418,2020-09-04 19:10:00,53.27,100.00
129+04418,2020-09-04 19:20:00,54.76,100.00
129+04418,2020-09-04 19:30:00,47.08,100.00
129+04418,2020-09-04 19:40:00,48.13,100.00
129+04418,2020-09-04 19:50:00,50.12,100.00
129+04418,2020-09-04 20:00:00,49.82,100.00
129+04418,2020-09-04 20:10:00,48.31,100.00
129+04418,2020-09-04 20:20:00,53.18,100.00
129+04418,2020-09-04 20:30:00,55.96,100.00
129+04418,2020-09-04 20:40:00,52.66,100.00
129+04418,2020-09-04 20:50:00,54.57,100.00
129+04418,2020-09-04 21:00:00,53.58,100.00
129+04418,2020-09-04 21:10:00,51.68,100.00
129+04418,2020-09-04 21:20:00,53.28,100.00
129+04418,2020-09-04 21:30:00,51.04,100.00
129+04418,2020-09-04 21:40:00,53.14,100.00
129+04418,2020-09-04 21:50:00,53.40,100.00
129+04418,2020-09-04 22:00:00,53.78,100.00
129+04418,2020-09-04 22:10:00,48.05,100.00
129+04418,2020-09-04 22:20:00,55.84,100.00
129+04418,2020-09-04 22:30:00,52.82,100.00
129+04418,2020-09-04 22:40:00,52.24,100.00
129+04418,2020-09-04 22:50:00,55.61,100.00
129+04418,2020-09-04 23:00:00,54.88,100.00
129+04418,2020-09-04 23:10:00,52.64,100.00
129+04418,2020-09-04 23:20:00,50.25,100.00
129+04418,2020-09-04 23:30:00,47.06,100.00
129+04418,2020-09-04 23:40:00,52.91,100.00
129+04418,2020-09-04 23:50:00,55.59,100.00
129+04419,2020-09-04 00:00:00,57.25,100.00
129+04419,2020-09-04 00:10:00,57.55,100.00
129+04419,2020-09-04 00:20:00,57.89,100.00
129+04419,2020-09-04 00:30:00,55.19,100.00
129+04419,2020-09-04 00:40:00,52.79,100.00
129+04419,2020-09-04 00:50:00,51.50,100.00
129+04419,2020-09-04 01:00:00,52.06,100.00
129+04419,2020-09-04 01:10:00,57.80,93.00
129+04419,2020-09-04 01:20:00,55.07,94.00
129+04419,2020-09-04 01:30:00,53.59,100.00
129+04419,2020-09-04 01:40:00,53.79,100.00
129+04419,2020-09-04 01:50:00,51.51,100.00
129+04419,2020-09-04 02:00:00,52.00,100.00
129+04419,2020-09-04 02:10:00,52.20,98.00
129+04419,2020-09-04 02:20:00,56.00,90.00
129+04419,2020-09-04 02:30:00,47.94,95.00
129+04419,2020-09-04 02:40:00,43.95,95.00
129+04419,2020-09-04 02:50:00,60.00,100.00
129+04419,2020-09-04 03:00:00,59.26,96.00
129+04419,2020-09-04 03:10:00,47.47,100.00
129+04419,2020-09-04 03:20:00,46.00,100.00
129+04419,2020-09-04 03:30:00,48.70,93.00
129+04419,2020-09-04 03:40:00,51.00,90.00
129+04419,2020-09-04 03:50:00,47.75,90.00
129+04419,2020-09-04 04:00:00,47.00,
129+04419,2020-09-04 04:10:00,48.09,90.00
129+04419,2020-09-04 04:20:00,55.64,96.00
129+04419,2020-09-04 04:30:00,59.74,100.00
129+04419,2020-09-04 04:40:00,60.00,100.00
129+04419,2020-09-04 04:50:00,56.76,100.00
129+04419,2020-09-04 05:00:00,53.17,100.00
129+04419,2020-09-04 05:10:00,53.00,100.00
129+04419,2020-09-04 05:20:00,54.94,100.00
129+04419,2020-09-04 05:30:00,58.88,100.00
129+04419,2020-09-04 05:40:00,58.00,100.00
129+04419,2020-09-04 05:50:00,61.46,100.00
129+04419,2020-09-04 06:00:00,58.66,100.00
129+04419,2020-09-04 06:10:00,59.83,100.00
129+04419,2020-09-04 06:20:00,60.24,100.00
129+04419,2020-09-04 06:30:00,59.47,100.00
129+04419,2020-09-04 06:40:00,57.52,100.00
129+04419,2020-09-04 06:50:00,60.78,100.00
129+04419,2020-09-04 07:00:00,57.65,100.00
129+04419,2020-09-04 07:10:00,62.49,100.00
129+04419,2020-09-04 07:20:00,61.56,100.00
129+04419,2020-09-04 07:30:00,64.36,100.00
129+04419,2020-09-04 07:40:00,59.37,100.00
129+04419,2020-09-04 07:50:00,60.01,100.00
129+04419,2020-09-04 08:00:00,61.53,100.00
129+04419,2020-09-04 08:10:00,58.97,100.00
129+04419,2020-09-04 08:20:00,60.17,100.00
129+04419,2020-09-04 08:30:00,60.76,100.00
129+04419,2020-09-04 08:40:00,60.62,100.00
129+04419,2020-09-04 08:50:00,62.17,100.00
129+04419,2020-09-04 09:00:00,62.75,100.00
129+04419,2020-09-04 09:10:00,62.55,100.00
129+04419,2020-09-04 09:20:00,59.75,100.00
129+04419,2020-09-04 09:30:00,58.36,100.00
129+04419,2020-09-04 09:40:00,62.01,100.00
129+04419,2020-09-04 09:50:00,61.03,100.00
129+04419,2020-09-04 10:00:00,60.98,100.00
129+04419,2020-09-04 10:10:00,61.07,100.00
129+04419,2020-09-04 10:20:00,62.28,100.00
129+04419,2020-09-04 10:30:00,62.26,100.00
129+04419,2020-09-04 10:40:00,58.52,100.00
129+04419,2020-09-04 10:50:00,63.56,100.00
129+04419,2020-09-04 11:00:00,62.07,100.00
129+04419,2020-09-04 11:10:00,59.43,100.00
129+04419,2020-09-04 11:20:00,57.82,100.00
129+04419,2020-09-04 11:30:00,52.23,100.00
129+04419,2020-09-04 11:40:00,55.08,100.00
129+04419,2020-09-04 11:50:00,58.26,100.00
129+04419,2020-09-04 12:00:00,60.14,100.00
129+04419,2020-09-04 12:10:00,56.54,100.00
129+04419,2020-09-04 12:20:00,56.14,100.00
129+04419,2020-09-04 12:30:00,59.68,100.00
129+04419,2020-09-04 12:40:00,60.01,100.00
129+04419,2020-09-04 12:50:00,61.52,100.00
129+04419,2020-09-04 13:00:00,56.95,100.00
129+04419,2020-09-04 13:10:00,58.07,100.00
129+04419,2020-09-04 13:20:00,52.48,100.00
129+04419,2020-09-04 13:30:00,48.88,100.00
129+04419,2020-09-04 13:40:00,56.23,100.00
129+04419,2020-09-04 13:50:00,56.35,100.00
129+04419,2020-09-04 14:00:00,60.23,100.00
129+04419,2020-09-04 14:10:00,61.65,100.00
129+04419,2020-09-04 14:20:00,62.56,100.00
129+04419,2020-09-04 14:30:00,63.63,100.00
129+04419,2020-09-04 14:40:00,61.89,100.00
129+04419,2020-09-04 14:50:00,57.94,100.00
129+04419,2020-09-04 15:00:00,58.94,100.00
129+04419,2020-09-04 15:10:00,61.29,100.00
129+04419,2020-09-04 15:20:00,60.21,100.00
129+04419,2020-09-04 15:30:00,55.78,100.00
129+04419,2020-09-04 15:40:00,58.65,100.00
129+04419,2020-09-04 15:50:00,60.54,100.00
129+04419,2020-09-04 16:00:00,56.76,100.00
129+04419,2020-09-04 16:10:00,58.56,100.00
129+04419,2020-09-04 16:20:00,58.76,100.00
129+04419,2020-09-04 16:30:00,59.34,100.00
129+04419,2020-09-04 16:40:00,60.08,100.00
129+04419,2020-09-04 16:50:00,60.67,100.00
129+04419,2020-09-04 17:00:00,60.48,100.00
129+04419,2020-09-04 17:10:00,60.74,100.00
129+04419,2020-09-04 17:20:00,60.14,100.00
129+04419,2020-09-04 17:30:00,61.28,100.00
129+04419,2020-09-04 17:40:00,57.13,100.00
129+04419,2020-09-04 17:50:00,57.67,100.00
129+04419,2020-09-04 18:00:00,59.80,100.00
129+04419,2020-09-04 18:10:00,56.49,100.00
129+04419,2020-09-04 18:20:00,62.49,100.00
129+04419,2020-09-04 18:30:00,58.12,100.00
129+04419,2020-09-04 18:40:00,58.85,100.00
129+04419,2020-09-04 18:50:00,58.96,100.00
129+04419,2020-09-04 19:00:00,60.92,100.00
129+04419,2020-09-04 19:10:00,57.46,100.00
129+04419,2020-09-04 19:20:00,61.15,100.00
129+04419,2020-09-04 19:30:00,57.78,100.00
129+04419,2020-09-04 19:40:00,57.15,100.00
129+04419,2020-09-04 19:50:00,57.28,100.00
129+04419,2020-09-04 20:00:00,55.46,100.00
129+04419,2020-09-04 20:10:00,57.03,100.00
129+04419,2020-09-04 20:20:00,59.27,100.00
129+04419,2020-09-04 20:30:00,61.76,100.00
129+04419,2020-09-04 20:40:00,58.75,100.00
129+04419,2020-09-04 20:50:00,60.97,100.00
129+04419,2020-09-04 21:00:00,57.88,100.00
129+04419,2020-09-04 21:10:00,62.88,100.00
129+04419,2020-09-04 21:20:00,58.76,100.00
129+04419,2020-09-04 21:30:00,57.65,100.00
129+04419,2020-09-04 21:40:00,60.56,100.00
129+04419,2020-09-04 21:50:00,60.58,100.00
129+04419,2020-09-04 22:00:00,61.28,100.00
129+04419,2020-09-04 22:10:00,54.53,100.00
129+04419,2020-09-04 22:20:00,60.44,100.00
129+04419,2020-09-04 22:30:00,59.27,100.00
129+04419,2020-09-04 22:40:00,63.09,100.00
129+04419,2020-09-04 22:50:00,61.58,100.00
129+04419,2020-09-04 23:00:00,62.43,100.00
129+04419,2020-09-04 23:10:00,59.95,100.00
129+04419,2020-09-04 23:20:00,62.60,100.00
129+04419,2020-09-04 23:30:00,55.10,100.00
129+04419,2020-09-04 23:40:00,60.17,100.00
129+04419,2020-09-04 23:50:00,61.28,100.00
129+04777,2020-09-04 00:00:00,42.46,100.00
129+04777,2020-09-04 00:10:00,44.74,100.00
129+04777,2020-09-04 00:20:00,50.15,100.00
129+04777,2020-09-04 00:30:00,43.19,100.00
129+04777,2020-09-04 00:40:00,43.84,100.00
129+04777,2020-09-04 00:50:00,47.66,100.00
129+04777,2020-09-04 01:00:00,50.28,100.00
129+04777,2020-09-04 01:10:00,50.36,100.00
129+04777,2020-09-04 01:20:00,49.28,100.00
129+04777,2020-09-04 01:30:00,48.00,100.00
129+04777,2020-09-04 01:40:00,35.58,97.00
129+04777,2020-09-04 01:50:00,33.35,100.00
129+04777,2020-09-04 02:00:00,38.49,100.00
129+04777,2020-09-04 02:10:00,45.70,100.00
129+04777,2020-09-04 02:20:00,47.19,100.00
129+04777,2020-09-04 02:30:00,46.77,100.00
129+04777,2020-09-04 02:40:00,45.39,97.00
129+04777,2020-09-04 02:50:00,52.08,100.00
129+04777,2020-09-04 03:00:00,53.00,100.00
129+04777,2020-09-04 03:10:00,51.79,100.00
129+04777,2020-09-04 03:20:00,50.10,92.00
129+04777,2020-09-04 03:30:00,49.00,90.00
129+04777,2020-09-04 03:40:00,51.70,97.00
129+04777,2020-09-04 03:50:00,44.33,96.00
129+04777,2020-09-04 04:00:00,41.39,100.00
129+04777,2020-09-04 04:10:00,41.76,100.00
129+04777,2020-09-04 04:20:00,43.39,100.00
129+04777,2020-09-04 04:30:00,42.98,100.00
129+04777,2020-09-04 04:40:00,48.13,100.00
129+04777,2020-09-04 04:50:00,51.88,100.00
129+04777,2020-09-04 05:00:00,53.09,100.00
129+04777,2020-09-04 05:10:00,52.89,100.00
129+04777,2020-09-04 05:20:00,49.20,100.00
129+04777,2020-09-04 05:30:00,50.93,100.00
129+04777,2020-09-04 05:40:00,53.69,100.00
129+04777,2020-09-04 05:50:00,50.21,100.00
129+04777,2020-09-04 06:00:00,53.95,100.00
129+04777,2020-09-04 06:10:00,49.62,100.00
129+04777,2020-09-04 06:20:00,53.73,100.00
129+04777,2020-09-04 06:30:00,50.97,100.00
129+04777,2020-09-04 06:40:00,53.02,100.00
129+04777,2020-09-04 06:50:00,54.20,100.00
129+04777,2020-09-04 07:00:00,54.70,100.00
129+04777,2020-09-04 07:10:00,51.00,100.00
129+04777,2020-09-04 07:20:00,54.55,100.00
129+04777,2020-09-04 07:30:00,49.99,100.00
129+04777,2020-09-04 07:40:00,56.13,100.00
129+04777,2020-09-04 07:50:00,48.90,100.00
129+04777,2020-09-04 08:00:00,52.98,100.00
129+04777,2020-09-04 08:10:00,46.81,100.00
129+04777,2020-09-04 08:20:00,56.69,100.00
129+04777,2020-09-04 08:30:00,52.19,100.00
129+04777,2020-09-04 08:40:00,49.56,100.00
129+04777,2020-09-04 08:50:00,50.08,100.00
129+04777,2020-09-04 09:00:00,53.60,100.00
129+04777,2020-09-04 09:10:00,52.88,99.00
129+04777,2020-09-04 09:20:00,44.49,100.00
129+04777,2020-09-04 09:30:00,53.12,100.00
129+04777,2020-09-04 09:40:00,48.19,100.00
129+04777,2020-09-04 09:50:00,47.46,100.00
129+04777,2020-09-04 10:00:00,49.32,100.00
129+04777,2020-09-04 10:10:00,46.97,100.00
129+04777,2020-09-04 10:20:00,46.57,100.00
129+04777,2020-09-04 10:30:00,40.59,100.00
129+04777,2020-09-04 10:40:00,47.88,100.00
129+04777,2020-09-04 10:50:00,45.65,100.00
129+04777,2020-09-04 11:00:00,42.64,100.00
129+04777,2020-09-04 11:10:00,40.62,100.00
129+04777,2020-09-04 11:20:00,40.46,100.00
129+04777,2020-09-04 11:30:00,33.65,100.00
129+04777,2020-09-04 11:40:00,24.50,100.00
129+04777,2020-09-04 11:50:00,28.40,100.00
129+04777,2020-09-04 12:00:00,23.33,100.00
129+04777,2020-09-04 12:10:00,19.53,100.00
129+04777,2020-09-04 12:20:00,18.28,100.00
129+04777,2020-09-04 12:30:00,20.47,100.00
129+04777,2020-09-04 12:40:00,27.56,100.00
129+04777,2020-09-04 12:50:00,19.82,100.00
129+04777,2020-09-04 13:00:00,29.96,100.00
129+04777,2020-09-04 13:10:00,33.45,100.00
129+04777,2020-09-04 13:20:00,38.87,100.00
129+04777,2020-09-04 13:30:00,38.30,100.00
129+04777,2020-09-04 13:40:00,28.96,100.00
129+04777,2020-09-04 13:50:00,32.97,100.00
129+04777,2020-09-04 14:00:00,31.74,100.00
129+04777,2020-09-04 14:10:00,24.73,100.00
129+04777,2020-09-04 14:20:00,26.58,100.00
129+04777,2020-09-04 14:30:00,28.46,100.00
129+04777,2020-09-04 14:40:00,30.96,100.00
129+04777,2020-09-04 14:50:00,35.41,100.00
129+04777,2020-09-04 15:00:00,39.08,100.00
129+04777,2020-09-04 15:10:00,37.52,100.00
129+04777,2020-09-04 15:20:00,36.57,100.00
129+04777,2020-09-04 15:30:00,26.18,100.00
129+04777,2020-09-04 15:40:00,25.81,100.00
129+04777,2020-09-04 15:50:00,24.57,100.00
129+04777,2020-09-04 16:00:00,27.48,100.00
129+04777,2020-09-04 16:10:00,33.60,100.00
129+04777,2020-09-04 16:20:00,25.03,100.00
129+04777,2020-09-04 16:30:00,24.39,100.00
129+04777,2020-09-04 16:40:00,20.14,100.00
129+04777,2020-09-04 16:50:00,23.15,100.00
129+04777,2020-09-04 17:00:00,36.07,100.00
129+04777,2020-09-04 17:10:00,37.48,100.00
129+04777,2020-09-04 17:20:00,39.77,100.00
129+04777,2020-09-04 17:30:00,35.80,100.00
129+04777,2020-09-04 17:40:00,38.26,100.00
129+04777,2020-09-04 17:50:00,41.61,99.00
129+04777,2020-09-04 18:00:00,51.26,97.00
129+04777,2020-09-04 18:10:00,50.28,100.00
129+04777,2020-09-04 18:20:00,43.30,100.00
129+04777,2020-09-04 18:30:00,49.97,100.00
129+04777,2020-09-04 18:40:00,50.98,100.00
129+04777,2020-09-04 18:50:00,51.57,100.00
129+04777,2020-09-04 19:00:00,47.88,100.00
129+04777,2020-09-04 19:10:00,49.51,100.00
129+04777,2020-09-04 19:20:00,51.36,100.00
129+04777,2020-09-04 19:30:00,45.12,100.00
129+04777,2020-09-04 19:40:00,45.35,100.00
129+04777,2020-09-04 19:50:00,48.99,100.00
129+04777,2020-09-04 20:00:00,43.15,100.00
129+04777,2020-09-04 20:10:00,51.25,100.00
129+04777,2020-09-04 20:20:00,52.80,100.00
129+04777,2020-09-04 20:30:00,51.29,100.00
129+04777,2020-09-04 20:40:00,45.37,100.00
129+04777,2020-09-04 20:50:00,49.18,100.00
129+04777,2020-09-04 21:00:00,51.53,100.00
129+04777,2020-09-04 21:10:00,49.16,100.00
129+04777,2020-09-04 21:20:00,48.71,100.00
129+04777,2020-09-04 21:30:00,52.91,100.00
129+04777,2020-09-04 21:40:00,58.90,100.00
129+04777,2020-09-04 21:50:00,54.95,100.00
129+04777,2020-09-04 22:00:00,53.18,100.00
129+04777,2020-09-04 22:10:00,49.38,100.00
129+04777,2020-09-04 22:20:00,49.79,100.00
129+04777,2020-09-04 22:30:00,51.38,100.00
129+04777,2020-09-04 22:40:00,56.20,100.00
129+04777,2020-09-04 22:50:00,45.78,100.00
129+04777,2020-09-04 23:00:00,54.65,100.00
129+04777,2020-09-04 23:10:00,48.47,100.00
129+04777,2020-09-04 23:20:00,50.35,100.00
129+04777,2020-09-04 23:30:00,55.36,100.00
129+04777,2020-09-04 23:40:00,57.63,100.00
129+04777,2020-09-04 23:50:00,55.00,100.00
129+04414,2020-09-04 00:00:00,37.47,100.00
129+04414,2020-09-04 00:10:00,30.49,93.00
129+04414,2020-09-04 00:20:00,31.59,97.00
129+04414,2020-09-04 00:30:00,33.15,100.00
129+04414,2020-09-04 00:40:00,34.83,100.00
129+04414,2020-09-04 00:50:00,39.00,100.00
129+04414,2020-09-04 01:00:00,42.48,100.00
129+04414,2020-09-04 01:10:00,43.46,96.00
129+04414,2020-09-04 01:20:00,42.00,99.00
129+04414,2020-09-04 01:30:00,43.30,90.00
129+04414,2020-09-04 01:40:00,44.80,90.00
129+04414,2020-09-04 01:50:00,45.00,90.00
129+04414,2020-09-04 02:00:00,37.50,100.00
129+04414,2020-09-04 02:10:00,35.29,90.00
129+04414,2020-09-04 02:20:00,37.95,90.00
129+04414,2020-09-04 02:30:00,40.00,90.00
129+04414,2020-09-04 02:40:00,40.00,90.00
129+04414,2020-09-04 02:50:00,40.00,
129+04414,2020-09-04 03:00:00,35.70,97.14
129+04414,2020-09-04 03:10:00,33.90,90.00
129+04414,2020-09-04 03:20:00,36.53,90.00
129+04414,2020-09-04 03:30:00,39.00,90.00
129+04414,2020-09-04 03:40:00,39.00,90.00
129+04414,2020-09-04 03:50:00,42.04,100.00
129+04414,2020-09-04 04:00:00,43.00,90.00
129+04414,2020-09-04 04:10:00,44.29,98.00
129+04414,2020-09-04 04:20:00,42.72,98.00
129+04414,2020-09-04 04:30:00,41.68,100.00
129+04414,2020-09-04 04:40:00,39.00,100.00
129+04414,2020-09-04 04:50:00,38.46,100.00
129+04414,2020-09-04 05:00:00,37.03,100.00
129+04414,2020-09-04 05:10:00,38.89,100.00
129+04414,2020-09-04 05:20:00,48.27,100.00
129+04414,2020-09-04 05:30:00,53.56,100.00
129+04414,2020-09-04 05:40:00,53.00,100.00
129+04414,2020-09-04 05:50:00,52.30,100.00
129+04414,2020-09-04 06:00:00,55.96,100.00
129+04414,2020-09-04 06:10:00,56.40,100.00
129+04414,2020-09-04 06:20:00,52.74,100.00
129+04414,2020-09-04 06:30:00,48.65,100.00
129+04414,2020-09-04 06:40:00,50.01,100.00
129+04414,2020-09-04 06:50:00,47.59,100.00
129+04414,2020-09-04 07:00:00,49.33,100.00
129+04414,2020-09-04 07:10:00,47.15,100.00
129+04414,2020-09-04 07:20:00,45.90,100.00
129+04414,2020-09-04 07:30:00,52.20,100.00
129+04414,2020-09-04 07:40:00,47.26,100.00
129+04414,2020-09-04 07:50:00,52.72,100.00
129+04414,2020-09-04 08:00:00,50.30,100.00
129+04414,2020-09-04 08:10:00,47.25,100.00
129+04414,2020-09-04 08:20:00,50.68,100.00
129+04414,2020-09-04 08:30:00,50.64,100.00
129+04414,2020-09-04 08:40:00,46.23,100.00
129+04414,2020-09-04 08:50:00,47.32,100.00
129+04414,2020-09-04 09:00:00,47.32,100.00
129+04414,2020-09-04 09:10:00,48.54,100.00
129+04414,2020-09-04 09:20:00,48.41,100.00
129+04414,2020-09-04 09:30:00,45.56,100.00
129+04414,2020-09-04 09:40:00,47.34,100.00
129+04414,2020-09-04 09:50:00,42.69,100.00
129+04414,2020-09-04 10:00:00,48.67,100.00
129+04414,2020-09-04 10:10:00,48.95,100.00
129+04414,2020-09-04 10:20:00,44.79,100.00
129+04414,2020-09-04 10:30:00,41.38,100.00
129+04414,2020-09-04 10:40:00,46.18,100.00
129+04414,2020-09-04 10:50:00,45.17,100.00
129+04414,2020-09-04 11:00:00,42.28,100.00
129+04414,2020-09-04 11:10:00,40.34,100.00
129+04414,2020-09-04 11:20:00,38.35,100.00
129+04414,2020-09-04 11:30:00,36.09,100.00
129+04414,2020-09-04 11:40:00,41.46,100.00
129+04414,2020-09-04 11:50:00,42.04,100.00
129+04414,2020-09-04 12:00:00,45.03,100.00
129+04414,2020-09-04 12:10:00,43.53,100.00
129+04414,2020-09-04 12:20:00,42.34,100.00
129+04414,2020-09-04 12:30:00,42.79,100.00
129+04414,2020-09-04 12:40:00,38.94,100.00
129+04414,2020-09-04 12:50:00,40.57,100.00
129+04414,2020-09-04 13:00:00,41.26,100.00
129+04414,2020-09-04 13:10:00,38.38,100.00
129+04414,2020-09-04 13:20:00,36.52,100.00
129+04414,2020-09-04 13:30:00,39.35,100.00
129+04414,2020-09-04 13:40:00,42.07,100.00
129+04414,2020-09-04 13:50:00,38.22,100.00
129+04414,2020-09-04 14:00:00,39.59,100.00
129+04414,2020-09-04 14:10:00,41.66,100.00
129+04414,2020-09-04 14:20:00,39.67,100.00
129+04414,2020-09-04 14:30:00,39.49,100.00
129+04414,2020-09-04 14:40:00,37.59,100.00
129+04414,2020-09-04 14:50:00,39.45,100.00
129+04414,2020-09-04 15:00:00,40.16,100.00
129+04414,2020-09-04 15:10:00,40.08,100.00
129+04414,2020-09-04 15:20:00,39.85,100.00
129+04414,2020-09-04 15:30:00,37.97,100.00
129+04414,2020-09-04 15:40:00,41.01,100.00
129+04414,2020-09-04 15:50:00,38.29,100.00
129+04414,2020-09-04 16:00:00,39.98,100.00
129+04414,2020-09-04 16:10:00,41.08,100.00
129+04414,2020-09-04 16:20:00,42.55,100.00
129+04414,2020-09-04 16:30:00,40.98,100.00
129+04414,2020-09-04 16:40:00,38.31,100.00
129+04414,2020-09-04 16:50:00,38.29,100.00
129+04414,2020-09-04 17:00:00,38.31,100.00
129+04414,2020-09-04 17:10:00,37.07,100.00
129+04414,2020-09-04 17:20:00,37.86,100.00
129+04414,2020-09-04 17:30:00,40.03,100.00
129+04414,2020-09-04 17:40:00,39.38,100.00
129+04414,2020-09-04 17:50:00,39.49,100.00
129+04414,2020-09-04 18:00:00,39.67,100.00
129+04414,2020-09-04 18:10:00,38.74,100.00
129+04414,2020-09-04 18:20:00,42.49,100.00
129+04414,2020-09-04 18:30:00,45.68,100.00
129+04414,2020-09-04 18:40:00,42.98,100.00
129+04414,2020-09-04 18:50:00,43.39,100.00
129+04414,2020-09-04 19:00:00,44.27,100.00
129+04414,2020-09-04 19:10:00,44.01,100.00
129+04414,2020-09-04 19:20:00,50.32,100.00
129+04414,2020-09-04 19:30:00,43.50,100.00
129+04414,2020-09-04 19:40:00,43.08,100.00
129+04414,2020-09-04 19:50:00,42.18,100.00
129+04414,2020-09-04 20:00:00,36.15,100.00
129+04414,2020-09-04 20:10:00,42.78,100.00
129+04414,2020-09-04 20:20:00,45.99,100.00
129+04414,2020-09-04 20:30:00,48.11,100.00
129+04414,2020-09-04 20:40:00,45.75,100.00
129+04414,2020-09-04 20:50:00,43.91,100.00
129+04414,2020-09-04 21:00:00,45.20,100.00
129+04414,2020-09-04 21:10:00,46.06,100.00
129+04414,2020-09-04 21:20:00,45.73,100.00
129+04414,2020-09-04 21:30:00,45.78,100.00
129+04414,2020-09-04 21:40:00,48.46,100.00
129+04414,2020-09-04 21:50:00,42.24,100.00
129+04414,2020-09-04 22:00:00,43.77,100.00
129+04414,2020-09-04 22:10:00,42.77,100.00
129+04414,2020-09-04 22:20:00,47.89,100.00
129+04414,2020-09-04 22:30:00,46.30,100.00
129+04414,2020-09-04 22:40:00,43.58,100.00
129+04414,2020-09-04 22:50:00,46.46,100.00
129+04414,2020-09-04 23:00:00,47.10,100.00
129+04414,2020-09-04 23:10:00,45.35,100.00
129+04414,2020-09-04 23:20:00,41.69,100.00
129+04414,2020-09-04 23:30:00,40.59,100.00
129+04414,2020-09-04 23:40:00,43.39,100.00
129+04414,2020-09-04 23:50:00,44.21,100.00
129+04778,2020-09-04 00:00:00,44.47,100.00
129+04778,2020-09-04 00:10:00,46.38,100.00
129+04778,2020-09-04 00:20:00,47.31,100.00
129+04778,2020-09-04 00:30:00,39.98,95.00
129+04778,2020-09-04 00:40:00,41.04,94.00
129+04778,2020-09-04 00:50:00,44.69,100.00
129+04778,2020-09-04 01:00:00,53.98,100.00
129+04778,2020-09-04 01:10:00,48.19,100.00
129+04778,2020-09-04 01:20:00,46.18,100.00
129+04778,2020-09-04 01:30:00,45.20,100.00
129+04778,2020-09-04 01:40:00,40.22,97.00
129+04778,2020-09-04 01:50:00,35.20,93.00
129+04778,2020-09-04 02:00:00,42.35,99.00
129+04778,2020-09-04 02:10:00,48.24,100.00
129+04778,2020-09-04 02:20:00,46.39,100.00
129+04778,2020-09-04 02:30:00,45.77,100.00
129+04778,2020-09-04 02:40:00,45.66,98.00
129+04778,2020-09-04 02:50:00,51.59,98.00
129+04778,2020-09-04 03:00:00,52.00,90.00
129+04778,2020-09-04 03:10:00,50.79,94.00
129+04778,2020-09-04 03:20:00,50.00,92.00
129+04778,2020-09-04 03:30:00,49.10,90.00
129+04778,2020-09-04 03:40:00,49.00,97.00
129+04778,2020-09-04 03:50:00,48.30,90.00
129+04778,2020-09-04 04:00:00,46.39,93.00
129+04778,2020-09-04 04:10:00,45.20,100.00
129+04778,2020-09-04 04:20:00,48.81,100.00
129+04778,2020-09-04 04:30:00,43.49,100.00
129+04778,2020-09-04 04:40:00,49.22,100.00
129+04778,2020-09-04 04:50:00,50.49,100.00
129+04778,2020-09-04 05:00:00,51.38,100.00
129+04778,2020-09-04 05:10:00,52.39,100.00
129+04778,2020-09-04 05:20:00,54.50,100.00
129+04778,2020-09-04 05:30:00,54.78,100.00
129+04778,2020-09-04 05:40:00,54.56,100.00
129+04778,2020-09-04 05:50:00,53.88,100.00
129+04778,2020-09-04 06:00:00,55.46,100.00
129+04778,2020-09-04 06:10:00,51.88,100.00
129+04778,2020-09-04 06:20:00,55.78,100.00
129+04778,2020-09-04 06:30:00,50.12,100.00
129+04778,2020-09-04 06:40:00,55.36,100.00
129+04778,2020-09-04 06:50:00,53.09,100.00
129+04778,2020-09-04 07:00:00,54.51,100.00
129+04778,2020-09-04 07:10:00,50.97,100.00
129+04778,2020-09-04 07:20:00,52.58,100.00
129+04778,2020-09-04 07:30:00,51.12,100.00
129+04778,2020-09-04 07:40:00,55.39,100.00
129+04778,2020-09-04 07:50:00,51.44,100.00
129+04778,2020-09-04 08:00:00,51.08,100.00
129+04778,2020-09-04 08:10:00,49.70,100.00
129+04778,2020-09-04 08:20:00,54.31,100.00
129+04778,2020-09-04 08:30:00,49.83,100.00
129+04778,2020-09-04 08:40:00,48.97,100.00
129+04778,2020-09-04 08:50:00,48.18,100.00
129+04778,2020-09-04 09:00:00,56.37,100.00
129+04778,2020-09-04 09:10:00,55.15,100.00
129+04778,2020-09-04 09:20:00,43.12,100.00
129+04778,2020-09-04 09:30:00,54.29,100.00
129+04778,2020-09-04 09:40:00,49.81,100.00
129+04778,2020-09-04 09:50:00,49.02,100.00
129+04778,2020-09-04 10:00:00,46.39,100.00
129+04778,2020-09-04 10:10:00,47.87,100.00
129+04778,2020-09-04 10:20:00,46.81,100.00
129+04778,2020-09-04 10:30:00,43.28,100.00
129+04778,2020-09-04 10:40:00,47.68,99.00
129+04778,2020-09-04 10:50:00,47.57,97.00
129+04778,2020-09-04 11:00:00,38.43,100.00
129+04778,2020-09-04 11:10:00,31.21,100.00
129+04778,2020-09-04 11:20:00,26.55,100.00
129+04778,2020-09-04 11:30:00,22.99,100.00
129+04778,2020-09-04 11:40:00,15.37,100.00
129+04778,2020-09-04 11:50:00,17.73,100.00
129+04778,2020-09-04 12:00:00,18.26,100.00
129+04778,2020-09-04 12:10:00,14.66,100.00
129+04778,2020-09-04 12:20:00,14.18,100.00
129+04778,2020-09-04 12:30:00,13.46,100.00
129+04778,2020-09-04 12:40:00,16.09,100.00
129+04778,2020-09-04 12:50:00,15.15,100.00
129+04778,2020-09-04 13:00:00,17.30,100.00
129+04778,2020-09-04 13:10:00,25.94,100.00
129+04778,2020-09-04 13:20:00,32.34,99.00
129+04778,2020-09-04 13:30:00,35.92,94.00
129+04778,2020-09-04 13:40:00,18.93,100.00
129+04778,2020-09-04 13:50:00,22.66,100.00
129+04778,2020-09-04 14:00:00,20.67,100.00
129+04778,2020-09-04 14:10:00,17.50,100.00
129+04778,2020-09-04 14:20:00,16.36,100.00
129+04778,2020-09-04 14:30:00,16.19,100.00
129+04778,2020-09-04 14:40:00,18.20,100.00
129+04778,2020-09-04 14:50:00,25.19,100.00
129+04778,2020-09-04 15:00:00,39.50,100.00
129+04778,2020-09-04 15:10:00,35.36,100.00
129+04778,2020-09-04 15:20:00,28.71,100.00
129+04778,2020-09-04 15:30:00,17.67,100.00
129+04778,2020-09-04 15:40:00,18.05,100.00
129+04778,2020-09-04 15:50:00,17.82,100.00
129+04778,2020-09-04 16:00:00,19.16,100.00
129+04778,2020-09-04 16:10:00,22.70,100.00
129+04778,2020-09-04 16:20:00,15.71,100.00
129+04778,2020-09-04 16:30:00,16.55,100.00
129+04778,2020-09-04 16:40:00,15.74,100.00
129+04778,2020-09-04 16:50:00,15.43,100.00
129+04778,2020-09-04 17:00:00,24.38,100.00
129+04778,2020-09-04 17:10:00,28.60,100.00
129+04778,2020-09-04 17:20:00,41.77,94.00
129+04778,2020-09-04 17:30:00,40.70,100.00
129+04778,2020-09-04 17:40:00,36.35,100.00
129+04778,2020-09-04 17:50:00,30.55,100.00
129+04778,2020-09-04 18:00:00,48.77,92.00
129+04778,2020-09-04 18:10:00,47.03,95.00
129+04778,2020-09-04 18:20:00,39.89,100.00
129+04778,2020-09-04 18:30:00,45.05,100.00
129+04778,2020-09-04 18:40:00,51.45,100.00
129+04778,2020-09-04 18:50:00,49.89,100.00
129+04778,2020-09-04 19:00:00,47.52,100.00
129+04778,2020-09-04 19:10:00,47.58,100.00
129+04778,2020-09-04 19:20:00,49.76,100.00
129+04778,2020-09-04 19:30:00,45.18,100.00
129+04778,2020-09-04 19:40:00,45.55,100.00
129+04778,2020-09-04 19:50:00,47.70,100.00
129+04778,2020-09-04 20:00:00,45.47,100.00
129+04778,2020-09-04 20:10:00,48.26,100.00
129+04778,2020-09-04 20:20:00,49.19,100.00
129+04778,2020-09-04 20:30:00,48.97,100.00
129+04778,2020-09-04 20:40:00,48.74,100.00
129+04778,2020-09-04 20:50:00,50.75,100.00
129+04778,2020-09-04 21:00:00,50.82,100.00
129+04778,2020-09-04 21:10:00,47.49,100.00
129+04778,2020-09-04 21:20:00,48.61,100.00
129+04778,2020-09-04 21:30:00,51.84,100.00
129+04778,2020-09-04 21:40:00,56.19,100.00
129+04778,2020-09-04 21:50:00,53.55,100.00
129+04778,2020-09-04 22:00:00,53.00,100.00
129+04778,2020-09-04 22:10:00,50.85,100.00
129+04778,2020-09-04 22:20:00,50.56,100.00
129+04778,2020-09-04 22:30:00,51.33,100.00
129+04778,2020-09-04 22:40:00,55.39,100.00
129+04778,2020-09-04 22:50:00,54.28,100.00
129+04778,2020-09-04 23:00:00,52.75,100.00
129+04778,2020-09-04 23:10:00,48.12,100.00
129+04778,2020-09-04 23:20:00,47.33,100.00
129+04778,2020-09-04 23:30:00,55.84,100.00
129+04778,2020-09-04 23:40:00,59.59,100.00
129+04778,2020-09-04 23:50:00,57.00,100.00
129+04415,2020-09-04 00:00:00,30.34,96.00
129+04415,2020-09-04 00:10:00,25.71,93.00
129+04415,2020-09-04 00:20:00,29.03,97.00
129+04415,2020-09-04 00:30:00,30.85,100.00
129+04415,2020-09-04 00:40:00,30.49,100.00
129+04415,2020-09-04 00:50:00,32.07,90.00
129+04415,2020-09-04 01:00:00,33.89,92.00
129+04415,2020-09-04 01:10:00,34.00,83.00
129+04415,2020-09-04 01:20:00,36.04,80.00
129+04415,2020-09-04 01:30:00,39.00,80.00
129+04415,2020-09-04 01:40:00,38.59,80.00
129+04415,2020-09-04 01:50:00,38.00,
129+04415,2020-09-04 02:00:00,36.42,98.33
129+04415,2020-09-04 02:10:00,34.29,91.00
129+04415,2020-09-04 02:20:00,36.46,90.00
129+04415,2020-09-04 02:30:00,39.00,90.00
129+04415,2020-09-04 02:40:00,39.00,90.00
129+04415,2020-09-04 02:50:00,39.00,
129+04415,2020-09-04 03:00:00,34.48,96.67
129+04415,2020-09-04 03:10:00,33.58,99.00
129+04415,2020-09-04 03:20:00,34.10,100.00
129+04415,2020-09-04 03:30:00,38.97,90.00
129+04415,2020-09-04 03:40:00,40.00,90.00
129+04415,2020-09-04 03:50:00,40.94,97.00
129+04415,2020-09-04 04:00:00,39.00,91.00
129+04415,2020-09-04 04:10:00,39.69,90.00
129+04415,2020-09-04 04:20:00,31.33,96.00
129+04415,2020-09-04 04:30:00,31.18,95.00
129+04415,2020-09-04 04:40:00,30.00,91.00
129+04415,2020-09-04 04:50:00,33.82,99.00
129+04415,2020-09-04 05:00:00,38.17,100.00
129+04415,2020-09-04 05:10:00,40.59,100.00
129+04415,2020-09-04 05:20:00,42.38,100.00
129+04415,2020-09-04 05:30:00,40.38,100.00
129+04415,2020-09-04 05:40:00,40.38,100.00
129+04415,2020-09-04 05:50:00,42.29,100.00
129+04415,2020-09-04 06:00:00,47.24,100.00
129+04415,2020-09-04 06:10:00,47.00,100.00
129+04415,2020-09-04 06:20:00,47.09,100.00
129+04415,2020-09-04 06:30:00,40.79,100.00
129+04415,2020-09-04 06:40:00,44.62,100.00
129+04415,2020-09-04 06:50:00,38.58,100.00
129+04415,2020-09-04 07:00:00,40.17,97.00
129+04415,2020-09-04 07:10:00,41.16,100.00
129+04415,2020-09-04 07:20:00,41.67,100.00
129+04415,2020-09-04 07:30:00,43.33,100.00
129+04415,2020-09-04 07:40:00,42.13,100.00
129+04415,2020-09-04 07:50:00,40.83,100.00
129+04415,2020-09-04 08:00:00,39.49,100.00
129+04415,2020-09-04 08:10:00,40.67,100.00
129+04415,2020-09-04 08:20:00,41.63,100.00
129+04415,2020-09-04 08:30:00,38.47,100.00
129+04415,2020-09-04 08:40:00,38.13,100.00
129+04415,2020-09-04 08:50:00,39.26,100.00
129+04415,2020-09-04 09:00:00,39.69,100.00
129+04415,2020-09-04 09:10:00,40.17,100.00
129+04415,2020-09-04 09:20:00,37.31,100.00
129+04415,2020-09-04 09:30:00,40.38,100.00
129+04415,2020-09-04 09:40:00,39.07,100.00
129+04415,2020-09-04 09:50:00,36.59,100.00
129+04415,2020-09-04 10:00:00,37.36,100.00
129+04415,2020-09-04 10:10:00,38.73,100.00
129+04415,2020-09-04 10:20:00,36.44,100.00
129+04415,2020-09-04 10:30:00,37.03,100.00
129+04415,2020-09-04 10:40:00,37.96,100.00
129+04415,2020-09-04 10:50:00,38.63,100.00
129+04415,2020-09-04 11:00:00,35.46,100.00
129+04415,2020-09-04 11:10:00,35.34,100.00
129+04415,2020-09-04 11:20:00,34.84,100.00
129+04415,2020-09-04 11:30:00,34.71,100.00
129+04415,2020-09-04 11:40:00,36.24,100.00
129+04415,2020-09-04 11:50:00,36.46,100.00
129+04415,2020-09-04 12:00:00,37.66,100.00
129+04415,2020-09-04 12:10:00,37.13,100.00
129+04415,2020-09-04 12:20:00,36.38,100.00
129+04415,2020-09-04 12:30:00,32.63,100.00
129+04415,2020-09-04 12:40:00,34.22,100.00
129+04415,2020-09-04 12:50:00,33.94,100.00
129+04415,2020-09-04 13:00:00,35.77,100.00
129+04415,2020-09-04 13:10:00,35.37,100.00
129+04415,2020-09-04 13:20:00,33.67,100.00
129+04415,2020-09-04 13:30:00,31.77,100.00
129+04415,2020-09-04 13:40:00,35.27,100.00
129+04415,2020-09-04 13:50:00,37.03,100.00
129+04415,2020-09-04 14:00:00,37.69,100.00
129+04415,2020-09-04 14:10:00,37.69,100.00
129+04415,2020-09-04 14:20:00,36.97,100.00
129+04415,2020-09-04 14:30:00,37.58,100.00
129+04415,2020-09-04 14:40:00,33.82,100.00
129+04415,2020-09-04 14:50:00,35.92,100.00
129+04415,2020-09-04 15:00:00,36.34,100.00
129+04415,2020-09-04 15:10:00,37.14,100.00
129+04415,2020-09-04 15:20:00,36.73,100.00
129+04415,2020-09-04 15:30:00,35.48,100.00
129+04415,2020-09-04 15:40:00,36.68,100.00
129+04415,2020-09-04 15:50:00,38.32,100.00
129+04415,2020-09-04 16:00:00,36.78,100.00
129+04415,2020-09-04 16:10:00,35.93,100.00
129+04415,2020-09-04 16:20:00,38.07,100.00
129+04415,2020-09-04 16:30:00,37.37,100.00
129+04415,2020-09-04 16:40:00,36.11,100.00
129+04415,2020-09-04 16:50:00,34.78,100.00
129+04415,2020-09-04 17:00:00,37.24,100.00
129+04415,2020-09-04 17:10:00,35.76,100.00
129+04415,2020-09-04 17:20:00,37.49,100.00
129+04415,2020-09-04 17:30:00,41.05,100.00
129+04415,2020-09-04 17:40:00,39.08,100.00
129+04415,2020-09-04 17:50:00,38.28,100.00
129+04415,2020-09-04 18:00:00,39.37,100.00
129+04415,2020-09-04 18:10:00,38.12,100.00
129+04415,2020-09-04 18:20:00,37.88,100.00
129+04415,2020-09-04 18:30:00,38.98,100.00
129+04415,2020-09-04 18:40:00,40.26,100.00
129+04415,2020-09-04 18:50:00,39.20,100.00
129+04415,2020-09-04 19:00:00,42.88,100.00
129+04415,2020-09-04 19:10:00,41.83,100.00
129+04415,2020-09-04 19:20:00,42.77,100.00
129+04415,2020-09-04 19:30:00,37.79,100.00
129+04415,2020-09-04 19:40:00,39.07,100.00
129+04415,2020-09-04 19:50:00,36.98,100.00
129+04415,2020-09-04 20:00:00,31.38,100.00
129+04415,2020-09-04 20:10:00,37.20,100.00
129+04415,2020-09-04 20:20:00,36.06,100.00
129+04415,2020-09-04 20:30:00,40.81,100.00
129+04415,2020-09-04 20:40:00,42.05,100.00
129+04415,2020-09-04 20:50:00,38.09,100.00
129+04415,2020-09-04 21:00:00,36.06,100.00
129+04415,2020-09-04 21:10:00,36.42,100.00
129+04415,2020-09-04 21:20:00,39.59,100.00
129+04415,2020-09-04 21:30:00,38.56,100.00
129+04415,2020-09-04 21:40:00,39.92,100.00
129+04415,2020-09-04 21:50:00,42.08,100.00
129+04415,2020-09-04 22:00:00,39.90,100.00
129+04415,2020-09-04 22:10:00,39.90,100.00
129+04415,2020-09-04 22:20:00,38.38,100.00
129+04415,2020-09-04 22:30:00,33.71,100.00
129+04415,2020-09-04 22:40:00,36.02,100.00
129+04415,2020-09-04 22:50:00,37.12,100.00
129+04415,2020-09-04 23:00:00,39.49,100.00
129+04415,2020-09-04 23:10:00,38.98,100.00
129+04415,2020-09-04 23:20:00,38.90,100.00
129+04415,2020-09-04 23:30:00,36.46,97.00
129+04415,2020-09-04 23:40:00,37.46,100.00
129+04415,2020-09-04 23:50:00,37.46,100.00
129P04409,2020-09-04 00:00:00,39.76,100.00
129P04409,2020-09-04 00:10:00,38.97,100.00
129P04409,2020-09-04 00:20:00,37.00,100.00
129P04409,2020-09-04 00:30:00,38.92,100.00
129P04409,2020-09-04 00:40:00,39.98,100.00
129P04409,2020-09-04 00:50:00,40.00,100.00
129P04409,2020-09-04 01:00:00,49.79,100.00
129P04409,2020-09-04 01:10:00,49.03,95.00
129P04409,2020-09-04 01:20:00,41.89,98.00
129P04409,2020-09-04 01:30:00,41.49,90.00
129P04409,2020-09-04 01:40:00,45.26,90.00
129P04409,2020-09-04 01:50:00,43.00,100.00
129P04409,2020-09-04 02:00:00,43.00,100.00
129P04409,2020-09-04 02:10:00,45.17,98.00
129P04409,2020-09-04 02:20:00,52.18,100.00
129P04409,2020-09-04 02:30:00,50.48,100.00
129P04409,2020-09-04 02:40:00,46.25,100.00
129P04409,2020-09-04 02:50:00,44.70,100.00
129P04409,2020-09-04 03:00:00,43.28,100.00
129P04409,2020-09-04 03:10:00,43.00,100.00
129P04409,2020-09-04 03:20:00,43.58,97.00
129P04409,2020-09-04 03:30:00,45.00,90.00
129P04409,2020-09-04 03:40:00,45.00,90.00
129P04409,2020-09-04 03:50:00,51.00,90.00
129P04409,2020-09-04 04:00:00,50.10,90.00
129P04409,2020-09-04 04:10:00,54.59,90.00
129P04409,2020-09-04 04:20:00,52.75,100.00
129P04409,2020-09-04 04:30:00,48.82,100.00
129P04409,2020-09-04 04:40:00,47.00,100.00
129P04409,2020-09-04 04:50:00,43.36,100.00
129P04409,2020-09-04 05:00:00,46.67,100.00
129P04409,2020-09-04 05:10:00,52.46,100.00
129P04409,2020-09-04 05:20:00,53.03,100.00
129P04409,2020-09-04 05:30:00,56.40,100.00
129P04409,2020-09-04 05:40:00,57.70,100.00
129P04409,2020-09-04 05:50:00,57.39,100.00
129P04409,2020-09-04 06:00:00,60.29,100.00
129P04409,2020-09-04 06:10:00,61.00,100.00
129P04409,2020-09-04 06:20:00,54.28,100.00
129P04409,2020-09-04 06:30:00,48.08,100.00
129P04409,2020-09-04 06:40:00,55.11,100.00
129P04409,2020-09-04 06:50:00,51.35,100.00
129P04409,2020-09-04 07:00:00,54.18,100.00
129P04409,2020-09-04 07:10:00,54.87,100.00
129P04409,2020-09-04 07:20:00,54.38,100.00
129P04409,2020-09-04 07:30:00,55.33,100.00
129P04409,2020-09-04 07:40:00,49.27,100.00
129P04409,2020-09-04 07:50:00,52.54,100.00
129P04409,2020-09-04 08:00:00,51.22,100.00
129P04409,2020-09-04 08:10:00,51.71,100.00
129P04409,2020-09-04 08:20:00,53.53,100.00
129P04409,2020-09-04 08:30:00,54.04,100.00
129P04409,2020-09-04 08:40:00,52.84,100.00
129P04409,2020-09-04 08:50:00,50.59,100.00
129P04409,2020-09-04 09:00:00,51.65,100.00
129P04409,2020-09-04 09:10:00,52.41,100.00
129P04409,2020-09-04 09:20:00,51.53,100.00
129P04409,2020-09-04 09:30:00,51.64,100.00
129P04409,2020-09-04 09:40:00,51.75,100.00
129P04409,2020-09-04 09:50:00,50.67,100.00
129P04409,2020-09-04 10:00:00,49.96,100.00
129P04409,2020-09-04 10:10:00,49.32,100.00
129P04409,2020-09-04 10:20:00,48.49,100.00
129P04409,2020-09-04 10:30:00,50.36,100.00
129P04409,2020-09-04 10:40:00,49.07,100.00
129P04409,2020-09-04 10:50:00,50.77,100.00
129P04409,2020-09-04 11:00:00,46.99,100.00
129P04409,2020-09-04 11:10:00,45.35,100.00
129P04409,2020-09-04 11:20:00,45.22,100.00
129P04409,2020-09-04 11:30:00,45.09,100.00
129P04409,2020-09-04 11:40:00,47.95,100.00
129P04409,2020-09-04 11:50:00,48.90,100.00
129P04409,2020-09-04 12:00:00,50.36,100.00
129P04409,2020-09-04 12:10:00,50.98,100.00
129P04409,2020-09-04 12:20:00,44.63,100.00
129P04409,2020-09-04 12:30:00,48.96,96.00
129P04409,2020-09-04 12:40:00,46.71,97.00
129P04409,2020-09-04 12:50:00,41.75,97.00
129P04409,2020-09-04 13:00:00,41.31,96.00
129P04409,2020-09-04 13:10:00,31.69,98.00
129P04409,2020-09-04 13:20:00,19.88,100.00
129P04409,2020-09-04 13:30:00,16.70,100.00
129P04409,2020-09-04 13:40:00,31.78,98.00
129P04409,2020-09-04 13:50:00,42.44,91.00
129P04409,2020-09-04 14:00:00,32.82,92.00
129P04409,2020-09-04 14:10:00,12.23,100.00
129P04409,2020-09-04 14:20:00,10.22,100.00
129P04409,2020-09-04 14:30:00,9.18,100.00
129P04409,2020-09-04 14:40:00,9.71,100.00
129P04409,2020-09-04 14:50:00,8.67,100.00
129P04409,2020-09-04 15:00:00,9.78,100.00
129P04409,2020-09-04 15:10:00,10.76,100.00
129P04409,2020-09-04 15:20:00,9.47,100.00
129P04409,2020-09-04 15:30:00,10.45,100.00
129P04409,2020-09-04 15:40:00,10.01,100.00
129P04409,2020-09-04 15:50:00,9.54,100.00
129P04409,2020-09-04 16:00:00,8.89,100.00
129P04409,2020-09-04 16:10:00,9.00,100.00
129P04409,2020-09-04 16:20:00,7.68,100.00
129P04409,2020-09-04 16:30:00,9.00,100.00
129P04409,2020-09-04 16:40:00,8.89,100.00
129P04409,2020-09-04 16:50:00,8.89,100.00
129P04409,2020-09-04 17:00:00,7.80,100.00
129P04409,2020-09-04 17:10:00,8.20,100.00
129P04409,2020-09-04 17:20:00,9.18,100.00
129P04409,2020-09-04 17:30:00,8.93,100.00
129P04409,2020-09-04 17:40:00,9.72,100.00
129P04409,2020-09-04 17:50:00,11.79,100.00
129P04409,2020-09-04 18:00:00,18.49,100.00
129P04409,2020-09-04 18:10:00,43.95,91.00
129P04409,2020-09-04 18:20:00,49.05,90.00
129P04409,2020-09-04 18:30:00,48.86,98.00
129P04409,2020-09-04 18:40:00,44.68,100.00
129P04409,2020-09-04 18:50:00,43.35,100.00
129P04409,2020-09-04 19:00:00,46.55,100.00
129P04409,2020-09-04 19:10:00,47.84,100.00
129P04409,2020-09-04 19:20:00,55.32,100.00
129P04409,2020-09-04 19:30:00,47.23,100.00
129P04409,2020-09-04 19:40:00,47.78,100.00
129P04409,2020-09-04 19:50:00,49.02,100.00
129P04409,2020-09-04 20:00:00,46.89,100.00
129P04409,2020-09-04 20:10:00,49.79,100.00
129P04409,2020-09-04 20:20:00,49.25,100.00
129P04409,2020-09-04 20:30:00,54.43,100.00
129P04409,2020-09-04 20:40:00,51.38,100.00
129P04409,2020-09-04 20:50:00,49.72,100.00
129P04409,2020-09-04 21:00:00,48.44,100.00
129P04409,2020-09-04 21:10:00,52.09,100.00
129P04409,2020-09-04 21:20:00,51.32,100.00
129P04409,2020-09-04 21:30:00,48.77,100.00
129P04409,2020-09-04 21:40:00,49.81,100.00
129P04409,2020-09-04 21:50:00,47.86,100.00
129P04409,2020-09-04 22:00:00,50.86,100.00
129P04409,2020-09-04 22:10:00,52.10,100.00
129P04409,2020-09-04 22:20:00,56.78,100.00
129P04409,2020-09-04 22:30:00,56.04,100.00
129P04409,2020-09-04 22:40:00,58.06,100.00
129P04409,2020-09-04 22:50:00,52.00,100.00
129P04409,2020-09-04 23:00:00,51.98,100.00
129P04409,2020-09-04 23:10:00,49.37,100.00
129P04409,2020-09-04 23:20:00,49.41,100.00
129P04409,2020-09-04 23:30:00,47.45,100.00
129P04409,2020-09-04 23:40:00,53.73,100.00
129P04409,2020-09-04 23:50:00,50.06,100.00
129+04779,2020-09-04 00:00:00,44.69,100.00
129+04779,2020-09-04 00:10:00,47.06,100.00
129+04779,2020-09-04 00:20:00,47.87,100.00
129+04779,2020-09-04 00:30:00,39.86,95.00
129+04779,2020-09-04 00:40:00,39.02,94.00
129+04779,2020-09-04 00:50:00,42.95,100.00
129+04779,2020-09-04 01:00:00,54.06,100.00
129+04779,2020-09-04 01:10:00,47.01,100.00
129+04779,2020-09-04 01:20:00,44.49,100.00
129+04779,2020-09-04 01:30:00,44.00,100.00
129+04779,2020-09-04 01:40:00,45.27,97.00
129+04779,2020-09-04 01:50:00,40.00,93.00
129+04779,2020-09-04 02:00:00,48.97,99.00
129+04779,2020-09-04 02:10:00,50.87,100.00
129+04779,2020-09-04 02:20:00,47.30,100.00
129+04779,2020-09-04 02:30:00,45.86,100.00
129+04779,2020-09-04 02:40:00,45.39,98.00
129+04779,2020-09-04 02:50:00,50.17,98.00
129+04779,2020-09-04 03:00:00,50.60,90.00
129+04779,2020-09-04 03:10:00,50.00,94.00
129+04779,2020-09-04 03:20:00,50.00,92.00
129+04779,2020-09-04 03:30:00,49.10,90.00
129+04779,2020-09-04 03:40:00,48.10,97.00
129+04779,2020-09-04 03:50:00,48.00,90.00
129+04779,2020-09-04 04:00:00,46.04,93.00
129+04779,2020-09-04 04:10:00,44.29,100.00
129+04779,2020-09-04 04:20:00,48.65,100.00
129+04779,2020-09-04 04:30:00,43.49,100.00
129+04779,2020-09-04 04:40:00,50.06,100.00
129+04779,2020-09-04 04:50:00,48.98,100.00
129+04779,2020-09-04 05:00:00,48.98,100.00
129+04779,2020-09-04 05:10:00,50.38,100.00
129+04779,2020-09-04 05:20:00,55.00,100.00
129+04779,2020-09-04 05:30:00,54.50,100.00
129+04779,2020-09-04 05:40:00,54.36,100.00
129+04779,2020-09-04 05:50:00,51.89,100.00
129+04779,2020-09-04 06:00:00,52.94,100.00
129+04779,2020-09-04 06:10:00,50.14,100.00
129+04779,2020-09-04 06:20:00,54.45,100.00
129+04779,2020-09-04 06:30:00,45.90,100.00
129+04779,2020-09-04 06:40:00,53.90,100.00
129+04779,2020-09-04 06:50:00,52.41,100.00
129+04779,2020-09-04 07:00:00,52.93,100.00
129+04779,2020-09-04 07:10:00,48.54,100.00
129+04779,2020-09-04 07:20:00,46.17,100.00
129+04779,2020-09-04 07:30:00,47.76,100.00
129+04779,2020-09-04 07:40:00,51.57,100.00
129+04779,2020-09-04 07:50:00,46.27,100.00
129+04779,2020-09-04 08:00:00,48.71,100.00
129+04779,2020-09-04 08:10:00,45.83,100.00
129+04779,2020-09-04 08:20:00,50.19,100.00
129+04779,2020-09-04 08:30:00,45.89,100.00
129+04779,2020-09-04 08:40:00,42.91,100.00
129+04779,2020-09-04 08:50:00,42.38,100.00
129+04779,2020-09-04 09:00:00,51.84,100.00
129+04779,2020-09-04 09:10:00,50.53,100.00
129+04779,2020-09-04 09:20:00,41.12,100.00
129+04779,2020-09-04 09:30:00,49.36,100.00
129+04779,2020-09-04 09:40:00,43.68,100.00
129+04779,2020-09-04 09:50:00,45.18,100.00
129+04779,2020-09-04 10:00:00,41.52,100.00
129+04779,2020-09-04 10:10:00,42.61,100.00
129+04779,2020-09-04 10:20:00,38.60,100.00
129+04779,2020-09-04 10:30:00,36.13,100.00
129+04779,2020-09-04 10:40:00,37.62,99.00
129+04779,2020-09-04 10:50:00,42.94,97.00
129+04779,2020-09-04 11:00:00,29.27,100.00
129+04779,2020-09-04 11:10:00,23.09,100.00
129+04779,2020-09-04 11:20:00,18.35,100.00
129+04779,2020-09-04 11:30:00,17.87,100.00
129+04779,2020-09-04 11:40:00,14.81,100.00
129+04779,2020-09-04 11:50:00,15.77,100.00
129+04779,2020-09-04 12:00:00,16.14,100.00
129+04779,2020-09-04 12:10:00,14.75,100.00
129+04779,2020-09-04 12:20:00,14.38,100.00
129+04779,2020-09-04 12:30:00,13.16,100.00
129+04779,2020-09-04 12:40:00,14.36,100.00
129+04779,2020-09-04 12:50:00,13.66,100.00
129+04779,2020-09-04 13:00:00,15.16,100.00
129+04779,2020-09-04 13:10:00,19.71,100.00
129+04779,2020-09-04 13:20:00,22.07,99.00
129+04779,2020-09-04 13:30:00,25.41,94.00
129+04779,2020-09-04 13:40:00,16.19,100.00
129+04779,2020-09-04 13:50:00,17.52,100.00
129+04779,2020-09-04 14:00:00,17.82,100.00
129+04779,2020-09-04 14:10:00,15.86,100.00
129+04779,2020-09-04 14:20:00,15.22,100.00
129+04779,2020-09-04 14:30:00,14.82,100.00
129+04779,2020-09-04 14:40:00,16.87,100.00
129+04779,2020-09-04 14:50:00,19.32,100.00
129+04779,2020-09-04 15:00:00,35.54,100.00
129+04779,2020-09-04 15:10:00,28.58,100.00
129+04779,2020-09-04 15:20:00,23.14,100.00
129+04779,2020-09-04 15:30:00,17.09,100.00
129+04779,2020-09-04 15:40:00,16.79,100.00
129+04779,2020-09-04 15:50:00,16.54,100.00
129+04779,2020-09-04 16:00:00,16.98,100.00
129+04779,2020-09-04 16:10:00,17.62,100.00
129+04779,2020-09-04 16:20:00,15.15,100.00
129+04779,2020-09-04 16:30:00,16.43,100.00
129+04779,2020-09-04 16:40:00,14.82,100.00
129+04779,2020-09-04 16:50:00,15.12,100.00
129+04779,2020-09-04 17:00:00,18.22,100.00
129+04779,2020-09-04 17:10:00,21.50,100.00
129+04779,2020-09-04 17:20:00,33.00,94.00
129+04779,2020-09-04 17:30:00,37.40,100.00
129+04779,2020-09-04 17:40:00,34.70,100.00
129+04779,2020-09-04 17:50:00,24.33,100.00
129+04779,2020-09-04 18:00:00,44.99,92.00
129+04779,2020-09-04 18:10:00,42.94,95.00
129+04779,2020-09-04 18:20:00,35.05,100.00
129+04779,2020-09-04 18:30:00,39.71,100.00
129+04779,2020-09-04 18:40:00,46.05,100.00
129+04779,2020-09-04 18:50:00,43.96,100.00
129+04779,2020-09-04 19:00:00,43.91,100.00
129+04779,2020-09-04 19:10:00,46.56,100.00
129+04779,2020-09-04 19:20:00,46.75,100.00
129+04779,2020-09-04 19:30:00,44.07,100.00
129+04779,2020-09-04 19:40:00,43.14,100.00
129+04779,2020-09-04 19:50:00,44.32,100.00
129+04779,2020-09-04 20:00:00,43.66,100.00
129+04779,2020-09-04 20:10:00,43.46,100.00
129+04779,2020-09-04 20:20:00,44.77,100.00
129+04779,2020-09-04 20:30:00,44.45,100.00
129+04779,2020-09-04 20:40:00,47.72,100.00
129+04779,2020-09-04 20:50:00,48.31,100.00
129+04779,2020-09-04 21:00:00,48.59,100.00
129+04779,2020-09-04 21:10:00,44.49,100.00
129+04779,2020-09-04 21:20:00,47.74,100.00
129+04779,2020-09-04 21:30:00,50.04,100.00
129+04779,2020-09-04 21:40:00,51.55,100.00
129+04779,2020-09-04 21:50:00,49.80,100.00
129+04779,2020-09-04 22:00:00,48.88,100.00
129+04779,2020-09-04 22:10:00,51.80,100.00
129+04779,2020-09-04 22:20:00,50.13,100.00
129+04779,2020-09-04 22:30:00,51.02,100.00
129+04779,2020-09-04 22:40:00,53.89,100.00
129+04779,2020-09-04 22:50:00,51.52,100.00
129+04779,2020-09-04 23:00:00,50.77,100.00
129+04779,2020-09-04 23:10:00,45.45,100.00
129+04779,2020-09-04 23:20:00,44.23,100.00
129+04779,2020-09-04 23:30:00,54.41,100.00
129+04779,2020-09-04 23:40:00,60.49,100.00
129+04779,2020-09-04 23:50:00,59.00,100.00
129+04416,2020-09-04 00:00:00,41.92,100.00
129+04416,2020-09-04 00:10:00,40.62,99.00
129+04416,2020-09-04 00:20:00,37.69,96.00
129+04416,2020-09-04 00:30:00,37.26,100.00
129+04416,2020-09-04 00:40:00,38.39,100.00
129+04416,2020-09-04 00:50:00,44.79,100.00
129+04416,2020-09-04 01:00:00,43.89,100.00
129+04416,2020-09-04 01:10:00,44.00,94.00
129+04416,2020-09-04 01:20:00,44.00,95.00
129+04416,2020-09-04 01:30:00,43.40,92.00
129+04416,2020-09-04 01:40:00,42.00,90.00
129+04416,2020-09-04 01:50:00,42.80,82.00
129+04416,2020-09-04 02:00:00,38.99,90.00
129+04416,2020-09-04 02:10:00,35.00,91.00
129+04416,2020-09-04 02:20:00,36.75,90.00
129+04416,2020-09-04 02:30:00,41.54,96.00
129+04416,2020-09-04 02:40:00,39.00,91.00
129+04416,2020-09-04 02:50:00,40.69,90.00
129+04416,2020-09-04 03:00:00,42.05,93.00
129+04416,2020-09-04 03:10:00,35.59,100.00
129+04416,2020-09-04 03:20:00,35.20,100.00
129+04416,2020-09-04 03:30:00,38.09,90.00
129+04416,2020-09-04 03:40:00,40.00,90.00
129+04416,2020-09-04 03:50:00,43.62,90.00
129+04416,2020-09-04 04:00:00,49.00,90.00
129+04416,2020-09-04 04:10:00,48.37,90.00
129+04416,2020-09-04 04:20:00,42.94,96.00
129+04416,2020-09-04 04:30:00,42.69,100.00
129+04416,2020-09-04 04:40:00,43.00,100.00
129+04416,2020-09-04 04:50:00,45.55,100.00
129+04416,2020-09-04 05:00:00,47.31,100.00
129+04416,2020-09-04 05:10:00,47.00,100.00
129+04416,2020-09-04 05:20:00,49.35,100.00
129+04416,2020-09-04 05:30:00,50.69,100.00
129+04416,2020-09-04 05:40:00,45.96,100.00
129+04416,2020-09-04 05:50:00,51.17,100.00
129+04416,2020-09-04 06:00:00,48.08,100.00
129+04416,2020-09-04 06:10:00,49.46,100.00
129+04416,2020-09-04 06:20:00,46.74,100.00
129+04416,2020-09-04 06:30:00,43.77,100.00
129+04416,2020-09-04 06:40:00,47.26,100.00
129+04416,2020-09-04 06:50:00,45.35,100.00
129+04416,2020-09-04 07:00:00,48.11,100.00
129+04416,2020-09-04 07:10:00,51.95,100.00
129+04416,2020-09-04 07:20:00,48.07,100.00
129+04416,2020-09-04 07:30:00,52.63,100.00
129+04416,2020-09-04 07:40:00,47.16,100.00
129+04416,2020-09-04 07:50:00,48.42,100.00
129+04416,2020-09-04 08:00:00,50.33,100.00
129+04416,2020-09-04 08:10:00,51.49,100.00
129+04416,2020-09-04 08:20:00,51.55,100.00
129+04416,2020-09-04 08:30:00,46.72,100.00
129+04416,2020-09-04 08:40:00,50.84,100.00
129+04416,2020-09-04 08:50:00,45.58,100.00
129+04416,2020-09-04 09:00:00,51.67,100.00
129+04416,2020-09-04 09:10:00,50.10,100.00
129+04416,2020-09-04 09:20:00,50.12,100.00
129+04416,2020-09-04 09:30:00,47.36,100.00
129+04416,2020-09-04 09:40:00,47.97,100.00
129+04416,2020-09-04 09:50:00,46.91,100.00
129+04416,2020-09-04 10:00:00,48.48,100.00
129+04416,2020-09-04 10:10:00,48.77,100.00
129+04416,2020-09-04 10:20:00,48.99,100.00
129+04416,2020-09-04 10:30:00,45.67,100.00
129+04416,2020-09-04 10:40:00,44.98,100.00
129+04416,2020-09-04 10:50:00,51.94,100.00
129+04416,2020-09-04 11:00:00,45.98,100.00
129+04416,2020-09-04 11:10:00,45.73,100.00
129+04416,2020-09-04 11:20:00,46.24,100.00
129+04416,2020-09-04 11:30:00,47.78,100.00
129+04416,2020-09-04 11:40:00,45.42,100.00
129+04416,2020-09-04 11:50:00,46.49,100.00
129+04416,2020-09-04 12:00:00,45.20,100.00
129+04416,2020-09-04 12:10:00,47.57,100.00
129+04416,2020-09-04 12:20:00,46.91,100.00
129+04416,2020-09-04 12:30:00,46.83,100.00
129+04416,2020-09-04 12:40:00,48.90,100.00
129+04416,2020-09-04 12:50:00,43.62,100.00
129+04416,2020-09-04 13:00:00,45.38,100.00
129+04416,2020-09-04 13:10:00,45.62,100.00
129+04416,2020-09-04 13:20:00,41.81,100.00
129+04416,2020-09-04 13:30:00,42.42,100.00
129+04416,2020-09-04 13:40:00,44.41,100.00
129+04416,2020-09-04 13:50:00,45.83,100.00
129+04416,2020-09-04 14:00:00,48.93,100.00
129+04416,2020-09-04 14:10:00,50.01,100.00
129+04416,2020-09-04 14:20:00,49.34,100.00
129+04416,2020-09-04 14:30:00,48.09,100.00
129+04416,2020-09-04 14:40:00,46.10,100.00
129+04416,2020-09-04 14:50:00,44.09,100.00
129+04416,2020-09-04 15:00:00,47.05,100.00
129+04416,2020-09-04 15:10:00,51.56,100.00
129+04416,2020-09-04 15:20:00,47.85,100.00
129+04416,2020-09-04 15:30:00,50.16,100.00
129+04416,2020-09-04 15:40:00,41.33,100.00
129+04416,2020-09-04 15:50:00,48.76,100.00
129+04416,2020-09-04 16:00:00,46.32,100.00
129+04416,2020-09-04 16:10:00,46.36,100.00
129+04416,2020-09-04 16:20:00,47.01,100.00
129+04416,2020-09-04 16:30:00,42.47,100.00
129+04416,2020-09-04 16:40:00,43.17,100.00
129+04416,2020-09-04 16:50:00,48.25,100.00
129+04416,2020-09-04 17:00:00,44.88,100.00
129+04416,2020-09-04 17:10:00,46.61,100.00
129+04416,2020-09-04 17:20:00,44.71,100.00
129+04416,2020-09-04 17:30:00,40.72,100.00
129+04416,2020-09-04 17:40:00,43.99,100.00
129+04416,2020-09-04 17:50:00,45.68,100.00
129+04416,2020-09-04 18:00:00,44.19,100.00
129+04416,2020-09-04 18:10:00,47.38,100.00
129+04416,2020-09-04 18:20:00,48.21,100.00
129+04416,2020-09-04 18:30:00,47.29,100.00
129+04416,2020-09-04 18:40:00,46.36,100.00
129+04416,2020-09-04 18:50:00,47.02,100.00
129+04416,2020-09-04 19:00:00,50.67,100.00
129+04416,2020-09-04 19:10:00,48.67,100.00
129+04416,2020-09-04 19:20:00,50.89,100.00
129+04416,2020-09-04 19:30:00,42.69,100.00
129+04416,2020-09-04 19:40:00,44.24,100.00
129+04416,2020-09-04 19:50:00,45.66,100.00
129+04416,2020-09-04 20:00:00,44.95,100.00
129+04416,2020-09-04 20:10:00,38.10,100.00
129+04416,2020-09-04 20:20:00,47.67,100.00
129+04416,2020-09-04 20:30:00,49.02,100.00
129+04416,2020-09-04 20:40:00,45.56,100.00
129+04416,2020-09-04 20:50:00,48.99,100.00
129+04416,2020-09-04 21:00:00,47.42,100.00
129+04416,2020-09-04 21:10:00,47.21,100.00
129+04416,2020-09-04 21:20:00,47.74,100.00
129+04416,2020-09-04 21:30:00,43.44,100.00
129+04416,2020-09-04 21:40:00,46.21,100.00
129+04416,2020-09-04 21:50:00,49.05,100.00
129+04416,2020-09-04 22:00:00,49.26,100.00
129+04416,2020-09-04 22:10:00,47.42,100.00
129+04416,2020-09-04 22:20:00,52.33,100.00
129+04416,2020-09-04 22:30:00,48.42,100.00
129+04416,2020-09-04 22:40:00,50.77,100.00
129+04416,2020-09-04 22:50:00,51.49,100.00
129+04416,2020-09-04 23:00:00,50.79,100.00
129+04416,2020-09-04 23:10:00,48.37,100.00
129+04416,2020-09-04 23:20:00,47.59,100.00
129+04416,2020-09-04 23:30:00,45.02,100.00
129+04416,2020-09-04 23:40:00,48.35,100.00
129+04416,2020-09-04 23:50:00,50.38,100.00
129+04417,2020-09-04 00:00:00,39.38,100.00
129+04417,2020-09-04 00:10:00,37.05,99.00
129+04417,2020-09-04 00:20:00,37.00,96.00
129+04417,2020-09-04 00:30:00,38.90,100.00
129+04417,2020-09-04 00:40:00,39.10,100.00
129+04417,2020-09-04 00:50:00,43.90,100.00
129+04417,2020-09-04 01:00:00,43.70,100.00
129+04417,2020-09-04 01:10:00,43.59,94.00
129+04417,2020-09-04 01:20:00,44.49,95.00
129+04417,2020-09-04 01:30:00,41.92,92.00
129+04417,2020-09-04 01:40:00,39.00,90.00
129+04417,2020-09-04 01:50:00,40.29,82.00
129+04417,2020-09-04 02:00:00,39.34,90.00
129+04417,2020-09-04 02:10:00,37.00,91.00
129+04417,2020-09-04 02:20:00,39.37,90.00
129+04417,2020-09-04 02:30:00,44.28,96.00
129+04417,2020-09-04 02:40:00,44.00,91.00
129+04417,2020-09-04 02:50:00,45.10,90.00
129+04417,2020-09-04 03:00:00,44.60,93.00
129+04417,2020-09-04 03:10:00,35.89,100.00
129+04417,2020-09-04 03:20:00,36.00,100.00
129+04417,2020-09-04 03:30:00,38.52,90.00
129+04417,2020-09-04 03:40:00,40.00,90.00
129+04417,2020-09-04 03:50:00,40.38,90.00
129+04417,2020-09-04 04:00:00,40.00,90.00
129+04417,2020-09-04 04:10:00,40.99,90.00
129+04417,2020-09-04 04:20:00,41.39,96.00
129+04417,2020-09-04 04:30:00,41.99,100.00
129+04417,2020-09-04 04:40:00,43.00,100.00
129+04417,2020-09-04 04:50:00,45.55,100.00
129+04417,2020-09-04 05:00:00,48.15,100.00
129+04417,2020-09-04 05:10:00,48.00,100.00
129+04417,2020-09-04 05:20:00,47.19,100.00
129+04417,2020-09-04 05:30:00,47.79,100.00
129+04417,2020-09-04 05:40:00,45.53,100.00
129+04417,2020-09-04 05:50:00,50.28,100.00
129+04417,2020-09-04 06:00:00,48.18,100.00
129+04417,2020-09-04 06:10:00,47.49,100.00
129+04417,2020-09-04 06:20:00,41.21,100.00
129+04417,2020-09-04 06:30:00,40.33,100.00
129+04417,2020-09-04 06:40:00,45.38,100.00
129+04417,2020-09-04 06:50:00,44.13,100.00
129+04417,2020-09-04 07:00:00,46.21,100.00
129+04417,2020-09-04 07:10:00,49.22,100.00
129+04417,2020-09-04 07:20:00,44.78,100.00
129+04417,2020-09-04 07:30:00,49.62,100.00
129+04417,2020-09-04 07:40:00,46.06,100.00
129+04417,2020-09-04 07:50:00,48.16,100.00
129+04417,2020-09-04 08:00:00,48.68,100.00
129+04417,2020-09-04 08:10:00,47.89,100.00
129+04417,2020-09-04 08:20:00,48.93,100.00
129+04417,2020-09-04 08:30:00,44.88,100.00
129+04417,2020-09-04 08:40:00,46.86,100.00
129+04417,2020-09-04 08:50:00,42.95,100.00
129+04417,2020-09-04 09:00:00,48.43,100.00
129+04417,2020-09-04 09:10:00,46.77,100.00
129+04417,2020-09-04 09:20:00,46.92,100.00
129+04417,2020-09-04 09:30:00,44.81,100.00
129+04417,2020-09-04 09:40:00,45.94,100.00
129+04417,2020-09-04 09:50:00,44.66,100.00
129+04417,2020-09-04 10:00:00,47.03,100.00
129+04417,2020-09-04 10:10:00,46.99,100.00
129+04417,2020-09-04 10:20:00,46.62,100.00
129+04417,2020-09-04 10:30:00,44.51,100.00
129+04417,2020-09-04 10:40:00,40.71,100.00
129+04417,2020-09-04 10:50:00,47.62,100.00
129+04417,2020-09-04 11:00:00,43.87,100.00
129+04417,2020-09-04 11:10:00,42.21,100.00
129+04417,2020-09-04 11:20:00,44.52,100.00
129+04417,2020-09-04 11:30:00,45.54,100.00
129+04417,2020-09-04 11:40:00,44.28,100.00
129+04417,2020-09-04 11:50:00,43.37,100.00
129+04417,2020-09-04 12:00:00,39.58,100.00
129+04417,2020-09-04 12:10:00,43.38,100.00
129+04417,2020-09-04 12:20:00,43.77,100.00
129+04417,2020-09-04 12:30:00,43.07,100.00
129+04417,2020-09-04 12:40:00,46.27,100.00
129+04417,2020-09-04 12:50:00,41.97,100.00
129+04417,2020-09-04 13:00:00,44.96,100.00
129+04417,2020-09-04 13:10:00,44.25,100.00
129+04417,2020-09-04 13:20:00,41.20,100.00
129+04417,2020-09-04 13:30:00,40.46,100.00
129+04417,2020-09-04 13:40:00,41.05,100.00
129+04417,2020-09-04 13:50:00,44.52,100.00
129+04417,2020-09-04 14:00:00,45.32,100.00
129+04417,2020-09-04 14:10:00,46.82,100.00
129+04417,2020-09-04 14:20:00,46.42,100.00
129+04417,2020-09-04 14:30:00,45.26,100.00
129+04417,2020-09-04 14:40:00,41.49,100.00
129+04417,2020-09-04 14:50:00,42.41,100.00
129+04417,2020-09-04 15:00:00,43.48,100.00
129+04417,2020-09-04 15:10:00,46.63,100.00
129+04417,2020-09-04 15:20:00,45.76,100.00
129+04417,2020-09-04 15:30:00,47.24,100.00
129+04417,2020-09-04 15:40:00,39.60,100.00
129+04417,2020-09-04 15:50:00,45.76,100.00
129+04417,2020-09-04 16:00:00,42.84,100.00
129+04417,2020-09-04 16:10:00,43.51,100.00
129+04417,2020-09-04 16:20:00,43.54,100.00
129+04417,2020-09-04 16:30:00,40.02,100.00
129+04417,2020-09-04 16:40:00,40.84,100.00
129+04417,2020-09-04 16:50:00,45.25,100.00
129+04417,2020-09-04 17:00:00,43.47,100.00
129+04417,2020-09-04 17:10:00,41.88,100.00
129+04417,2020-09-04 17:20:00,44.55,100.00
129+04417,2020-09-04 17:30:00,40.49,100.00
129+04417,2020-09-04 17:40:00,42.88,100.00
129+04417,2020-09-04 17:50:00,42.45,100.00
129+04417,2020-09-04 18:00:00,42.64,100.00
129+04417,2020-09-04 18:10:00,45.48,100.00
129+04417,2020-09-04 18:20:00,46.53,100.00
129+04417,2020-09-04 18:30:00,44.91,100.00
129+04417,2020-09-04 18:40:00,44.08,100.00
129+04417,2020-09-04 18:50:00,44.63,100.00
129+04417,2020-09-04 19:00:00,49.16,100.00
129+04417,2020-09-04 19:10:00,46.69,100.00
129+04417,2020-09-04 19:20:00,47.98,100.00
129+04417,2020-09-04 19:30:00,42.07,100.00
129+04417,2020-09-04 19:40:00,42.93,100.00
129+04417,2020-09-04 19:50:00,43.08,100.00
129+04417,2020-09-04 20:00:00,41.69,100.00
129+04417,2020-09-04 20:10:00,38.32,100.00
129+04417,2020-09-04 20:20:00,46.07,100.00
129+04417,2020-09-04 20:30:00,46.26,100.00
129+04417,2020-09-04 20:40:00,44.76,100.00
129+04417,2020-09-04 20:50:00,47.42,100.00
129+04417,2020-09-04 21:00:00,46.85,100.00
129+04417,2020-09-04 21:10:00,45.86,100.00
129+04417,2020-09-04 21:20:00,44.07,100.00
129+04417,2020-09-04 21:30:00,41.95,100.00
129+04417,2020-09-04 21:40:00,46.03,100.00
129+04417,2020-09-04 21:50:00,47.89,100.00
129+04417,2020-09-04 22:00:00,47.29,100.00
129+04417,2020-09-04 22:10:00,45.07,100.00
129+04417,2020-09-04 22:20:00,49.96,100.00
129+04417,2020-09-04 22:30:00,46.15,100.00
129+04417,2020-09-04 22:40:00,48.20,100.00
129+04417,2020-09-04 22:50:00,48.93,100.00
129+04417,2020-09-04 23:00:00,48.09,100.00
129+04417,2020-09-04 23:10:00,46.47,100.00
129+04417,2020-09-04 23:20:00,45.79,100.00
129+04417,2020-09-04 23:30:00,43.01,100.00
129+04417,2020-09-04 23:40:00,46.07,100.00
129+04417,2020-09-04 23:50:00,48.29,100.00
